MD1           DMP           DM3           l345          ld           Omegah2       sigV          protonSI      PvalDD        expName      CMB_ID        brH_DMDM      
9.596777E+03  1.057765E+02  -1.049648E+02  3.455435E-08  1.000000E+00  1.087406E-03  6.537439E-24  5.501917E-26   5.000000E-01 NotAppl  3.188066E-01  0.000000E+00  
6.371180E+02  7.713235E+01  -7.712626E+01  -2.127982E-04  1.000000E+00  2.180521E-03  3.090054E-24  5.229442E-16   5.000000E-01 NotAppl  2.419078E+00  0.000000E+00  
4.780522E+02  7.333359E+02  -7.319350E+02  5.850062E-05  1.000000E+00  9.814391E-05  6.825167E-23  7.110360E-17   5.000000E-01 NotAppl  7.203353E+01  0.000000E+00  
1.232261E+03  4.968977E+01  -3.525497E+01  -1.091396E-01  1.000000E+00  4.000659E-03  1.379509E-24  3.576810E-11   5.000000E-01 NotAppl  5.459462E-01  0.000000E+00  
4.436198E+01  2.497232E+01  -2.495998E+01  -1.582532E-02  1.000000E+00  3.484919E-05  1.486132E-28  6.748187E-10   1.413707E-38 LZ5Tmedian  2.130076E-03  1.677253E-01  
3.937717E+03  9.393216E-02  1.220932E+01  -3.318127E-08  1.000000E+00  1.057453E-01  4.217054E-26  3.101111E-25   5.000000E-01 NotAppl  5.180130E-03  0.000000E+00  
1.218347E+03  1.934047E-03  4.490220E+01  -5.682108E-04  1.000000E+00  8.692977E-03  5.378909E-25  9.922286E-16   5.000000E-01 NotAppl  2.195917E-01  0.000000E+00  
6.752806E+01  2.146414E-04  1.281381E-01  3.137657E-02  1.000000E+00  5.410666E-03  5.187758E-27  1.126211E-09   9.049985E-55 LZ5Tmedian  4.829341E-02  0.000000E+00  
1.324937E+01  1.127648E+00  -1.119997E+00  1.383296E+00  1.000000E+00  1.486904E-02  2.976479E-25  5.874325E-05   0.000000E+00 XENON1T_2018  1.611767E+01  2.503093E-01  
1.543901E+02  1.965875E-04  6.206935E+01  5.643786E-01  1.000000E+00  1.530994E-03  5.473880E-24  6.698428E-08   0.000000E+00 XENON1T_2018  1.893968E+01  0.000000E+00  
3.465818E+02  3.440242E-01  -3.157063E-01  5.815567E-04  1.000000E+00  4.895719E-02  1.727652E-25  1.356900E-14   5.000000E-01 NotAppl  2.543605E-01  0.000000E+00  
1.109077E+03  7.961354E-01  -7.884122E-01  -3.741122E-03  1.000000E+00  4.367681E-01  1.805491E-26  5.210339E-14   5.000000E-01 NotAppl  7.978969E-03  0.000000E+00  
3.762383E+03  1.634750E+00  -1.336408E+00  1.061307E-03  1.000000E+00  2.061296E+00  3.166093E-27  3.480607E-16   5.000000E-01 NotAppl  4.000409E-04  0.000000E+00  
3.462586E+03  9.547930E-01  2.062957E+01  -2.907750E+00  1.000000E+00  3.547770E-02  1.433743E-25  3.093572E-09   1.367743E-04 LZ5Tmedian  2.113666E-02  0.000000E+00  
1.236143E+02  8.636925E-04  1.580071E-03  4.258357E-04  1.000000E+00  7.787577E-03  1.023775E-24  6.015134E-14   5.000000E-01 NotAppl  4.464539E+00  0.000000E+00  
4.342708E+03  1.986800E+00  1.176746E+02  -1.220767E-01  1.000000E+00  1.315784E-03  3.736796E-24  3.439690E-12   5.000000E-01 NotAppl  4.158453E-01  0.000000E+00  
4.427203E+02  1.454044E-03  2.607078E-02  -1.017914E-06  1.000000E+00  7.873197E-02  1.077038E-25  2.518862E-20   5.000000E-01 NotAppl  1.229424E-01  0.000000E+00  
1.798388E+02  8.433229E-03  6.682415E-03  3.687468E-05  1.000000E+00  1.464878E-02  5.762304E-25  2.091528E-16   5.000000E-01 NotAppl  1.682582E+00  0.000000E+00  
2.313774E+02  4.651456E-02  1.465727E+02  -1.063160E-01  1.000000E+00  1.719119E-03  2.650996E-24  1.037395E-09   3.829125E-19 LZ5Tmedian  5.930296E+00  0.000000E+00  
2.931176E+03  2.162088E-03  -1.998034E-03  -1.609458E-01  1.000000E+00  2.408050E+00  3.291806E-27  1.330366E-11   5.000000E-01 NotAppl  5.447816E-04  0.000000E+00  
8.093900E+03  1.937710E-01  2.882258E+01  1.286960E-02  1.000000E+00  2.071000E-02  2.272916E-25  1.078536E-14   5.000000E-01 NotAppl  1.344754E-02  0.000000E+00  
1.083254E+03  4.671758E-03  8.566936E-02  1.736029E-05  1.000000E+00  4.321500E-01  1.857278E-26  1.177216E-18   5.000000E-01 NotAppl  8.409554E-03  0.000000E+00  
5.017416E+02  3.921937E+00  9.189802E+02  -2.638346E-04  1.000000E+00  1.172792E-04  3.965963E-23  1.310009E-15   5.000000E-01 NotAppl  4.018669E+01  0.000000E+00  
4.298236E+01  2.091818E+02  -2.080697E+02  7.392413E-04  1.000000E+00  7.083798E-05  2.878470E-31  1.570291E-12   5.000000E-01 NotAppl  4.264225E-06  5.573419E-04  
4.392349E+03  7.603589E-03  1.145926E-02  -1.008184E+00  1.000000E+00  7.435138E-01  1.391810E-26  2.292423E-10   5.000000E-01 NotAppl  1.586225E-03  0.000000E+00  
3.153299E+02  1.182525E+00  5.132561E+01  -3.812980E-08  1.000000E+00  6.044104E-03  8.121443E-25  7.078045E-23   5.000000E-01 NotAppl  1.321503E+00  0.000000E+00  
6.493927E+03  1.690729E+00  4.687331E-02  1.963247E-10  1.000000E+00  2.307619E+00  3.026167E-27  3.929384E-30   5.000000E-01 NotAppl  2.205789E-04  0.000000E+00  
8.267760E+02  8.334419E+01  -8.334405E+01  2.187690E-02  1.000000E+00  1.833389E-03  3.720146E-24  3.245489E-12   5.000000E-01 NotAppl  2.220836E+00  0.000000E+00  
1.661902E+03  9.939188E-01  2.000534E+00  4.747318E-08  1.000000E+00  6.292316E-01  1.093895E-26  3.677165E-24   5.000000E-01 NotAppl  3.204084E-03  0.000000E+00  
1.285324E+02  2.597373E-04  1.171330E-02  -1.734321E-09  1.000000E+00  8.282063E-03  9.692407E-25  9.210514E-25   5.000000E-01 NotAppl  4.060449E+00  0.000000E+00  
6.778763E+01  4.721821E-02  5.272969E-01  -2.040203E-03  1.000000E+00  5.393773E-03  1.976606E-29  4.724471E-12   5.000000E-01 NotAppl  1.833113E-04  0.000000E+00  
3.539203E+02  2.475272E-01  -2.471106E-01  1.907553E+00  1.000000E+00  2.038272E-03  6.344953E-24  1.398589E-07   0.000000E+00 XENON1T_2018  9.359811E+00  0.000000E+00  
7.957297E+02  1.137703E+01  -1.089801E+01  -1.494362E-04  1.000000E+00  5.928522E-02  1.087885E-25  1.637460E-16   5.000000E-01 NotAppl  6.760575E-02  0.000000E+00  
1.051798E+01  1.256740E+02  -1.256636E+02  -2.194742E-08  1.000000E+00  2.005166E-01  7.420280E-41  2.328785E-20   5.000000E-01 NotAppl  5.259934E-15  6.784775E-13  
1.832009E+02  2.449994E-02  2.529220E-02  -5.955307E-08  1.000000E+00  1.511184E-02  5.581679E-25  5.252046E-22   5.000000E-01 NotAppl  1.598680E+00  0.000000E+00  
2.534555E+03  1.629904E-01  -9.879951E-02  -2.678014E-07  1.000000E+00  2.174662E+00  3.439581E-27  4.952103E-23   5.000000E-01 NotAppl  6.516197E-04  0.000000E+00  
1.441981E+02  1.397242E+02  -1.018395E+02  2.990145E-04  1.000000E+00  7.939711E-04  3.826498E-24  2.162804E-14   5.000000E-01 NotAppl  1.446435E+01  0.000000E+00  
6.411927E+01  1.353599E-04  9.006138E+00  -2.174712E-02  1.000000E+00  4.383661E-03  2.521835E-26  6.013650E-10   2.088286E-30 LZ5Tmedian  2.461168E-01  0.000000E+00  
2.375331E+03  1.546061E+00  -1.524666E+00  8.681285E-04  1.000000E+00  1.291183E+00  5.315638E-27  5.939037E-16   5.000000E-01 NotAppl  1.074784E-03  0.000000E+00  
3.773906E+02  9.177941E+00  -8.454628E+00  9.032578E-04  1.000000E+00  3.397130E-02  1.952818E-25  2.749700E-14   5.000000E-01 NotAppl  2.634463E-01  0.000000E+00  
3.499104E+03  4.559908E-04  7.300772E-04  -1.581559E-10  1.000000E+00  4.071522E+00  1.798391E-27  8.959841E-30   5.000000E-01 NotAppl  2.452381E-04  0.000000E+00  
3.578498E+01  1.307356E-04  1.695166E-01  -3.776347E+00  1.000000E+00  4.144568E-04  6.202172E-25  5.947596E-05   0.000000E+00 XENON1T_2018  1.138062E+01  2.501550E-01  
2.587227E+03  3.357792E-01  -3.355361E-01  -2.114851E-08  1.000000E+00  2.212132E+00  3.351811E-27  2.961647E-25   5.000000E-01 NotAppl  6.217555E-04  0.000000E+00  
2.805848E+03  1.259199E+02  -1.259006E+02  -1.320884E-06  1.000000E+00  7.855090E-04  8.944367E-24  9.794326E-22   5.000000E-01 NotAppl  1.520415E+00  0.000000E+00  
8.307233E+01  5.098280E-04  4.676878E-01  5.164258E-08  1.000000E+00  5.626419E-03  5.720151E-25  1.997964E-21   5.000000E-01 NotAppl  3.896015E+00  0.000000E+00  
4.880804E+01  1.283060E-03  2.016327E+02  -5.454767E-10  1.000000E+00  1.599398E-03  2.848142E-43  6.600233E-25   5.000000E-01 NotAppl  3.695833E-18  2.654809E-16  
1.517877E+03  1.257287E-04  1.562573E+01  -3.012714E-04  1.000000E+00  6.266658E-02  7.466672E-26  1.781543E-16   5.000000E-01 NotAppl  2.428291E-02  0.000000E+00  
5.969704E+01  1.058566E-03  2.593621E-02  -2.812532E-07  1.000000E+00  4.065084E-03  1.503807E-36  1.163774E-19   5.000000E-01 NotAppl  1.588282E-11  3.345924E-11  
5.274596E+03  1.900314E+00  -1.734484E+00  -1.831179E-05  1.000000E+00  2.048941E+00  2.931764E-27  5.212492E-20   5.000000E-01 NotAppl  2.624848E-04  0.000000E+00  
8.361123E+03  3.186699E-01  1.318137E-01  -3.523651E-02  1.000000E+00  1.668546E+01  3.963304E-28  7.569015E-14   5.000000E-01 NotAppl  2.237720E-05  0.000000E+00  
1.213768E+01  3.157992E-02  -3.118079E-02  5.512231E-01  1.000000E+00  1.164730E-03  4.964665E-26  1.108956E-05   0.000000E+00 XENON1T_2018  2.975369E+00  2.498534E-01  
3.872577E+03  7.435289E+01  7.256685E+02  -2.764001E-04  1.000000E+00  3.207642E-05  1.426992E-22  2.226099E-17   5.000000E-01 NotAppl  1.782938E+01  0.000000E+00  
1.797077E+01  1.500534E-03  -4.803099E-05  -5.559942E-10  1.000000E+00  1.905119E-03  5.726017E-44  5.174459E-24   5.000000E-01 NotAppl  2.187820E-18  4.229285E-16  
1.580248E+02  4.066183E+00  -4.903805E-02  3.982461E+00  1.000000E+00  2.101435E-06  3.389297E-21  3.179942E-06   0.000000E+00 XENON1T_2018  1.342294E+04  0.000000E+00  
1.598998E+01  1.476729E-04  2.742731E-01  9.233961E-03  1.000000E+00  1.134748E-03  1.522300E-29  1.802081E-09   4.964857E-39 LZ5Tmedian  6.636166E-04  7.962563E-02  
1.466679E+02  2.432011E-03  8.361839E+00  1.194609E-01  1.000000E+00  6.438468E-03  1.232333E-24  3.333991E-09   3.448506E-90 LZ5Tmedian  4.520421E+00  0.000000E+00  
3.364437E+01  3.736411E+02  -3.734653E+02  4.832885E-10  1.000000E+00  5.170571E-03  6.890182E-44  1.104032E-24   5.000000E-01 NotAppl  1.323089E-18  2.812019E-16  
1.644189E+02  1.470398E-03  -1.351247E-03  1.001688E-04  1.000000E+00  1.251992E-02  6.595142E-25  1.854685E-15   5.000000E-01 NotAppl  2.144726E+00  0.000000E+00  
5.271501E+02  8.868936E+01  -1.343262E+01  -8.371296E-01  1.000000E+00  1.167100E-03  2.825584E-24  1.192129E-08   9.006773E-97 LZ5Tmedian  2.752806E+00  0.000000E+00  
2.374465E+01  2.061523E-04  3.604809E-02  -7.803701E-05  1.000000E+00  2.655457E-03  1.275930E-33  5.824979E-14   5.000000E-01 NotAppl  3.585639E-08  8.046509E-06  
5.001359E+03  2.164718E-03  1.014512E-02  -6.695866E-09  1.000000E+00  8.126033E+00  8.812008E-28  7.765247E-27   5.000000E-01 NotAppl  8.359360E-05  0.000000E+00  
1.000285E+03  3.331395E-02  5.995708E+01  2.738799E-01  1.000000E+00  4.704841E-03  1.077105E-24  3.447440E-10   3.318541E-02 LZ5Tmedian  5.388581E-01  0.000000E+00  
1.590870E+03  1.101610E-02  2.318900E+02  8.094419E-07  1.000000E+00  3.976535E-04  1.248466E-23  1.168591E-21   5.000000E-01 NotAppl  3.877639E+00  0.000000E+00  
1.141157E+02  1.623063E+00  -1.622935E+00  6.969476E-03  1.000000E+00  6.256070E-03  1.174440E-24  1.898216E-11   2.347432E-01 NotAppl  5.568355E+00  0.000000E+00  
1.231113E+03  6.630664E-01  1.467323E-01  -4.814889E-04  1.000000E+00  5.242986E-01  1.484290E-26  6.974760E-16   5.000000E-01 NotAppl  5.894108E-03  0.000000E+00  
1.422535E+02  8.023430E+01  -8.019632E+01  -1.491703E-02  1.000000E+00  2.671663E-03  2.198736E-24  5.534585E-11   2.985008E-02 LZ5Tmedian  8.430290E+00  0.000000E+00  
8.515084E+02  8.548951E-01  -3.991318E-01  -2.998630E-06  1.000000E+00  2.628113E-01  3.040556E-26  5.741309E-20   5.000000E-01 NotAppl  1.763932E-02  0.000000E+00  
9.848043E+01  3.490707E-04  5.559401E-01  5.501567E-02  1.000000E+00  4.657177E-03  1.708605E-24  1.599935E-09   2.649958E-60 LZ5Tmedian  9.456795E+00  0.000000E+00  
1.014131E+03  4.421710E+01  -4.421683E+01  1.051868E+00  1.000000E+00  3.392652E-03  2.147554E-24  4.944387E-09   1.184594E-21 LZ5Tmedian  1.045758E+00  0.000000E+00  
8.641915E+02  5.533647E-01  6.217251E+02  -9.438542E-06  1.000000E+00  1.046907E-04  4.886114E-23  5.519024E-19   5.000000E-01 NotAppl  2.839197E+01  0.000000E+00  
4.048087E+01  1.297723E-04  1.789381E+01  1.338140E-07  1.000000E+00  9.019646E-05  7.801406E-39  5.812779E-20   5.000000E-01 NotAppl  1.233169E-13  6.820648E-12  
1.070778E+01  5.072329E-02  -4.808560E-02  2.722506E-03  1.000000E+00  1.063684E-03  1.151814E-30  3.460216E-10   1.476749E-02 LZ5Tmedian  7.994637E-05  1.000756E-02  
7.399073E+03  4.101217E-04  1.675125E+00  -3.956603E-02  1.000000E+00  4.083158E+00  1.096832E-27  1.223286E-13   5.000000E-01 NotAppl  7.068278E-05  0.000000E+00  
6.045982E+03  8.522004E+00  -8.517886E+00  1.539281E-04  1.000000E+00  1.379428E-01  4.344213E-26  2.790828E-18   5.000000E-01 NotAppl  3.381472E-03  0.000000E+00  
9.490540E+02  1.256802E-01  -1.019221E-01  1.791415E-07  1.000000E+00  3.359261E-01  2.414174E-26  1.642029E-22   5.000000E-01 NotAppl  1.252409E-02  0.000000E+00  
5.808819E+02  1.143694E-04  -1.061236E-05  1.220821E-10  1.000000E+00  1.321839E-01  6.344707E-26  2.078976E-28   5.000000E-01 NotAppl  5.464192E-02  0.000000E+00  
1.545084E+02  2.200275E+02  -2.200173E+02  -1.567170E+00  1.000000E+00  3.761938E-05  1.933274E-22  5.156818E-07   0.000000E+00 XENON1T_2018  7.839054E+02  0.000000E+00  
4.279929E+01  4.225443E-01  1.041086E+01  3.940203E-05  1.000000E+00  3.340720E-04  8.057087E-34  4.500046E-15   5.000000E-01 NotAppl  1.201518E-08  8.346367E-07  
2.144369E+02  4.806068E-02  6.978325E+02  -1.238514E-07  1.000000E+00  5.712906E-04  8.034743E-24  1.645157E-21   5.000000E-01 NotAppl  1.936278E+01  0.000000E+00  
1.033897E+03  2.542139E+01  1.277173E+02  4.655205E-01  1.000000E+00  6.737217E-04  6.550289E-24  9.310143E-10   1.361872E-04 LZ5Tmedian  3.161976E+00  0.000000E+00  
1.566597E+03  1.513891E+02  -1.513182E+02  -7.582680E-01  1.000000E+00  6.334118E-04  1.108239E-23  1.058158E-09   1.229712E-03 LZ5Tmedian  3.424628E+00  0.000000E+00  
2.588314E+02  2.193240E-03  4.308706E+02  -1.202713E-01  1.000000E+00  5.392614E-04  8.441189E-24  1.055149E-09   1.375634E-17 LZ5Tmedian  1.680908E+01  0.000000E+00  
9.694953E+02  1.095144E-02  2.475858E+01  -1.976580E-08  1.000000E+00  2.586184E-02  1.841212E-25  1.913918E-24   5.000000E-01 NotAppl  9.487629E-02  0.000000E+00  
7.005111E+03  5.549739E+02  4.205561E+02  3.511803E-04  1.000000E+00  9.907098E-06  3.905888E-22  1.077004E-17   5.000000E-01 NotAppl  2.651015E+01  0.000000E+00  
8.409299E+03  2.259609E-01  -2.257884E-01  3.226670E-07  1.000000E+00  1.970481E+01  3.420794E-28  6.273277E-24   5.000000E-01 NotAppl  1.916090E-05  0.000000E+00  
1.493000E+01  9.673885E-04  9.787670E-02  -4.832584E-05  1.000000E+00  1.169457E-03  4.085275E-34  5.657746E-14   5.000000E-01 NotAppl  1.926070E-08  3.239360E-06  
5.348612E+03  4.083342E-01  -4.081143E-01  -5.942773E-02  1.000000E+00  8.174460E+00  8.204202E-28  5.336539E-13   5.000000E-01 NotAppl  7.284464E-05  0.000000E+00  
3.743182E+03  1.190025E-03  7.266393E-02  -1.443592E-06  1.000000E+00  4.629787E+00  1.573351E-27  6.507024E-22   5.000000E-01 NotAppl  2.003270E-04  0.000000E+00  
5.747702E+01  3.798732E+02  -3.701606E+02  -1.663095E-03  1.000000E+00  1.023831E-01  1.695155E-29  4.396291E-12   5.000000E-01 NotAppl  1.861282E-04  1.549892E-03  
5.185127E+03  8.097034E+02  -6.381745E+02  2.256223E-02  1.000000E+00  1.367670E-05  3.374686E-22  8.193175E-14   5.000000E-01 NotAppl  3.071038E+01  0.000000E+00  
4.216731E+01  1.824243E-02  1.041697E+02  -4.002964E-09  1.000000E+00  3.312696E-04  7.907445E-42  4.787278E-23   5.000000E-01 NotAppl  1.194986E-16  1.689463E-14  
7.600471E+01  2.157006E+01  -2.047569E+01  -2.512588E+00  1.000000E+00  8.945487E-04  4.156594E-24  5.672351E-06   0.000000E+00 XENON1T_2018  3.448125E+01  0.000000E+00  
2.085858E+02  3.259559E-04  1.329191E-04  1.378260E-03  1.000000E+00  1.912242E-02  4.447060E-25  2.156188E-13   5.000000E-01 NotAppl  1.111988E+00  0.000000E+00  
5.578025E+01  1.689711E-04  7.000151E+02  -8.146962E-01  1.000000E+00  1.439741E-03  2.292495E-24  1.121471E-06   0.000000E+00 XENON1T_2018  2.566650E+01  3.330743E-01  
2.000930E+01  1.614646E+00  -1.904797E-01  -1.123183E-06  1.000000E+00  2.618226E-02  2.430775E-37  1.702609E-17   5.000000E-01 NotAppl  8.236884E-12  1.674513E-09  
1.445140E+03  5.552462E-01  -1.843797E-01  2.081248E-01  1.000000E+00  4.980881E-01  1.762385E-26  9.397584E-11   5.000000E-01 NotAppl  6.041535E-03  0.000000E+00  
4.515742E+02  2.556269E-02  4.365182E+00  -1.062929E-07  1.000000E+00  7.116964E-02  1.091347E-25  2.637536E-22   5.000000E-01 NotAppl  1.220993E-01  0.000000E+00  
4.683106E+01  7.647627E-01  -7.376766E-01  3.007219E-09  1.000000E+00  3.539951E-04  6.857627E-42  2.182311E-23   5.000000E-01 NotAppl  9.313537E-17  8.459688E-15  
3.204858E+02  1.992627E-04  2.839076E+02  -2.854798E-09  1.000000E+00  5.868272E-04  8.210370E-24  3.838074E-25   5.000000E-01 NotAppl  1.314729E+01  0.000000E+00  
9.134599E+03  2.432500E+01  2.212817E+02  -1.467264E-05  1.000000E+00  3.331906E-04  1.620482E-23  1.096578E-20   5.000000E-01 NotAppl  8.479048E-01  0.000000E+00  
7.333701E+03  2.948014E-01  -2.706231E-01  -5.606873E-10  1.000000E+00  1.467926E+01  4.615610E-28  2.500730E-29   5.000000E-01 NotAppl  2.968873E-05  0.000000E+00  
8.541498E+03  1.037504E-01  -4.876795E-02  -2.383550E-09  1.000000E+00  2.239439E+01  3.095160E-28  3.316450E-28   5.000000E-01 NotAppl  1.707267E-05  0.000000E+00  
6.607758E+01  3.289571E-03  3.616679E+00  -7.076133E-06  1.000000E+00  4.729516E-03  5.318505E-34  5.987618E-17   5.000000E-01 NotAppl  5.032261E-09  0.000000E+00  
1.386809E+01  2.373056E+00  -2.372423E+00  -2.747823E-08  1.000000E+00  1.043657E-01  1.291872E-40  2.117683E-20   5.000000E-01 NotAppl  6.630391E-15  1.034702E-12  
4.561039E+02  2.495833E+00  7.543439E+00  1.758787E-06  1.000000E+00  4.830028E-02  1.325114E-25  7.075364E-20   5.000000E-01 NotAppl  1.469451E-01  0.000000E+00  
7.930241E+01  5.188508E-04  5.234476E+01  -5.266320E-04  1.000000E+00  5.950459E-03  1.128892E-31  2.284807E-13   5.000000E-01 NotAppl  8.849728E-07  0.000000E+00  
3.598559E+03  9.800232E-03  5.125100E+02  -1.016180E-10  1.000000E+00  8.410239E-05  6.125798E-23  3.493680E-30   5.000000E-01 NotAppl  8.249887E+00  0.000000E+00  
8.962642E+02  2.409983E-03  8.258003E-04  -8.751069E-05  1.000000E+00  3.017377E-01  2.702206E-26  4.404107E-17   5.000000E-01 NotAppl  1.487001E-02  0.000000E+00  
6.130431E+03  1.498636E-01  8.450783E+01  6.360369E-07  1.000000E+00  2.573622E-03  1.909330E-24  4.632547E-23   5.000000E-01 NotAppl  1.497597E-01  0.000000E+00  
1.335651E+02  3.583073E-01  2.338718E+01  1.877229E-07  1.000000E+00  5.924514E-03  1.058122E-24  9.973880E-21   5.000000E-01 NotAppl  4.244903E+00  0.000000E+00  
8.130598E+02  1.002275E-03  3.742642E-02  -6.141207E-02  1.000000E+00  2.438969E-01  3.402937E-26  2.646395E-11   5.000000E-01 NotAppl  2.076107E-02  0.000000E+00  
9.087069E+02  1.588005E+01  -1.587482E+01  -1.096970E-06  1.000000E+00  3.718452E-02  1.713073E-25  6.728201E-21   5.000000E-01 NotAppl  9.278181E-02  0.000000E+00  
1.415191E+01  2.592823E+02  -2.590912E+02  3.331331E-01  1.000000E+00  7.785816E-02  1.910501E-26  2.990027E-06   0.000000E+00 XENON1T_2018  9.578837E-01  4.982924E-01  
1.210850E+03  1.448173E-03  -6.400235E-04  -1.099628E-10  1.000000E+00  5.341912E-01  1.488979E-26  3.763367E-29   5.000000E-01 NotAppl  6.013251E-03  0.000000E+00  
1.144430E+01  4.442500E-03  4.718828E+02  1.387366E-10  1.000000E+00  5.141587E-04  3.080285E-45  7.886786E-25   5.000000E-01 NotAppl  1.977424E-19  2.702987E-17  
5.818901E+01  1.808579E+02  -6.270769E+01  8.161149E-02  1.000000E+00  4.244281E-04  5.479191E-26  1.032399E-08   0.000000E+00 LZ5Tmedian  5.940254E-01  7.764506E-01  
1.090493E+02  5.724428E-04  1.540654E-02  -3.127164E-10  1.000000E+00  6.484216E-03  1.178264E-24  4.194479E-26   5.000000E-01 NotAppl  5.852908E+00  0.000000E+00  
4.323377E+02  9.627108E-02  -5.510852E-02  -2.458893E-06  1.000000E+00  7.511420E-02  1.127902E-25  1.542931E-19   5.000000E-01 NotAppl  1.319562E-01  0.000000E+00  
8.971748E+02  4.767923E+00  1.248337E-02  8.559796E-08  1.000000E+00  1.527775E-01  4.642260E-26  4.204961E-23   5.000000E-01 NotAppl  2.556319E-02  0.000000E+00  
4.097979E+02  1.181075E-03  5.805517E-01  3.280485E-06  1.000000E+00  6.731789E-02  1.252295E-25  3.064226E-19   5.000000E-01 NotAppl  1.549105E-01  0.000000E+00  
6.739364E+03  1.156162E+02  -1.156019E+02  3.516772E-08  1.000000E+00  9.136904E-04  7.761404E-24  1.168334E-25   5.000000E-01 NotAppl  5.411443E-01  0.000000E+00  
6.767788E+01  1.193324E-01  -1.073315E-01  -3.821313E-01  1.000000E+00  3.709048E-03  7.257396E-25  1.662910E-07   0.000000E+00 XENON1T_2018  6.753185E+00  0.000000E+00  
1.776145E+03  1.958094E-02  7.010969E+00  -2.384831E-09  1.000000E+00  2.482842E-01  2.024273E-26  8.103580E-27   5.000000E-01 NotAppl  5.582761E-03  0.000000E+00  
7.768297E+02  4.434884E-03  -3.023148E-03  1.346009E-09  1.000000E+00  2.299287E-01  3.583832E-26  1.395334E-26   5.000000E-01 NotAppl  2.285346E-02  0.000000E+00  
1.772823E+01  5.595084E-04  2.427654E-01  7.756092E-08  1.000000E+00  1.406464E-03  1.109256E-39  1.034699E-19   5.000000E-01 NotAppl  4.303360E-14  8.239185E-12  
2.163539E+01  8.482932E+00  -8.364883E+00  1.556337E-06  1.000000E+00  3.562920E-02  4.829808E-37  2.794132E-17   5.000000E-01 NotAppl  1.502785E-11  2.078983E-09  
2.884864E+01  2.689731E+01  -1.378379E+01  1.055876E-04  1.000000E+00  1.400949E+01  2.715162E-33  7.196524E-14   5.000000E-01 NotAppl  6.167085E-08  1.431735E-06  
3.963763E+02  8.365233E-04  1.226658E+02  2.476722E-03  1.000000E+00  1.623271E-03  2.971520E-24  1.869788E-13   5.000000E-01 NotAppl  3.831542E+00  0.000000E+00  
3.285704E+01  1.883979E-02  1.410503E-01  5.428626E-04  1.000000E+00  1.533569E-03  8.391910E-32  1.461529E-12   5.000000E-01 NotAppl  1.655354E-06  3.573190E-04  
9.587428E+03  2.653282E-01  7.235444E-02  -8.440704E-01  1.000000E+00  5.920302E+00  1.557905E-27  3.289385E-11   5.000000E-01 NotAppl  8.156307E-05  0.000000E+00  
6.495084E+02  8.503658E+00  7.583675E+02  7.098182E-01  1.000000E+00  9.020349E-05  5.156423E-23  5.593940E-09   1.843675E-37 LZ5Tmedian  4.014481E+01  0.000000E+00  
9.371436E+02  1.015580E+01  -1.015510E+01  6.887807E-04  1.000000E+00  7.613674E-02  8.466044E-26  2.490854E-15   5.000000E-01 NotAppl  4.442449E-02  0.000000E+00  
7.912046E+03  1.818785E-03  1.402799E+01  -1.559057E-02  1.000000E+00  8.389583E-02  5.319766E-26  1.657575E-14   5.000000E-01 NotAppl  3.220336E-03  0.000000E+00  
6.993252E+03  7.712670E+01  -7.712492E+01  -4.032752E-04  1.000000E+00  1.994876E-03  3.475474E-24  1.425132E-17   5.000000E-01 NotAppl  2.334125E-01  0.000000E+00  
1.886955E+03  1.045998E+00  1.795280E+02  -2.809453E-02  1.000000E+00  6.121212E-04  7.962670E-24  9.941267E-13   5.000000E-01 NotAppl  2.076361E+00  0.000000E+00  
1.507552E+03  7.064241E-02  1.682968E+00  -1.501646E-09  1.000000E+00  6.964271E-01  1.046946E-26  4.487981E-27   5.000000E-01 NotAppl  3.381306E-03  0.000000E+00  
1.160021E+03  5.968405E+01  1.117513E+01  -2.937925E-04  1.000000E+00  1.272168E-03  3.270408E-24  2.931863E-16   5.000000E-01 NotAppl  1.387370E+00  0.000000E+00  
5.423124E+02  8.080906E+01  -3.283136E+01  -3.566865E-10  1.000000E+00  9.084705E-04  3.846978E-24  2.042360E-27   5.000000E-01 NotAppl  3.564924E+00  0.000000E+00  
3.398418E+03  2.483149E-04  6.471936E-02  2.725156E-06  1.000000E+00  3.843994E+00  1.907484E-27  2.822666E-21   5.000000E-01 NotAppl  2.679713E-04  0.000000E+00  
4.210382E+03  1.842038E-02  7.456208E+02  7.625299E-06  1.000000E+00  4.199152E-05  1.250231E-22  1.429225E-20   5.000000E-01 NotAppl  1.435619E+01  0.000000E+00  
8.591190E+02  3.020642E-03  1.067482E+01  -8.904247E-10  1.000000E+00  9.363548E-02  5.976954E-26  4.971281E-27   5.000000E-01 NotAppl  3.465364E-02  0.000000E+00  
4.950334E+03  4.824583E-03  8.098325E+02  1.211016E-04  1.000000E+00  3.528585E-05  1.496053E-22  2.593602E-18   5.000000E-01 NotAppl  1.458011E+01  0.000000E+00  
3.167779E+02  1.275475E+01  -2.134496E+00  -2.581861E-08  1.000000E+00  1.400923E-02  3.263222E-25  3.214964E-23   5.000000E-01 NotAppl  5.285834E-01  0.000000E+00  
4.392838E+01  1.285622E+02  6.096558E+02  1.833352E-07  1.000000E+00  6.414440E+04  1.918845E-38  9.239680E-20   5.000000E-01 NotAppl  2.778642E-13  3.416317E-11  
6.745549E+03  4.847306E-04  1.607420E+02  1.057449E-01  1.000000E+00  7.378858E-04  6.832600E-24  1.054366E-12   5.000000E-01 NotAppl  4.863268E-01  0.000000E+00  
5.537472E+01  8.978428E-03  2.727273E+00  -2.092694E-06  1.000000E+00  3.110460E-03  1.380616E-35  7.510533E-18   5.000000E-01 NotAppl  1.569481E-10  2.739260E-09  
8.634857E+02  6.726385E-01  -3.357930E-01  -3.560100E-02  1.000000E+00  2.747265E-01  2.917735E-26  7.865051E-12   5.000000E-01 NotAppl  1.670003E-02  0.000000E+00  
3.720862E+03  1.631568E+00  -1.451934E+00  -2.759652E-03  1.000000E+00  2.032541E+00  3.148908E-27  2.407058E-15   5.000000E-01 NotAppl  4.023694E-04  0.000000E+00  
7.031877E+03  4.965294E-03  5.592394E+02  -2.179959E-06  1.000000E+00  6.710855E-05  7.789516E-23  4.118022E-22   5.000000E-01 NotAppl  5.315309E+00  0.000000E+00  
1.835094E+03  2.382671E+01  -2.380595E+01  3.066800E-04  1.000000E+00  1.900225E-02  3.367449E-25  1.253818E-16   5.000000E-01 NotAppl  8.843534E-02  0.000000E+00  
1.573999E+01  6.171029E+00  -2.707899E+00  7.175459E-04  1.000000E+00  1.716556E+00  9.149018E-32  1.122875E-11   5.000000E-01 NotAppl  4.059166E-06  5.775172E-04  
2.214237E+01  2.637667E-04  2.752045E-02  -4.228122E-01  1.000000E+00  2.453791E-03  3.604411E-26  1.968328E-06   0.000000E+00 XENON1T_2018  1.093289E+00  2.497631E-01  
4.312140E+03  9.861550E-02  7.390600E-02  -5.720874E-10  1.000000E+00  6.016243E+00  1.198739E-27  7.664430E-29   5.000000E-01 NotAppl  1.322059E-04  0.000000E+00  
1.002637E+02  1.534819E+01  -3.736618E+00  4.378700E-06  1.000000E+00  2.236625E-03  1.400272E-24  9.768872E-18   5.000000E-01 NotAppl  7.606271E+00  0.000000E+00  
4.574668E+02  1.646444E+02  1.543098E+02  4.780659E-01  1.000000E+00  1.233773E-04  2.779647E-23  5.195736E-09   8.613894E-49 LZ5Tmedian  3.086255E+01  0.000000E+00  
1.354855E+02  4.905784E-03  4.959968E-02  2.789790E-08  1.000000E+00  8.998674E-03  8.983282E-25  2.139255E-22   5.000000E-01 NotAppl  3.566881E+00  0.000000E+00  
6.801507E+02  1.136577E+02  -1.133752E+02  -9.552265E-02  1.000000E+00  1.118046E-03  6.096232E-24  9.219838E-11   2.638518E-01 NotAppl  4.455684E+00  0.000000E+00  
2.283079E+03  3.493867E-03  2.201872E-01  -2.786885E+00  1.000000E+00  3.208243E-02  3.711147E-25  6.634758E-09   2.831466E-13 LZ5Tmedian  8.306870E-02  0.000000E+00  
3.776753E+01  2.988711E-03  2.875432E+00  3.563834E-02  1.000000E+00  9.310025E-05  4.647969E-28  4.747511E-09   9.801528E-268 LZ5Tmedian  7.904484E-03  1.959878E-01  
4.540612E+02  8.941462E+00  -8.920420E+00  -2.552309E-10  1.000000E+00  4.625012E-02  1.482133E-25  1.503754E-27   5.000000E-01 NotAppl  1.648908E-01  0.000000E+00  
1.867886E+03  1.083139E+02  -1.083052E+02  4.619807E-01  1.000000E+00  1.003668E-03  6.988455E-24  2.744322E-10   2.324234E-01 NotAppl  1.802417E+00  0.000000E+00  
1.000015E+03  8.479903E+00  -8.479611E+00  -1.088594E-05  1.000000E+00  1.019934E-01  6.359006E-26  5.449387E-19   5.000000E-01 NotAppl  3.121037E-02  0.000000E+00  
4.169141E+03  4.173205E-02  1.712519E+01  1.398484E-04  1.000000E+00  5.595352E-02  8.052117E-26  4.904524E-18   5.000000E-01 NotAppl  9.336757E-03  0.000000E+00  
1.043721E+01  6.619228E-04  2.038714E+01  -2.845267E-05  1.000000E+00  4.290222E-04  1.242278E-34  3.973318E-14   5.000000E-01 NotAppl  8.886169E-09  5.642469E-07  
1.629872E+02  1.637063E+02  4.628153E+02  -1.206121E-06  1.000000E+00  3.704419E-04  8.273724E-24  2.737615E-19   5.000000E-01 NotAppl  2.710322E+01  0.000000E+00  
9.614974E+03  1.939250E-01  1.633607E+00  -5.305858E-07  1.000000E+00  4.012383E+00  1.162665E-27  1.292228E-23   5.000000E-01 NotAppl  5.758279E-05  0.000000E+00  
1.836009E+01  1.588160E-02  1.094507E-02  -5.131001E-03  1.000000E+00  2.008092E-03  4.912403E-30  4.221831E-10   6.224099E-13 LZ5Tmedian  1.831646E-04  3.145817E-02  
2.908035E+02  1.020938E+00  7.657326E-01  -4.218632E-06  1.000000E+00  3.196778E-02  2.432584E-25  1.022668E-18   5.000000E-01 NotAppl  4.300012E-01  0.000000E+00  
3.354053E+03  3.891952E-04  8.788095E+02  4.734797E-05  1.000000E+00  3.327068E-05  1.586869E-22  8.751709E-19   5.000000E-01 NotAppl  2.295908E+01  0.000000E+00  
1.081008E+02  9.470793E+01  -9.469459E+01  -2.245772E-10  1.000000E+00  2.613063E-03  2.187036E-24  2.202340E-26   5.000000E-01 NotAppl  1.107871E+01  0.000000E+00  
3.666176E+03  1.112176E+00  1.086585E+02  -1.231856E-01  1.000000E+00  1.553199E-03  3.129739E-24  4.942881E-12   5.000000E-01 NotAppl  4.135914E-01  0.000000E+00  
4.449035E+02  8.723656E-04  2.090979E+00  7.431261E+00  1.000000E+00  1.731199E-04  8.026869E-23  1.329036E-06   0.000000E+00 XENON1T_2018  9.871804E+01  0.000000E+00  
9.675723E+03  3.598528E+01  -3.597911E+01  -3.103703E-04  1.000000E+00  8.717827E-03  7.623482E-25  4.365502E-18   5.000000E-01 NotAppl  3.687039E-02  0.000000E+00  
1.018456E+01  2.966733E-01  3.842633E+02  1.149247E-05  1.000000E+00  1.450528E-03  2.000870E-35  6.800209E-15   5.000000E-01 NotAppl  1.473140E-09  1.861175E-07  
3.587149E+03  8.047261E-01  -6.360005E-01  -4.397220E-02  1.000000E+00  3.493841E+00  1.950669E-27  6.583725E-13   5.000000E-01 NotAppl  2.594803E-04  0.000000E+00  
9.370137E+03  9.539507E+00  6.849488E+01  1.119750E-07  1.000000E+00  3.213402E-03  1.684805E-24  6.064725E-25   5.000000E-01 NotAppl  8.589548E-02  0.000000E+00  
2.185981E+03  2.261071E-01  8.844352E+00  -5.608164E-07  1.000000E+00  1.762804E-01  2.674396E-26  2.935455E-22   5.000000E-01 NotAppl  5.979077E-03  0.000000E+00  
3.728757E+03  2.061944E+01  -1.949229E+01  -1.313352E-03  1.000000E+00  2.550256E-02  2.514278E-25  5.428342E-16   5.000000E-01 NotAppl  3.197155E-02  0.000000E+00  
5.222667E+01  1.272386E+02  -1.272365E+02  1.506074E-02  1.000000E+00  2.054648E-03  3.627654E-28  4.383097E-10   2.263973E-24 LZ5Tmedian  4.398969E-03  1.312686E-01  
1.039839E+01  2.226698E-04  1.392475E+01  1.616474E-02  1.000000E+00  4.249044E-04  4.002075E-29  1.291838E-08   2.557682E-60 LZ5Tmedian  2.875786E-03  1.049391E-01  
6.916156E+03  1.215287E+02  -1.215130E+02  2.943527E+00  1.000000E+00  7.736354E-04  9.504030E-24  7.765496E-10   3.262848E-01 NotAppl  6.456773E-01  0.000000E+00  
2.726656E+02  1.449934E+02  -1.449331E+02  -8.061083E-08  1.000000E+00  9.900109E-04  6.602315E-24  4.260482E-22   5.000000E-01 NotAppl  1.256900E+01  0.000000E+00  
1.302301E+03  1.707710E-02  -1.692432E-02  -4.959662E-08  1.000000E+00  6.134114E-01  1.288590E-26  6.598683E-24   5.000000E-01 NotAppl  4.829479E-03  0.000000E+00  
1.648413E+02  7.429520E-02  -7.256816E-02  7.054572E-07  1.000000E+00  1.254996E-02  6.567278E-25  9.150861E-20   5.000000E-01 NotAppl  2.130067E+00  0.000000E+00  
2.187981E+01  1.822616E-04  3.203641E+02  -1.418871E-02  1.000000E+00  1.533105E-03  4.036025E-29  2.270450E-09   1.340899E-88 LZ5Tmedian  1.240472E-03  1.489911E-01  
1.920955E+02  6.889349E+00  -6.707192E+00  5.254305E-01  1.000000E+00  2.937673E-03  2.583699E-24  3.709821E-08   0.000000E+00 XENON1T_2018  7.120293E+00  0.000000E+00  
1.552386E+01  2.058788E-04  7.405501E+02  3.419315E-01  1.000000E+00  8.534547E-04  2.069401E-26  2.620994E-06   0.000000E+00 XENON1T_2018  9.332087E-01  3.326456E-01  
9.476276E+03  6.562405E-04  2.390700E+01  3.397014E-03  1.000000E+00  3.008710E-02  1.542866E-25  5.455503E-16   5.000000E-01 NotAppl  7.781705E-03  0.000000E+00  
3.135694E+03  1.127822E-02  9.021750E-02  -1.118164E-08  1.000000E+00  3.287789E+00  2.241336E-27  5.597537E-26   5.000000E-01 NotAppl  3.417884E-04  0.000000E+00  
6.170942E+03  2.249388E-01  -2.109740E-01  2.906423E-02  1.000000E+00  1.113386E+01  6.332586E-28  9.544639E-14   5.000000E-01 NotAppl  4.855203E-05  0.000000E+00  
5.353668E+01  1.087904E-03  9.453192E+01  -1.195127E-01  1.000000E+00  2.726631E-03  2.935849E-26  2.624110E-08   0.000000E+00 XENON1T_2018  3.455812E-01  3.231233E-01  
2.457655E+02  1.358060E-03  -4.255921E-04  2.365908E-07  1.000000E+00  2.588997E-02  3.294616E-25  4.540122E-21   5.000000E-01 NotAppl  6.941703E-01  0.000000E+00  
3.064265E+01  8.569391E-01  -8.568160E-01  4.128726E-06  1.000000E+00  3.703628E-03  4.431858E-36  9.738224E-17   5.000000E-01 NotAppl  9.426549E-11  2.105019E-08  
4.387094E+02  1.441628E-04  7.033656E-02  -4.048135E-07  1.000000E+00  7.733182E-02  1.096253E-25  4.058618E-21   5.000000E-01 NotAppl  1.263237E-01  0.000000E+00  
4.710853E+02  6.771798E-03  4.319159E-01  -2.484764E-09  1.000000E+00  8.806411E-02  9.556551E-26  1.321849E-25   5.000000E-01 NotAppl  1.022779E-01  0.000000E+00  
4.040411E+03  2.836244E-04  -1.006480E-04  -4.385714E-01  1.000000E+00  2.170678E+00  4.217741E-27  5.141236E-11   5.000000E-01 NotAppl  5.164199E-04  0.000000E+00  
3.040992E+01  1.232847E-04  7.985964E-03  -3.584706E-10  1.000000E+00  2.417457E-03  3.311347E-44  7.455236E-25   5.000000E-01 NotAppl  7.092904E-19  1.603645E-16  
2.910690E+01  1.659962E-01  -1.204133E-02  -1.290781E+00  1.000000E+00  2.750437E-03  3.797799E-25  1.056256E-05   0.000000E+00 XENON1T_2018  8.547798E+00  2.503543E-01  
2.461852E+02  1.559422E-02  -1.740655E-03  3.981558E-04  1.000000E+00  2.596248E-02  3.285478E-25  1.281326E-14   5.000000E-01 NotAppl  6.910126E-01  0.000000E+00  
6.968967E+01  9.417805E+00  -9.269072E+00  2.517496E-02  1.000000E+00  1.452066E-02  1.586341E-27  6.798351E-10   9.125900E-33 LZ5Tmedian  1.420997E-02  0.000000E+00  
5.616980E+03  2.641000E+00  1.958362E+00  1.262500E-01  1.000000E+00  5.628140E-01  1.249370E-26  2.180345E-12   5.000000E-01 NotAppl  1.060910E-03  0.000000E+00  
3.655514E+03  2.756612E-01  -2.509282E-01  -6.398529E-01  1.000000E+00  1.165784E+00  8.291235E-27  1.341509E-10   5.000000E-01 NotAppl  1.138333E-03  0.000000E+00  
2.493946E+03  1.317004E-03  -5.226306E-04  1.543622E-05  1.000000E+00  2.120809E+00  3.534695E-27  1.700319E-19   5.000000E-01 NotAppl  6.807820E-04  0.000000E+00  
7.181593E+02  1.490705E-03  1.410709E-02  -2.476098E-04  1.000000E+00  1.980186E-01  4.183418E-26  5.543610E-16   5.000000E-01 NotAppl  2.893051E-02  0.000000E+00  
1.940399E+01  1.081096E+02  -1.080953E+02  9.959419E-10  1.000000E+00  4.827978E-02  1.888286E-43  1.423788E-23   5.000000E-01 NotAppl  6.623399E-18  1.347306E-15  
4.288759E+01  5.353057E-01  -4.943652E-01  9.582636E-06  1.000000E+00  1.528639E-04  4.799994E-35  2.650503E-16   5.000000E-01 NotAppl  7.126257E-10  9.492265E-08  
5.870831E+01  3.783026E-01  -3.227318E-01  5.432437E-07  1.000000E+00  4.303607E-03  3.113455E-36  4.492232E-19   5.000000E-01 NotAppl  3.345290E-11  1.442838E-10  
1.573951E+03  8.662233E-03  -3.107396E-03  -1.328388E-03  1.000000E+00  8.796065E-01  8.841905E-27  3.216684E-15   5.000000E-01 NotAppl  2.728184E-03  0.000000E+00  
2.395839E+03  3.991527E-01  -3.770968E-01  1.914725E-10  1.000000E+00  1.898435E+00  3.923639E-27  2.839235E-29   5.000000E-01 NotAppl  7.872248E-04  0.000000E+00  
1.257033E+01  1.014861E+00  -9.674606E-01  -9.792971E-04  1.000000E+00  3.491586E-02  1.589615E-31  3.266615E-11   4.640369E-01 NotAppl  9.143690E-06  1.338456E-03  
2.788173E+02  1.388758E-03  1.323940E-01  3.792303E-10  1.000000E+00  3.268647E-02  2.605951E-25  9.008113E-27   5.000000E-01 NotAppl  4.813048E-01  0.000000E+00  
3.415389E+02  7.925269E+01  -7.871780E+01  4.029797E-10  1.000000E+00  2.174656E-03  2.908183E-24  6.713662E-27   5.000000E-01 NotAppl  4.367490E+00  0.000000E+00  
2.839181E+03  1.729923E+00  -1.400981E+00  4.452908E-04  1.000000E+00  1.494652E+00  4.529383E-27  1.086654E-16   5.000000E-01 NotAppl  7.630199E-04  0.000000E+00  
3.712940E+02  3.835221E-04  5.827684E+00  -2.322080E-05  1.000000E+00  4.713781E-02  1.609994E-25  1.878850E-17   5.000000E-01 NotAppl  2.207692E-01  0.000000E+00  
5.218667E+02  2.445123E-02  -9.707147E-03  6.294309E-08  1.000000E+00  1.077456E-01  7.822610E-26  6.879859E-23   5.000000E-01 NotAppl  7.527806E-02  0.000000E+00  
4.117616E+02  3.082152E+01  -1.602158E+01  -1.204581E-05  1.000000E+00  6.020260E-03  6.820899E-25  4.091366E-18   5.000000E-01 NotAppl  8.417913E-01  0.000000E+00  
1.464911E+01  3.238535E+02  -3.238267E+02  1.628269E-04  1.000000E+00  9.705392E-02  4.611669E-33  6.670005E-13   5.000000E-01 NotAppl  2.222102E-07  3.682466E-05  
7.213580E+03  1.576094E-02  4.218805E-02  -4.973554E-08  1.000000E+00  1.648599E+01  4.248773E-28  2.035249E-25   5.000000E-01 NotAppl  2.780798E-05  0.000000E+00  
6.101902E+01  1.166463E-01  6.808611E-01  1.407669E-04  1.000000E+00  3.861088E-03  1.322332E-30  2.787817E-14   5.000000E-01 NotAppl  1.365520E-05  6.108269E-06  
1.120579E+02  1.932923E-02  -1.677286E-02  -5.219694E-08  1.000000E+00  6.739306E-03  1.148478E-24  1.105189E-21   5.000000E-01 NotAppl  5.546944E+00  0.000000E+00  
8.782833E+01  7.752362E-01  -2.530042E-01  -4.444941E-10  1.000000E+00  5.886665E-03  7.462185E-25  1.320555E-25   5.000000E-01 NotAppl  4.742036E+00  0.000000E+00  
4.374780E+03  4.181081E-01  9.535869E+00  -6.769342E-06  1.000000E+00  1.623584E-01  2.794848E-26  1.041952E-20   5.000000E-01 NotAppl  3.084722E-03  0.000000E+00  
8.083076E+02  1.451921E+02  -8.573240E+01  1.258125E-10  1.000000E+00  3.335803E-04  1.110501E-23  1.124096E-28   5.000000E-01 NotAppl  6.795803E+00  0.000000E+00  
1.276897E+02  2.408252E-04  1.833581E-01  -7.517180E-07  1.000000E+00  8.128662E-03  9.788188E-25  1.753846E-19   5.000000E-01 NotAppl  4.127784E+00  0.000000E+00  
6.007284E+01  8.002986E-02  8.988993E+00  -6.732752E-01  1.000000E+00  2.130029E-04  1.115351E-23  6.584127E-07   0.000000E+00 XENON1T_2018  1.154970E+02  3.365730E-01  
5.684197E+02  4.895441E-03  -2.752477E-03  -1.156000E-10  1.000000E+00  1.268290E-01  6.619804E-26  1.948538E-28   5.000000E-01 NotAppl  5.830612E-02  0.000000E+00  
3.813419E+01  1.060417E+01  -1.060263E+01  4.343995E-10  1.000000E+00  1.484438E-03  7.058119E-44  6.916452E-25   5.000000E-01 NotAppl  1.188091E-18  7.723684E-17  
8.138740E+02  1.114131E+00  6.135205E+00  -2.732274E-05  1.000000E+00  1.367164E-01  4.753705E-26  5.227668E-18   5.000000E-01 NotAppl  2.903441E-02  0.000000E+00  
3.504916E+02  3.917981E+01  3.576401E+02  -3.329117E-10  1.000000E+00  2.427861E-04  1.348296E-23  4.345612E-27   5.000000E-01 NotAppl  1.971224E+01  0.000000E+00  
1.637335E+01  4.909949E+00  -4.901419E+00  -7.165534E-02  1.000000E+00  7.364268E-02  9.232496E-28  1.035099E-07   0.000000E+00 XENON1T_2018  3.916580E-02  2.658444E-01  
1.107638E+01  1.340933E+01  2.019940E+02  3.391884E-01  1.000000E+00  1.443589E-01  1.815956E-26  5.026316E-06   0.000000E+00 XENON1T_2018  1.211572E+00  3.268501E-01  
8.761272E+02  2.302959E+02  -1.426059E+02  -2.734412E-03  1.000000E+00  1.443391E-04  2.538962E-23  4.504177E-14   5.000000E-01 NotAppl  1.429541E+01  0.000000E+00  
3.599837E+03  1.093583E-03  8.544218E-03  1.700250E+00  1.000000E+00  1.978717E-01  5.588709E-26  9.772840E-10   6.694687E-02 LZ5Tmedian  7.813298E-03  0.000000E+00  
7.588363E+01  1.518277E+02  -1.517350E+02  2.006522E-06  1.000000E+00  1.985326E-02  2.688073E-36  3.629301E-18   5.000000E-01 NotAppl  2.206073E-11  0.000000E+00  
1.697309E+03  1.125954E+02  -1.045612E+02  -9.801251E-03  1.000000E+00  8.980494E-04  6.992625E-24  1.501468E-13   5.000000E-01 NotAppl  1.989561E+00  0.000000E+00  
7.161201E+03  1.193302E+00  -1.184570E+00  -7.022637E-09  1.000000E+00  4.569274E+00  1.271081E-27  4.118168E-27   5.000000E-01 NotAppl  8.349394E-05  0.000000E+00  
7.135014E+01  1.036639E-04  4.520322E-01  -1.925907E-02  1.000000E+00  5.904695E-03  5.996709E-28  3.791859E-10   2.380448E-18 LZ5Tmedian  5.241368E-03  0.000000E+00  
3.228887E+01  1.536932E+02  -1.536919E+02  -2.104904E-09  1.000000E+00  6.809282E-03  1.231006E-42  2.276428E-23   5.000000E-01 NotAppl  2.471023E-17  5.420545E-15  
2.169729E+03  1.806639E-02  1.724725E+01  4.840144E-06  1.000000E+00  5.392348E-02  8.447841E-26  2.219999E-20   5.000000E-01 NotAppl  1.907038E-02  0.000000E+00  
1.295874E+01  1.980333E+00  -1.789969E+00  8.447233E-04  1.000000E+00  1.124744E-01  1.194923E-31  2.288762E-11   5.000000E-01 NotAppl  6.634270E-06  9.746069E-04  
1.479644E+02  1.889841E+00  5.672434E+00  -2.051821E-08  1.000000E+00  6.888138E-03  8.211004E-25  9.659547E-23   5.000000E-01 NotAppl  2.973654E+00  0.000000E+00  
1.646973E+03  2.045819E+00  -1.990010E+00  -7.897394E+00  1.000000E+00  2.147311E-03  5.966300E-24  1.036510E-07   5.679938E-272 LZ5Tmedian  1.893767E+00  0.000000E+00  
1.240503E+02  7.979523E+00  -4.620610E+00  -1.253971E-02  1.000000E+00  4.234192E-03  1.036907E-24  5.178469E-11   2.494036E-02 LZ5Tmedian  4.508177E+00  0.000000E+00  
2.193941E+02  8.451280E+02  -8.445167E+02  4.956733E+00  1.000000E+00  6.954724E-06  1.044590E-21  2.514542E-06   0.000000E+00 XENON1T_2018  2.922300E+03  0.000000E+00  
7.236658E+01  8.507433E-02  4.805083E-02  8.574817E+00  1.000000E+00  5.200637E-05  9.840756E-23  7.302714E-05   0.000000E+00 XENON1T_2018  8.131893E+02  0.000000E+00  
8.334516E+03  1.652827E+01  5.416569E+02  5.515884E-09  1.000000E+00  6.641370E-05  7.876035E-23  1.866945E-27   5.000000E-01 NotAppl  4.524166E+00  0.000000E+00  
1.226337E+01  8.941835E-02  -4.695845E-02  7.512367E-04  1.000000E+00  1.430528E-03  9.273559E-32  2.018353E-11   5.000000E-01 NotAppl  5.490337E-06  7.876673E-04  
4.848132E+02  1.116740E-03  -2.615260E-04  -2.285518E-03  1.000000E+00  9.365499E-02  9.025612E-26  1.054546E-13   5.000000E-01 NotAppl  9.375768E-02  0.000000E+00  
3.789774E+03  5.748282E-03  3.592728E+00  1.556445E-10  1.000000E+00  9.365208E-01  5.027046E-27  7.374329E-30   5.000000E-01 NotAppl  6.392448E-04  0.000000E+00  
4.877620E+02  2.115369E+02  -2.115311E+02  6.964538E-08  1.000000E+00  4.325176E-04  1.616660E-23  9.671511E-23   5.000000E-01 NotAppl  1.670667E+01  0.000000E+00  
1.103938E+03  6.220917E-03  -6.016518E-03  -2.330922E-10  1.000000E+00  4.481975E-01  1.788655E-26  2.041897E-28   5.000000E-01 NotAppl  7.942969E-03  0.000000E+00  
4.435575E+02  2.175800E+01  -1.946013E+01  3.163207E-10  1.000000E+00  1.574794E-02  3.671676E-25  2.423030E-27   5.000000E-01 NotAppl  4.188911E-01  0.000000E+00  
2.810487E+01  3.712117E-03  4.266587E+00  4.070193E+00  1.000000E+00  1.905908E-03  4.735018E-25  1.127399E-04   0.000000E+00 XENON1T_2018  1.130443E+01  2.524099E-01  
3.817314E+02  5.531870E-01  2.260748E+00  -4.097628E-10  1.000000E+00  5.386923E-02  1.461953E-25  5.527921E-27   5.000000E-01 NotAppl  1.947401E-01  0.000000E+00  
4.810738E+03  3.218065E+00  1.077493E+01  -3.571277E-08  1.000000E+00  9.038802E-02  5.978425E-26  2.390626E-25   5.000000E-01 NotAppl  5.982618E-03  0.000000E+00  
2.798778E+02  6.299181E-02  -6.262212E-02  1.703165E-10  1.000000E+00  3.296518E-02  2.587207E-25  1.802876E-27   5.000000E-01 NotAppl  4.759539E-01  0.000000E+00  
1.041402E+02  1.801011E-04  2.895763E-01  -2.888114E-07  1.000000E+00  6.003533E-03  1.217897E-24  3.931994E-20   5.000000E-01 NotAppl  6.348398E+00  0.000000E+00  
3.253897E+02  8.550125E+02  -8.504259E+02  8.736690E-05  1.000000E+00  1.268793E-04  4.118964E-23  3.484611E-16   5.000000E-01 NotAppl  6.510061E+01  0.000000E+00  
3.265779E+03  2.214149E-03  7.781021E+01  3.908077E-01  1.000000E+00  2.944801E-03  1.674293E-24  6.294889E-11   5.000000E-01 NotAppl  2.489344E-01  0.000000E+00  
8.763233E+02  1.488959E-01  -1.484597E-01  -9.799428E-05  1.000000E+00  2.885489E-01  2.826605E-26  5.782166E-17   5.000000E-01 NotAppl  1.591964E-02  0.000000E+00  
1.071961E+01  3.273419E-04  4.274875E-01  -6.016734E-10  1.000000E+00  4.962127E-04  5.628525E-44  1.686353E-23   5.000000E-01 NotAppl  3.902294E-18  5.093785E-16  
2.384286E+03  1.883060E+01  4.208968E+02  -9.492100E-10  1.000000E+00  1.113901E-04  4.332822E-23  7.046088E-28   5.000000E-01 NotAppl  8.886819E+00  0.000000E+00  
9.166900E+01  6.887377E+00  -6.885895E+00  -2.756287E-04  1.000000E+00  5.143775E-03  9.850182E-25  4.651347E-14   5.000000E-01 NotAppl  5.936415E+00  0.000000E+00  
4.909128E+01  4.548057E-03  1.158335E-01  4.961356E-04  1.000000E+00  1.327693E-03  2.444087E-31  5.396193E-13   5.000000E-01 NotAppl  3.161973E-06  2.173152E-04  
6.398873E+01  2.642434E-04  3.951359E-03  -1.118283E-10  1.000000E+00  4.912768E-03  7.902818E-43  1.596779E-26   5.000000E-01 NotAppl  7.730085E-18  0.000000E+00  
3.531949E+01  1.307535E-03  1.708820E+00  1.520906E-04  1.000000E+00  5.347828E-04  7.400928E-33  9.907123E-14   5.000000E-01 NotAppl  1.351232E-07  2.667155E-05  
1.177872E+03  7.511044E+02  -7.503196E+02  -1.758444E-10  1.000000E+00  4.380103E-05  1.695879E-22  1.018111E-28   5.000000E-01 NotAppl  7.025300E+01  0.000000E+00  
4.002264E+02  3.579530E+00  1.066148E+01  -3.386523E-10  1.000000E+00  3.010261E-02  1.920257E-25  3.427322E-27   5.000000E-01 NotAppl  2.439991E-01  0.000000E+00  
1.770573E+02  2.827131E-02  5.857701E+00  1.177796E-01  1.000000E+00  9.734153E-03  8.282719E-25  2.203040E-09   9.665614E-51 LZ5Tmedian  2.507872E+00  0.000000E+00  
2.050599E+03  3.063776E+02  -3.060455E+02  3.307572E-06  1.000000E+00  1.535189E-04  4.744808E-23  1.163104E-20   5.000000E-01 NotAppl  1.111782E+01  0.000000E+00  
1.578701E+02  8.429496E-03  8.867620E+01  5.810116E-04  1.000000E+00  3.344499E-03  1.598730E-24  6.781998E-14   5.000000E-01 NotAppl  5.327673E+00  0.000000E+00  
1.507737E+01  1.907024E-04  6.954806E-04  7.998449E-04  1.000000E+00  1.407204E-03  1.122376E-31  1.519900E-11   5.000000E-01 NotAppl  5.230757E-06  8.837203E-04  
3.131617E+01  1.682299E-01  -1.112567E-01  -3.350404E-03  1.000000E+00  2.366527E-03  2.996496E-30  6.136354E-11   5.320095E-04 LZ5Tmedian  6.216910E-05  1.323087E-02  
9.837999E+02  3.140684E+02  -3.140378E+02  1.223361E-03  1.000000E+00  1.771367E-04  4.130804E-23  7.115711E-15   5.000000E-01 NotAppl  2.060201E+01  0.000000E+00  
2.616720E+01  8.091495E-02  -7.917852E-02  4.187963E-05  1.000000E+00  3.461529E-03  3.923477E-34  1.378998E-14   5.000000E-01 NotAppl  9.913426E-09  2.274991E-06  
5.344863E+03  4.665601E+01  -4.665580E+01  -3.351285E-01  1.000000E+00  5.369669E-03  1.225709E-24  1.699508E-11   5.000000E-01 NotAppl  1.081137E-01  0.000000E+00  
9.356265E+02  2.590374E+01  -2.566256E+01  2.550799E-07  1.000000E+00  1.579790E-02  4.066516E-25  3.427483E-22   5.000000E-01 NotAppl  2.136356E-01  0.000000E+00  
1.883157E+01  1.112081E-04  2.594829E+01  -5.819115E-05  1.000000E+00  1.194769E-03  6.375341E-34  5.161274E-14   5.000000E-01 NotAppl  2.311839E-08  1.111133E-06  
3.403954E+01  2.802977E-02  1.380802E+01  -2.097000E-03  1.000000E+00  1.066880E-03  1.321427E-30  2.029906E-11   7.621683E-02 LZ5Tmedian  2.509504E-05  2.349636E-03  
1.624025E+03  2.212540E-01  -2.208697E-01  -7.579646E-02  1.000000E+00  9.013339E-01  8.682271E-27  9.824851E-12   5.000000E-01 NotAppl  2.604171E-03  0.000000E+00  
7.743892E+01  5.293944E-03  3.627666E+01  -5.423408E-09  1.000000E+00  6.129239E-03  1.547775E-41  2.543777E-23   5.000000E-01 NotAppl  1.254107E-16  0.000000E+00  
2.699220E+03  1.794777E+00  1.409963E+02  1.292183E-08  1.000000E+00  9.322688E-04  5.220934E-24  1.014258E-25   5.000000E-01 NotAppl  9.431896E-01  0.000000E+00  
5.421729E+03  7.221226E-01  -2.495150E-01  -3.841282E-04  1.000000E+00  6.242408E+00  1.117111E-27  2.168937E-17   5.000000E-01 NotAppl  9.758095E-05  0.000000E+00  
2.772359E+02  1.846198E-02  3.429836E-03  -4.322153E-04  1.000000E+00  3.241921E-02  2.632760E-25  1.183823E-14   5.000000E-01 NotAppl  4.891517E-01  0.000000E+00  
1.735675E+03  5.454136E-03  1.425312E+02  6.528103E-03  1.000000E+00  9.605921E-04  5.050552E-24  6.364148E-14   5.000000E-01 NotAppl  1.434687E+00  0.000000E+00  
7.118934E+01  3.885492E-01  -3.819541E-01  6.776976E-08  1.000000E+00  7.237812E-03  7.718041E-39  4.716877E-21   5.000000E-01 NotAppl  6.810139E-14  0.000000E+00  
4.972578E+02  5.129198E+01  1.207141E+01  2.967142E-08  1.000000E+00  1.430498E-03  2.376353E-24  1.687565E-23   5.000000E-01 NotAppl  2.415936E+00  0.000000E+00  
3.344825E+02  2.158932E-04  3.578990E-01  -1.323819E-06  1.000000E+00  4.590913E-02  1.847756E-25  7.561585E-20   5.000000E-01 NotAppl  2.823220E-01  0.000000E+00  
2.178600E+03  5.597505E-03  3.494680E+02  -5.333587E+00  1.000000E+00  1.973774E-04  2.321130E-23  2.673408E-08   1.062833E-53 LZ5Tmedian  5.238827E+00  0.000000E+00  
5.386878E+03  1.064200E+02  4.440037E+01  -2.550993E-06  1.000000E+00  4.541703E-04  1.252990E-23  9.691838E-22   5.000000E-01 NotAppl  1.107968E+00  0.000000E+00  
1.422902E+01  9.039981E-04  2.028981E+01  -3.799016E+00  1.000000E+00  7.105697E-04  4.520576E-25  3.846808E-04   0.000000E+00 XENON1T_2018  2.256896E+01  2.603471E-01  
2.122798E+03  6.717532E-04  1.486355E-04  -6.007298E-01  1.000000E+00  4.138554E-01  2.447101E-26  3.575537E-10   1.874902E-01 NotAppl  5.827364E-03  0.000000E+00  
6.287127E+03  1.084604E+02  -1.021028E+02  -2.206937E-06  1.000000E+00  1.019130E-03  6.840543E-24  5.298583E-22   5.000000E-01 NotAppl  5.117605E-01  0.000000E+00  
5.604245E+03  5.793175E-04  2.186425E+01  -7.752093E-06  1.000000E+00  3.533688E-02  1.292981E-25  8.258554E-21   5.000000E-01 NotAppl  1.110816E-02  0.000000E+00  
5.795692E+02  3.358305E-01  -3.326636E-01  -1.840749E-10  1.000000E+00  1.306798E-01  6.381434E-26  4.748436E-28   5.000000E-01 NotAppl  5.508733E-02  0.000000E+00  
4.599045E+03  1.157958E-03  3.072880E+02  3.313017E-04  1.000000E+00  2.122838E-04  2.382622E-23  2.254497E-17   5.000000E-01 NotAppl  2.501702E+00  0.000000E+00  
8.455581E+01  1.470958E-03  7.044960E-02  -1.462569E-04  1.000000E+00  5.831589E-03  6.545624E-25  1.545441E-14   5.000000E-01 NotAppl  4.335194E+00  0.000000E+00  
1.629757E+03  2.207636E-04  2.450186E+01  -7.781790E-03  1.000000E+00  2.759528E-02  1.668430E-25  1.028178E-13   5.000000E-01 NotAppl  5.050902E-02  0.000000E+00  
3.601374E+03  2.033636E-03  -6.259576E-04  -2.640695E-03  1.000000E+00  4.304325E+00  1.697955E-27  2.355347E-15   5.000000E-01 NotAppl  2.248573E-04  0.000000E+00  
1.357208E+03  3.759261E+01  1.827311E+01  -1.036811E+00  1.000000E+00  4.663328E-03  9.535135E-25  2.650756E-09   3.926602E-09 LZ5Tmedian  3.485747E-01  0.000000E+00  
1.717619E+01  9.346950E-04  1.120367E+00  -3.008704E-09  1.000000E+00  1.065354E-03  1.652173E-42  1.658620E-22   5.000000E-01 NotAppl  6.638992E-17  1.240170E-14  
3.079165E+03  1.641448E-04  2.096758E+01  5.173181E+00  1.000000E+00  9.347792E-03  1.075659E-24  1.243328E-08   3.495206E-18 LZ5Tmedian  1.739442E-01  0.000000E+00  
8.778303E+02  2.727000E+00  -2.726636E+00  2.102696E-07  1.000000E+00  2.334313E-01  3.253137E-26  2.652886E-22   5.000000E-01 NotAppl  1.828471E-02  0.000000E+00  
5.031046E+03  1.354071E+00  -1.353756E+00  2.514730E-05  1.000000E+00  3.093371E+00  1.953571E-27  1.082196E-19   5.000000E-01 NotAppl  1.836467E-04  0.000000E+00  
2.398324E+02  8.435307E+00  -7.485223E+00  -8.640333E-05  1.000000E+00  1.624542E-02  3.885403E-25  6.366117E-16   5.000000E-01 NotAppl  8.406815E-01  0.000000E+00  
2.732784E+02  2.458296E-02  2.449191E+02  1.218084E-06  1.000000E+00  7.977086E-04  5.980594E-24  9.683450E-20   5.000000E-01 NotAppl  1.126217E+01  0.000000E+00  
4.273946E+02  1.360848E-01  -1.273982E-01  -1.746778E-02  1.000000E+00  7.346695E-02  1.151895E-25  7.971876E-12   5.000000E-01 NotAppl  1.364178E-01  0.000000E+00  
1.480111E+02  4.449669E-02  2.731169E+00  -4.341929E-09  1.000000E+00  9.444000E-03  7.924261E-25  4.322774E-24   5.000000E-01 NotAppl  2.870402E+00  0.000000E+00  
4.909980E+01  4.092372E+00  -4.063157E+00  -2.496325E-06  1.000000E+00  8.475851E-04  6.194259E-36  1.365638E-17   5.000000E-01 NotAppl  7.988426E-11  4.218731E-09  
1.069873E+03  9.450065E+02  -9.450064E+02  -5.617757E-03  1.000000E+00  3.619974E-05  2.097897E-22  1.264401E-13   5.000000E-01 NotAppl  9.596271E+01  0.000000E+00  
7.640080E+02  1.563597E+01  -1.563552E+01  5.409760E-02  1.000000E+00  3.361610E-02  1.968919E-25  2.331869E-11   5.000000E-01 NotAppl  1.276336E-01  0.000000E+00  
3.208763E+02  1.097430E-04  4.096695E+02  -2.446925E+00  1.000000E+00  2.297432E-04  3.297210E-23  2.812687E-07   0.000000E+00 XENON1T_2018  6.082689E+01  0.000000E+00  
4.020007E+03  1.687450E+01  -1.570413E+01  5.344553E+00  1.000000E+00  1.032522E-02  9.955384E-25  7.714044E-09   4.979445E-09 LZ5Tmedian  1.203894E-01  0.000000E+00  
6.604267E+01  3.270863E+02  -3.185857E+02  -2.175627E-02  1.000000E+00  1.286711E-01  5.128140E-27  5.666302E-10   2.966866E-28 LZ5Tmedian  4.882645E-02  0.000000E+00  
1.633629E+01  1.250992E-03  3.580798E-01  1.730647E-01  1.000000E+00  1.136854E-03  5.382611E-27  6.065473E-07   0.000000E+00 XENON1T_2018  2.290212E-01  2.483044E-01  
2.683412E+01  3.507768E+00  -1.348425E+00  -3.651964E-07  1.000000E+00  2.592630E-02  3.043267E-38  9.966153E-19   5.000000E-01 NotAppl  7.485177E-13  1.511594E-10  
4.464269E+01  6.685808E-04  1.628139E-03  -1.501737E-01  1.000000E+00  9.167906E-05  1.373312E-26  5.999207E-08   0.000000E+00 XENON1T_2018  1.960029E-01  2.472723E-01  
1.009457E+01  2.051006E+02  -2.051004E+02  1.819756E-10  1.000000E+00  2.188467E-01  4.992347E-45  1.734779E-24   5.000000E-01 NotAppl  3.714261E-19  4.669649E-17  
6.754412E+01  2.411993E+00  -2.411600E+00  8.027886E-06  1.000000E+00  9.608078E-03  3.374050E-34  7.368858E-17   5.000000E-01 NotAppl  3.140453E-09  0.000000E+00  
2.260449E+03  7.627897E+02  -7.590090E+02  1.364951E-02  1.000000E+00  3.023334E-05  2.410838E-22  1.624178E-13   5.000000E-01 NotAppl  5.111991E+01  0.000000E+00  
1.440919E+03  8.507343E-02  2.633147E-02  7.436362E-10  1.000000E+00  7.425658E-01  1.054774E-26  1.206903E-27   5.000000E-01 NotAppl  3.563405E-03  0.000000E+00  
1.199283E+02  2.222556E-01  3.560229E+01  -4.119388E-04  1.000000E+00  4.822643E-03  1.270750E-24  5.989343E-14   5.000000E-01 NotAppl  5.695754E+00  0.000000E+00  
3.881814E+03  2.797971E+00  1.212087E+02  -2.099041E-07  1.000000E+00  1.223792E-03  4.026025E-24  1.277630E-23   5.000000E-01 NotAppl  5.020820E-01  0.000000E+00  
1.730271E+03  4.296862E+00  -4.294488E+00  6.176699E-02  1.000000E+00  3.218592E-01  2.114454E-26  5.733755E-12   5.000000E-01 NotAppl  5.911966E-03  0.000000E+00  
2.691019E+02  1.232714E+02  -1.232701E+02  1.610337E-06  1.000000E+00  1.245161E-03  5.234130E-24  1.746659E-19   5.000000E-01 NotAppl  1.010272E+01  0.000000E+00  
2.286737E+03  6.483961E-04  3.342647E-03  1.491317E+00  1.000000E+00  1.051505E-01  1.072759E-25  1.893697E-09   2.656122E-04 LZ5Tmedian  2.383807E-02  0.000000E+00  
7.407453E+01  1.682747E-03  5.003142E+00  -8.864008E-06  1.000000E+00  5.812206E-03  7.173858E-35  7.440496E-17   5.000000E-01 NotAppl  6.080189E-10  0.000000E+00  
3.866071E+02  8.021797E-02  -7.897565E-02  -8.559726E+00  1.000000E+00  2.246047E-05  6.760365E-22  2.350370E-06   0.000000E+00 XENON1T_2018  1.067693E+03  0.000000E+00  
2.596668E+03  3.649221E-02  7.905196E+01  -1.771211E-04  1.000000E+00  2.914492E-03  1.640475E-24  2.062022E-17   5.000000E-01 NotAppl  3.083231E-01  0.000000E+00  
2.325096E+03  1.359187E+00  -1.359081E+00  -2.194884E-01  1.000000E+00  1.346443E+00  5.106379E-27  3.965323E-11   5.000000E-01 NotAppl  1.084413E-03  0.000000E+00  
3.039432E+03  1.040546E-01  2.522388E-02  2.756257E-05  1.000000E+00  3.087104E+00  2.393175E-27  3.624017E-19   5.000000E-01 NotAppl  3.767344E-04  0.000000E+00  
8.741641E+01  6.671579E-04  6.466475E+02  -6.820464E-05  1.000000E+00  4.214860E-03  7.349677E-25  3.139327E-15   5.000000E-01 NotAppl  4.692759E+00  0.000000E+00  
4.093546E+02  4.342130E-01  -4.334702E-01  2.593194E-07  1.000000E+00  6.710852E-02  1.255048E-25  1.919007E-21   5.000000E-01 NotAppl  1.554255E-01  0.000000E+00  
1.227058E+01  9.148235E+01  -9.148078E+01  4.764569E-06  1.000000E+00  1.442634E-01  3.731004E-36  8.109380E-16   5.000000E-01 NotAppl  2.207372E-10  3.180774E-08  
6.090094E+02  2.566536E-04  7.982200E+01  -9.066527E-04  1.000000E+00  3.085140E-03  1.542829E-24  1.041007E-14   5.000000E-01 NotAppl  1.282037E+00  0.000000E+00  
1.027969E+02  1.411378E-01  -1.297311E-01  -1.221141E-01  1.000000E+00  7.831219E-03  5.949761E-25  7.218931E-09   8.287469E-261 LZ5Tmedian  3.147879E+00  0.000000E+00  
1.802040E+03  6.505212E-01  2.404823E+00  2.100026E-03  1.000000E+00  6.895338E-01  9.565090E-27  6.100994E-15   5.000000E-01 NotAppl  2.580974E-03  0.000000E+00  
1.204211E+03  3.312943E+01  -3.312926E+01  -7.554443E-02  1.000000E+00  1.058033E-02  6.075078E-25  1.796133E-11   5.000000E-01 NotAppl  2.460555E-01  0.000000E+00  
1.814041E+01  1.549866E-04  1.873584E+02  2.961366E+00  1.000000E+00  1.057128E-03  7.979926E-25  1.440603E-04   0.000000E+00 XENON1T_2018  3.032322E+01  3.333235E-01  
2.908049E+02  1.233605E+00  2.492735E+02  2.250860E-06  1.000000E+00  7.093066E-04  6.515866E-24  2.911280E-19   5.000000E-01 NotAppl  1.151823E+01  0.000000E+00  
9.509074E+03  4.588005E-01  3.584688E-01  1.164120E-05  1.000000E+00  1.170169E+01  5.487062E-28  6.361929E-21   5.000000E-01 NotAppl  2.726238E-05  0.000000E+00  
1.418602E+02  5.600154E-04  9.872372E-02  -6.182859E-01  1.000000E+00  8.899684E-04  1.387755E-23  9.562342E-08   0.000000E+00 XENON1T_2018  6.007808E+01  0.000000E+00  
1.385387E+01  7.910495E-04  1.284552E+00  2.810590E+00  1.000000E+00  6.969219E-04  5.506797E-25  2.220045E-04   0.000000E+00 XENON1T_2018  2.820709E+01  2.502526E-01  
2.743687E+03  3.494865E-02  2.713010E+01  1.183656E-03  1.000000E+00  2.296742E-02  2.002483E-25  8.231987E-16   5.000000E-01 NotAppl  3.556550E-02  0.000000E+00  
5.453693E+01  2.033712E-03  6.046276E-04  3.028783E-04  1.000000E+00  2.924926E-03  2.348005E-31  1.622922E-13   5.000000E-01 NotAppl  2.722359E-06  6.398932E-05  
2.320692E+03  6.934237E+02  -6.934190E+02  1.678377E-03  1.000000E+00  3.664225E-05  2.075638E-22  2.327618E-15   5.000000E-01 NotAppl  4.283936E+01  0.000000E+00  
8.379731E+03  2.317514E+02  -2.316659E+02  5.754923E-07  1.000000E+00  2.390938E-04  3.085714E-23  2.009889E-23   5.000000E-01 NotAppl  1.725802E+00  0.000000E+00  
9.902941E+03  7.723688E-03  4.672766E+00  2.632682E-07  1.000000E+00  6.894629E-01  6.138544E-27  2.996428E-24   5.000000E-01 NotAppl  2.959531E-04  0.000000E+00  
1.490160E+01  3.598198E-01  -3.584950E-01  2.905844E-06  1.000000E+00  5.127333E-03  1.476257E-36  2.053397E-16   5.000000E-01 NotAppl  6.975282E-11  1.170932E-08  
2.647826E+02  3.231801E-01  -3.214602E-01  1.205719E-10  1.000000E+00  2.947251E-02  2.871966E-25  1.012185E-27   5.000000E-01 NotAppl  5.598221E-01  0.000000E+00  
2.572167E+01  2.692919E+00  5.752871E+02  -1.292776E-04  1.000000E+00  2.858545E-02  3.691084E-33  1.360400E-13   5.000000E-01 NotAppl  9.514566E-08  2.053172E-05  
3.601140E+03  1.603729E-04  4.305538E-01  1.786890E-07  1.000000E+00  4.077576E+00  1.748258E-27  1.078627E-23   5.000000E-01 NotAppl  2.316405E-04  0.000000E+00  
5.362519E+03  6.916257E+01  -6.864449E+01  3.793083E-04  1.000000E+00  2.460565E-03  2.789767E-24  2.162586E-17   5.000000E-01 NotAppl  2.452380E-01  0.000000E+00  
2.025204E+01  3.853396E+02  -3.834635E+02  -7.837654E+00  1.000000E+00  6.265854E-03  4.910136E-25  8.092338E-04   0.000000E+00 XENON1T_2018  1.642724E+01  5.030455E-01  
9.505679E+01  8.195512E+02  -8.192537E+02  -4.794884E-05  1.000000E+00  2.349857E-03  2.118473E-24  1.306722E-15   5.000000E-01 NotAppl  1.225099E+01  0.000000E+00  
1.372545E+03  8.966303E-04  2.850917E-03  2.295833E-10  1.000000E+00  6.778443E-01  1.160865E-26  1.270312E-28   5.000000E-01 NotAppl  4.122459E-03  0.000000E+00  
2.832282E+02  2.928081E-02  -2.198549E-02  -1.610447E+00  1.000000E+00  7.858312E-04  1.699047E-23  1.573112E-07   0.000000E+00 XENON1T_2018  3.527852E+01  0.000000E+00  
7.219027E+01  2.423270E-01  4.359442E+02  5.452583E-02  1.000000E+00  5.976055E-03  3.965056E-27  2.967583E-09   1.113271E-137 LZ5Tmedian  3.448819E-02  0.000000E+00  
1.592653E+03  1.318235E-04  3.901463E-04  -1.857510E-01  1.000000E+00  7.080423E-01  1.194766E-26  6.139902E-11   5.000000E-01 NotAppl  3.704628E-03  0.000000E+00  
1.788166E+01  3.227056E-04  3.242373E+00  -8.673856E-09  1.000000E+00  1.094956E-03  1.391275E-41  1.271944E-21   5.000000E-01 NotAppl  5.345537E-16  1.004651E-13  
1.722783E+02  2.677653E+01  -2.677635E+01  -2.957225E-01  1.000000E+00  5.258694E-03  1.113448E-24  1.468951E-08   0.000000E+00 LZ5Tmedian  3.771804E+00  0.000000E+00  
8.930734E+02  4.365600E-01  1.607809E+01  4.283525E-01  1.000000E+00  3.210499E-02  2.219186E-25  1.062921E-09   7.927684E-06 LZ5Tmedian  1.257817E-01  0.000000E+00  
3.551914E+02  2.834796E-03  3.395940E-01  6.192717E-01  1.000000E+00  1.233762E-02  9.374233E-25  1.463230E-08   1.194024E-173 LZ5Tmedian  1.401004E+00  0.000000E+00  
2.056835E+01  3.399804E+00  -3.399664E+00  1.632459E-02  1.000000E+00  3.945106E-02  5.194017E-29  3.403072E-09   5.894056E-121 LZ5Tmedian  1.708304E-03  1.223762E-01  
2.689273E+02  1.093138E-02  1.027556E+02  2.502140E-02  1.000000E+00  2.359310E-03  2.100041E-24  4.222552E-11   2.234474E-01 NotAppl  4.020884E+00  0.000000E+00  
3.716134E+03  3.637524E-01  -7.249766E-02  6.603620E-07  1.000000E+00  4.282786E+00  1.695941E-27  1.381864E-22   5.000000E-01 NotAppl  2.175262E-04  0.000000E+00  
6.906632E+01  8.845936E+01  -8.845852E+01  -9.431211E-01  1.000000E+00  2.421230E-03  2.692277E-24  9.717834E-07   0.000000E+00 XENON1T_2018  2.450030E+01  0.000000E+00  
4.976146E+01  3.918763E-03  -2.783562E-03  -1.389363E-09  1.000000E+00  1.531226E-03  2.097974E-42  4.116416E-24   5.000000E-01 NotAppl  2.668153E-17  1.668366E-15  
2.269615E+01  1.384179E-03  -1.280287E-03  4.366780E-08  1.000000E+00  2.679100E-03  3.895046E-40  1.997698E-20   5.000000E-01 NotAppl  1.149570E-14  2.537931E-12  
6.018218E+03  3.472553E-01  -3.467696E-01  1.272454E-04  1.000000E+00  1.003795E+01  6.801182E-28  1.925060E-18   5.000000E-01 NotAppl  5.345162E-05  0.000000E+00  
1.034652E+02  3.304504E-03  3.830854E-02  -3.643176E-10  1.000000E+00  6.055043E-03  1.220555E-24  6.340634E-26   5.000000E-01 NotAppl  6.406056E+00  0.000000E+00  
4.695154E+03  2.053108E-01  -2.048023E-01  1.075205E-03  1.000000E+00  6.948900E+00  1.025443E-27  2.276773E-16   5.000000E-01 NotAppl  1.037053E-04  0.000000E+00  
2.740433E+02  9.851623E-04  7.584550E-02  -4.296383E-10  1.000000E+00  3.168221E-02  2.691336E-25  1.197829E-26   5.000000E-01 NotAppl  5.061214E-01  0.000000E+00  
9.367171E+01  8.316796E-03  5.024598E+01  -1.208337E-08  1.000000E+00  4.166329E-03  1.141702E-24  8.552028E-23   5.000000E-01 NotAppl  6.668160E+00  0.000000E+00  
1.523807E+02  1.511436E-03  1.005256E+01  -1.643711E-08  1.000000E+00  8.767818E-03  7.893744E-25  5.836400E-23   5.000000E-01 NotAppl  2.770798E+00  0.000000E+00  
5.482761E+02  1.502834E-01  2.197253E+01  1.050444E-09  1.000000E+00  2.658498E-02  1.972362E-25  1.732171E-26   5.000000E-01 NotAppl  1.817553E-01  0.000000E+00  
4.956090E+02  1.386429E+01  -6.361539E+00  -1.176350E-07  1.000000E+00  2.590244E-02  2.098555E-25  2.670587E-22   5.000000E-01 NotAppl  2.133455E-01  0.000000E+00  
3.173900E+02  9.617266E-02  -8.208488E-02  -5.571258E-02  1.000000E+00  4.114516E-02  2.072697E-25  1.491078E-10   1.088802E-02 LZ5Tmedian  3.355073E-01  0.000000E+00  
1.160364E+01  1.412935E+02  -1.411667E+02  -4.844887E-07  1.000000E+00  1.673255E-01  3.777408E-38  9.360139E-18   5.000000E-01 NotAppl  2.385920E-12  3.295701E-10  
2.163874E+03  1.726702E+01  -1.644576E+01  9.315789E-08  1.000000E+00  3.521557E-02  1.792776E-25  8.269248E-24   5.000000E-01 NotAppl  3.976172E-02  0.000000E+00  
1.238697E+03  2.637981E-01  -5.782591E-02  8.748208E-09  1.000000E+00  5.535919E-01  1.428762E-26  2.273804E-25   5.000000E-01 NotAppl  5.637098E-03  0.000000E+00  
1.688577E+01  3.397229E+00  -3.393101E+00  -6.724196E-08  1.000000E+00  6.809564E-02  8.208123E-40  8.571549E-20   5.000000E-01 NotAppl  3.363798E-14  5.921624E-12  
1.355627E+02  2.438606E+00  -1.949015E+00  7.784215E-04  1.000000E+00  7.526630E-03  9.137247E-25  1.663575E-13   5.000000E-01 NotAppl  3.626949E+00  0.000000E+00  
2.813568E+01  1.681686E+02  -1.681685E+02  -2.014589E-01  1.000000E+00  1.356128E-02  9.649942E-27  2.755869E-07   0.000000E+00 XENON1T_2018  2.250556E-01  4.952190E-01  
7.138978E+03  1.384203E-04  1.959462E-06  -2.004335E+00  1.000000E+00  5.499961E-01  1.962823E-26  3.375948E-10   5.000000E-01 NotAppl  1.369601E-03  0.000000E+00  
2.643918E+02  2.248099E+02  -2.156548E+02  1.211602E-07  1.000000E+00  3.721627E-04  1.110338E-23  1.025183E-21   5.000000E-01 NotAppl  2.183841E+01  0.000000E+00  
1.909955E+01  4.949339E-02  1.747017E+00  -2.419674E-01  1.000000E+00  1.428008E-03  1.107878E-26  8.674810E-07   0.000000E+00 XENON1T_2018  3.953526E-01  2.512061E-01  
3.821247E+02  1.914706E-04  1.924726E-02  -6.374841E-06  1.000000E+00  5.948867E-02  1.430985E-25  1.335120E-18   5.000000E-01 NotAppl  1.903881E-01  0.000000E+00  
2.382772E+03  2.880057E-03  -2.737573E-03  -1.854290E-07  1.000000E+00  1.943017E+00  3.871189E-27  2.692382E-23   5.000000E-01 NotAppl  7.811342E-04  0.000000E+00  
2.721424E+02  2.789512E-03  9.827023E+00  -5.296665E-08  1.000000E+00  2.375891E-02  3.005043E-25  1.846654E-22   5.000000E-01 NotAppl  5.691443E-01  0.000000E+00  
1.215099E+01  1.465172E-04  1.218946E-02  9.322302E-06  1.000000E+00  9.329713E-04  1.423294E-35  3.164959E-15   5.000000E-01 NotAppl  8.517586E-10  1.217710E-07  
8.687640E+03  8.966632E+00  -8.959695E+00  -2.444577E-01  1.000000E+00  1.323883E-01  4.356060E-26  3.370340E-12   5.000000E-01 NotAppl  2.349575E-03  0.000000E+00  
9.235813E+01  2.475796E+02  -2.475650E+02  -1.415873E-03  1.000000E+00  2.997239E-03  1.666908E-24  1.208682E-12   5.000000E-01 NotAppl  9.973929E+00  0.000000E+00  
2.215781E+01  1.985207E+01  -1.985190E+01  -7.478072E-08  1.000000E+00  3.294744E-02  1.128177E-39  6.148545E-20   5.000000E-01 NotAppl  3.420153E-14  1.496257E-12  
4.655684E+03  3.387121E+02  -3.387114E+02  4.860887E-03  1.000000E+00  1.174563E-04  6.293356E-23  4.733951E-15   5.000000E-01 NotAppl  6.385357E+00  0.000000E+00  
6.421562E+02  1.096900E-04  1.212995E-01  -1.848073E-08  1.000000E+00  1.598508E-01  5.213178E-26  3.881203E-24   5.000000E-01 NotAppl  4.047093E-02  0.000000E+00  
1.053874E+02  1.064718E-04  5.414480E-02  3.125863E-06  1.000000E+00  6.186146E-03  1.208976E-24  4.494950E-18   5.000000E-01 NotAppl  6.223857E+00  0.000000E+00  
5.203886E+03  2.596103E+01  6.279449E+00  -2.217071E-02  1.000000E+00  1.082427E-02  6.728383E-25  7.853423E-14   5.000000E-01 NotAppl  6.153363E-02  0.000000E+00  
5.993537E+02  1.651752E-03  8.358328E-03  -5.733457E-10  1.000000E+00  1.403094E-01  5.967475E-26  4.301220E-27   5.000000E-01 NotAppl  4.975487E-02  0.000000E+00  
2.369815E+03  3.948770E+02  -3.948765E+02  -1.071479E-03  1.000000E+00  9.566972E-05  7.744411E-23  9.090159E-16   5.000000E-01 NotAppl  1.564490E+01  0.000000E+00  
3.370229E+01  7.374700E-04  1.505040E-01  -6.174373E-02  1.000000E+00  1.190340E-03  1.127625E-27  1.795719E-08   0.000000E+00 XENON1T_2018  2.161321E-02  2.378244E-01  
4.790118E+01  4.826776E-01  -3.146543E-01  4.702389E-02  1.000000E+00  8.255133E-04  1.893236E-27  5.096095E-09   1.648514E-282 LZ5Tmedian  2.504779E-02  2.165768E-01  
3.492575E+02  3.282705E-03  2.001798E-01  2.487928E-01  1.000000E+00  3.134597E-02  3.180474E-25  2.444571E-09   4.347917E-30 LZ5Tmedian  4.769770E-01  0.000000E+00  
9.082331E+03  4.490255E+01  -4.490203E+01  -3.613628E-03  1.000000E+00  5.680575E-03  1.185139E-24  6.729303E-16   5.000000E-01 NotAppl  6.110351E-02  0.000000E+00  
3.558387E+03  6.246907E+02  -6.246355E+02  4.070983E-10  1.000000E+00  3.943856E-05  1.922051E-22  5.735626E-29   5.000000E-01 NotAppl  2.563282E+01  0.000000E+00  
4.956930E+02  1.072273E-03  2.202062E+01  3.894896E-03  1.000000E+00  2.531985E-02  2.123459E-25  2.926678E-13   5.000000E-01 NotAppl  2.169082E-01  0.000000E+00  
5.791186E+02  1.902467E+00  1.131057E+00  -5.425096E-07  1.000000E+00  1.106471E-01  6.860638E-26  4.131097E-21   5.000000E-01 NotAppl  5.930144E-02  0.000000E+00  
3.200754E+03  6.461638E-03  2.677444E+00  7.664792E-10  1.000000E+00  1.293984E+00  4.092375E-27  2.522895E-28   5.000000E-01 NotAppl  6.158661E-04  0.000000E+00  
2.035098E+02  8.322810E-04  9.482854E-01  -1.061994E-09  1.000000E+00  1.779637E-02  4.652231E-25  1.346460E-25   5.000000E-01 NotAppl  1.193600E+00  0.000000E+00  
2.902895E+03  1.631139E+00  -1.628963E+00  2.389714E-04  1.000000E+00  1.564020E+00  4.183297E-27  2.991404E-17   5.000000E-01 NotAppl  6.889357E-04  0.000000E+00  
3.966666E+02  2.470072E+02  -6.063544E+01  7.991791E+00  1.000000E+00  1.333619E-05  2.824508E-22  1.943907E-06   0.000000E+00 XENON1T_2018  3.924456E+02  0.000000E+00  
5.588212E+01  2.009847E-01  1.820029E+02  -1.197659E-09  1.000000E+00  3.493714E-03  5.198308E-42  2.414608E-24   5.000000E-01 NotAppl  5.877045E-17  9.169228E-16  
6.093409E+02  4.758551E-02  2.034619E+00  2.564715E-07  1.000000E+00  1.368113E-01  5.901551E-26  8.320839E-22   5.000000E-01 NotAppl  4.838478E-02  0.000000E+00  
1.275986E+03  3.625422E+00  -3.625284E+00  -1.899051E-09  1.000000E+00  3.267980E-01  2.113775E-26  1.008589E-26   5.000000E-01 NotAppl  8.078014E-03  0.000000E+00  
2.908695E+02  7.524235E-04  4.963913E-02  1.113563E-06  1.000000E+00  3.545853E-02  2.406406E-25  7.122278E-20   5.000000E-01 NotAppl  4.252505E-01  0.000000E+00  
1.088037E+01  1.056246E-02  -1.030103E-02  2.694706E-02  1.000000E+00  8.690479E-04  1.136891E-28  3.285412E-08   1.286244E-187 LZ5Tmedian  7.745450E-03  2.007893E-01  
1.461225E+01  3.944524E+01  7.201107E+02  5.897147E-04  1.000000E+00  1.475305E+04  6.044546E-32  8.792885E-12   5.000000E-01 NotAppl  2.920969E-06  3.606601E-05  
5.973191E+03  4.308358E-03  7.547804E+02  2.396092E-03  1.000000E+00  3.903911E-05  1.351460E-22  6.930989E-16   5.000000E-01 NotAppl  1.088378E+01  0.000000E+00  
4.275746E+01  9.437667E-04  3.551485E+00  2.780094E-08  1.000000E+00  2.881261E-04  3.997454E-40  2.244722E-21   5.000000E-01 NotAppl  5.967305E-15  7.243514E-13  
7.981584E+01  4.236422E+01  -4.226950E+01  1.369156E-03  1.000000E+00  1.239502E-02  7.140253E-31  1.524104E-12   5.000000E-01 NotAppl  5.609443E-06  0.000000E+00  
3.584389E+03  6.212002E+00  -5.513997E+00  7.397770E-09  1.000000E+00  2.509238E-01  2.458887E-26  1.866355E-26   5.000000E-01 NotAppl  3.256727E-03  0.000000E+00  
2.808217E+03  2.981014E+02  1.350214E+02  -7.384422E-10  1.000000E+00  4.044467E-05  9.024610E-23  3.055410E-28   5.000000E-01 NotAppl  1.548433E+01  0.000000E+00  
1.336933E+03  1.664012E-03  9.475896E+02  -2.944995E-03  1.000000E+00  4.563656E-05  1.152714E-22  2.205327E-14   5.000000E-01 NotAppl  4.280399E+01  0.000000E+00  
1.763782E+01  4.622323E+00  -4.602062E+00  2.042452E-10  1.000000E+00  6.176655E-02  7.679279E-45  7.248902E-25   5.000000E-01 NotAppl  2.994989E-19  5.170528E-17  
4.486170E+03  6.929831E+00  -5.869328E+00  -4.233595E-06  1.000000E+00  2.115119E-01  2.971362E-26  3.872282E-21   5.000000E-01 NotAppl  3.131904E-03  0.000000E+00  
3.747484E+01  9.327425E-03  5.181543E-02  1.520016E-06  1.000000E+00  1.188990E-04  8.311210E-37  8.773899E-18   5.000000E-01 NotAppl  1.425054E-11  2.641203E-09  
2.827371E+02  8.136994E-04  -6.663273E-04  -1.363016E-04  1.000000E+00  3.364580E-02  2.537784E-25  1.130869E-15   5.000000E-01 NotAppl  4.619353E-01  0.000000E+00  
7.579354E+03  4.124550E+00  -3.693552E+00  -4.294833E-06  1.000000E+00  5.751785E-01  1.047763E-26  1.372581E-21   5.000000E-01 NotAppl  6.488039E-04  0.000000E+00  
1.453038E+03  3.783519E+01  -3.733828E+01  -1.659150E-07  1.000000E+00  7.872850E-03  8.306906E-25  5.906258E-23   5.000000E-01 NotAppl  2.772588E-01  0.000000E+00  
1.194656E+03  7.118366E-02  8.326232E-01  -2.579430E-04  1.000000E+00  5.050232E-01  1.551929E-26  2.128332E-16   5.000000E-01 NotAppl  6.356531E-03  0.000000E+00  
4.746646E+01  2.584758E-02  -2.237559E-02  6.270850E-09  1.000000E+00  7.068187E-04  3.200828E-41  9.232478E-23   5.000000E-01 NotAppl  4.286932E-16  3.654202E-14  
2.845123E+01  1.503121E-04  5.485120E+02  1.501578E-05  1.000000E+00  2.029338E-03  5.417870E-35  1.496866E-15   5.000000E-01 NotAppl  1.249484E-09  2.867710E-07  
7.657186E+01  8.972533E+01  3.506844E+02  -1.590787E+00  1.000000E+00  1.320437E-03  1.517009E-24  2.239489E-06   0.000000E+00 XENON1T_2018  1.232437E+01  0.000000E+00  
2.557025E+01  7.402739E-03  6.827501E-02  3.569639E-10  1.000000E+00  2.777888E-03  2.802199E-44  1.049653E-24   5.000000E-01 NotAppl  7.270785E-19  1.660833E-16  
1.199813E+02  7.499317E-01  3.079382E+02  1.138524E-04  1.000000E+00  2.192991E-03  2.090818E-24  4.570929E-15   5.000000E-01 NotAppl  9.275013E+00  0.000000E+00  
4.173688E+02  7.083596E+00  -6.919276E+00  3.322377E-09  1.000000E+00  4.718233E-02  1.497602E-25  3.027438E-25   5.000000E-01 NotAppl  1.818367E-01  0.000000E+00  
8.070913E+02  3.269525E-03  5.537381E-03  2.527625E-05  1.000000E+00  2.472541E-01  3.323638E-26  4.551013E-18   5.000000E-01 NotAppl  2.037565E-02  0.000000E+00  
3.641420E+03  4.440492E-04  2.366891E-01  4.650268E-10  1.000000E+00  4.322817E+00  1.676022E-27  7.141908E-29   5.000000E-01 NotAppl  2.195029E-04  0.000000E+00  
3.442670E+03  5.441259E-01  -4.647734E-01  -1.509808E+00  1.000000E+00  2.426009E-01  4.463321E-26  8.438924E-10   8.706958E-02 LZ5Tmedian  6.571181E-03  0.000000E+00  
2.517364E+02  9.190126E-01  3.489285E+02  2.750906E-04  1.000000E+00  6.122231E-04  7.485170E-24  5.843423E-15   5.000000E-01 NotAppl  1.532399E+01  0.000000E+00  
6.314005E+03  4.903182E-03  7.314450E+01  -1.282368E-07  1.000000E+00  3.417119E-03  1.428809E-24  1.773540E-24   5.000000E-01 NotAppl  1.087603E-01  0.000000E+00  
1.917263E+03  2.557680E-02  -2.088557E-02  5.922754E+00  1.000000E+00  5.696891E-03  2.240714E-24  4.277039E-08   5.803182E-97 LZ5Tmedian  5.942444E-01  0.000000E+00  
2.045211E+02  2.204248E-03  -7.002198E-04  -2.329189E-05  1.000000E+00  1.846525E-02  4.598963E-25  6.411327E-17   5.000000E-01 NotAppl  1.173866E+00  0.000000E+00  
6.354568E+02  2.646658E-01  1.918668E+02  -1.911710E-03  1.000000E+00  6.795376E-04  7.210285E-24  4.243073E-