MD1           DMP           DM3           l345          ld           Omegah2       sigV          protonSI      PvalDD        expName      CMB_ID        brH_DMDM      
1.370635E+02  8.061084E-02  -7.492806E-02  2.513949E-01  1.000000E+00  5.045913E-03  2.077986E-24  1.696402E-08   0.000000E+00 LZ5Tmedian  8.182145E+00  0.000000E+00  
4.678223E+03  6.082244E+00  -5.506338E+00  -4.142872E-05  1.000000E+00  2.666650E-01  2.291403E-26  3.405106E-19   5.000000E-01 NotAppl  2.314312E-03  0.000000E+00  
1.506653E+03  4.888881E+02  -4.539346E+02  6.234459E+00  1.000000E+00  3.733244E-05  1.349210E-22  7.745523E-08   3.667463E-222 LZ5Tmedian  4.345895E+01  0.000000E+00  
2.591969E+02  2.373625E+00  -2.337936E+00  -1.961976E-06  1.000000E+00  2.604581E-02  3.031451E-25  2.799768E-19   5.000000E-01 NotAppl  6.042941E-01  0.000000E+00  
3.447578E+03  1.002425E-04  4.804345E-01  -6.239114E-04  1.000000E+00  3.721612E+00  1.914205E-27  1.436913E-16   5.000000E-01 NotAppl  2.651468E-04  0.000000E+00  
9.777659E+01  2.405046E+00  -2.404698E+00  -2.891091E-04  1.000000E+00  5.283240E-03  1.232383E-24  4.483717E-14   5.000000E-01 NotAppl  6.872412E+00  0.000000E+00  
5.558419E+03  8.416942E-04  1.086863E-02  -5.248503E-10  1.000000E+00  9.972788E+00  7.135737E-28  3.848672E-29   5.000000E-01 NotAppl  6.081546E-05  0.000000E+00  
2.792661E+01  1.581155E+01  -1.297368E+00  -3.059117E-04  1.000000E+00  5.162325E+01  2.210034E-32  6.451031E-13   5.000000E-01 NotAppl  5.202021E-07  2.278230E-05  
1.598981E+02  2.114043E-02  1.519828E+00  -2.119837E-08  1.000000E+00  1.126860E-02  6.947417E-25  8.794871E-23   5.000000E-01 NotAppl  2.324398E+00  0.000000E+00  
1.367792E+02  3.526805E-02  -2.833760E-02  -6.250309E-07  1.000000E+00  9.154442E-03  8.856426E-25  1.053081E-19   5.000000E-01 NotAppl  3.482551E+00  0.000000E+00  
2.383806E+03  7.087596E-03  -6.870684E-03  -5.504986E-03  1.000000E+00  1.944326E+00  3.868712E-27  2.370883E-14   5.000000E-01 NotAppl  7.803041E-04  0.000000E+00  
3.276404E+01  9.948314E-02  1.398077E+00  2.126910E-05  1.000000E+00  1.483389E-03  1.282952E-34  2.256432E-15   5.000000E-01 NotAppl  2.538426E-09  5.425174E-07  
8.882666E+01  2.465113E-04  4.002120E+01  1.224203E-03  1.000000E+00  4.467129E-03  7.625637E-25  9.787498E-13   5.000000E-01 NotAppl  4.790907E+00  0.000000E+00  
6.126652E+02  2.187822E+00  -2.149711E+00  3.042460E-08  1.000000E+00  1.328235E-01  6.002902E-26  1.158000E-23   5.000000E-01 NotAppl  4.892486E-02  0.000000E+00  
2.662683E+01  2.939119E+01  -2.938907E+01  -4.821346E-03  1.000000E+00  1.742804E-02  5.270782E-30  1.764481E-10   3.334683E-09 LZ5Tmedian  1.307479E-04  3.425165E-03  
3.532838E+01  2.538035E+01  -2.537789E+01  -1.703476E-04  1.000000E+00  3.518481E-03  9.286669E-33  1.242203E-13   5.000000E-01 NotAppl  1.694812E-07  6.028339E-06  
5.551580E+03  9.057574E-04  3.153901E+01  3.498824E-08  1.000000E+00  1.741652E-02  2.678195E-25  1.714919E-25   5.000000E-01 NotAppl  2.323250E-02  0.000000E+00  
4.418555E+03  1.554449E+01  6.536426E+02  2.884351E-10  1.000000E+00  4.918274E-05  1.035900E-22  1.853079E-29   5.000000E-01 NotAppl  1.132784E+01  0.000000E+00  
5.432799E+03  3.964365E-01  -3.932456E-01  -4.586409E-09  1.000000E+00  8.164242E+00  8.397299E-28  3.079236E-27   5.000000E-01 NotAppl  7.320257E-05  0.000000E+00  
5.472669E+02  6.298027E+02  -4.599701E+02  -4.604438E-04  1.000000E+00  4.771694E-05  7.609908E-23  3.340668E-15   5.000000E-01 NotAppl  6.979044E+01  0.000000E+00  
1.528836E+03  4.190393E-01  -4.188673E-01  -2.025096E-07  1.000000E+00  8.172948E-01  9.473257E-27  7.932345E-23   5.000000E-01 NotAppl  3.011514E-03  0.000000E+00  
7.004530E+03  2.149904E+01  -2.149811E+01  8.860991E-03  1.000000E+00  2.340169E-02  2.731032E-25  6.857957E-15   5.000000E-01 NotAppl  1.831158E-02  0.000000E+00  
1.234053E+01  5.938780E+00  -2.557347E+00  -7.661814E-09  1.000000E+00  5.479475E+00  9.667805E-42  2.073657E-21   5.000000E-01 NotAppl  5.680843E-16  7.342362E-14  
1.828925E+01  2.297883E+02  -2.290970E+02  -1.405125E-04  1.000000E+00  7.784381E-02  3.678999E-33  3.190711E-13   5.000000E-01 NotAppl  1.378289E-07  2.695582E-05  
2.810935E+01  1.928585E+00  9.964987E+01  5.271054E-02  1.000000E+00  9.760651E-03  6.601189E-28  1.890177E-08   0.000000E+00 XENON1T_2018  1.542784E-02  2.823927E-01  
6.299872E+01  7.214756E-04  1.352541E+00  1.234476E-09  1.000000E+00  4.364549E-03  8.706200E-40  2.008763E-24   5.000000E-01 NotAppl  8.654564E-15  0.000000E+00  
1.144691E+03  1.617888E-01  6.103485E+00  -2.028793E+00  1.000000E+00  1.547824E-02  7.437173E-25  1.436569E-08   1.167072E-54 LZ5Tmedian  3.421771E-01  0.000000E+00  
3.684097E+02  5.773885E-04  9.298410E-03  1.162978E-04  1.000000E+00  5.549871E-02  1.535106E-25  4.788651E-16   5.000000E-01 NotAppl  2.121408E-01  0.000000E+00  
8.437871E+02  6.185739E-02  -6.102928E-02  -2.154235E-09  1.000000E+00  2.689503E-01  3.044676E-26  3.018773E-26   5.000000E-01 NotAppl  1.782958E-02  0.000000E+00  
2.832635E+01  1.819725E-02  -9.971362E-03  2.161047E-08  1.000000E+00  2.916419E-03  1.117496E-40  3.128096E-21   5.000000E-01 NotAppl  2.589652E-15  5.946522E-13  
2.908807E+01  1.577367E+02  -1.577321E+02  -1.109795E-03  1.000000E+00  1.191268E-02  3.024587E-31  7.818407E-12   3.974653E-01 NotAppl  6.801165E-06  1.552860E-03  
2.961252E+02  7.402322E+00  -7.372953E+00  -1.109174E-07  1.000000E+00  2.632961E-02  2.651026E-25  6.811811E-22   5.000000E-01 NotAppl  4.602069E-01  0.000000E+00  
2.804702E+02  6.436412E-01  1.100914E-01  6.738889E-09  1.000000E+00  3.140965E-02  2.586884E-25  2.810262E-24   5.000000E-01 NotAppl  4.748535E-01  0.000000E+00  
5.624115E+03  1.097962E+01  -1.083753E+01  3.476403E-10  1.000000E+00  8.528440E-02  7.176458E-26  1.647793E-29   5.000000E-01 NotAppl  6.010775E-03  0.000000E+00  
2.472422E+03  3.130154E-04  9.372754E+01  -7.398803E-06  1.000000E+00  2.099969E-03  2.285547E-24  3.975920E-20   5.000000E-01 NotAppl  4.516943E-01  0.000000E+00  
8.096216E+02  6.694956E+01  -6.475337E+01  3.943616E-09  1.000000E+00  2.607649E-03  2.435165E-24  1.100768E-25   5.000000E-01 NotAppl  1.485616E+00  0.000000E+00  
1.398170E+02  4.633854E+01  2.644369E+02  4.275795E-09  1.000000E+00  8.777960E-04  3.407179E-24  4.711244E-24   5.000000E-01 NotAppl  1.295802E+01  0.000000E+00  
1.369513E+01  4.251467E-04  2.870141E-04  1.476628E-07  1.000000E+00  1.195229E-03  3.716249E-39  6.269384E-19   5.000000E-01 NotAppl  1.935184E-13  3.038941E-11  
1.188026E+02  5.315842E-01  -5.310947E-01  -2.689839E-10  1.000000E+00  7.190305E-03  1.078432E-24  2.603530E-26   5.000000E-01 NotAppl  4.905369E+00  0.000000E+00  
5.597316E+02  2.288258E+01  -2.288099E+01  1.083525E-04  1.000000E+00  1.776389E-02  3.585914E-25  1.766691E-16   5.000000E-01 NotAppl  3.209598E-01  0.000000E+00  
1.136706E+03  9.586057E-02  2.653279E+02  -3.312400E-01  1.000000E+00  3.424734E-04  1.435853E-23  3.884549E-10   3.400036E-02 LZ5Tmedian  6.297624E+00  0.000000E+00  
5.471454E+03  2.238863E+01  -2.230699E+01  8.378196E-05  1.000000E+00  2.161897E-02  2.955793E-25  1.012829E-18   5.000000E-01 NotAppl  2.545827E-02  0.000000E+00  
1.277838E+01  3.839769E-01  2.600921E+02  -7.409614E-10  1.000000E+00  2.259172E-03  9.151187E-44  1.810452E-23   5.000000E-01 NotAppl  5.164249E-18  7.674366E-16  
8.050870E+03  3.162481E-01  6.159995E-01  -3.711527E-06  1.000000E+00  9.526391E+00  6.340635E-28  9.068000E-22   5.000000E-01 NotAppl  3.733062E-05  0.000000E+00  
3.827075E+03  3.726127E-04  1.342222E+00  -2.044632E-08  1.000000E+00  3.027906E+00  1.990557E-27  1.247792E-25   5.000000E-01 NotAppl  2.487973E-04  0.000000E+00  
1.696441E+02  9.959846E-03  4.283363E+01  4.715062E-02  1.000000E+00  5.643284E-03  1.107745E-24  3.854161E-10   8.069732E-10 LZ5Tmedian  3.453141E+00  0.000000E+00  
7.958291E+01  7.089279E+00  -7.077569E+00  -1.779730E-05  1.000000E+00  1.404621E-02  1.243151E-34  2.590659E-16   5.000000E-01 NotAppl  9.710888E-10  0.000000E+00  
1.554191E+01  1.258278E+02  -1.249471E+02  3.693972E-07  1.000000E+00  1.496337E-01  2.415542E-38  3.051904E-18   5.000000E-01 NotAppl  1.087656E-12  1.886165E-10  
2.617786E+03  3.260962E-04  6.329865E-01  -3.444532E-06  1.000000E+00  2.186834E+00  3.317585E-27  7.670977E-21   5.000000E-01 NotAppl  6.084683E-04  0.000000E+00  
9.278199E+01  2.387414E-04  6.779807E-02  -7.712660E-07  1.000000E+00  5.547492E-03  1.059783E-24  3.553007E-19   5.000000E-01 NotAppl  6.266738E+00  0.000000E+00  
7.653220E+01  1.344444E+00  1.286098E+00  -2.997563E-07  1.000000E+00  9.570546E-03  5.416983E-38  7.960146E-20   5.000000E-01 NotAppl  4.441760E-13  0.000000E+00  
3.611920E+01  2.789602E+00  1.409082E+01  4.683962E-10  1.000000E+00  2.674046E-04  7.318511E-44  8.978960E-25   5.000000E-01 NotAppl  1.304787E-18  8.233098E-17  
8.101234E+02  2.396704E-02  1.275700E-01  -5.092136E-01  1.000000E+00  8.097365E-02  1.318647E-25  1.832975E-09   2.068284E-10 LZ5Tmedian  8.480511E-02  0.000000E+00  
6.057738E+01  2.226717E+01  -6.254762E+00  2.011974E-01  1.000000E+00  2.195782E-05  1.612797E-24  5.780237E-08   0.000000E+00 XENON1T_2018  1.677294E+01  9.343834E-01  
1.850225E+01  3.660463E-04  -1.423143E-04  -9.891063E-07  1.000000E+00  1.990350E-03  1.830401E-37  1.544813E-17   5.000000E-01 NotAppl  6.766246E-12  1.334856E-09  
1.270883E+02  9.246657E-01  -9.044683E-01  -1.524117E-06  1.000000E+00  7.782520E-03  9.895174E-25  7.279847E-19   5.000000E-01 NotAppl  4.193422E+00  0.000000E+00  
6.538328E+01  4.107214E-01  -4.099447E-01  -7.745176E-04  1.000000E+00  6.015044E-03  9.906430E-30  7.329767E-13   5.000000E-01 NotAppl  9.531598E-05  0.000000E+00  
2.757483E+03  9.228769E-01  -9.080486E-01  3.351684E-08  1.000000E+00  2.077391E+00  3.395859E-27  6.533484E-25   5.000000E-01 NotAppl  5.899299E-04  0.000000E+00  
1.309663E+02  7.948105E+00  -7.410332E+00  4.927272E-08  1.000000E+00  5.835507E-03  1.002892E-24  7.153802E-22   5.000000E-01 NotAppl  4.127982E+00  0.000000E+00  
1.492630E+01  5.840845E-01  -5.697229E-01  -2.725658E-05  1.000000E+00  9.728404E-03  1.299492E-34  1.800700E-14   5.000000E-01 NotAppl  6.126565E-09  1.029556E-06  
5.229698E+03  4.833915E+01  -4.833904E+01  3.791923E-09  1.000000E+00  4.903746E-03  1.368113E-24  2.274227E-27   5.000000E-01 NotAppl  1.233667E-01  0.000000E+00  
1.151478E+02  3.606615E-01  1.142270E+00  4.345262E-01  1.000000E+00  1.783024E-03  5.610054E-24  7.243715E-08   0.000000E+00 XENON1T_2018  2.642982E+01  0.000000E+00  
1.088417E+01  9.391035E-04  2.472179E-01  -2.169150E-03  1.000000E+00  5.607900E-04  7.367875E-31  2.127401E-10   6.136657E-02 LZ5Tmedian  5.017522E-05  6.454784E-03  
3.556684E+01  9.481336E-04  1.752731E-01  3.889814E-10  1.000000E+00  4.873386E-04  4.902843E-44  6.389209E-25   5.000000E-01 NotAppl  8.885226E-19  1.776862E-16  
1.182387E+02  5.005472E+02  -5.005098E+02  -4.562690E-02  1.000000E+00  1.602246E-03  3.457019E-24  7.564632E-10   4.300239E-25 LZ5Tmedian  1.607061E+01  0.000000E+00  
3.214331E+02  3.689961E-03  8.255876E-02  1.477697E-04  1.000000E+00  4.278982E-02  1.992210E-25  1.022137E-15   5.000000E-01 NotAppl  3.172672E-01  0.000000E+00  
4.974531E+02  2.488629E+01  -1.687886E+01  5.694264E-01  1.000000E+00  4.190410E-03  1.308840E-24  6.210268E-09   1.128667E-53 LZ5Tmedian  1.344750E+00  0.000000E+00  
1.842191E+02  6.136706E+01  6.048799E+00  -6.150068E-03  1.000000E+00  1.220884E-03  2.556972E-24  5.537918E-12   5.000000E-01 NotAppl  7.299222E+00  0.000000E+00  
1.262523E+03  7.993786E+01  -7.957332E+01  5.141335E-09  1.000000E+00  1.921263E-03  3.533092E-24  7.554176E-26   5.000000E-01 NotAppl  1.362340E+00  0.000000E+00  
1.273971E+02  2.033225E-01  4.721744E+02  8.182926E-06  1.000000E+00  1.871148E-03  2.461725E-24  2.088053E-17   5.000000E-01 NotAppl  1.018926E+01  0.000000E+00  
2.711285E+02  7.489060E-04  3.154881E-01  5.593112E-06  1.000000E+00  3.089197E-02  2.747050E-25  2.074950E-18   5.000000E-01 NotAppl  5.223959E-01  0.000000E+00  
8.889180E+03  3.494025E-01  1.302161E-01  -9.021738E-06  1.000000E+00  1.634649E+01  4.133967E-28  4.381481E-21   5.000000E-01 NotAppl  2.193349E-05  0.000000E+00  
4.999082E+01  8.209977E-02  -5.998746E-02  -4.032475E+00  1.000000E+00  1.401816E-03  1.144855E-24  3.435273E-05   0.000000E+00 XENON1T_2018  1.525753E+01  2.504299E-01  
1.117124E+02  4.984424E+01  6.040703E+02  1.309952E-03  1.000000E+00  1.159155E-03  2.531845E-24  7.004966E-13   5.000000E-01 NotAppl  1.220203E+01  0.000000E+00  
3.607708E+02  8.041014E-04  3.622764E+00  1.871158E-04  1.000000E+00  4.856927E-02  1.639224E-25  1.293944E-15   5.000000E-01 NotAppl  2.315408E-01  0.000000E+00  
4.398013E+01  1.444702E+01  -1.196659E+01  1.940915E-09  1.000000E+00  1.326388E-04  2.160391E-42  1.033089E-23   5.000000E-01 NotAppl  3.131324E-17  1.050991E-15  
7.429857E+03  2.120529E-03  3.540261E+01  -1.270028E-08  1.000000E+00  1.400801E-02  3.373029E-25  1.249816E-26   5.000000E-01 NotAppl  2.176463E-02  0.000000E+00  
2.024633E+02  1.303462E+00  -1.274677E+00  -1.640780E-05  1.000000E+00  1.716389E-02  4.709401E-25  3.248168E-17   5.000000E-01 NotAppl  1.214872E+00  0.000000E+00  
2.333834E+01  2.249025E-04  7.019817E-04  -1.007516E-05  1.000000E+00  2.742274E-03  2.105562E-35  1.005318E-15   5.000000E-01 NotAppl  6.033516E-10  1.345116E-07  
3.488980E+02  9.496195E+00  -9.495720E+00  4.522886E-10  1.000000E+00  3.057719E-02  2.217451E-25  8.096052E-27   5.000000E-01 NotAppl  3.245701E-01  0.000000E+00  
1.763371E+02  1.065633E-01  -9.647233E-02  3.674464E-06  1.000000E+00  1.410221E-02  5.852663E-25  2.162212E-18   5.000000E-01 NotAppl  1.771627E+00  0.000000E+00  
4.019874E+01  9.875665E+02  -5.127698E+02  8.315447E-09  1.000000E+00  2.097532E+05  2.953907E-41  2.276820E-22   5.000000E-01 NotAppl  4.694630E-16  7.565372E-14  
1.706350E+02  1.581053E-01  4.786902E+00  1.808459E-06  1.000000E+00  1.143352E-02  6.332813E-25  5.602570E-19   5.000000E-01 NotAppl  1.981320E+00  0.000000E+00  
2.195516E+03  3.038634E-04  2.379086E+02  -4.320809E-07  1.000000E+00  3.628571E-04  1.367339E-23  1.727085E-22   5.000000E-01 NotAppl  3.052390E+00  0.000000E+00  
2.746444E+03  4.434545E+01  -4.434506E+01  -1.217218E-05  1.000000E+00  5.801996E-03  1.144615E-24  8.687651E-20   5.000000E-01 NotAppl  1.988695E-01  0.000000E+00  
8.738576E+03  3.294618E+02  -3.294562E+02  2.315418E-01  1.000000E+00  1.212374E-04  6.187916E-23  2.987923E-12   5.000000E-01 NotAppl  3.317169E+00  0.000000E+00  
8.081342E+01  1.492993E-04  2.445740E+02  3.055650E-01  1.000000E+00  2.009384E-03  1.990677E-24  7.401054E-08   0.000000E+00 XENON1T_2018  1.418717E+01  0.000000E+00  
1.343703E+02  8.320108E-04  3.221506E-03  -3.036890E-06  1.000000E+00  8.898709E-03  9.091922E-25  2.578319E-18   5.000000E-01 NotAppl  3.640675E+00  0.000000E+00  
1.707119E+03  1.592186E+02  6.562927E+02  -1.051439E-10  1.000000E+00  2.929741E-05  1.221035E-22  1.708034E-29   5.000000E-01 NotAppl  3.519820E+01  0.000000E+00  
7.110156E+01  3.763685E-01  -3.761537E-01  -9.968100E-01  1.000000E+00  2.275676E-03  1.714976E-24  1.023062E-06   0.000000E+00 XENON1T_2018  1.521912E+01  0.000000E+00  
8.169879E+03  2.623746E-03  6.593360E+01  3.815602E-09  1.000000E+00  4.202521E-03  1.164960E-24  9.302609E-28   5.000000E-01 NotAppl  6.827748E-02  0.000000E+00  
2.843989E+02  5.274367E-02  3.290674E+02  1.960907E-05  1.000000E+00  5.714674E-04  8.342206E-24  2.312661E-17   5.000000E-01 NotAppl  1.508453E+01  0.000000E+00  
1.511282E+02  4.074636E-04  5.788505E+01  1.377573E-05  1.000000E+00  4.643722E-03  1.250202E-24  4.169377E-17   5.000000E-01 NotAppl  4.378789E+00  0.000000E+00  
1.991355E+01  3.278386E+02  -3.278381E+02  1.406035E-10  1.000000E+00  4.500744E-02  3.801818E-45  2.693968E-25   5.000000E-01 NotAppl  1.295168E-19  2.677605E-17  
2.363722E+01  1.204020E-04  1.613323E+00  6.626811E-08  1.000000E+00  1.776106E-03  9.176369E-40  4.239082E-20   5.000000E-01 NotAppl  2.591441E-14  5.752667E-12  
1.232627E+03  5.702453E-01  -5.567968E-01  -1.366811E-01  1.000000E+00  4.940489E-01  1.644435E-26  5.606409E-11   5.000000E-01 NotAppl  6.597618E-03  0.000000E+00  
3.949569E+02  6.686134E-02  -6.163787E-02  -1.703355E-08  1.000000E+00  6.329466E-02  1.342980E-25  8.909154E-24   5.000000E-01 NotAppl  1.726463E-01  0.000000E+00  
4.951017E+01  2.327684E+02  5.453756E+02  -4.382460E-08  1.000000E+00  8.617830E+03  2.016188E-39  4.138129E-21   5.000000E-01 NotAppl  2.585284E-14  1.674858E-12  
8.219383E+01  4.361737E-03  5.701056E+01  1.922676E-09  1.000000E+00  4.824199E-03  4.945506E-25  2.830382E-24   5.000000E-01 NotAppl  3.425677E+00  0.000000E+00  
1.190152E+03  3.304580E-03  5.801265E-02  1.941718E-10  1.000000E+00  5.168396E-01  1.540943E-26  1.215454E-28   5.000000E-01 NotAppl  6.334436E-03  0.000000E+00  
9.272911E+01  4.660750E+00  5.415946E+02  -4.960386E-02  1.000000E+00  3.911223E-03  7.467633E-25  1.471384E-09   4.798835E-58 LZ5Tmedian  4.412781E+00  0.000000E+00  
7.436773E+03  1.487279E-01  2.503027E+02  5.684571E-04  1.000000E+00  3.124500E-04  1.637461E-23  2.499163E-17   5.000000E-01 NotAppl  1.055607E+00  0.000000E+00  
4.919210E+02  8.574079E-01  3.504950E-01  2.013616E-01  1.000000E+00  6.257200E-02  1.444349E-25  7.945505E-10   1.417607E-07 LZ5Tmedian  1.507318E-01  0.000000E+00  
7.794969E+02  1.053807E+00  2.438711E+00  -2.473340E-09  1.000000E+00  1.893019E-01  3.959413E-26  4.678554E-26   5.000000E-01 NotAppl  2.519330E-02  0.000000E+00  
2.710468E+03  1.182750E+01  -1.182737E+01  2.780069E-04  1.000000E+00  7.176682E-02  8.519983E-26  4.655174E-17   5.000000E-01 NotAppl  1.500619E-02  0.000000E+00  
6.211693E+03  2.836448E-01  -2.830330E-01  -5.875993E-02  1.000000E+00  1.140719E+01  5.941850E-28  3.849421E-13   5.000000E-01 NotAppl  4.534461E-05  0.000000E+00  
1.193837E+02  6.925816E-02  6.240691E+02  4.893391E-08  1.000000E+00  2.109720E-03  2.206034E-24  8.530711E-22   5.000000E-01 NotAppl  9.826212E+00  0.000000E+00  
2.743162E+02  8.918014E-01  5.421801E-01  5.954031E-10  1.000000E+00  2.906487E-02  2.706917E-25  2.295756E-26   5.000000E-01 NotAppl  5.085359E-01  0.000000E+00  
3.331768E+03  1.130522E+02  1.756906E+02  -5.300134E+00  1.000000E+00  1.940859E-04  2.198343E-23  1.111617E-08   3.733334E-15 LZ5Tmedian  3.193398E+00  0.000000E+00  
1.607492E+03  1.166860E+00  2.403656E+02  -2.698365E-01  1.000000E+00  3.705466E-04  1.318678E-23  1.271421E-10   4.562084E-01 NotAppl  4.052428E+00  0.000000E+00  
3.923571E+03  4.787345E+00  2.202323E+02  2.009531E-02  1.000000E+00  3.853767E-04  1.292228E-23  1.145776E-13   5.000000E-01 NotAppl  1.594102E+00  0.000000E+00  
1.323211E+02  1.536001E+01  -1.487862E+01  1.283695E-08  1.000000E+00  5.213956E-03  1.072135E-24  4.754275E-23   5.000000E-01 NotAppl  4.374966E+00  0.000000E+00  
4.110947E+02  7.659785E+01  -7.659775E+01  2.229627E-03  1.000000E+00  2.308368E-03  2.856940E-24  1.406375E-13   5.000000E-01 NotAppl  3.531706E+00  0.000000E+00  
1.960001E+02  3.610413E+00  3.594367E+00  -3.148223E-06  1.000000E+00  1.038659E-02  5.278587E-25  1.278037E-18   5.000000E-01 NotAppl  1.408431E+00  0.000000E+00  
8.039807E+02  5.597591E+01  3.967143E+02  -1.181031E-08  1.000000E+00  1.120445E-04  3.204403E-23  1.001453E-24   5.000000E-01 NotAppl  2.003041E+01  0.000000E+00  
4.797403E+01  3.669040E-03  2.669608E-01  -5.749936E-04  1.000000E+00  9.696518E-04  2.855340E-31  7.595948E-13   5.000000E-01 NotAppl  3.771631E-06  3.024067E-04  
2.828960E+01  1.400081E-03  2.495328E+02  8.058474E-04  1.000000E+00  2.034718E-03  1.552002E-31  4.361120E-12   5.000000E-01 NotAppl  3.601686E-06  8.250952E-04  
2.394798E+01  3.437866E+01  -3.181538E+01  -4.331186E+00  1.000000E+00  3.951116E-03  7.694550E-25  1.763770E-04   0.000000E+00 XENON1T_2018  2.189240E+01  3.673577E-01  
2.018632E+03  7.758933E+00  -7.679154E+00  -2.033049E-08  1.000000E+00  1.500966E-01  4.074690E-26  4.537315E-25   5.000000E-01 NotAppl  9.709000E-03  0.000000E+00  
8.328076E+02  5.241605E-01  -4.152695E-01  -4.067399E-10  1.000000E+00  2.585335E-01  3.141675E-26  1.105354E-27   5.000000E-01 NotAppl  1.864748E-02  0.000000E+00  
8.749925E+03  4.198134E-04  5.102170E+02  5.061311E-06  1.000000E+00  7.917859E-05  6.626955E-23  1.423940E-21   5.000000E-01 NotAppl  3.623409E+00  0.000000E+00  
1.144355E+03  1.583272E+01  -1.583187E+01  5.608499E-01  1.000000E+00  2.258961E-02  3.532849E-25  1.098513E-09   7.493197E-05 LZ5Tmedian  1.523954E-01  0.000000E+00  
1.133359E+02  2.697192E+02  -2.675552E+02  3.260212E-10  1.000000E+00  1.293799E-03  3.273204E-24  4.212526E-26   5.000000E-01 NotAppl  1.586180E+01  0.000000E+00  
3.794685E+01  1.414689E+01  2.570755E-01  -1.208444E+00  1.000000E+00  5.249656E-03  5.218005E-25  5.406352E-06   0.000000E+00 XENON1T_2018  8.860688E+00  3.411717E-01  
1.503956E+03  1.499887E+00  8.816172E+00  9.368135E-06  1.000000E+00  1.344541E-01  3.952719E-26  1.755279E-19   5.000000E-01 NotAppl  1.294150E-02  0.000000E+00  
5.037003E+01  4.170665E+01  -4.170603E+01  -1.866331E-06  1.000000E+00  1.254535E-03  4.128927E-36  7.246145E-18   5.000000E-01 NotAppl  5.184934E-11  2.946471E-09  
1.114480E+03  4.725127E-02  -3.987005E-02  2.534490E-09  1.000000E+00  4.562645E-01  1.755432E-26  2.367740E-26   5.000000E-01 NotAppl  7.719426E-03  0.000000E+00  
1.125025E+01  2.488603E+00  4.221790E+00  1.466695E-09  1.000000E+00  1.125753E+00  3.418114E-43  9.115434E-23   5.000000E-01 NotAppl  2.238965E-17  2.815233E-15  
1.527447E+01  2.967599E+00  -2.962411E+00  -1.995662E-04  1.000000E+00  8.629487E-02  7.014116E-33  9.220609E-13   5.000000E-01 NotAppl  3.220611E-07  5.366385E-05  
7.603284E+03  2.014721E-02  6.702393E-02  1.023127E-09  1.000000E+00  1.816302E+01  3.838066E-28  7.740592E-29   5.000000E-01 NotAppl  2.381820E-05  0.000000E+00  
1.745690E+01  1.157157E+00  -1.154439E+00  1.005874E-09  1.000000E+00  2.668019E-02  1.856280E-43  1.794764E-23   5.000000E-01 NotAppl  7.324126E-18  1.380119E-15  
2.439104E+03  2.626916E-04  1.663972E-04  2.413885E-08  1.000000E+00  2.032158E+00  3.694952E-27  4.350585E-25   5.000000E-01 NotAppl  7.279900E-04  0.000000E+00  
5.284852E+02  1.073489E-04  4.142885E+02  1.971932E-09  1.000000E+00  2.500438E-04  1.999941E-23  6.580757E-26   5.000000E-01 NotAppl  1.921840E+01  0.000000E+00  
2.703204E+02  1.094896E+02  -1.089418E+02  2.264188E-07  1.000000E+00  1.409020E-03  4.431366E-24  3.421216E-21   5.000000E-01 NotAppl  8.512029E+00  0.000000E+00  
1.008472E+01  4.771498E-01  -3.356684E-01  -4.925755E-01  1.000000E+00  5.710390E-03  3.655639E-26  1.273476E-05   0.000000E+00 XENON1T_2018  2.723114E+00  2.501986E-01  
4.485701E+01  2.479167E+01  -1.232288E+01  3.078103E-08  1.000000E+00  3.882561E-01  5.884802E-40  2.495962E-21   5.000000E-01 NotAppl  8.356251E-15  4.544004E-13  
4.088357E+03  2.336869E+01  -2.336825E+01  1.482477E-08  1.000000E+00  1.981941E-02  3.219285E-25  5.735140E-26   5.000000E-01 NotAppl  3.727831E-02  0.000000E+00  
1.646028E+01  7.519699E-01  1.925906E+01  1.366663E-09  1.000000E+00  6.420565E-03  3.364028E-43  3.725809E-23   5.000000E-01 NotAppl  1.418493E-17  1.023137E-15  
3.648735E+01  1.454492E-02  4.878231E+00  -6.992314E+00  1.000000E+00  2.653153E-04  2.340904E-25  1.960184E-04   0.000000E+00 XENON1T_2018  3.724534E+00  2.551527E-01  
6.090469E+02  2.872092E-03  -2.003527E-03  -2.409758E-05  1.000000E+00  1.446820E-01  5.782721E-26  7.352990E-18   5.000000E-01 NotAppl  4.742049E-02  0.000000E+00  
3.149640E+01  9.225697E-02  5.512266E+02  3.261015E+00  1.000000E+00  1.628350E-03  1.008052E-24  5.746071E-05   0.000000E+00 XENON1T_2018  2.117356E+01  3.335192E-01  
2.199089E+02  6.985158E+00  1.105487E+02  -1.086028E-04  1.000000E+00  1.696227E-03  2.276321E-24  1.201336E-15   5.000000E-01 NotAppl  5.353565E+00  0.000000E+00  
4.463867E+01  1.957148E+02  -1.957128E+02  1.982317E-07  1.000000E+00  3.257703E-05  2.391625E-38  1.045519E-19   5.000000E-01 NotAppl  3.405744E-13  3.929965E-11  
2.200690E+03  3.742493E+01  -3.742362E+01  -5.560313E-09  1.000000E+00  8.049346E-03  8.164338E-25  2.846416E-26   5.000000E-01 NotAppl  1.779457E-01  0.000000E+00  
1.145402E+02  2.826861E+00  -1.642034E+00  -5.456378E-03  1.000000E+00  5.265603E-03  1.118693E-24  1.154645E-11   4.152379E-01 NotAppl  5.283683E+00  0.000000E+00  
7.243195E+01  2.031056E+00  7.429162E+01  -7.165755E-09  1.000000E+00  1.088073E-02  6.499984E-41  5.090467E-23   5.000000E-01 NotAppl  5.594542E-16  0.000000E+00  
1.034908E+03  1.142917E-03  1.019553E-02  -2.038900E-07  1.000000E+00  3.964874E-01  2.032842E-26  1.782394E-22   5.000000E-01 NotAppl  9.646541E-03  0.000000E+00  
2.334125E+02  6.523151E+00  -6.138004E+00  -2.635518E+00  1.000000E+00  5.937769E-05  1.530453E-22  6.261622E-07   0.000000E+00 XENON1T_2018  4.036880E+02  0.000000E+00  
2.556675E+01  3.483644E+02  -3.482730E+02  2.683343E-03  1.000000E+00  2.036103E-02  1.583214E-30  5.932932E-11   1.782038E-03 LZ5Tmedian  4.108373E-05  9.204813E-03  
1.061144E+02  1.276282E+01  -1.271878E+01  3.071156E-03  1.000000E+00  4.332147E-03  1.342405E-24  4.278276E-12   5.000000E-01 NotAppl  6.874865E+00  0.000000E+00  
5.619580E+03  2.011233E+01  -1.815589E+01  -8.036283E-06  1.000000E+00  2.728311E-02  2.397871E-25  8.826007E-21   5.000000E-01 NotAppl  2.010281E-02  0.000000E+00  
2.725102E+02  2.813143E-01  8.841406E-02  -3.178949E-08  1.000000E+00  3.062262E-02  2.723450E-25  6.633555E-23   5.000000E-01 NotAppl  5.151710E-01  0.000000E+00  
6.101940E+01  1.490262E-01  -1.489200E-01  -6.801718E-08  1.000000E+00  4.572840E-03  3.088858E-37  6.508712E-21   5.000000E-01 NotAppl  3.173946E-12  1.429592E-12  
8.940620E+03  6.567400E-01  1.985954E-01  7.038280E-06  1.000000E+00  9.207378E+00  7.283195E-28  2.635632E-21   5.000000E-01 NotAppl  3.845307E-05  0.000000E+00  
2.913710E+02  1.646931E-02  -1.185587E-02  -1.504150E-08  1.000000E+00  3.559929E-02  2.398509E-25  1.294910E-23   5.000000E-01 NotAppl  4.230940E-01  0.000000E+00  
1.283636E+03  2.321223E-03  -1.920611E-03  2.268182E-10  1.000000E+00  5.968337E-01  1.326044E-26  1.421257E-28   5.000000E-01 NotAppl  5.042255E-03  0.000000E+00  
2.140191E+02  2.926036E+00  -2.347308E+00  1.213736E+00  1.000000E+00  1.177949E-03  8.150538E-24  1.586314E-07   0.000000E+00 XENON1T_2018  2.044645E+01  0.000000E+00  
7.489625E+02  2.828163E-02  -2.800961E-02  -2.846531E-08  1.000000E+00  2.144749E-01  3.851508E-26  6.723969E-24   5.000000E-01 NotAppl  2.550362E-02  0.000000E+00  
8.223968E+03  6.377078E-03  1.895385E+02  5.822835E-10  1.000000E+00  5.378842E-04  9.480514E-24  2.138042E-29   5.000000E-01 NotAppl  5.519428E-01  0.000000E+00  
1.471393E+01  5.079978E+00  2.120494E+01  4.014094E-04  1.000000E+00  5.248646E+00  2.806463E-32  4.018282E-12   5.000000E-01 NotAppl  1.345053E-06  5.821108E-05  
1.107670E+03  1.871060E-01  -1.776163E-01  6.687075E-10  1.000000E+00  4.497517E-01  1.778943E-26  1.669032E-27   5.000000E-01 NotAppl  7.872177E-03  0.000000E+00  
4.547510E+03  1.376668E+01  -1.374660E+01  -1.166365E-09  1.000000E+00  5.475543E-02  1.126457E-25  2.859040E-28   5.000000E-01 NotAppl  1.170528E-02  0.000000E+00  
1.195438E+01  2.104131E-02  7.638573E+00  1.208514E+00  1.000000E+00  5.910165E-04  2.268012E-25  5.492597E-05   0.000000E+00 XENON1T_2018  1.384084E+01  2.511928E-01  
1.958425E+03  1.548672E-04  2.900396E-04  2.284104E-05  1.000000E+00  1.334444E+00  5.722676E-27  6.091567E-19   5.000000E-01 NotAppl  1.411467E-03  0.000000E+00  
7.801360E+02  9.583948E-01  5.610369E+00  5.153831E-06  1.000000E+00  1.404305E-01  4.770041E-26  2.028037E-19   5.000000E-01 NotAppl  3.040482E-02  0.000000E+00  
1.316776E+03  3.029297E-03  8.151168E+00  -3.773737E-08  1.000000E+00  1.735862E-01  3.044212E-26  3.735123E-24   5.000000E-01 NotAppl  1.139824E-02  0.000000E+00  
1.653465E+01  4.478148E-01  -4.375267E-01  1.580186E-04  1.000000E+00  6.735165E-03  4.503533E-33  4.936383E-13   5.000000E-01 NotAppl  1.889298E-07  3.435228E-05  
1.543348E+01  7.209339E+01  -2.758448E+01  -5.889966E-08  1.000000E+00  3.127819E+06  6.128411E-40  7.867945E-20   5.000000E-01 NotAppl  2.781617E-14  7.629949E-13  
2.763442E+02  2.511309E-01  -2.498070E-01  5.935066E-03  1.000000E+00  3.192061E-02  2.662599E-25  2.247000E-12   5.000000E-01 NotAppl  4.963869E-01  0.000000E+00  
1.831367E+01  1.230192E-03  -1.079829E-03  1.843789E-09  1.000000E+00  1.968443E-03  6.337717E-43  5.479233E-23   5.000000E-01 NotAppl  2.370853E-17  4.642946E-15  
4.732728E+03  1.166286E+02  -1.165664E+02  6.878008E-05  1.000000E+00  8.997892E-04  7.837280E-24  9.166927E-19   5.000000E-01 NotAppl  7.820452E-01  0.000000E+00  
2.171624E+01  2.883917E+01  -2.875385E+01  -3.011633E-09  1.000000E+00  3.507804E-02  1.811724E-42  1.038450E-22   5.000000E-01 NotAppl  5.614105E-17  1.280683E-15  
2.663397E+02  2.328709E+01  -2.315948E+01  1.322116E-02  1.000000E+00  1.048871E-02  5.833031E-25  1.202518E-11   5.000000E-01 NotAppl  1.134633E+00  0.000000E+00  
4.843387E+02  2.356333E+01  -8.321467E+00  6.985879E-05  1.000000E+00  9.821064E-03  4.551066E-25  9.872061E-17   5.000000E-01 NotAppl  4.742915E-01  0.000000E+00  
2.066954E+02  2.822254E+02  -1.346721E+02  1.762854E-10  1.000000E+00  2.614554E-04  1.240888E-23  3.593813E-27   5.000000E-01 NotAppl  3.153056E+01  0.000000E+00  
3.878446E+01  9.939392E+01  -9.516323E+01  -3.402624E+00  1.000000E+00  9.568307E-04  2.128708E-24  4.100234E-05   0.000000E+00 XENON1T_2018  3.510921E+01  5.211501E-01  
9.179640E+02  6.677492E-02  1.893767E+02  -1.702073E-07  1.000000E+00  6.319317E-04  7.801188E-24  1.586639E-22   5.000000E-01 NotAppl  4.260657E+00  0.000000E+00  
8.365564E+02  1.638581E-01  3.647107E+02  9.853710E-08  1.000000E+00  2.243490E-04  2.255676E-23  6.428018E-23   5.000000E-01 NotAppl  1.355060E+01  0.000000E+00  
6.996453E+03  4.795786E+02  -4.633591E+02  7.096484E-09  1.000000E+00  5.611476E-05  1.268031E-22  4.408834E-27   5.000000E-01 NotAppl  8.512096E+00  0.000000E+00  
4.757121E+01  9.046075E+00  -8.877663E+00  1.668243E-05  1.000000E+00  3.901892E-04  2.292482E-34  6.504801E-16   5.000000E-01 NotAppl  3.055134E-09  1.145231E-07  
2.584651E+01  7.724519E-02  2.847010E+01  4.891561E-07  1.000000E+00  2.205885E-03  5.303253E-38  1.928719E-18   5.000000E-01 NotAppl  1.358454E-12  5.879133E-11  
2.636756E+01  6.643322E+02  -6.636561E+02  1.919910E-07  1.000000E+00  2.158350E-02  8.293864E-39  2.853828E-19   5.000000E-01 NotAppl  2.078044E-13  4.765917E-11  
4.617189E+02  6.173687E-02  -6.125441E-02  2.543469E+00  1.000000E+00  2.062840E-03  6.419256E-24  1.443129E-07   0.000000E+00 XENON1T_2018  7.187331E+00  0.000000E+00  
4.333193E+02  4.076606E+02  -4.076411E+02  1.545088E-05  1.000000E+00  1.996898E-04  3.528094E-23  6.063991E-18   5.000000E-01 NotAppl  4.126724E+01  0.000000E+00  
5.574662E+01  9.009833E-01  -8.925808E-01  -1.589196E-02  1.000000E+00  3.636450E-03  8.809256E-28  4.272536E-10   3.147139E-23 LZ5Tmedian  9.984915E-03  1.078587E-01  
9.136012E+02  4.865910E+01  9.828677E+01  5.160883E-10  1.000000E+00  6.084311E-04  6.247728E-24  1.472967E-27   5.000000E-01 NotAppl  3.415194E+00  0.000000E+00  
8.561044E+03  8.841346E+02  -8.827718E+02  -3.126677E+00  1.000000E+00  1.890030E-05  4.102959E-22  5.680396E-10   5.000000E-01 NotAppl  2.245543E+01  0.000000E+00  
3.963586E+02  1.450874E-04  1.793376E-04  2.140541E+00  1.000000E+00  2.104192E-03  6.256105E-24  1.396769E-07   0.000000E+00 XENON1T_2018  8.205394E+00  0.000000E+00  
2.006545E+01  8.685964E-02  -8.634154E-02  9.579945E-05  1.000000E+00  2.982003E-03  1.770362E-33  1.231679E-13   5.000000E-01 NotAppl  5.983709E-08  1.241378E-05  
8.647402E+03  7.688085E-02  8.832913E+01  -2.595360E-02  1.000000E+00  2.381762E-03  2.087362E-24  3.834916E-14   5.000000E-01 NotAppl  1.155002E-01  0.000000E+00  
2.437936E+01  3.941037E-03  -3.674228E-03  -1.618127E-10  1.000000E+00  2.894886E-03  5.575569E-45  2.374755E-25   5.000000E-01 NotAppl  1.524151E-19  3.443881E-17  
1.139783E+02  4.900285E+00  -4.896732E+00  -8.234826E-03  1.000000E+00  5.734062E-03  1.120586E-24  2.656605E-11   1.313007E-01 NotAppl  5.321866E+00  0.000000E+00  
1.588410E+02  2.247707E-03  4.855413E-01  -6.354985E-07  1.000000E+00  1.158090E-02  6.996801E-25  8.012328E-20   5.000000E-01 NotAppl  2.357177E+00  0.000000E+00  
2.752658E+03  1.371980E-02  2.540902E+01  3.521855E-06  1.000000E+00  2.607347E-02  1.757643E-25  7.239529E-21   5.000000E-01 NotAppl  3.111183E-02  0.000000E+00  
1.445846E+01  2.517697E-04  4.630598E+01  4.459730E-08  1.000000E+00  7.538173E-04  3.446139E-40  5.135566E-20   5.000000E-01 NotAppl  1.685723E-14  4.834943E-13  
5.103817E+03  5.209103E-01  4.313047E+02  -3.253634E-05  1.000000E+00  1.111391E-04  4.619695E-23  1.759464E-19   5.000000E-01 NotAppl  4.365083E+00  0.000000E+00  
1.565190E+02  3.508016E-02  7.038531E+00  1.293713E-08  1.000000E+00  9.561064E-03  7.409757E-25  3.422280E-23   5.000000E-01 NotAppl  2.531806E+00  0.000000E+00  
1.228696E+03  2.244575E+01  -2.244542E+01  3.838019E-09  1.000000E+00  2.099022E-02  3.050104E-25  4.449508E-26   5.000000E-01 NotAppl  1.209955E-01  0.000000E+00  
1.303704E+02  1.702187E+00  1.755538E+00  -3.405018E-07  1.000000E+00  6.092170E-03  9.727336E-25  3.448442E-20   5.000000E-01 NotAppl  4.015987E+00  0.000000E+00  
1.871451E+03  3.237979E-01  -3.223023E-01  7.209438E-03  1.000000E+00  1.202092E+00  6.352761E-27  6.657367E-14   5.000000E-01 NotAppl  1.641482E-03  0.000000E+00  
2.999841E+01  1.103296E+02  -1.099953E+02  -7.955351E-05  1.000000E+00  1.058092E-02  1.605835E-33  3.774477E-14   5.000000E-01 NotAppl  3.495212E-08  7.929662E-06  
1.030777E+03  8.760575E-02  -8.746600E-02  -1.047547E-05  1.000000E+00  3.932026E-01  2.049540E-26  4.743553E-19   5.000000E-01 NotAppl  9.765828E-03  0.000000E+00  
1.274512E+02  3.470191E-01  -2.946659E-01  2.518416E-07  1.000000E+00  8.029909E-03  9.826293E-25  1.976064E-20   5.000000E-01 NotAppl  4.151931E+00  0.000000E+00  
6.926426E+02  1.053057E-03  2.227554E+02  2.107625E-10  1.000000E+00  5.218414E-04  9.495083E-24  4.324695E-28   5.000000E-01 NotAppl  6.920091E+00  0.000000E+00  
1.515374E+03  9.830750E+02  -9.830725E+02  6.966289E-07  1.000000E+00  2.661566E-05  2.882324E-22  9.557512E-22   5.000000E-01 NotAppl  9.213259E+01  0.000000E+00  
1.864670E+03  4.785182E+00  -4.671936E+00  3.340116E-10  1.000000E+00  3.185035E-01  1.977846E-26  1.439534E-28   5.000000E-01 NotAppl  5.116074E-03  0.000000E+00  
6.024939E+01  7.663622E-01  -2.841469E-01  3.093257E-05  1.000000E+00  4.322393E-03  2.797409E-32  1.381479E-15   5.000000E-01 NotAppl  2.926645E-07  3.607032E-07  
3.710054E+03  4.669994E-01  -4.668411E-01  4.722589E-10  1.000000E+00  4.104639E+00  1.728863E-27  7.092428E-29   5.000000E-01 NotAppl  2.220369E-04  0.000000E+00  
1.811115E+01  5.033322E-04  6.781990E-04  3.199752E+00  1.000000E+00  1.813948E-03  5.387127E-25  1.687312E-04   0.000000E+00 XENON1T_2018  2.052171E+01  2.499958E-01  
3.872384E+03  1.060288E+01  -1.060268E+01  2.009705E-10  1.000000E+00  8.954672E-02  6.766478E-26  1.177096E-29   5.000000E-01 NotAppl  8.281122E-03  0.000000E+00  
2.993160E+01  1.167851E-01  3.790185E+01  -1.105358E-02  1.000000E+00  2.223546E-03  3.092737E-29  7.319896E-10   6.939088E-39 LZ5Tmedian  6.748234E-04  1.059472E-01  
1.674115E+03  5.065844E-02  1.208488E+02  -7.462762E-09  1.000000E+00  1.312666E-03  3.670185E-24  8.952253E-26   5.000000E-01 NotAppl  1.081860E+00  0.000000E+00  
7.259600E+02  1.487322E-01  4.100421E+02  -4.479854E-02  1.000000E+00  2.045880E-04  2.466285E-23  1.775001E-11   5.000000E-01 NotAppl  1.713120E+01  0.000000E+00  
1.081168E+02  3.175749E-03  3.370327E+02  5.533006E-01  1.000000E+00  7.924339E-04  1.040483E-23  1.336423E-07   0.000000E+00 XENON1T_2018  5.205371E+01  0.000000E+00  
1.192735E+02  1.288763E-03  4.768061E-01  -2.256519E-10  1.000000E+00  7.195840E-03  1.072037E-24  1.817462E-26   5.000000E-01 NotAppl  4.855759E+00  0.000000E+00  
1.168469E+01  4.921250E+01  -4.406060E+01  4.243503E-03  1.000000E+00  3.526025E+01  2.905766E-30  7.083065E-10   3.464192E-06 LZ5Tmedian  1.820202E-04  2.225007E-03  
2.564722E+02  2.470082E+02  -4.742310E+01  1.359044E-07  1.000000E+00  2.062675E-04  1.607365E-23  1.372785E-21   5.000000E-01 NotAppl  3.255146E+01  0.000000E+00  
7.732818E+01  2.246117E+01  1.099104E+01  -8.655396E-03  1.000000E+00  7.279513E-02  4.005677E-29  6.497975E-11   1.342568E-03 LZ5Tmedian  3.249737E-04  0.000000E+00  
2.284049E+02  2.787226E+02  -1.764122E+02  -5.821723E-05  1.000000E+00  2.510707E-04  1.307713E-23  3.194148E-16   5.000000E-01 NotAppl  2.996043E+01  0.000000E+00  
2.653469E+02  5.848349E+00  -2.468324E+00  1.818876E-07  1.000000E+00  1.917003E-02  3.118847E-25  2.293401E-21   5.000000E-01 NotAppl  6.069156E-01  0.000000E+00  
1.116332E+03  8.786322E-02  -8.749463E-02  1.009724E-08  1.000000E+00  4.574570E-01  1.750015E-26  3.745316E-25   5.000000E-01 NotAppl  7.682498E-03  0.000000E+00  
5.220275E+01  2.014261E+01  -2.014073E+01  -1.943002E-01  1.000000E+00  1.995707E-03  6.014992E-26  7.301975E-08   0.000000E+00 XENON1T_2018  7.299490E-01  4.917430E-01  
6.724644E+03  6.628939E-01  -6.526601E-01  2.525650E-09  1.000000E+00  8.437805E+00  7.472374E-28  6.051838E-28   5.000000E-01 NotAppl  5.240456E-05  0.000000E+00  
1.247094E+03  3.030785E+02  -3.030753E+02  -2.626250E-06  1.000000E+00  1.748656E-04  4.188172E-23  2.021164E-20   5.000000E-01 NotAppl  1.635522E+01  0.000000E+00  
1.073774E+02  4.237914E-01  3.467802E+01  7.845729E-04  1.000000E+00  4.285654E-03  1.353907E-24  2.725196E-13   5.000000E-01 NotAppl  6.808375E+00  0.000000E+00  
1.314451E+02  1.119701E+00  1.789770E+02  -3.105503E-10  1.000000E+00  2.196898E-03  2.095921E-24  2.820582E-26   5.000000E-01 NotAppl  8.424250E+00  0.000000E+00  
6.294351E+03  3.917279E+00  1.560406E+01  1.246790E-07  1.000000E+00  4.796443E-02  1.122072E-25  1.687144E-24   5.000000E-01 NotAppl  8.552374E-03  0.000000E+00  
1.869277E+01  1.097869E-04  3.381209E-02  -3.709506E-05  1.000000E+00  1.893982E-03  2.583852E-34  2.128687E-14   5.000000E-01 NotAppl  9.447205E-09  1.875626E-06  
1.683089E+02  2.667875E-04  3.389371E-03  -1.909780E-10  1.000000E+00  1.304139E-02  6.337862E-25  6.426218E-27   5.000000E-01 NotAppl  2.012247E+00  0.000000E+00  
8.935236E+01  7.789831E-02  7.387525E-01  -1.810227E-07  1.000000E+00  5.438848E-03  7.596920E-25  2.114359E-20   5.000000E-01 NotAppl  4.744530E+00  0.000000E+00  
3.629434E+02  1.448630E+01  -1.432293E+01  4.328151E-01  1.000000E+00  7.868260E-03  9.319136E-25  6.838530E-09   7.010090E-80 LZ5Tmedian  1.339692E+00  0.000000E+00  
1.521783E+02  3.464218E+02  -3.450257E+02  -2.155177E-04  1.000000E+00  7.728012E-04  6.477244E-24  1.006106E-14   5.000000E-01 NotAppl  2.330173E+01  0.000000E+00  
9.080628E+03  2.870425E-02  4.747657E-01  -8.171104E-09  1.000000E+00  1.782341E+01  3.364631E-28  3.442345E-27   5.000000E-01 NotAppl  1.750214E-05  0.000000E+00  
2.362206E+03  6.648511E-04  3.314214E-02  3.302273E-07  1.000000E+00  1.910654E+00  3.939005E-27  8.691104E-23   5.000000E-01 NotAppl  8.018904E-04  0.000000E+00  
1.901787E+02  1.098702E-02  -9.812104E-03  -6.822791E-01  1.000000E+00  1.831453E-03  6.653975E-24  6.385167E-08   0.000000E+00 XENON1T_2018  2.093897E+01  0.000000E+00  
1.585272E+02  4.732684E-02  3.403496E+02  -5.682942E-05  1.000000E+00  1.324200E-03  3.477725E-24  6.433339E-16   5.000000E-01 NotAppl  1.145404E+01  0.000000E+00  
2.478696E+02  2.124974E+02  4.682562E+02  2.074060E-09  1.000000E+00  1.630573E-04  2.002528E-23  3.428708E-25   5.000000E-01 NotAppl  4.189360E+01  0.000000E+00  
8.911088E+03  2.928377E-01  -2.531073E-01  -4.042247E-06  1.000000E+00  2.023473E+01  3.288742E-28  8.752163E-22   5.000000E-01 NotAppl  1.736718E-05  0.000000E+00  
3.183174E+02  4.740756E-01  8.860736E+00  -5.381926E-10  1.000000E+00  3.059741E-02  2.276062E-25  1.383167E-26   5.000000E-01 NotAppl  3.662604E-01  0.000000E+00  
2.624775E+03  8.347354E-01  2.126926E+00  -2.076933E-04  1.000000E+00  1.041297E+00  5.966885E-27  2.773815E-17   5.000000E-01 NotAppl  1.097801E-03  0.000000E+00  
2.196094E+02  4.256416E-02  -2.049481E-02  9.396338E-09  1.000000E+00  2.100160E-02  4.047682E-25  9.018043E-24   5.000000E-01 NotAppl  9.591858E-01  0.000000E+00  
3.193345E+02  1.016331E-02  1.737559E+02  -3.226160E-06  1.000000E+00  1.072242E-03  4.489722E-24  4.937812E-19   5.000000E-01 NotAppl  7.215410E+00  0.000000E+00  
3.857964E+03  3.035730E+00  2.460393E+02  -2.259558E-09  1.000000E+00  3.175716E-04  1.569434E-23  1.499217E-27   5.000000E-01 NotAppl  1.969423E+00  0.000000E+00  
2.980252E+03  1.346232E+00  -1.346101E+00  7.622663E-09  1.000000E+00  1.880601E+00  3.547170E-27  2.884987E-26   5.000000E-01 NotAppl  5.689200E-04  0.000000E+00  
1.158523E+03  5.871932E+00  7.399874E+01  -1.095993E+00  1.000000E+00  3.426194E-03  1.191772E-24  4.090936E-09   6.654024E-16 LZ5Tmedian  5.178016E-01  0.000000E+00  
5.493393E+03  3.206236E-01  1.842154E+02  -3.795731E-07  1.000000E+00  5.642119E-04  8.890316E-24  2.062022E-23   5.000000E-01 NotAppl  7.795483E-01  0.000000E+00  
3.267542E+03  3.422000E-01  4.373868E+01  -7.762779E-03  1.000000E+00  9.094003E-03  5.188361E-25  2.480959E-14   5.000000E-01 NotAppl  7.708753E-02  0.000000E+00  
4.865859E+01  7.513749E+00  3.261819E+02  5.141880E-04  1.000000E+00  6.054161E-02  2.482997E-31  5.901524E-13   5.000000E-01 NotAppl  3.241215E-06  1.222511E-04  
8.965330E+03  6.663735E-03  1.673425E+01  5.504787E-01  1.000000E+00  5.715898E-02  8.487730E-26  1.603241E-11   5.000000E-01 NotAppl  4.529672E-03  0.000000E+00  
7.904624E+03  1.891308E+02  -1.887804E+02  -3.741509E-02  1.000000E+00  3.538650E-04  2.061323E-23  9.564685E-14   5.000000E-01 NotAppl  1.222968E+00  0.000000E+00  
3.222895E+03  1.651682E-04  4.705299E-03  -8.336689E-04  1.000000E+00  3.474108E+00  2.119196E-27  2.942606E-16   5.000000E-01 NotAppl  3.142437E-04  0.000000E+00  
8.854011E+02  4.936045E-01  4.140521E+01  3.672519E-04  1.000000E+00  9.851271E-03  4.778440E-25  7.952028E-16   5.000000E-01 NotAppl  2.705768E-01  0.000000E+00  
1.011332E+03  3.841813E-04  1.994276E-01  1.052901E-07  1.000000E+00  3.787067E-01  2.129018E-26  4.982125E-23   5.000000E-01 NotAppl  1.034517E-02  0.000000E+00  
6.306154E+03  3.172010E-03  8.516852E+00  6.179388E-08  1.000000E+00  2.159153E-01  2.013133E-26  4.128633E-25   5.000000E-01 NotAppl  1.533619E-03  0.000000E+00  
8.567154E+01  2.697397E-04  7.747370E+00  4.449007E-09  1.000000E+00  4.733454E-03  6.956436E-25  1.392129E-23   5.000000E-01 NotAppl  4.533004E+00  0.000000E+00  
1.543447E+02  1.925999E-02  1.443665E-01  -3.976881E+00  1.000000E+00  2.667964E-06  6.003388E-21  3.327966E-06   0.000000E+00 XENON1T_2018  2.447366E+04  0.000000E+00  
2.585578E+01  1.001063E-02  -9.439745E-03  2.901419E-08  1.000000E+00  3.024792E-03  1.866308E-40  6.780785E-21   5.000000E-01 NotAppl  4.778732E-15  1.094776E-12  
8.602265E+02  2.635647E-02  6.839191E-01  -5.553597E-02  1.000000E+00  2.717084E-01  3.000608E-26  1.928767E-11   5.000000E-01 NotAppl  1.726263E-02  0.000000E+00  
5.545893E+03  3.166767E+00  7.137299E+02  -4.178107E-07  1.000000E+00  4.298873E-05  1.215496E-22  2.450557E-23   5.000000E-01 NotAppl  1.055558E+01  0.000000E+00  
3.824708E+02  5.055898E-03  5.468526E+01  6.346232E-10  1.000000E+00  5.968666E-03  8.221673E-25  1.320715E-26   5.000000E-01 NotAppl  1.098656E+00  0.000000E+00  
3.267172E+01  8.667975E-01  3.811475E+02  -1.486173E-08  1.000000E+00  1.838163E-03  6.238875E-41  1.108021E-21   5.000000E-01 NotAppl  1.238169E-15  2.664988E-13  
1.489986E+03  1.720594E+02  -6.089610E+01  -1.328529E-08  1.000000E+00  2.020987E-04  1.856831E-23  3.597877E-25   5.000000E-01 NotAppl  6.061060E+00  0.000000E+00  
9.000201E+01  1.875649E-04  7.217050E+01  7.574766E-02  1.000000E+00  3.308903E-03  1.355903E-24  3.647567E-09   5.893335E-146 LZ5Tmedian  8.407133E+00  0.000000E+00  
4.044884E+03  1.986520E+01  -8.681160E+00  -1.948606E+00  1.000000E+00  4.333718E-02  1.156872E-25  1.012646E-09   8.255593E-02 LZ5Tmedian  1.394255E-02  0.000000E+00  
1.945394E+03  3.051013E+01  -3.050901E+01  2.701063E-08  1.000000E+00  1.189329E-02  5.458341E-25  8.635244E-25   5.000000E-01 NotAppl  1.350103E-01  0.000000E+00  
3.103273E+01  2.385328E-02  2.594078E-01  -1.493332E-06  1.000000E+00  2.093456E-03  5.886414E-37  1.241739E-17   5.000000E-01 NotAppl  1.234976E-11  2.763838E-09  
1.565954E+03  1.511824E+02  6.038450E+02  1.765176E-02  1.000000E+00  3.396416E-05  1.048232E-22  5.739113E-13   5.000000E-01 NotAppl  3.300906E+01  0.000000E+00  
1.064193E+02  9.471655E+00  -9.410041E+00  -5.610537E-04  1.000000E+00  4.604278E-03  1.279582E-24  1.419448E-13   5.000000E-01 NotAppl  6.529822E+00  0.000000E+00  
3.940044E+03  1.079398E+02  -1.031303E+02  -8.084001E-06  1.000000E+00  1.020776E-03  6.699850E-24  1.838492E-20   5.000000E-01 NotAppl  8.055483E-01  0.000000E+00  
1.662254E+02  1.895556E+01  6.402496E+01  2.017685E-08  1.000000E+00  1.830247E-03  1.704559E-24  7.358410E-23   5.000000E-01 NotAppl  5.411551E+00  0.000000E+00  
6.596637E+02  1.444483E-01  4.910390E-02  4.378136E-06  1.000000E+00  1.676075E-01  4.947621E-26  2.061733E-19   5.000000E-01 NotAppl  3.735603E-02  0.000000E+00  
2.536586E+02  3.289997E-04  3.189644E+01  -1.009730E-05  1.000000E+00  1.056269E-02  5.472465E-25  7.751023E-18   5.000000E-01 NotAppl  1.113873E+00  0.000000E+00  
8.156044E+03  3.564452E-04  2.162817E-02  3.268687E-04  1.000000E+00  2.099119E+01  3.317149E-28  6.850220E-18   5.000000E-01 NotAppl  1.917360E-05  0.000000E+00  
1.290094E+02  3.155682E-04  1.792596E-02  1.680508E-03  1.000000E+00  8.304671E-03  9.696492E-25  8.582399E-13   5.000000E-01 NotAppl  4.047018E+00  0.000000E+00  
2.814455E+03  1.823626E-02  3.340721E-01  -1.509120E-01  1.000000E+00  2.314475E+00  3.343470E-27  1.270530E-11   5.000000E-01 NotAppl  5.759719E-04  0.000000E+00  
5.835666E+01  1.812421E+02  -1.812417E+02  -4.775942E-02  1.000000E+00  1.176217E-03  2.026009E-26  3.514908E-09   2.666767E-182 LZ5Tmedian  2.190018E-01  3.500338E-01  
2.752940E+03  7.589442E-01  -7.103257E-01  8.910193E-06  1.000000E+00  2.214525E+00  3.243333E-27  4.632881E-20   5.000000E-01 NotAppl  5.644964E-04  0.000000E+00  
8.560388E+03  4.376894E+01  -4.364920E+01  4.693061E-03  1.000000E+00  5.967948E-03  1.126607E-24  1.279949E-15   5.000000E-01 NotAppl  6.166521E-02  0.000000E+00  
7.297780E+01  1.506265E+02  -1.506255E+02  6.031745E-07  1.000000E+00  1.773256E-02  4.108207E-37  3.551892E-19   5.000000E-01 NotAppl  3.533810E-12  0.000000E+00  
3.307914E+01  1.025216E+01  5.883396E+02  5.431379E-02  1.000000E+00  2.360329E-02  8.483680E-28  1.443159E-08   0.000000E+00 XENON1T_2018  1.661438E-02  1.976084E-01  
2.790943E+01  5.251363E-03  3.566160E-02  -2.100785E-09  1.000000E+00  2.814857E-03  1.041652E-42  3.046076E-23   5.000000E-01 NotAppl  2.453493E-17  5.640665E-15  
2.735535E+02  3.368346E+01  -3.366386E+01  3.935990E-05  1.000000E+00  7.502422E-03  8.229877E-25  1.008993E-16   5.000000E-01 NotAppl  1.558263E+00  0.000000E+00  
1.589724E+03  5.838974E-01  6.577540E+02  5.397863E-03  1.000000E+00  6.857334E-05  7.562718E-23  5.204426E-14   5.000000E-01 NotAppl  2.350629E+01  0.000000E+00  
2.489322E+01  7.091582E+02  -7.064078E+02  -3.136644E-06  1.000000E+00  1.044457E-01  2.123646E-36  8.555578E-17   5.000000E-01 NotAppl  5.676065E-11  1.250615E-08  
3.720148E+01  1.901104E-01  1.780983E+02  4.179604E+00  1.000000E+00  1.444273E-04  9.393530E-25  6.733273E-05   0.000000E+00 XENON1T_2018  1.676519E+01  3.339023E-01  
2.435566E+01  1.077242E+02  -1.065053E+02  2.213231E-10  1.000000E+00  4.054270E-02  1.042387E-44  4.451422E-25   5.000000E-01 NotAppl  2.850147E-19  6.410028E-17  
3.225917E+01  3.243634E+00  8.139237E+02  1.117403E-03  1.000000E+00  4.657245E-03  3.465028E-31  6.427157E-12   4.493941E-01 NotAppl  6.971524E-06  1.299002E-03  
1.177280E+01  4.441753E-04  2.794351E+01  -7.140276E+00  1.000000E+00  5.228019E-04  1.523221E-25  1.975991E-03   0.000000E+00 XENON1T_2018  9.512443E+00  2.648693E-01  
2.947533E+02  6.049005E-02  5.774611E+01  7.383982E-06  1.000000E+00  5.382313E-03  9.382980E-25  3.047715E-18   5.000000E-01 NotAppl  1.635915E+00  0.000000E+00  
8.250525E+01  1.112729E-01  -6.453185E-02  9.022765E-03  1.000000E+00  5.948560E-03  5.779399E-25  6.185101E-11   2.408432E-03 LZ5Tmedian  3.979555E+00  0.000000E+00  
1.280470E+01  4.294992E-01  1.536763E+01  4.912241E-07  1.000000E+00  2.616838E-03  4.024811E-38  7.924838E-18   5.000000E-01 NotAppl  2.265873E-12  2.066733E-10  
6.598618E+03  4.046308E-01  2.861545E-01  1.231879E-10  1.000000E+00  9.229227E+00  7.320336E-28  1.494308E-30   5.000000E-01 NotAppl  5.254634E-05  0.000000E+00  
1.379482E+02  3.074927E-04  1.065266E-02  2.609741E-01  1.000000E+00  5.032081E-03  2.108757E-24  1.804167E-08   0.000000E+00 LZ5Tmedian  8.248888E+00  0.000000E+00  
1.300581E+03  5.256071E-04  1.370792E-02  -2.148082E-05  1.000000E+00  6.118809E-01  1.291962E-26  1.241155E-18   5.000000E-01 NotAppl  4.848686E-03  0.000000E+00  
4.648193E+03  1.274456E-04  1.575117E+02  -2.582755E+00  1.000000E+00  7.999583E-04  5.869426E-24  1.340853E-09   5.641245E-02 LZ5Tmedian  6.099907E-01  0.000000E+00  
1.412914E+03  4.487533E+00  -4.291711E+00  -2.215465E-04  1.000000E+00  2.918622E-01  2.277941E-26  1.114993E-16   5.000000E-01 NotAppl  7.838476E-03  0.000000E+00  
7.596423E+01  1.825868E-01  3.250514E+01  -1.882166E-10  1.000000E+00  6.422038E-03  2.335606E-44  3.186466E-26   5.000000E-01 NotAppl  1.913968E-19  0.000000E+00  
9.066439E+02  3.102081E-03  1.603033E-01  2.158731E-05  1.000000E+00  3.079343E-01  2.642325E-26  2.617714E-18   5.000000E-01 NotAppl  1.436905E-02  0.000000E+00  
3.248616E+01  8.611360E+00  -8.610797E+00  9.422489E-03  1.000000E+00  6.129791E-03  2.487871E-29  4.505639E-10   3.804168E-25 LZ5Tmedian  4.960702E-04  3.293684E-02  
2.515109E+03  1.086580E+01  -9.636969E+00  -7.646507E-07  1.000000E+00  8.605457E-02  7.323749E-26  4.101113E-22   5.000000E-01 NotAppl  1.392656E-02  0.000000E+00  
5.442318E+02  1.203628E-01  -1.135451E-01  9.219898E-04  1.000000E+00  1.165154E-01  7.210259E-26  1.354786E-14   5.000000E-01 NotAppl  6.643228E-02  0.000000E+00  
2.541112E+02  7.587997E-02  -7.389654E-02  1.052136E-06  1.000000E+00  2.750041E-02  3.097908E-25  8.385060E-20   5.000000E-01 NotAppl  6.303562E-01  0.000000E+00  
1.201274E+02  4.023252E-01  9.458826E-01  -3.961737E+00  1.000000E+00  2.355002E-05  1.604958E-22  5.520874E-06   0.000000E+00 XENON1T_2018  7.276080E+02  0.000000E+00  
6.566004E+02  7.706487E-04  2.416451E-02  -7.123203E-07  1.000000E+00  1.669476E-01  4.989689E-26  5.509797E-21   5.000000E-01 NotAppl  3.785516E-02  0.000000E+00  
4.102579E+02  1.515628E+02  -1.499009E+02  -7.772979E+00  1.000000E+00  1.980739E-05  3.450563E-22  1.716416E-06   0.000000E+00 XENON1T_2018  5.167224E+02  0.000000E+00  
3.039694E+03  3.056429E+00  9.895095E+02  1.876953E-10  1.000000E+00  2.771845E-05  1.889804E-22  1.681073E-29   5.000000E-01 NotAppl  3.023153E+01  0.000000E+00  
2.728804E+03  8.017007E-04  5.413344E-01  -1.129672E-07  1.000000E+00  2.398377E+00  3.033438E-27  7.581719E-24   5.000000E-01 NotAppl  5.332176E-04  0.000000E+00  
7.953163E+02  1.602755E-01  1.593157E+02  2.347213E-03  1.000000E+00  8.768811E-04  5.570627E-24  4.044126E-14   5.000000E-01 NotAppl  3.524159E+00  0.000000E+00  
4.003115E+02  1.506955E-03  2.137257E+00  -3.341992E-10  1.000000E+00  6.196825E-02  1.323465E-25  3.336321E-27   5.000000E-01 NotAppl  1.677681E-01  0.000000E+00  
7.904728E+02  1.466043E+00  2.651694E+02  2.897874E-03  1.000000E+00  3.674136E-04  1.339581E-23  6.241625E-14   5.000000E-01 NotAppl  8.528046E+00  0.000000E+00  
1.372378E+02  3.514078E-01  -6.833653E-02  -6.564486E-05  1.000000E+00  8.875651E-03  8.832651E-25  1.153667E-15   5.000000E-01 NotAppl  3.461391E+00  0.000000E+00  
2.895336E+01  1.379851E+00  1.308699E+01  -1.779579E-05  1.000000E+00  5.817474E-03  7.741214E-35  2.029306E-15   5.000000E-01 NotAppl  1.751464E-09  1.722262E-07  
1.054374E+01  5.927043E+01  -5.804291E+01  1.557405E-03  1.000000E+00  8.028466E-01  3.740950E-31  1.167045E-10   2.661824E-01 NotAppl  2.644553E-05  3.376034E-03  
1.017872E+02  1.093633E-01  -8.860906E-02  -2.173073E-09  1.000000E+00  5.949503E-03  1.227517E-24  2.332799E-24   5.000000E-01 NotAppl  6.554471E+00  0.000000E+00  
6.084617E+03  2.623080E-03  9.193551E-01  -1.784442E-03  1.000000E+00  6.973005E+00  8.229726E-28  3.702372E-16   5.000000E-01 NotAppl  6.429021E-05  0.000000E+00  
8.109265E+02  1.797365E+01  -1.792678E+01  -3.038386E-04  1.000000E+00  2.939515E-02  2.172861E-25  6.512737E-16   5.000000E-01 NotAppl  1.323736E-01  0.000000E+00  
4.647529E+03  4.690789E+00  -4.267341E-01  2.153319E-09  1.000000E+00  3.816576E-01  1.890704E-26  9.323792E-28   5.000000E-01 NotAppl  1.933315E-03  0.000000E+00  
4.027550E+03  1.430434E-02  -5.478177E-03  -6.501902E-06  1.000000E+00  5.343040E+00  1.358185E-27  1.137324E-20   5.000000E-01 NotAppl  1.605409E-04  0.000000E+00  
4.618588E+03  1.906993E-01  -1.900256E-01  -7.032017E+00  1.000000E+00  2.147566E-02  5.655077E-25  1.006972E-08   3.655511E-10 LZ5Tmedian  6.160266E-02  0.000000E+00  
1.137894E+02  2.719718E+00  -2.708669E+00  4.010562E-07  1.000000E+00  6.028790E-03  1.149405E-24  6.322743E-20   5.000000E-01 NotAppl  5.466441E+00  0.000000E+00  
1.287833E+02  4.189437E+01  -4.790384E+00  5.573106E-06  1.000000E+00  1.713566E-03  1.775846E-24  9.472919E-18   5.000000E-01 NotAppl  7.449642E+00  0.000000E+00  
6.542156E+02  8.259327E-03  1.218666E+00  3.294499E-05  1.000000E+00  1.615475E-01  5.069739E-26  1.187389E-17   5.000000E-01 NotAppl  3.861235E-02  0.000000E+00  
1.100146E+03  1.581254E+02  -1.163118E+02  -4.294788E-02  1.000000E+00  3.270377E-04  1.299899E-23  6.980900E-12   5.000000E-01 NotAppl  5.781537E+00  0.000000E+00  
1.123640E+02  5.668374E+02  -5.668371E+02  2.092375E-04  1.000000E+00  1.571943E-03  3.565639E-24  1.766024E-14   5.000000E-01 NotAppl  1.744619E+01  0.000000E+00  
1.225240E+02  1.098416E+00  1.452006E+02  -1.001507E-06  1.000000E+00  2.578779E-03  1.839403E-24  3.388107E-19   5.000000E-01 NotAppl  7.984233E+00  0.000000E+00  
8.062546E+02  7.085991E+00  4.112382E+01  2.044649E-01  1.000000E+00  6.463329E-03  7.900841E-25  2.984284E-10   2.605050E-02 LZ5Tmedian  4.923781E-01  0.000000E+00  
2.171690E+03  4.362399E-01  7.313338E+02  -4.683020E-01  1.000000E+00  5.168163E-05  1.004807E-22  2.074384E-10   3.869544E-01 NotAppl  2.268339E+01  0.000000E+00  
1.131718E+03  1.204517E+01  -1.204501E+01  -9.952612E-01  1.000000E+00  5.495821E-02  1.145387E-25  3.538560E-09   3.667975E-14 LZ5Tmedian  5.536460E-02  0.000000E+00  
6.557730E+03  5.568840E-02  1.115465E+00  1.212322E-03  1.000000E+00  6.040824E+00  8.868826E-28  1.467666E-16   5.000000E-01 NotAppl  6.436218E-05  0.000000E+00  
2.362811E+01  3.281487E-04  6.950408E-05  -3.537281E-05  1.000000E+00  2.780433E-03  2.613982E-34  1.208758E-14   5.000000E-01 NotAppl  7.391091E-09  1.654670E-06  
3.874031E+03  1.838863E+01  -1.838672E+01  3.354173E-09  1.000000E+00  3.135936E-02  2.001701E-25  3.275768E-27   5.000000E-01 NotAppl  2.448414E-02  0.000000E+00  
7.375329E+03  7.415297E-03  -5.635060E-03  -3.951134E-04  1.000000E+00  1.727253E+01  4.054729E-28  1.227898E-17   5.000000E-01 NotAppl  2.594801E-05  0.000000E+00  
3.744870E+01  1.222529E+00  -8.540351E-01  -1.142482E-05  1.000000E+00  9.125022E-05  4.688245E-35  4.963756E-16   5.000000E-01 NotAppl  8.044495E-10  1.458554E-07  
6.331509E+03  6.941184E+02  -6.941090E+02  -1.588978E-04  1.000000E+00  3.015260E-05  2.544237E-22  2.707742E-18   5.000000E-01 NotAppl  1.889779E+01  0.000000E+00  
1.708586E+03  6.818619E+02  -6.732255E+02  -8.627896E-01  1.000000E+00  3.817682E-05  1.753112E-22  1.147891E-09   1.269718E-03 LZ5Tmedian  4.953843E+01  0.000000E+00  
3.008002E+01  2.059975E-01  9.870522E-01  -8.065109E-07  1.000000E+00  2.435411E-03  1.655564E-37  3.858062E-18   5.000000E-01 NotAppl  3.593019E-12  8.078755E-10  
6.853670E+03  3.231247E+01  9.313914E+02  1.421543E-04  1.000000E+00  2.376082E-05  2.176170E-22  1.844851E-18   5.000000E-01 NotAppl  1.524350E+01  0.000000E+00  
3.743142E+03  7.796829E-04  2.914422E-01  -6.483064E+00  1.000000E+00  1.658757E-02  7.376241E-25  1.312392E-08   6.802989E-16 LZ5Tmedian  9.955340E-02  0.000000E+00  
1.787125E+02  8.342394E+02  -8.342392E+02  1.598973E-03  1.000000E+00  5.148140E-04  1.173269E-23  3.983656E-13   5.000000E-01 NotAppl  3.585986E+01  0.000000E+00  
2.773306E+03  2.603633E-01  4.426251E+01  -4.078708E-01  1.000000E+00  9.235335E-03  4.826350E-25  9.563241E-11   5.000000E-01 NotAppl  8.483608E-02  0.000000E+00  
1.034603E+01  2.375452E+01  -2.375305E+01  -1.997593E+00  1.000000E+00  1.288560E-02  4.683312E-25  1.992364E-04   0.000000E+00 XENON1T_2018  3.383213E+01  2.748017E-01  
5.191585E+01  2.772979E-02  3.742849E-01  2.216601E-09  1.000000E+00  2.254393E-03  7.444904E-42  9.610549E-24   5.000000E-01 NotAppl  9.085334E-17  3.901503E-15  
1.840916E+01  4.532331E+01  1.740993E+01  2.576590E-08  1.000000E+00  2.322108E+06  1.239816E-40  1.058928E-20   5.000000E-01 NotAppl  4.609296E-15  9.069484E-13  
3.748545E+03  2.883008E+00  -2.882582E+00  -6.301534E-02  1.000000E+00  9.732905E-01  5.701085E-27  1.236291E-12   5.000000E-01 NotAppl  7.226678E-04  0.000000E+00  
1.827260E+03  3.312801E-02  8.359618E+02  3.311090E-06  1.000000E+00  4.510623E-05  1.165366E-22  1.474320E-20   5.000000E-01 NotAppl  3.140658E+01  0.000000E+00  
2.061755E+01  1.675228E-01  -1.674206E-01  3.819234E-04  1.000000E+00  3.783948E-03  2.845828E-32  1.853765E-12   5.000000E-01 NotAppl  9.329690E-07  1.964172E-04  
9.636989E+02  8.054693E+00  -7.962327E+00  4.619658E-09  1.000000E+00  1.072143E-01  6.115290E-26  1.058353E-25   5.000000E-01 NotAppl  3.118371E-02  0.000000E+00  
1.310505E+02  7.080413E-03  8.602187E+02  -1.297626E-03  1.000000E+00  1.654634E-03  2.738771E-24  4.955077E-13   5.000000E-01 NotAppl  1.099865E+01  0.000000E+00  
5.459802E+01  2.368511E+02  -2.368505E+02  1.362861E-05  1.000000E+00  3.250344E-03  4.821854E-34  3.278484E-16   5.000000E-01 NotAppl  5.564142E-09  1.291685E-07  
8.429691E+03  4.035471E-02  1.836897E+01  -6.079976E-10  1.000000E+00  4.978752E-02  9.163631E-26  2.214716E-29   5.000000E-01 NotAppl  5.202772E-03  0.000000E+00  
1.556843E+03  6.318196E+00  -6.314492E+00  -6.099527E-09  1.000000E+00  1.935981E-01  3.245237E-26  6.934712E-26   5.000000E-01 NotAppl  1.010001E-02  0.000000E+00  
2.045661E+03  2.658996E-04  1.693776E+01  1.260386E-10  1.000000E+00  5.564108E-02  8.203126E-26  1.697274E-29   5.000000E-01 NotAppl  1.966874E-02  0.000000E+00  
4.789202E+02  5.758410E-02  1.965531E-01  -1.976609E-01  1.000000E+00  6.924726E-02  1.333485E-25  8.087245E-10   6.999111E-08 LZ5Tmedian  1.438257E-01  0.000000E+00  
9.227723E+01  2.952397E+01  1.396126E+02  -5.189472E-05  1.000000E+00  2.203557E-03  1.229723E-24  1.626633E-15   5.000000E-01 NotAppl  7.338808E+00  0.000000E+00  
3.680500E+01  6.172458E-02  1.696448E+02  1.715138E-08  1.000000E+00  2.138017E-04  1.018672E-40  1.158796E-21   5.000000E-01 NotAppl  1.780299E-15  3.396005E-13  
2.612798E+03  1.072543E-01  -1.071018E-01  1.965885E-09  1.000000E+00  2.312219E+00  3.228119E-27  2.508399E-27   5.000000E-01 NotAppl  5.928795E-04  0.000000E+00  
2.079422E+02  7.584203E-01  3.672668E+00  5.501849E-08  1.000000E+00  1.578291E-02  4.567506E-25  3.457738E-22   5.000000E-01 NotAppl  1.145624E+00  0.000000E+00  
5.548579E+01  1.206511E-03  1.980699E+01  4.395029E-02  1.000000E+00  3.000614E-03  6.271392E-27  3.299196E-09   8.256728E-175 LZ5Tmedian  7.141838E-02  2.640280E-01  
9.536773E+02  7.365714E-03  -5.461621E-03  -3.706292E-01  1.000000E+00  1.621322E-01  6.133999E-26  6.959194E-10   7.414601E-04 LZ5Tmedian  3.296512E-02  0.000000E+00  
2.568124E+02  9.319315E-04  2.724817E-01  -1.002546E-04  1.000000E+00  2.793146E-02  3.038639E-25  7.450147E-16   5.000000E-01 NotAppl  6.115067E-01  0.000000E+00  
2.664703E+01  2.418348E+00  6.060573E+01  1.005367E-09  1.000000E+00  1.892774E-02  2.293405E-43  7.660617E-24   5.000000E-01 NotAppl  5.684626E-18  1.239788E-15  
2.409231E+02  1.598059E+01  4.462459E+01  -1.655733E-03  1.000000E+00  2.909913E-03  1.184949E-24  2.316100E-13   5.000000E-01 NotAppl  2.544060E+00  0.000000E+00  
7.635451E+03  1.610074E+00  1.268132E+00  3.378064E-05  1.000000E+00  1.557774E+00  4.145939E-27  8.365187E-20   5.000000E-01 NotAppl  2.578351E-04  0.000000E+00  
8.044717E+01  6.485206E+02  -6.484200E+02  -2.777485E-09  1.000000E+00  8.735524E-03  1.029554E-25  6.171914E-24   5.000000E-01 NotAppl  7.378963E-01  0.000000E+00  
2.022686E+03  1.148992E+00  5.511777E+01  2.494718E-02  1.000000E+00  5.650910E-03  8.424488E-25  6.804093E-13   5.000000E-01 NotAppl  2.045458E-01  0.000000E+00  
4.529074E+03  8.890204E+01  -8.887915E+01  1.850767E-08  1.000000E+00  1.517583E-03  4.577252E-24  7.258441E-26   5.000000E-01 NotAppl  4.776087E-01  0.000000E+00  
8.347692E+01  2.857807E+02  6.451263E+01  1.231088E+00  1.000000E+00  9.016421E-05  3.494279E-23  1.124155E-06   0.000000E+00 XENON1T_2018  2.366147E+02  0.000000E+00  
1.359925E+01  9.357750E+02  -9.057059E+02  8.775760E-02  1.000000E+00  1.674856E+00  1.309719E-27  2.245406E-07   0.000000E+00 XENON1T_2018  6.876020E-02  3.189534E-01  
3.785789E+02  3.212497E-02  3.201298E+02  -1.103217E-04  1.000000E+00  4.429064E-04  1.100914E-23  4.075583E-16   5.000000E-01 NotAppl  1.488057E+01  0.000000E+00  
8.138103E+02  5.167262E-02  5.356765E-01  -1.860361E-09  1.000000E+00  2.486366E-01  3.280213E-26  2.423956E-26   5.000000E-01 NotAppl  1.993939E-02  0.000000E+00  
3.074645E+03  1.570502E-01  6.444311E+00  6.510113E-08  1.000000E+00  3.270419E-01  1.408370E-26  1.974902E-24   5.000000E-01 NotAppl  2.220908E-03  0.000000E+00  
5.279116E+03  7.397008E+00  -5.714981E+00  9.935806E-09  1.000000E+00  1.919776E-01  3.382492E-26  1.531910E-26   5.000000E-01 NotAppl  3.022883E-03  0.000000E+00  
4.307918E+02  9.481158E+00  -9.352626E+00  8.991234E+00  1.000000E+00  5.614065E-05  1.792033E-22  2.078206E-06   0.000000E+00 XENON1T_2018  2.366299E+02  0.000000E+00  
2.090628E+02  2.584346E+00  -2.584107E+00  2.695006E-09  1.000000E+00  1.721467E-02  4.488238E-25  8.205623E-25   5.000000E-01 NotAppl  1.119806E+00  0.000000E+00  
1.976675E+03  1.444511E+00  -1.174816E+00  -1.814420E-01  1.000000E+00  1.093606E+00  6.432164E-27  3.771940E-11   5.000000E-01 NotAppl  1.602187E-03  0.000000E+00  
3.377961E+02  1.695387E-04  2.104060E-01  -1.161730E+00  1.000000E+00  2.813054E-03  4.499207E-24  5.706919E-08   0.000000E+00 LZ5Tmedian  7.566353E+00  0.000000E+00  
4.983862E+02  2.058326E-02  1.703487E+01  -1.086510E+00  1.000000E+00  7.507809E-03  1.263630E-24  2.252361E-08   2.085157E-192 LZ5Tmedian  1.400556E+00  0.000000E+00  
2.761757E+01  4.724250E+00  -4.723925E+00  -1.612816E-05  1.000000E+00  1.427197E-02  6.082084E-35  1.833917E-15   5.000000E-01 NotAppl  1.447652E-09  2.715641E-07  
1.408781E+03  5.750243E-01  -5.749131E-01  -8.296509E-01  1.000000E+00  1.184752E-01  9.133981E-26  1.572996E-09   1.559443E-05 LZ5Tmedian  3.348821E-02  0.000000E+00  
3.245453E+01  2.210784E-02  -1.593509E-02  4.676367E-02  1.000000E+00  1.766649E-03  6.119911E-28  1.111988E-08   0.000000E+00 XENON1T_2018  1.223377E-02  2.283688E-01  
3.136439E+03  1.252746E+02  4.814202E+02  -2.007094E-03  1.000000E+00  4.539349E-05  9.022719E-23  1.802665E-15   5.000000E-01 NotAppl  1.395055E+01  0.000000E+00  
9.519042E+02  1.487919E+01  -1.484435E+01  -1.022347E-09  1.000000E+00  4.196681E-02  1.516393E-25  5.315262E-27   5.000000E-01 NotAppl  7.827416E-02  0.000000E+00  
5.289716E+02  4.982997E-03  5.309556E+00  1.622663E-01  1.000000E+00  6.799876E-02  1.225292E-25  4.447651E-10   2.683775E-04 LZ5Tmedian  1.180139E-01  0.000000E+00  
1.493570E+02  6.550255E-02  7.098219E+01  1.612872E-10  1.000000E+00  3.982878E-03  1.404355E-24  5.855151E-27   5.000000E-01 NotAppl  4.970395E+00  0.000000E+00  
3.818930E+01  4.147999E-03  9.918211E-02  5.795654E-06  1.000000E+00  6.357398E-05  1.260571E-35  1.227539E-16   5.000000E-01 NotAppl  2.118697E-10  3.797891E-08  
5.791172E+02  1.723538E+00  1.613265E+00  2.403373E-08  1.000000E+00  1.101118E-01  6.874907E-26  8.107654E-24   5.000000E-01 NotAppl  5.943079E-02  0.000000E+00  
1.083956E+03  4.954985E+01  -1.177301E+01  1.272204E-08  1.000000E+00  2.610958E-03  1.763784E-24  6.313669E-25   5.000000E-01 NotAppl  7.994134E-01  0.000000E+00  
5.187676E+02  8.818267E+01  2.562846E+01  1.805236E-10  1.000000E+00  5.115857E-04  6.542764E-24  5.728557E-28   5.000000E-01 NotAppl  6.367838E+00  0.000000E+00  
7.611155E+03  8.428134E+01  -7.841954E+01  -1.045553E-06  1.000000E+00  1.679451E-03  4.159334E-24  8.065733E-23   5.000000E-01 NotAppl  2.564053E-01  0.000000E+00  
3.854870E+01  1.419331E-04  1.030650E-03  1.130095E-05  1.000000E+00  4.894201E-05  4.899539E-35  4.579235E-16   5.000000E-01 NotAppl  8.138302E-10  1.435967E-07  
1.262546E+03  1.608915E+02  -2.039958E+00  -1.190892E-06  1.000000E+00  1.845465E-04  1.932170E-23  4.052889E-21   5.000000E-01 NotAppl  7.498320E+00  0.000000E+00  
4.877014E+02  1.618091E+00  4.979430E+01  -3.955329E-09  1.000000E+00  6.571438E-03  7.218482E-25  3.120221E-25   5.000000E-01 NotAppl  7.520692E-01  0.000000E+00  
1.120725E+02  3.217845E+00  1.213082E+00  2.975330E-09  1.000000E+00  4.039179E-03  1.192014E-24  3.590051E-24   5.000000E-01 NotAppl  5.755701E+00  0.000000E+00  
1.919379E+02  7.183405E+00  -7.183184E+00  -2.471201E-05  1.000000E+00  1.225142E-02  5.505552E-25  8.219948E-17   5.000000E-01 NotAppl  1.502989E+00  0.000000E+00  
4.164007E+03  4.289834E-02  2.246882E-01  3.798110E-08  1.000000E+00  5.554434E+00  1.291072E-27  3.626641E-25   5.000000E-01 NotAppl  1.475608E-04  0.000000E+00  
1.082244E+02  2.742313E+00  2.681245E+02  9.954660E-07  1.000000E+00  2.266286E-03  1.752463E-24  4.317073E-19   5.000000E-01 NotAppl  8.680527E+00  0.000000E+00  
7.290713E+02  1.019404E+02  -1.019402E+02  -2.344898E-02  1.000000E+00  1.317123E-03  5.213831E-24  4.820858E-12   5.000000E-01 NotAppl  3.545102E+00  0.000000E+00  
2.319565E+03  3.726195E+01  -3.543999E+01  -4.105228E-06  1.000000E+00  8.050646E-03  8.107406E-25  1.393916E-20   5.000000E-01 NotAppl  1.674258E-01  0.000000E+00  
1.904443E+03  1.382894E-04  3.485988E-05  -1.103998E-04  1.000000E+00  1.265006E+00  6.050316E-27  1.506502E-17   5.000000E-01 NotAppl  1.535622E-03  0.000000E+00  
2.078918E+01  2.616044E+00  2.033200E+01  1.443687E-03  1.000000E+00  7.813223E-02  4.080960E-31  2.605048E-11   1.159328E-01 NotAppl  1.326532E-05  7.325835E-04  
1.179785E+01  7.027446E-03  -5.692437E-03  8.830317E-02  1.000000E+00  9.690493E-04  1.263037E-27  3.009482E-07   0.000000E+00 XENON1T_2018  7.824119E-02  2.443960E-01  
8.234348E+02  9.006038E+02  -8.299725E+02  6.361732E-04  1.000000E+00  2.471605E-05  1.565039E-22  2.767266E-15   5.000000E-01 NotAppl  9.383850E+01  0.000000E+00  
5.419165E+01  1.372103E+01  1.011191E+02  9.537624E-06  1.000000E+00  6.420542E-01  2.150891E-34  1.630295E-16   5.000000E-01 NotAppl  2.509994E-09  6.475051E-08  
2.487401E+01  5.007189E-04  1.189973E+01  -6.314107E-05  1.000000E+00  1.843396E-03  8.601425E-34  3.472316E-14   5.000000E-01 NotAppl  2.300983E-08  3.038700E-06  
1.116695E+02  1.395825E+02  -1.247353E+02  3.566008E-05  1.000000E+00  1.121627E-03  2.689804E-24  5.195204E-16   5.000000E-01 NotAppl  1.319209E+01  0.000000E+00  
4.891373E+01  8.858780E-02  3.172170E+00  -1.577564E+00  1.000000E+00  1.229184E-03  1.835195E-24  5.496256E-06   0.000000E+00 XENON1T_2018  2.345437E+01  2.586748E-01  
6.185944E+02  2.373331E-04  4.216003E-03  2.608943E+00  1.000000E+00  3.341054E-03  3.921914E-24  8.349075E-08   0.000000E+00 LZ5Tmedian  3.279392E+00  0.000000E+00  
1.707959E+02  1.760235E+01  -1.558744E+01  1.985905E-01  1.000000E+00  3.269501E-03  1.546785E-24  6.742928E-09   7.520744E-159 LZ5Tmedian  4.900331E+00  0.000000E+00  
2.024219E+02  4.297977E-04  1.859009E-01  -4.116915E+00  1.000000E+00  1.046403E-05  1.471523E-21  2.045803E-06   0.000000E+00 XENON1T_2018  4.546037E+03  0.000000E+00  
2.007931E+01  4.947487E-04  2.839062E-03  3.086381E-02  1.000000E+00  2.244667E-03  1.838090E-28  1.276642E-08   0.000000E+00 LZ5Tmedian  6.208009E-03  2.093543E-01  
2.097461E+01  4.526949E-03  1.326198E+00  1.318516E-01  1.000000E+00  1.516045E-03  3.417704E-27  2.134476E-07   0.000000E+00 XENON1T_2018  1.100262E-01  2.460414E-01  
9.631588E+02  2.275600E-02  2.855366E-02  5.843499E-06  1.000000E+00  3.458627E-01  2.343796E-26  1.695330E-19   5.000000E-01 NotAppl  1.197556E-02  0.000000E+00  
1.345848E+01  5.582384E+00  -5.581755E+00  1.300885E-07  1.000000E+00  1.177656E-01  2.868648E-39  5.036745E-19   5.000000E-01 NotAppl  1.524303E-13  2.137869E-11  
6.635741E+01  3.088375E-01  7.798764E+01  1.063989E-04  1.000000E+00  5.336279E-03  1.030281E-31  1.342115E-14   5.000000E-01 NotAppl  9.705906E-07  0.000000E+00  
6.868263E+02  2.511921E+00  -2.432209E+00  -9.051269E-03  1.000000E+00  1.599142E-01  4.884838E-26  8.114503E-13   5.000000E-01 NotAppl  3.537528E-02  0.000000E+00  
2.433584E+01  1.455986E+02  -1.303806E+02  7.833476E-10  1.000000E+00  6.588460E+02  1.305154E-43  5.585571E-24   5.000000E-01 NotAppl  3.571750E-18  3.644037E-16  
4.403386E+03  4.199376E-02  -3.465454E-02  3.416749E-07  1.000000E+00  6.342885E+00  1.137451E-27  2.619537E-23   5.000000E-01 NotAppl  1.227955E-04  0.000000E+00  
1.313494E+01  2.065485E-01  -1.688045E-01  3.835208E-02  1.000000E+00  2.572273E-03  2.474053E-28  4.593630E-08   0.000000E+00 LZ5Tmedian  1.352247E-02  2.218961E-01  
5.593001E+01  7.778100E-01  8.149737E+02  -5.443005E-03  1.000000E+00  4.371829E-03  1.088544E-28  4.978508E-11   2.406809E-03 LZ5Tmedian  1.224626E-03  1.840635E-02  
9.440269E+02  4.427281E-01  -4.