MD1           DMP           DM3           l345          ld           Omegah2       sigV          protonSI      PvalDD        expName      CMB_ID        brH_DMDM      
2.579496E+01  7.702659E-01  5.805394E+01  1.313887E-10  1.000000E+00  5.313056E-03  3.820550E-45  1.397164E-25   5.000000E-01 NotAppl  9.817200E-20  2.235160E-17  
2.740918E+01  4.787824E-03  -4.666943E-03  -8.129811E-09  1.000000E+00  2.956633E-03  1.535221E-41  4.731747E-22   5.000000E-01 NotAppl  3.688620E-16  8.484855E-14  
1.940712E+02  1.280867E+00  -1.280202E+00  1.334864E-07  1.000000E+00  1.591607E-02  5.074877E-25  2.344712E-21   5.000000E-01 NotAppl  1.368471E+00  0.000000E+00  
1.416480E+02  1.794175E-01  3.267614E-01  1.961030E-07  1.000000E+00  9.347499E-03  8.417812E-25  9.649102E-21   5.000000E-01 NotAppl  3.193241E+00  0.000000E+00  
7.078994E+02  1.260124E-03  -8.154344E-04  1.615169E-07  1.000000E+00  1.926740E-01  4.303631E-26  2.429190E-22   5.000000E-01 NotAppl  3.020783E-02  0.000000E+00  
3.948974E+03  3.926664E-02  -3.354751E-02  -2.205427E-07  1.000000E+00  5.139518E+00  1.413468E-27  1.362054E-23   5.000000E-01 NotAppl  1.704533E-04  0.000000E+00  
4.558032E+02  1.465891E-04  4.697782E+01  9.374940E-02  1.000000E+00  7.246025E-03  7.131819E-25  2.013007E-10   1.352676E-02 LZ5Tmedian  7.969913E-01  0.000000E+00  
1.139644E+02  4.159969E-02  7.009902E-02  9.226636E-06  1.000000E+00  6.837061E-03  1.129009E-24  3.335901E-17   5.000000E-01 NotAppl  5.358818E+00  0.000000E+00  
2.539403E+01  1.223111E-01  -1.222024E-01  9.914375E-05  1.000000E+00  3.754776E-03  2.151023E-33  8.210905E-14   5.000000E-01 NotAppl  5.619324E-08  1.282611E-05  
1.757758E+03  1.161639E-04  4.387855E-03  3.645424E-06  1.000000E+00  1.085762E+00  7.097298E-27  1.934063E-20   5.000000E-01 NotAppl  1.955476E-03  0.000000E+00  
6.438482E+03  1.550030E+01  -1.550019E+01  2.157068E-08  1.000000E+00  4.389998E-02  1.421034E-25  4.822943E-26   5.000000E-01 NotAppl  1.037745E-02  0.000000E+00  
6.244921E+03  2.069724E-01  1.386270E-01  6.979971E-07  1.000000E+00  1.120048E+01  6.229670E-28  5.373183E-23   5.000000E-01 NotAppl  4.721673E-05  0.000000E+00  
1.502035E+01  5.597641E+01  4.697691E+02  -5.003740E-07  1.000000E+00  4.762143E+06  4.387491E-38  5.993285E-18   5.000000E-01 NotAppl  2.054239E-12  3.473473E-10  
3.615560E+01  3.964217E-04  1.307857E-03  1.693399E-02  1.000000E+00  3.385981E-04  9.584444E-29  1.171196E-09   3.571343E-66 LZ5Tmedian  1.703984E-03  1.429837E-01  
2.444774E+03  9.259240E+00  7.777146E+00  4.788044E-09  1.000000E+00  4.959156E-02  1.318605E-25  1.703635E-26   5.000000E-01 NotAppl  2.613648E-02  0.000000E+00  
2.436903E+01  2.370190E-03  9.545314E+01  -1.167197E-09  1.000000E+00  1.806458E-03  2.900250E-43  1.236668E-23   5.000000E-01 NotAppl  7.931821E-18  1.792027E-15  
3.147332E+02  6.517152E+02  -6.509731E+02  -1.251499E-02  1.000000E+00  1.912393E-04  3.388843E-23  7.654728E-12   5.000000E-01 NotAppl  5.547063E+01  0.000000E+00  
2.591749E+01  3.953569E-04  3.938821E-02  4.326124E-04  1.000000E+00  2.816254E-03  4.156500E-32  1.500260E-12   5.000000E-01 NotAppl  1.062442E-06  2.430116E-04  
1.168735E+02  8.079257E+00  -6.525833E+00  4.634665E-03  1.000000E+00  4.197016E-03  1.193768E-24  7.993228E-12   5.000000E-01 NotAppl  5.527967E+00  0.000000E+00  
8.655664E+03  1.416973E+01  -1.408430E+01  7.586586E+00  1.000000E+00  1.947287E-02  5.206057E-25  3.270477E-09   2.304567E-02 LZ5Tmedian  2.879561E-02  0.000000E+00  
1.463475E+03  2.968631E-03  1.783842E+00  2.191969E-09  1.000000E+00  6.576188E-01  1.108384E-26  1.015950E-26   5.000000E-01 NotAppl  3.690350E-03  0.000000E+00  
1.045290E+03  1.142532E-01  3.949632E+02  9.363237E-09  1.000000E+00  1.806065E-04  2.821388E-23  3.683122E-25   5.000000E-01 NotAppl  1.348670E+01  0.000000E+00  
3.015066E+01  1.834628E-03  2.838779E+01  -9.482327E-06  1.000000E+00  1.960886E-03  2.294544E-35  5.307812E-16   5.000000E-01 NotAppl  4.967082E-10  2.399680E-08  
6.617745E+01  1.730069E+02  -1.716476E+02  1.244237E-10  1.000000E+00  1.478002E-02  1.553622E-43  1.845563E-26   5.000000E-01 NotAppl  1.476181E-18  0.000000E+00  
1.022111E+01  3.016205E-03  -1.029648E-03  8.888903E-06  1.000000E+00  7.368525E-04  1.199296E-35  4.039754E-15   5.000000E-01 NotAppl  8.794005E-10  1.113459E-07  
1.480359E+02  3.153332E+01  -3.087081E+01  -7.373718E-03  1.000000E+00  4.682696E-03  1.163337E-24  1.246295E-11   4.658792E-01 NotAppl  4.249217E+00  0.000000E+00  
2.133867E+01  5.460440E-04  -1.612025E-04  -1.286038E-08  1.000000E+00  2.467671E-03  3.276507E-41  1.961581E-21   5.000000E-01 NotAppl  1.034987E-15  2.220542E-13  
1.751700E+03  1.849598E+00  -1.843715E+00  2.544375E-05  1.000000E+00  7.736510E-01  9.163459E-27  9.488396E-19   5.000000E-01 NotAppl  2.531578E-03  0.000000E+00  
5.125214E+01  2.002347E-04  9.406330E+02  -1.029377E+00  1.000000E+00  1.591654E-03  1.389121E-24  2.127709E-06   0.000000E+00 XENON1T_2018  1.699998E+01  3.332058E-01  
8.150644E+01  4.047008E+01  -2.782264E+01  -1.281293E-04  1.000000E+00  5.138486E-03  4.221993E-25  1.278800E-14   5.000000E-01 NotAppl  2.964771E+00  0.000000E+00  
6.225386E+03  9.063908E+01  -9.023988E+01  -4.363328E-06  1.000000E+00  1.461171E-03  4.782782E-24  2.113125E-21   5.000000E-01 NotAppl  3.613984E-01  0.000000E+00  
4.567846E+01  2.912963E+02  -1.717648E+02  -5.043299E-07  1.000000E+00  3.518968E+04  1.710423E-37  6.457360E-19   5.000000E-01 NotAppl  2.377899E-12  2.480531E-10  
1.716004E+02  1.926430E-03  7.049951E+00  4.624569E-05  1.000000E+00  1.127745E-02  6.355766E-25  3.621518E-16   5.000000E-01 NotAppl  1.976232E+00  0.000000E+00  
1.386120E+03  3.780554E-04  9.419902E+00  -5.099914E-06  1.000000E+00  1.435723E-01  3.516838E-26  6.143637E-20   5.000000E-01 NotAppl  1.251189E-02  0.000000E+00  
1.527860E+03  5.630962E+02  -5.630951E+02  1.870131E+00  1.000000E+00  5.517418E-05  1.369032E-22  6.773602E-09   7.978791E-20 LZ5Tmedian  4.339815E+01  0.000000E+00  
2.886662E+02  2.371468E+00  -2.289407E+00  -4.919535E-06  1.000000E+00  3.188788E-02  2.483120E-25  1.411887E-18   5.000000E-01 NotAppl  4.423664E-01  0.000000E+00  
3.163789E+03  9.329093E+02  -9.316753E+02  -9.493251E-05  1.000000E+00  2.013390E-05  3.776144E-22  3.962190E-18   5.000000E-01 NotAppl  5.677819E+01  0.000000E+00  
6.919609E+03  3.847376E-04  7.262092E+02  -1.812728E-10  1.000000E+00  4.128075E-05  1.279344E-22  2.938444E-30   5.000000E-01 NotAppl  8.873575E+00  0.000000E+00  
1.336302E+03  1.507411E-04  3.450482E+02  -6.088917E-08  1.000000E+00  2.069088E-04  2.450441E-23  9.436310E-24   5.000000E-01 NotAppl  9.103752E+00  0.000000E+00  
3.733116E+02  7.548254E-03  9.237552E+00  5.641601E-05  1.000000E+00  4.070856E-02  1.730673E-25  1.096796E-16   5.000000E-01 NotAppl  2.361410E-01  0.000000E+00  
7.239632E+02  1.822840E+01  -1.822815E+01  -6.021399E-01  1.000000E+00  3.502551E-02  1.524055E-25  3.224852E-09   9.246249E-20 LZ5Tmedian  1.134795E-01  0.000000E+00  
2.922921E+02  9.377283E+02  -4.379113E+02  -2.589927E-09  1.000000E+00  7.263656E-05  4.679648E-23  3.814386E-25   5.000000E-01 NotAppl  8.268271E+01  0.000000E+00  
1.332639E+02  1.256299E-04  2.851698E+02  -8.605976E-09  1.000000E+00  1.949408E-03  2.442311E-24  2.105912E-23   5.000000E-01 NotAppl  9.660469E+00  0.000000E+00  
3.944986E+01  5.230156E-03  -4.041133E-03  -1.292927E-04  1.000000E+00  3.226725E-05  6.792169E-33  5.718881E-14   5.000000E-01 NotAppl  1.103151E-07  1.851973E-05  
6.148452E+03  1.479199E+00  -1.474866E+00  -2.004721E-10  1.000000E+00  3.101357E+00  1.875381E-27  4.574722E-30   5.000000E-01 NotAppl  1.437546E-04  0.000000E+00  
3.410476E+02  2.427802E-02  1.900900E+02  1.687528E-06  1.000000E+00  9.136244E-04  5.281260E-24  1.180800E-19   5.000000E-01 NotAppl  7.938370E+00  0.000000E+00  
3.678232E+03  9.138078E-01  -9.136854E-01  -8.430484E+00  1.000000E+00  9.755666E-03  1.267866E-24  2.299663E-08   9.020362E-28 LZ5Tmedian  1.746015E-01  0.000000E+00  
1.343452E+03  1.190321E-04  4.880052E+00  1.330825E+00  1.000000E+00  3.757246E-02  2.933706E-25  4.458987E-09   5.202517E-15 LZ5Tmedian  1.117917E-01  0.000000E+00  
1.616882E+03  1.838802E+01  -1.838693E+01  2.489647E-01  1.000000E+00  2.660667E-02  2.596388E-25  1.069564E-10   5.000000E-01 NotAppl  7.776419E-02  0.000000E+00  
2.152282E+02  2.598612E-02  3.627915E+01  -1.982434E-08  1.000000E+00  8.278285E-03  7.077713E-25  4.183358E-23   5.000000E-01 NotAppl  1.707050E+00  0.000000E+00  
5.399229E+03  1.075525E-01  2.793259E+02  -3.709625E-07  1.000000E+00  2.532351E-04  2.001004E-23  2.039980E-23   5.000000E-01 NotAppl  1.785701E+00  0.000000E+00  
6.841068E+02  6.767020E+02  -6.458022E+02  3.602021E-01  1.000000E+00  4.235627E-05  9.991809E-23  1.295556E-09   8.227508E-09 LZ5Tmedian  7.259538E+01  0.000000E+00  
3.996933E+02  7.151236E-02  -3.317997E-02  3.002488E+00  1.000000E+00  1.145256E-03  1.177857E-23  2.701434E-07   0.000000E+00 XENON1T_2018  1.527702E+01  0.000000E+00  
8.254026E+02  4.041137E+01  -4.040817E+01  -4.680933E-09  1.000000E+00  6.999227E-03  9.383755E-25  1.490897E-25   5.000000E-01 NotAppl  5.611790E-01  0.000000E+00  
2.230326E+01  5.379562E+00  -4.918225E+00  6.737114E-02  1.000000E+00  3.574627E-02  9.187749E-28  4.925182E-08   0.000000E+00 XENON1T_2018  2.763464E-02  2.145538E-01  
2.073513E+01  1.199654E-02  4.979133E+01  -8.243529E-09  1.000000E+00  1.458148E-03  1.329072E-41  8.538221E-22   5.000000E-01 NotAppl  4.332505E-16  9.157347E-14  
8.714558E+02  2.040602E+02  -1.912355E+02  -1.877262E-04  1.000000E+00  2.814091E-04  1.910267E-23  2.146242E-16   5.000000E-01 NotAppl  1.080061E+01  0.000000E+00  
1.341308E+02  3.451182E+01  -3.028693E+01  4.134311E-05  1.000000E+00  2.854271E-03  1.377713E-24  4.795932E-16   5.000000E-01 NotAppl  5.569060E+00  0.000000E+00  
1.148683E+02  1.467873E+00  -1.464444E+00  -1.495715E-08  1.000000E+00  6.502986E-03  1.128278E-24  8.625624E-23   5.000000E-01 NotAppl  5.313180E+00  0.000000E+00  
8.195585E+03  8.380032E+01  -7.402506E+01  -7.734975E-10  1.000000E+00  1.704863E-03  4.132143E-24  3.795245E-29   5.000000E-01 NotAppl  2.363895E-01  0.000000E+00  
2.840869E+02  1.061426E+01  -1.061291E+01  3.175936E-06  1.000000E+00  2.092388E-02  3.156529E-25  6.080199E-19   5.000000E-01 NotAppl  5.725599E-01  0.000000E+00  
2.250673E+02  5.397291E-04  4.771475E+02  -1.917593E-03  1.000000E+00  6.113777E-04  7.595458E-24  3.571605E-13   5.000000E-01 NotAppl  1.742573E+01  0.000000E+00  
1.477183E+02  8.361416E-01  -7.789245E-01  -7.286727E-04  1.000000E+00  9.983473E-03  7.878871E-25  1.222433E-13   5.000000E-01 NotAppl  2.861068E+00  0.000000E+00  
9.493063E+01  1.966430E+01  -1.966358E+01  1.543165E-06  1.000000E+00  4.155115E-03  1.318371E-24  1.357169E-18   5.000000E-01 NotAppl  7.602732E+00  0.000000E+00  
3.468683E+02  4.063881E-01  -4.060921E-01  -4.812787E-03  1.000000E+00  4.904330E-02  1.721290E-25  9.277318E-13   5.000000E-01 NotAppl  2.532100E-01  0.000000E+00  
1.025366E+01  4.228523E+02  -4.226265E+02  -5.031069E-05  1.000000E+00  2.349886E-01  3.848437E-34  1.286125E-13   5.000000E-01 NotAppl  2.811359E-08  3.567635E-06  
7.174107E+02  2.572891E+00  -2.483473E+00  6.357766E-10  1.000000E+00  1.701083E-01  4.583840E-26  3.662608E-27   5.000000E-01 NotAppl  3.173087E-02  0.000000E+00  
1.345326E+02  2.998052E-04  1.721936E+02  -3.725153E-02  1.000000E+00  2.495022E-03  1.915884E-24  3.869833E-10   6.498562E-12 LZ5Tmedian  7.526951E+00  0.000000E+00  
6.125519E+03  3.349396E-01  -2.054603E-01  2.350963E-10  1.000000E+00  1.058031E+01  6.584362E-28  6.335666E-30   5.000000E-01 NotAppl  5.083556E-05  0.000000E+00  
4.895008E+01  3.965882E-03  1.978080E+00  -4.585549E-07  1.000000E+00  1.576296E-03  2.049840E-37  4.636799E-19   5.000000E-01 NotAppl  2.651905E-12  1.799664E-10  
6.597799E+01  6.728762E-01  1.271898E+02  -5.589580E-06  1.000000E+00  6.037774E-03  3.516245E-34  3.747640E-17   5.000000E-01 NotAppl  3.332241E-09  0.000000E+00  
4.911643E+02  5.161041E+01  -5.160094E+01  2.333125E-07  1.000000E+00  4.475931E-03  1.456112E-24  1.070068E-21   5.000000E-01 NotAppl  1.493839E+00  0.000000E+00  
5.120600E+03  4.261687E-01  1.954910E+00  -6.493992E-10  1.000000E+00  2.137988E+00  2.478345E-27  6.963263E-29   5.000000E-01 NotAppl  2.318623E-04  0.000000E+00  
2.149144E+02  3.696076E+01  -3.695971E+01  2.032547E-10  1.000000E+00  5.903984E-03  1.035964E-24  4.410686E-27   5.000000E-01 NotAppl  2.526079E+00  0.000000E+00  
9.413779E+02  6.110121E+00  -6.096330E+00  -3.617391E-08  1.000000E+00  1.464767E-01  4.629491E-26  6.807380E-24   5.000000E-01 NotAppl  2.419224E-02  0.000000E+00  
9.706192E+03  1.272988E-01  5.901640E+00  2.352076E-10  1.000000E+00  4.321038E-01  1.005403E-26  2.492695E-30   5.000000E-01 NotAppl  4.947596E-04  0.000000E+00  
4.284031E+02  1.881848E-03  6.867692E-03  6.321267E-04  1.000000E+00  7.395545E-02  1.147981E-25  1.038960E-14   5.000000E-01 NotAppl  1.355859E-01  0.000000E+00  
1.075111E+01  3.051507E-03  1.409178E-02  -6.673060E+00  1.000000E+00  7.580494E-04  1.496054E-25  2.062445E-03   0.000000E+00 XENON1T_2018  1.028363E+01  2.500032E-01  
5.672893E+02  6.112825E-02  2.328092E+01  -9.933580E-06  1.000000E+00  2.493428E-02  2.067607E-25  1.444727E-18   5.000000E-01 NotAppl  1.840759E-01  0.000000E+00  
2.344734E+01  5.162193E-02  3.509336E-01  2.018815E-09  1.000000E+00  2.379288E-03  8.476497E-43  3.998663E-23   5.000000E-01 NotAppl  2.416735E-17  5.393485E-15  
1.608573E+01  7.133869E-01  6.775487E+01  -1.657062E-05  1.000000E+00  5.891826E-03  4.911116E-35  5.734667E-15   5.000000E-01 NotAppl  2.126418E-09  3.783767E-07  
1.060147E+03  2.659141E+01  1.588508E+01  -3.605940E-05  1.000000E+00  5.587253E-03  8.899712E-25  5.307513E-18   5.000000E-01 NotAppl  4.153446E-01  0.000000E+00  
7.194806E+02  3.014539E+00  -1.174460E+00  -3.260320E-07  1.000000E+00  1.575251E-01  4.798608E-26  9.575171E-22   5.000000E-01 NotAppl  3.312790E-02  0.000000E+00  
6.711552E+03  4.288841E+01  -4.288295E+01  -1.434154E-01  1.000000E+00  6.234734E-03  1.064346E-24  1.959398E-12   5.000000E-01 NotAppl  7.451869E-02  0.000000E+00  
2.174240E+02  1.977675E-04  1.001953E-04  -6.843163E-09  1.000000E+00  2.064714E-02  4.120857E-25  4.882120E-24   5.000000E-01 NotAppl  9.867751E-01  0.000000E+00  
2.074744E+01  1.540596E+01  -1.236593E+01  1.205799E-05  1.000000E+00  3.280458E-01  2.844397E-35  1.824623E-15   5.000000E-01 NotAppl  9.266352E-10  6.293854E-08  
1.510012E+03  4.191118E-02  -3.875701E-02  7.679586E-04  1.000000E+00  8.126118E-01  9.604055E-27  1.169921E-15   5.000000E-01 NotAppl  3.092273E-03  0.000000E+00  
3.241088E+01  2.650200E-04  1.082609E-02  6.301009E-04  1.000000E+00  1.753992E-03  1.108938E-31  2.024362E-12   5.000000E-01 NotAppl  2.219876E-06  4.839575E-04  
4.378808E+03  1.962468E+01  -1.962455E+01  5.238541E-05  1.000000E+00  2.772701E-02  2.275569E-25  6.228203E-19   5.000000E-01 NotAppl  2.457259E-02  0.000000E+00  
1.997441E+02  6.571841E+00  -6.564485E+00  3.245877E-05  1.000000E+00  1.345667E-02  5.099939E-25  1.306882E-16   5.000000E-01 NotAppl  1.335209E+00  0.000000E+00  
2.775610E+03  3.615476E-01  -3.603233E-01  -2.585161E+00  1.000000E+00  5.517548E-02  2.105453E-25  3.835313E-09   1.067977E-06 LZ5Tmedian  3.858755E-02  0.000000E+00  
1.008059E+02  1.098212E+02  -1.033186E+02  7.363437E-04  1.000000E+00  1.538765E-03  2.109236E-24  2.732210E-13   5.000000E-01 NotAppl  1.146876E+01  0.000000E+00  
6.675483E+01  1.540140E-04  2.090668E-02  -4.560933E-01  1.000000E+00  2.625840E-03  1.551746E-24  2.436285E-07   0.000000E+00 XENON1T_2018  1.465031E+01  0.000000E+00  
2.937035E+01  4.817110E-02  -8.911238E-03  -2.793439E-04  1.000000E+00  2.784768E-03  1.935561E-32  4.857596E-13   5.000000E-01 NotAppl  4.306353E-07  9.836905E-05  
2.208932E+01  3.694776E-03  2.836023E+01  3.604945E-10  1.000000E+00  1.574778E-03  2.617676E-44  1.437792E-24   5.000000E-01 NotAppl  7.962386E-19  3.371284E-17  
4.695200E+03  3.014609E-01  2.416811E+00  3.293517E-08  1.000000E+00  1.657544E+00  3.047685E-27  2.136237E-25   5.000000E-01 NotAppl  3.115730E-04  0.000000E+00  
1.847281E+03  1.283998E+02  -1.240193E+02  4.636780E-05  1.000000E+00  7.317467E-04  9.062388E-24  2.827731E-18   5.000000E-01 NotAppl  2.363765E+00  0.000000E+00  
2.461574E+02  1.848152E-04  1.149333E-01  -1.188585E-05  1.000000E+00  2.590034E-02  3.285648E-25  1.142128E-17   5.000000E-01 NotAppl  6.911286E-01  0.000000E+00  
3.588940E+01  5.482904E-04  3.505283E-02  5.285029E-03  1.000000E+00  4.041628E-04  9.204422E-30  1.158039E-10   3.451515E-07 LZ5Tmedian  1.649366E-04  2.886137E-02  
2.202110E+01  7.770638E+00  7.961335E+02  -9.812143E-08  1.000000E+00  2.281565E+00  1.936340E-39  1.071838E-19   5.000000E-01 NotAppl  5.909843E-14  8.734743E-12  
2.689577E+01  4.253946E-03  1.278565E+01  9.310953E+00  1.000000E+00  1.972727E-03  1.141344E-25  6.448353E-04   0.000000E+00 XENON1T_2018  3.036324E+00  2.589917E-01  
7.545248E+02  2.961785E-02  -2.710562E-02  3.713983E-07  1.000000E+00  2.175141E-01  3.795777E-26  1.127480E-21   5.000000E-01 NotAppl  2.494379E-02  0.000000E+00  
1.488024E+02  2.901697E-02  6.222250E+01  -3.037471E-10  1.000000E+00  4.385747E-03  1.309531E-24  2.092542E-26   5.000000E-01 NotAppl  4.659387E+00  0.000000E+00  
5.058120E+01  7.431288E+02  -7.430346E+02  4.196743E-08  1.000000E+00  1.362591E-03  2.154252E-39  3.632886E-21   5.000000E-01 NotAppl  2.701157E-14  1.478120E-12  
5.189740E+02  5.258559E+01  -1.205108E+01  -2.302798E-04  1.000000E+00  1.857985E-03  1.913301E-24  9.313897E-16   5.000000E-01 NotAppl  1.857251E+00  0.000000E+00  
7.009893E+03  2.329782E+00  2.917081E+02  -6.796046E-07  1.000000E+00  2.289386E-04  2.238328E-23  4.027798E-23   5.000000E-01 NotAppl  1.532234E+00  0.000000E+00  
1.041660E+02  3.076936E+00  6.393921E+02  -6.555101E-09  1.000000E+00  2.247408E-03  1.683863E-24  2.024518E-23   5.000000E-01 NotAppl  8.700975E+00  0.000000E+00  
5.062785E+02  8.061357E-01  -7.961006E-01  2.053765E-07  1.000000E+00  9.959100E-02  8.343265E-26  7.793229E-22   5.000000E-01 NotAppl  8.285464E-02  0.000000E+00  
6.750397E+01  1.795727E-03  1.023104E-01  -4.629379E-01  1.000000E+00  2.862525E-03  1.143825E-24  2.453412E-07   0.000000E+00 XENON1T_2018  1.067640E+01  0.000000E+00  
1.318409E+01  8.385730E-01  -7.491302E-01  -2.503682E-01  1.000000E+00  1.890057E-02  1.055550E-26  1.943251E-06   0.000000E+00 XENON1T_2018  5.744050E-01  2.505041E-01  
3.337832E+01  2.276701E+00  1.723641E+02  2.013579E-03  1.000000E+00  1.820033E-03  1.181731E-30  1.947602E-11   8.590501E-02 LZ5Tmedian  2.288539E-05  4.323689E-03  
2.516168E+03  1.613827E+01  -1.613799E+01  4.118914E-02  1.000000E+00  3.926176E-02  1.607577E-25  1.188964E-12   5.000000E-01 NotAppl  3.054725E-02  0.000000E+00  
6.525760E+02  1.504366E-03  6.015581E+01  1.287759E-03  1.000000E+00  5.079531E-03  9.325884E-25  1.823519E-14   5.000000E-01 NotAppl  7.218870E-01  0.000000E+00  
3.483116E+01  9.871020E-03  1.648620E-01  6.709020E-09  1.000000E+00  7.410653E-04  1.405276E-41  1.983057E-22   5.000000E-01 NotAppl  2.604034E-16  5.337461E-14  
8.075850E+03  1.831650E-04  2.083947E-04  5.643610E-05  1.000000E+00  2.060696E+01  3.381909E-28  2.083472E-19   5.000000E-01 NotAppl  1.974438E-05  0.000000E+00  
3.704376E+03  3.862501E+01  -3.862469E+01  -2.982956E-01  1.000000E+00  7.819816E-03  8.212573E-25  2.837886E-11   5.000000E-01 NotAppl  1.051405E-01  0.000000E+00  
1.575672E+02  1.644401E+00  1.134019E+00  -3.535522E-10  1.000000E+00  8.899820E-03  7.213483E-25  2.521187E-26   5.000000E-01 NotAppl  2.450141E+00  0.000000E+00  
9.149858E+03  6.492385E+01  -6.372436E+01  -1.335759E-04  1.000000E+00  2.797800E-03  2.473019E-24  9.057468E-19   5.000000E-01 NotAppl  1.265539E-01  0.000000E+00  
4.637244E+02  4.019495E+02  -3.999073E+02  -7.890125E+00  1.000000E+00  3.385451E-05  1.970211E-22  1.376480E-06   0.000000E+00 XENON1T_2018  2.605129E+02  0.000000E+00  
1.822544E+03  3.156404E-04  8.520411E-01  1.046101E-02  1.000000E+00  1.093433E+00  6.848727E-27  1.479396E-13   5.000000E-01 NotAppl  1.819564E-03  0.000000E+00  
3.449096E+01  6.789795E-02  -5.753827E-02  4.012692E-08  1.000000E+00  9.023234E-04  4.944091E-40  7.236690E-21   5.000000E-01 NotAppl  9.258041E-15  1.917980E-12  
2.754191E+03  4.171436E+00  -4.157654E+00  -1.089456E-05  1.000000E+00  4.568725E-01  1.315366E-26  6.919813E-20   5.000000E-01 NotAppl  2.281210E-03  0.000000E+00  
1.566757E+02  3.832708E+01  9.178647E+02  3.752837E-10  1.000000E+00  6.271521E-04  4.764848E-24  2.873934E-26   5.000000E-01 NotAppl  1.596357E+01  0.000000E+00  
5.109327E+02  5.774106E+01  -5.772227E+01  -2.325723E-02  1.000000E+00  3.767927E-03  1.740903E-24  9.808537E-12   5.000000E-01 NotAppl  1.713861E+00  0.000000E+00  
1.046457E+02  5.368080E+01  -5.366911E+01  5.815400E-05  1.000000E+00  3.244923E-03  1.766163E-24  1.578455E-15   5.000000E-01 NotAppl  9.222397E+00  0.000000E+00  
1.822864E+03  3.121587E-01  9.292854E+02  3.465063E-10  1.000000E+00  3.861306E-05  1.363701E-22  1.622411E-28   5.000000E-01 NotAppl  3.684250E+01  0.000000E+00  
7.743133E+02  2.445126E-02  -9.379977E-03  -1.065454E-02  1.000000E+00  2.284249E-01  3.608130E-26  8.800983E-13   5.000000E-01 NotAppl  2.308752E-02  0.000000E+00  
1.071556E+02  2.508125E-01  7.261919E+01  -2.678576E-04  1.000000E+00  3.782374E-03  1.470529E-24  3.189925E-14   5.000000E-01 NotAppl  7.391511E+00  0.000000E+00  
5.735022E+01  9.253283E-01  -9.249860E-01  -4.779677E-09  1.000000E+00  4.284140E-03  1.335056E-40  3.647588E-23   5.000000E-01 NotAppl  1.463240E-15  1.279609E-14  
8.031424E+03  2.059936E+00  -1.193211E+00  -2.697710E-04  1.000000E+00  2.155944E+00  3.049364E-27  4.814265E-18   5.000000E-01 NotAppl  1.783929E-04  0.000000E+00  
8.480763E+03  3.024937E-04  2.207379E-03  -2.817052E-10  1.000000E+00  2.266386E+01  3.066839E-28  4.694059E-30   5.000000E-01 NotAppl  1.704033E-05  0.000000E+00  
5.461258E+01  8.269651E-01  1.601912E+02  -2.082279E-10  1.000000E+00  4.176842E-03  1.129737E-43  7.649128E-26   5.000000E-01 NotAppl  1.307968E-18  2.974099E-17  
1.245371E+03  8.701178E-01  3.071896E+02  9.613817E-03  1.000000E+00  2.533628E-04  1.977078E-23  2.716101E-13   5.000000E-01 NotAppl  7.893552E+00  0.000000E+00  
2.614764E+01  1.475788E+00  5.979932E+01  -3.983058E-10  1.000000E+00  1.002528E-02  3.546927E-44  1.249244E-24   5.000000E-01 NotAppl  8.977848E-19  2.020390E-16  
1.694696E+01  1.394581E-01  4.637470E+01  -1.869523E-02  1.000000E+00  1.479575E-03  6.352015E-29  6.578141E-09   2.614979E-161 LZ5Tmedian  2.592502E-03  1.982211E-01  
2.279827E+02  8.537406E-02  -8.474993E-02  -1.605089E-07  1.000000E+00  2.247693E-02  3.781998E-25  2.437230E-21   5.000000E-01 NotAppl  8.618961E-01  0.000000E+00  
1.359192E+03  2.833637E-02  -2.798302E-02  8.481227E-08  1.000000E+00  6.653034E-01  1.183694E-26  1.768457E-23   5.000000E-01 NotAppl  4.245917E-03  0.000000E+00  
1.803183E+02  1.881640E+01  -1.881503E+01  1.503454E-08  1.000000E+00  7.982695E-03  7.597562E-25  3.457941E-23   5.000000E-01 NotAppl  2.219013E+00  0.000000E+00  
1.541500E+02  6.206228E-03  1.131754E+00  6.617710E-01  1.000000E+00  2.193800E-03  5.238908E-24  9.239160E-08   0.000000E+00 XENON1T_2018  1.855081E+01  0.000000E+00  
2.790953E+01  5.984514E-03  3.335201E+00  -1.256855E-07  1.000000E+00  2.055364E-03  3.728470E-39  1.090296E-19   5.000000E-01 NotAppl  8.772634E-14  1.911571E-11  
1.895030E+02  2.626854E+00  -2.626566E+00  7.192748E-08  1.000000E+00  1.431380E-02  5.339480E-25  7.148351E-22   5.000000E-01 NotAppl  1.476361E+00  0.000000E+00  
1.685941E+01  8.383059E+01  -8.383016E+01  5.199881E-05  1.000000E+00  6.951297E-02  4.905987E-34  5.141857E-14   5.000000E-01 NotAppl  2.013343E-08  3.720487E-06  
3.587921E+02  1.724031E+01  3.945956E+02  -7.965651E-04  1.000000E+00  2.648584E-04  1.368774E-23  2.371518E-14   5.000000E-01 NotAppl  1.954074E+01  0.000000E+00  
2.071259E+02  7.714230E+02  -7.713697E+02  -7.506353E-01  1.000000E+00  4.853360E-04  1.288103E-23  6.488337E-08   0.000000E+00 XENON1T_2018  3.479676E+01  0.000000E+00  
1.876271E+03  2.088373E+01  8.271153E+01  -1.184943E-10  1.000000E+00  1.643159E-03  2.997782E-24  1.789119E-29   5.000000E-01 NotAppl  7.848258E-01  0.000000E+00  
6.441999E+02  1.437787E+01  -1.202014E+01  8.990998E-02  1.000000E+00  3.075404E-02  2.126176E-25  9.126901E-11   2.487740E-01 NotAppl  1.647280E-01  0.000000E+00  
6.506945E+02  1.004991E-03  1.188734E-03  -5.197094E-03  1.000000E+00  1.641291E-01  5.077761E-26  2.987620E-13   5.000000E-01 NotAppl  3.888563E-02  0.000000E+00  
8.750791E+03  2.030871E-02  1.644815E+01  -1.292368E+00  1.000000E+00  6.678062E-02  5.940741E-26  9.282195E-11   5.000000E-01 NotAppl  3.259068E-03  0.000000E+00  
6.858228E+01  1.460201E+01  4.658799E+00  -5.729555E-08  1.000000E+00  4.891691E-01  1.165305E-38  3.638425E-21   5.000000E-01 NotAppl  1.067806E-13  0.000000E+00  
2.978641E+01  1.790983E+00  3.329818E+00  -3.385570E-09  1.000000E+00  6.011071E-03  2.886021E-42  6.934875E-23   5.000000E-01 NotAppl  6.323064E-17  1.213778E-14  
2.600211E+01  1.310015E-04  1.157059E+00  2.667439E+00  1.000000E+00  1.874824E-03  6.781854E-25  5.666284E-05   0.000000E+00 XENON1T_2018  1.707847E+01  2.504945E-01  
2.363993E+01  1.076615E-02  6.915803E+02  -1.306155E-06  1.000000E+00  1.771868E-03  3.565173E-37  1.646463E-17   5.000000E-01 NotAppl  1.007516E-11  2.255943E-09  
3.961153E+03  1.095420E+02  -1.095418E+02  -1.130950E-06  1.000000E+00  1.017119E-03  6.891993E-24  3.559389E-22   5.000000E-01 NotAppl  8.241416E-01  0.000000E+00  
7.575476E+01  1.710710E+01  8.201503E+01  1.886480E-03  1.000000E+00  1.593806E-01  2.426742E-30  3.219195E-12   5.000000E-01 NotAppl  1.994704E-05  0.000000E+00  
4.027312E+02  6.503246E+01  -6.501347E+01  -3.647512E-05  1.000000E+00  3.040026E-03  2.146591E-24  3.925513E-17   5.000000E-01 NotAppl  2.711290E+00  0.000000E+00  
4.746139E+01  3.913188E-04  4.613725E+00  -8.152117E-08  1.000000E+00  1.089001E-03  5.406281E-39  1.560633E-20   5.000000E-01 NotAppl  7.221297E-14  5.174071E-12  
2.947964E+01  8.720063E-02  -8.514264E-02  -1.432807E+00  1.000000E+00  2.617432E-03  4.566051E-25  1.268390E-05   0.000000E+00 XENON1T_2018  1.010680E+01  2.501140E-01  
1.563646E+03  1.159659E-02  1.456607E-01  1.742916E-05  1.000000E+00  8.670870E-01  8.965491E-27  5.612125E-19   5.000000E-01 NotAppl  2.785056E-03  0.000000E+00  
3.815674E+01  1.242612E-03  3.144327E-01  -1.054624E-06  1.000000E+00  6.350385E-05  4.165832E-37  4.071723E-18   5.000000E-01 NotAppl  7.008004E-12  1.257358E-09  
6.056882E+03  4.063714E-04  -2.583254E-04  1.539005E-06  1.000000E+00  1.178265E+01  6.010115E-28  2.779636E-22   5.000000E-01 NotAppl  4.695824E-05  0.000000E+00  
1.467954E+03  3.317534E+00  -3.096860E+00  4.096957E-10  1.000000E+00  4.135238E-01  1.664224E-26  3.527027E-28   5.000000E-01 NotAppl  5.508617E-03  0.000000E+00  
2.269092E+03  7.599910E-03  5.597605E+01  2.768364E-02  1.000000E+00  5.670032E-03  8.347041E-25  6.629329E-13   5.000000E-01 NotAppl  1.801225E-01  0.000000E+00  
7.061527E+03  2.281006E-01  1.071426E+02  4.869309E-02  1.000000E+00  1.623886E-03  3.072445E-24  2.037109E-13   5.000000E-01 NotAppl  2.087612E-01  0.000000E+00  
9.571652E+02  1.102844E-03  -7.609776E-04  1.501814E-08  1.000000E+00  3.418601E-01  2.372742E-26  1.134162E-24   5.000000E-01 NotAppl  1.220168E-02  0.000000E+00  
1.033574E+03  1.249976E-04  4.245821E+00  5.797361E-06  1.000000E+00  2.696399E-01  2.524606E-26  1.444826E-19   5.000000E-01 NotAppl  1.203689E-02  0.000000E+00  
2.232811E+03  2.292420E-04  6.162804E-05  -4.725027E-09  1.000000E+00  1.715261E+00  4.406813E-27  1.995694E-26   5.000000E-01 NotAppl  9.503466E-04  0.000000E+00  
1.029530E+02  9.750166E-04  2.110875E+00  -8.898364E+00  1.000000E+00  9.986498E-06  1.193967E-21  3.821300E-05   0.000000E+00 XENON1T_2018  6.348044E+03  0.000000E+00  
4.482783E+02  4.423237E-01  -3.521723E-01  -7.231155E-05  1.000000E+00  7.957442E-02  1.053055E-25  1.239119E-16   5.000000E-01 NotAppl  1.186587E-01  0.000000E+00  
1.023596E+02  3.485048E-04  7.996474E+01  -4.950036E-01  1.000000E+00  3.085401E-03  1.444671E-24  1.196612E-07   0.000000E+00 XENON1T_2018  7.825451E+00  0.000000E+00  
2.758627E+02  4.956843E-03  -2.896894E-03  -1.779282E-05  1.000000E+00  3.212495E-02  2.657855E-25  2.026715E-17   5.000000E-01 NotAppl  4.963800E-01  0.000000E+00  
4.894242E+03  3.978824E-01  -3.977630E-01  -2.464202E-05  1.000000E+00  6.844027E+00  1.013596E-27  1.099052E-19   5.000000E-01 NotAppl  9.823931E-05  0.000000E+00  
9.415991E+03  1.322115E+00  -1.320628E+00  2.711539E-08  1.000000E+00  4.364450E+00  1.281280E-27  3.521324E-26   5.000000E-01 NotAppl  6.376343E-05  0.000000E+00  
1.576729E+03  9.442486E-01  -9.423591E-01  7.878079E-03  1.000000E+00  8.054633E-01  9.427170E-27  1.127294E-13   5.000000E-01 NotAppl  2.902944E-03  0.000000E+00  
1.089301E+01  6.281187E-04  -1.420383E-04  4.636614E-03  1.000000E+00  8.080142E-04  3.367651E-30  9.704680E-10   2.822961E-06 LZ5Tmedian  2.291186E-04  2.697489E-02  
5.950342E+01  4.934842E-03  6.914813E-01  -1.977671E+00  1.000000E+00  5.858101E-04  1.539267E-23  5.792431E-06   0.000000E+00 XENON1T_2018  1.679515E+02  2.580602E-01  
5.784438E+02  2.632348E+01  -2.631835E+01  4.949648E-07  1.000000E+00  1.430950E-02  4.464671E-25  3.446945E-21   5.000000E-01 NotAppl  3.861650E-01  0.000000E+00  
8.336434E+03  1.370091E-02  8.666791E-03  -1.755135E-04  1.000000E+00  2.190062E+01  3.176262E-28  1.889223E-18   5.000000E-01 NotAppl  1.795738E-05  0.000000E+00  
1.647704E+03  7.494726E+00  -7.484243E+00  -5.994312E+00  1.000000E+00  3.842887E-03  3.024360E-24  5.966111E-08   8.727429E-157 LZ5Tmedian  9.640784E-01  0.000000E+00  
1.651200E+02  4.316323E-01  2.286945E+02  -1.627564E-05  1.000000E+00  1.500583E-03  3.088933E-24  4.853928E-17   5.000000E-01 NotAppl  9.763516E+00  0.000000E+00  
1.859250E+03  1.293414E+00  -1.284037E+00  1.812711E-08  1.000000E+00  9.913048E-01  7.334078E-27  4.265256E-25   5.000000E-01 NotAppl  1.906812E-03  0.000000E+00  
3.646282E+02  1.091565E-04  3.153505E-02  -1.781694E-03  1.000000E+00  5.442496E-02  1.564874E-25  1.147909E-13   5.000000E-01 NotAppl  2.185845E-01  0.000000E+00  
6.949860E+02  3.532432E-02  2.991303E+02  -6.878712E-02  1.000000E+00  3.312942E-04  1.503006E-23  4.574845E-11   5.000000E-01 NotAppl  1.091661E+01  0.000000E+00  
5.276242E+03  3.905442E-02  1.546679E+00  8.222609E+00  1.000000E+00  1.994220E-02  6.082862E-25  1.050335E-08   2.403420E-09 LZ5Tmedian  5.760194E-02  0.000000E+00  
2.675544E+01  3.454847E-01  2.330856E+01  -8.913121E-01  1.000000E+00  2.948682E-03  1.783914E-25  5.971881E-06   0.000000E+00 XENON1T_2018  4.398145E+00  2.810367E-01  
1.671263E+03  4.636520E-03  4.870818E-01  2.732223E-04  1.000000E+00  9.691224E-01  7.914027E-27  1.204138E-16   5.000000E-01 NotAppl  2.296563E-03  0.000000E+00  
1.717691E+02  1.049159E+00  -1.048969E+00  8.644385E-10  1.000000E+00  1.290731E-02  6.148925E-25  1.262820E-25   5.000000E-01 NotAppl  1.912225E+00  0.000000E+00  
5.414649E+01  8.662848E+00  -8.644508E+00  -1.214819E-10  1.000000E+00  3.023433E-03  3.454384E-44  2.649399E-26   5.000000E-01 NotAppl  4.034519E-19  1.053161E-17  
2.389724E+01  2.591998E+00  -2.591090E+00  -4.635262E-07  1.000000E+00  2.198171E-02  4.519003E-38  2.028774E-18   5.000000E-01 NotAppl  1.261166E-12  2.697404E-10  
1.926107E+02  2.828457E-03  -1.267183E-03  3.917348E-03  1.000000E+00  1.651769E-02  5.141599E-25  2.050798E-12   5.000000E-01 NotAppl  1.397396E+00  0.000000E+00  
1.603612E+02  3.800121E-02  -3.754913E-02  1.718430E-03  1.000000E+00  1.195688E-02  6.900715E-25  5.745317E-13   5.000000E-01 NotAppl  2.302330E+00  0.000000E+00  
7.442610E+02  1.594104E-04  4.836912E-03  5.769100E-08  1.000000E+00  2.119405E-01  3.899470E-26  2.797673E-23   5.000000E-01 NotAppl  2.598981E-02  0.000000E+00  
1.466977E+03  1.511923E-04  7.605473E-05  -3.464563E-09  1.000000E+00  7.692946E-01  1.017053E-26  2.525718E-26   5.000000E-01 NotAppl  3.373302E-03  0.000000E+00  
2.131041E+02  3.136102E-03  6.763154E+01  9.331809E-05  1.000000E+00  4.293021E-03  1.224783E-24  9.459874E-16   5.000000E-01 NotAppl  2.978093E+00  0.000000E+00  
4.957473E+02  7.863410E-02  -4.450495E-02  -8.074300E-02  1.000000E+00  9.326655E-02  9.191399E-26  1.257464E-10   8.400692E-02 LZ5Tmedian  9.379277E-02  0.000000E+00  
5.488653E+01  1.367571E+01  -1.359487E+01  -1.814231E-10  1.000000E+00  3.440119E-03  9.160750E-44  5.747615E-26   5.000000E-01 NotAppl  1.051244E-18  2.249264E-17  
5.976065E+01  1.450385E+01  -3.303788E+00  -1.282071E-08  1.000000E+00  2.749290E-01  3.267824E-39  2.412983E-22   5.000000E-01 NotAppl  3.447196E-14  6.876305E-14  
1.241182E+03  3.511953E-02  1.088387E+02  -8.374672E-04  1.000000E+00  1.635614E-03  2.932493E-24  2.075275E-15   