MD1           DMP           DM3           l345          ld           Omegah2       sigV          protonSI      PvalDD        expName      CMB_ID        brH_DMDM      
3.130828E+02  1.851180E-03  -8.265073E-04  1.140725E-10  1.000000E+00  4.077122E-02  2.093844E-25  6.428521E-28   5.000000E-01 NotAppl  3.427147E-01  0.000000E+00  
1.265624E+02  2.222807E-01  2.387870E+02  -3.293285E-03  1.000000E+00  2.243839E-03  2.141807E-24  3.427961E-12   5.000000E-01 NotAppl  8.942608E+00  0.000000E+00  
5.790806E+01  6.736763E-04  -7.090412E-05  -1.092293E-01  1.000000E+00  2.371138E-03  8.697835E-26  1.867717E-08   0.000000E+00 XENON1T_2018  9.430399E-01  2.406309E-01  
1.911576E+03  6.538640E-04  7.882327E+02  -2.516004E-03  1.000000E+00  4.827412E-05  1.086769E-22  7.765104E-15   5.000000E-01 NotAppl  2.796538E+01  0.000000E+00  
6.952250E+02  2.529048E-03  3.141419E-01  1.652889E-08  1.000000E+00  1.854070E-01  4.462913E-26  2.639640E-24   5.000000E-01 NotAppl  3.191666E-02  0.000000E+00  
6.677488E+01  2.004863E+01  -2.003493E+01  -7.295910E-10  1.000000E+00  1.203981E-02  3.920830E-42  6.230363E-25   5.000000E-01 NotAppl  3.670503E-17  0.000000E+00  
1.320865E+03  1.959263E+01  -1.957665E+01  -1.846273E-03  1.000000E+00  2.710376E-02  2.343815E-25  8.883955E-15   5.000000E-01 NotAppl  8.631226E-02  0.000000E+00  
5.226866E+01  6.190498E+01  2.788925E+02  3.896245E-04  1.000000E+00  3.633617E+01  2.446079E-31  2.928665E-13   5.000000E-01 NotAppl  2.954445E-06  1.189117E-04  
5.311812E+03  1.061391E+01  -1.061314E+01  2.521406E-02  1.000000E+00  8.973637E-02  6.806015E-26  9.742312E-14   5.000000E-01 NotAppl  6.040553E-03  0.000000E+00  
6.899807E+03  5.961926E-04  8.360902E+00  1.057884E-07  1.000000E+00  2.246608E-01  1.932123E-26  1.007857E-24   5.000000E-01 NotAppl  1.343507E-03  0.000000E+00  
1.579081E+01  4.965483E-01  -4.964423E-01  -1.113174E+00  1.000000E+00  6.561569E-03  2.126257E-25  2.685159E-05   0.000000E+00 XENON1T_2018  9.401478E+00  2.503583E-01  
5.080926E+01  3.100379E+02  -1.485277E+02  -2.059281E-01  1.000000E+00  3.578118E-02  5.369396E-26  8.667151E-08   0.000000E+00 XENON1T_2018  6.681324E-01  9.724408E-01  
3.406722E+02  4.255969E+00  -4.252196E+00  1.098951E-04  1.000000E+00  3.998707E-02  1.895309E-25  5.018914E-16   5.000000E-01 NotAppl  2.841677E-01  0.000000E+00  
1.572290E+01  1.965590E-04  5.449319E+00  2.609436E-10  1.000000E+00  8.730809E-04  1.209556E-44  1.488212E-24   5.000000E-01 NotAppl  5.374926E-19  8.854265E-17  
2.169818E+02  4.201212E-04  1.139428E+01  -6.278836E-03  1.000000E+00  1.564943E-02  4.482086E-25  4.127287E-12   5.000000E-01 NotAppl  1.074873E+00  0.000000E+00  
2.245960E+02  1.080188E-04  1.057805E-01  -5.486614E-05  1.000000E+00  2.185985E-02  3.886212E-25  2.936462E-16   5.000000E-01 NotAppl  8.995846E-01  0.000000E+00  
2.546879E+01  1.445534E+00  -1.441580E+00  9.356409E-09  1.000000E+00  1.219790E-02  1.919717E-41  7.269444E-22   5.000000E-01 NotAppl  5.003108E-16  1.122640E-13  
1.063962E+03  4.093129E-01  2.438438E-01  -8.006167E-05  1.000000E+00  4.071474E-01  1.946411E-26  2.597282E-17   5.000000E-01 NotAppl  8.978197E-03  0.000000E+00  
4.882771E+03  4.334859E+01  -4.330516E+01  3.389806E-02  1.000000E+00  6.033289E-03  1.106032E-24  2.089716E-13   5.000000E-01 NotAppl  1.069252E-01  0.000000E+00  
9.884847E+01  1.185379E-03  1.958489E-02  4.176589E-06  1.000000E+00  5.774126E-03  1.223723E-24  9.150661E-18   5.000000E-01 NotAppl  6.742241E+00  0.000000E+00  
3.860903E+01  6.145651E+01  -6.142764E+01  7.400718E+00  1.000000E+00  1.070735E-03  7.515842E-25  1.957627E-04   0.000000E+00 XENON1T_2018  1.247455E+01  5.001064E-01  
6.122705E+01  1.076811E+01  -1.076664E+01  1.006027E-10  1.000000E+00  7.562329E-03  9.111829E-43  1.414056E-26   5.000000E-01 NotAppl  9.375628E-18  2.903411E-18  
9.172506E+03  8.271609E+01  -8.271523E+01  -4.784961E-08  1.000000E+00  1.746213E-03  4.005706E-24  1.156455E-25   5.000000E-01 NotAppl  2.044752E-01  0.000000E+00  
6.790702E+02  9.487841E+02  -9.487823E+02  -8.456509E-07  1.000000E+00  5.646872E-05  1.310832E-22  7.249427E-21   5.000000E-01 NotAppl  9.596366E+01  0.000000E+00  
1.489060E+02  2.048365E-04  6.654406E+00  6.211795E-06  1.000000E+00  8.857284E-03  8.008382E-25  8.739061E-18   5.000000E-01 NotAppl  2.880791E+00  0.000000E+00  
6.309717E+02  6.138794E-03  -4.089116E-03  4.404024E-02  1.000000E+00  1.518652E-01  5.546081E-26  2.284668E-11   5.000000E-01 NotAppl  4.391088E-02  0.000000E+00  
1.121164E+01  6.943665E-03  3.817483E+00  -6.290372E-02  1.000000E+00  5.027629E-04  6.277919E-28  1.688031E-07   0.000000E+00 XENON1T_2018  4.128196E-02  2.462115E-01  
5.402674E+02  3.665352E+00  -3.541793E+00  -1.321545E-09  1.000000E+00  9.467931E-02  8.105616E-26  2.825374E-26   5.000000E-01 NotAppl  7.525423E-02  0.000000E+00  
5.427389E+03  4.281607E-04  2.602163E-01  -2.739397E-10  1.000000E+00  9.107002E+00  7.667312E-28  1.099907E-29   5.000000E-01 NotAppl  6.697229E-05  0.000000E+00  
1.233464E+03  2.041837E-03  3.136064E-02  -3.065172E-08  1.000000E+00  5.532477E-01  1.435330E-26  2.815635E-24   5.000000E-01 NotAppl  5.687623E-03  0.000000E+00  
1.702382E+01  1.608876E-01  1.060703E+02  -1.043962E-05  1.000000E+00  1.573647E-03  1.983541E-35  2.032764E-15   5.000000E-01 NotAppl  8.051142E-10  1.497809E-07  
1.913369E+01  1.302846E+01  8.913948E+01  5.252236E-06  1.000000E+00  1.409535E+03  5.224140E-36  4.072676E-16   5.000000E-01 NotAppl  1.861258E-10  1.650325E-08  
5.896062E+01  4.161764E+02  -2.592809E+02  -6.560669E-03  1.000000E+00  4.693493E-03  5.189627E-28  6.494848E-11   4.574352E-04 LZ5Tmedian  5.550499E-03  1.999478E-02  
5.730956E+02  1.653502E-03  5.180569E-02  2.771421E-08  1.000000E+00  1.287772E-01  6.514858E-26  1.101382E-23   5.000000E-01 NotAppl  5.689756E-02  0.000000E+00  
4.806617E+01  1.761179E+02  -1.761162E+02  -2.828057E-08  1.000000E+00  4.895499E-04  6.982607E-40  1.830353E-21   5.000000E-01 NotAppl  9.206570E-15  7.304488E-13  
8.981442E+02  1.174769E-02  4.942290E+02  -4.323433E-02  1.000000E+00  1.398733E-04  3.658415E-23  1.070373E-11   5.000000E-01 NotAppl  2.043452E+01  0.000000E+00  
1.922123E+03  3.356944E-01  3.456744E+01  1.354736E-03  1.000000E+00  1.418378E-02  3.289405E-25  2.226202E-15   5.000000E-01 NotAppl  8.413996E-02  0.000000E+00  
2.997440E+03  1.177683E+00  -5.820586E-01  1.049626E-06  1.000000E+00  2.125352E+00  3.363902E-27  5.406531E-22   5.000000E-01 NotAppl  5.367720E-04  0.000000E+00  
2.119236E+03  1.676052E-04  3.990612E-01  -1.978484E-04  1.000000E+00  1.525161E+00  4.933135E-27  3.891651E-17   5.000000E-01 NotAppl  1.122387E-03  0.000000E+00  
4.689181E+01  9.171208E+00  2.267349E+01  -1.258782E-09  1.000000E+00  1.259668E-01  1.209428E-42  3.813652E-24   5.000000E-01 NotAppl  1.640261E-17  6.480420E-16  
7.477602E+02  1.228411E-01  2.721420E-01  3.647835E-06  1.000000E+00  2.122244E-01  3.869883E-26  1.107872E-19   5.000000E-01 NotAppl  2.566842E-02  0.000000E+00  
1.333229E+02  4.419171E-04  1.744355E-01  -1.889246E-05  1.000000E+00  8.718687E-03  9.202376E-25  1.013963E-16   5.000000E-01 NotAppl  3.714339E+00  0.000000E+00  
1.167067E+03  8.272669E-01  -8.198452E-01  -1.435341E-04  1.000000E+00  4.777838E-01  1.642431E-26  6.912041E-17   5.000000E-01 NotAppl  6.888243E-03  0.000000E+00  
6.361232E+01  8.732909E+00  2.698766E+00  -2.574965E-09  1.000000E+00  8.627981E-02  7.545831E-40  8.568683E-24   5.000000E-01 NotAppl  7.427082E-15  0.000000E+00  
3.901106E+02  3.541837E-02  7.626490E+00  -3.066369E-04  1.000000E+00  4.720384E-02  1.537272E-25  2.961062E-15   5.000000E-01 NotAppl  2.003213E-01  0.000000E+00  
8.262918E+03  1.893716E+01  4.888706E+01  -2.604235E-10  1.000000E+00  4.212699E-03  1.443813E-24  4.235204E-30   5.000000E-01 NotAppl  8.339820E-02  0.000000E+00  
2.315906E+01  1.043381E-02  -1.062020E-03  4.938917E-07  1.000000E+00  2.786320E-03  5.037763E-38  2.453635E-18   5.000000E-01 NotAppl  1.455680E-12  3.236359E-10  
3.984757E+02  7.795785E+02  -7.795477E+02  -7.376925E-02  1.000000E+00  1.300305E-04  5.388573E-23  1.640945E-10   1.838363E-02 LZ5Tmedian  6.883559E+01  0.000000E+00  
8.360458E+01  3.030051E+00  5.318221E+02  1.937143E-03  1.000000E+00  4.788785E-03  6.271362E-25  2.774671E-12   5.000000E-01 NotAppl  4.228708E+00  0.000000E+00  
2.300981E+01  7.969435E-01  -7.773258E-01  -1.891491E-04  1.000000E+00  1.022024E-02  7.362508E-33  3.645955E-13   5.000000E-01 NotAppl  2.142378E-07  4.736565E-05  
1.441473E+02  1.381095E-04  5.472866E+00  -2.161862E-10  1.000000E+00  8.542860E-03  8.372897E-25  1.131364E-26   5.000000E-01 NotAppl  3.116559E+00  0.000000E+00  
5.750517E+02  1.783067E-01  -1.780705E-01  8.383002E-03  1.000000E+00  1.290400E-01  6.491295E-26  1.000706E-12   5.000000E-01 NotAppl  5.649532E-02  0.000000E+00  
5.041903E+01  1.517755E-03  -1.230227E-03  1.732262E-09  1.000000E+00  1.751195E-03  3.583452E-42  6.230116E-24   5.000000E-01 NotAppl  4.508859E-17  2.533064E-15  
2.927990E+02  3.017187E-03  4.704759E-01  2.731466E-03  1.000000E+00  3.555442E-02  2.382821E-25  4.227669E-13   5.000000E-01 NotAppl  4.181929E-01  0.000000E+00  
2.570042E+01  2.241456E+00  5.088283E-02  -1.391311E-10  1.000000E+00  1.867325E-02  4.272619E-45  1.578314E-25   5.000000E-01 NotAppl  1.101368E-19  2.365592E-17  
2.618747E+01  1.247993E-02  -1.237021E-02  -6.926873E-06  1.000000E+00  3.046960E-03  1.073980E-35  3.766630E-16   5.000000E-01 NotAppl  2.713829E-10  6.223264E-08  
5.041036E+03  8.278513E-02  -8.267917E-02  -6.954052E-05  1.000000E+00  8.199389E+00  8.713893E-28  8.242279E-19   5.000000E-01 NotAppl  8.200035E-05  0.000000E+00  
1.680601E+02  1.698761E-01  5.112790E-01  -4.284793E-02  1.000000E+00  1.282583E-02  6.038179E-25  3.244631E-10   1.906957E-08 LZ5Tmedian  1.923876E+00  0.000000E+00  
2.584221E+03  5.285970E+00  -5.282367E+00  2.988004E-06  1.000000E+00  3.037986E-01  1.974658E-26  5.926040E-21   5.000000E-01 NotAppl  3.653868E-03  0.000000E+00  
8.441969E+03  2.473059E+02  -2.473047E+02  4.009865E-02  1.000000E+00  2.108688E-04  3.510008E-23  9.612265E-14   5.000000E-01 NotAppl  1.948472E+00  0.000000E+00  
2.513320E+03  8.323126E+02  -8.305167E+02  3.195841E-05  1.000000E+00  2.590778E-05  2.889972E-22  7.174226E-19   5.000000E-01 NotAppl  5.497222E+01  0.000000E+00  
3.290165E+02  5.175522E+02  -5.175495E+02  -1.400510E-08  1.000000E+00  2.179616E-04  3.141332E-23  8.753417E-24   5.000000E-01 NotAppl  4.907162E+01  0.000000E+00  
9.794353E+01  2.725997E+01  -1.976286E+01  -1.087721E-03  1.000000E+00  2.194633E-03  1.462025E-24  6.324568E-13   5.000000E-01 NotAppl  8.155574E+00  0.000000E+00  
2.997209E+01  1.249052E+01  1.579603E+02  7.283837E-06  1.000000E+00  2.239038E+00  1.344986E-35  3.169789E-16   5.000000E-01 NotAppl  2.930459E-10  2.219262E-08  
5.410524E+01  9.055066E+01  -9.025059E+01  6.447204E-05  1.000000E+00  3.139927E-03  9.640741E-33  7.473808E-15   5.000000E-01 NotAppl  1.126867E-07  2.970230E-06  
3.750136E+01  1.049412E-04  1.086511E-02  -2.124052E-05  1.000000E+00  1.178777E-04  1.625425E-34  1.710812E-15   5.000000E-01 NotAppl  2.784896E-09  5.155556E-07  
1.871674E+02  1.610043E-01  1.905639E+00  -1.438313E-09  1.000000E+00  1.453231E-02  5.417847E-25  2.931982E-25   5.000000E-01 NotAppl  1.517221E+00  0.000000E+00  
1.927113E+01  1.040718E-03  2.058072E+00  1.789778E-06  1.000000E+00  1.261093E-03  6.082493E-37  4.661851E-17   5.000000E-01 NotAppl  2.149892E-11  4.305759E-09  
4.692442E+03  2.952547E-04  3.967942E+02  -2.740541E-02  1.000000E+00  1.310129E-04  3.898888E-23  1.480881E-13   5.000000E-01 NotAppl  4.011224E+00  0.000000E+00  
5.499341E+01  1.864653E-01  8.532745E+00  -4.206565E-06  1.000000E+00  3.309727E-03  5.058042E-35  3.077758E-17   5.000000E-01 NotAppl  5.814072E-10  1.200292E-08  
6.654341E+03  6.743184E+02  -6.743179E+02  1.841152E-08  1.000000E+00  3.166329E-05  2.422007E-22  3.285978E-26   5.000000E-01 NotAppl  1.710449E+01  0.000000E+00  
3.577405E+03  3.780567E+02  -3.680508E+02  -5.307250E-06  1.000000E+00  9.092342E-05  7.577258E-23  9.644018E-21   5.000000E-01 NotAppl  1.005069E+01  0.000000E+00  
3.262185E+01  8.366161E+01  7.073528E+02  1.729467E-06  1.000000E+00  1.059840E+06  8.429754E-37  1.505148E-17   5.000000E-01 NotAppl  1.673490E-11  3.645569E-09  
2.716424E+01  6.196407E-02  3.129680E+02  1.634996E-02  1.000000E+00  2.213373E-03  6.162074E-29  1.948835E-09   6.901428E-96 LZ5Tmedian  1.493740E-03  1.684848E-01  
3.311327E+02  8.052522E-01  -8.042571E-01  1.516565E-03  1.000000E+00  4.427386E-02  1.890332E-25  1.013040E-13   5.000000E-01 NotAppl  2.918756E-01  0.000000E+00  
1.282803E+03  2.023641E+00  -2.023488E+00  -2.828960E-05  1.000000E+00  4.716121E-01  1.568983E-26  2.213967E-18   5.000000E-01 NotAppl  5.967193E-03  0.000000E+00  
5.896529E+02  1.989821E-01  -5.158178E-02  -9.444383E-04  1.000000E+00  1.351697E-01  6.164534E-26  1.206683E-14   5.000000E-01 NotAppl  5.227371E-02  0.000000E+00  
1.965326E+02  5.791167E-03  5.873432E-02  -1.385700E-10  1.000000E+00  1.714843E-02  4.936696E-25  2.462275E-27   5.000000E-01 NotAppl  1.313651E+00  0.000000E+00  
2.359079E+02  8.449215E-01  -8.348664E-01  4.010967E-06  1.000000E+00  2.330128E-02  3.563505E-25  1.419029E-18   5.000000E-01 NotAppl  7.836598E-01  0.000000E+00  
1.091838E+02  5.762460E-04  2.874883E-03  -1.982823E-03  1.000000E+00  6.531720E-03  1.165345E-24  1.682081E-12   5.000000E-01 NotAppl  5.781264E+00  0.000000E+00  
5.752367E+02  5.392158E-03  5.429373E+02  -6.751837E-04  1.000000E+00  1.713242E-04  2.946519E-23  6.487327E-15   5.000000E-01 NotAppl  2.596720E+01  0.000000E+00  
1.612816E+03  2.440559E+00  -2.406423E+00  -5.048843E-08  1.000000E+00  5.846743E-01  1.193117E-26  4.421239E-24   5.000000E-01 NotAppl  3.586545E-03  0.000000E+00  
4.947896E+01  4.264934E-02  4.373415E-02  -3.885182E-08  1.000000E+00  1.452259E-03  1.578191E-39  3.256481E-21   5.000000E-01 NotAppl  2.025208E-14  1.317197E-12  
1.430424E+02  1.241702E-02  1.420808E+01  6.991477E-05  1.000000E+00  7.518592E-03  8.968910E-25  1.202084E-15   5.000000E-01 NotAppl  3.360052E+00  0.000000E+00  
8.126264E+03  1.786503E-03  -1.518642E-03  -1.386737E-06  1.000000E+00  2.085766E+01  3.340116E-28  1.242146E-22   5.000000E-01 NotAppl  1.937806E-05  0.000000E+00  
5.904710E+02  8.200096E+01  -8.200060E+01  3.967328E-03  1.000000E+00  1.966690E-03  3.428262E-24  2.123300E-13   5.000000E-01 NotAppl  2.902406E+00  0.000000E+00  
2.773943E+03  2.133348E-04  1.342739E-04  -9.105099E-10  1.000000E+00  2.602200E+00  2.858753E-27  4.763244E-28   5.000000E-01 NotAppl  4.939583E-04  0.000000E+00  
1.256857E+03  1.946971E+02  -1.763117E+02  -5.682075E-02  1.000000E+00  2.839911E-04  1.892998E-23  9.311823E-12   5.000000E-01 NotAppl  7.333856E+00  0.000000E+00  
1.871914E+01  1.134411E-01  2.239223E-01  -1.626542E-02  1.000000E+00  2.119721E-03  4.970276E-29  4.081159E-09   3.292992E-123 LZ5Tmedian  1.814385E-03  1.496577E-01  
1.586161E+01  7.613714E-02  9.768799E+00  2.888029E-09  1.000000E+00  1.129366E-03  1.485510E-42  1.791334E-22   5.000000E-01 NotAppl  6.535442E-17  9.192816E-15  
9.978091E+02  2.048999E-02  -2.036870E-02  4.033244E-04  1.000000E+00  3.699231E-01  2.185353E-26  7.514200E-16   5.000000E-01 NotAppl  1.076683E-02  0.000000E+00  
3.301948E+03  8.556220E+02  -8.555491E+02  9.967843E-01  1.000000E+00  2.302383E-05  3.339046E-22  4.004330E-10   2.989455E-01 NotAppl  4.806163E+01  0.000000E+00  
7.261188E+03  1.704160E-02  9.830935E+01  9.178471E-09  1.000000E+00  1.927447E-03  2.576071E-24  6.839209E-27   5.000000E-01 NotAppl  1.701426E-01  0.000000E+00  
6.367541E+03  3.104664E+01  -3.102716E+01  -1.189024E+00  1.000000E+00  1.260701E-02  4.753989E-25  1.498803E-10   5.000000E-01 NotAppl  3.514860E-02  0.000000E+00  
8.418846E+03  4.790010E-03  2.550047E-01  -3.475587E-01  1.000000E+00  1.221225E+01  6.556135E-28  7.261756E-12   5.000000E-01 NotAppl  3.793590E-05  0.000000E+00  
2.956540E+03  1.196777E-03  1.361040E-02  3.434597E-08  1.000000E+00  2.941851E+00  2.517368E-27  5.953143E-25   5.000000E-01 NotAppl  4.076476E-04  0.000000E+00  
5.792493E+02  1.323226E-03  -1.123080E-03  2.700439E-02  1.000000E+00  1.304066E-01  6.458233E-26  1.023102E-11   5.000000E-01 NotAppl  5.581521E-02  0.000000E+00  
2.487941E+02  5.346560E+02  -5.346555E+02  7.450017E-05  1.000000E+00  3.200557E-04  2.058057E-23  4.390256E-16   5.000000E-01 NotAppl  4.316939E+01  0.000000E+00  
2.329999E+01  2.226913E-04  7.048612E+01  -7.777001E-02  1.000000E+00  1.686057E-03  1.253295E-27  6.009836E-08   0.000000E+00 XENON1T_2018  3.595110E-02  3.200354E-01  
1.143281E+02  7.480111E-04  5.169934E-03  6.333862E-06  1.000000E+00  6.931414E-03  1.124364E-24  1.561807E-17   5.000000E-01 NotAppl  5.319377E+00  0.000000E+00  
3.462667E+02  1.107745E-02  7.925804E+00  -5.032447E-09  1.000000E+00  3.823418E-02  1.905809E-25  1.017960E-24   5.000000E-01 NotAppl  2.809753E-01  0.000000E+00  
3.103633E+01  2.248408E+00  8.976489E+01  2.198636E-08  1.000000E+00  5.193898E-03  1.276170E-40  2.691051E-21   5.000000E-01 NotAppl  2.677094E-15  5.660509E-13  
6.192763E+02  1.372775E+01  -1.368459E+01  -3.710197E-08  1.000000E+00  3.965918E-02  1.630887E-25  1.684711E-23   5.000000E-01 NotAppl  1.314105E-01  0.000000E+00  
2.598796E+03  3.247177E-02  -3.171285E-02  -5.700533E-05  1.000000E+00  2.294797E+00  3.256603E-27  2.132356E-18   5.000000E-01 NotAppl  6.014045E-04  0.000000E+00  
3.521375E+02  2.410757E-03  7.098239E-01  -5.930172E+00  1.000000E+00  4.623120E-05  3.160296E-22  1.365718E-06   0.000000E+00 XENON1T_2018  5.453308E+02  0.000000E+00  
6.344020E+01  6.231164E-04  2.108724E+01  1.200108E-07  1.000000E+00  4.316414E-03  2.300235E-36  1.871604E-20   5.000000E-01 NotAppl  2.270108E-11  0.000000E+00  
2.025457E+03  2.369840E+02  -2.290053E+02  1.880760E-08  1.000000E+00  2.235502E-04  2.938614E-23  3.856405E-25   5.000000E-01 NotAppl  6.973709E+00  0.000000E+00  
8.398028E+03  3.249524E-03  1.426974E+02  -6.191560E+00  1.000000E+00  9.901920E-04  4.713070E-24  2.316164E-09   6.380541E-02 LZ5Tmedian  2.689298E-01  0.000000E+00  
4.659610E+03  7.714036E+02  -7.713687E+02  -3.738281E-04  1.000000E+00  2.590111E-05  2.962962E-22  2.795067E-17   5.000000E-01 NotAppl  3.003638E+01  0.000000E+00  
2.166049E+02  1.024727E+02  -1.022770E+02  1.093537E-09  1.000000E+00  1.717277E-03  3.632255E-24  1.256378E-25   5.000000E-01 NotAppl  8.809381E+00  0.000000E+00  
5.352851E+01  2.740840E+01  -2.737599E+01  2.081270E-02  1.000000E+00  2.678226E-03  8.882893E-28  7.960599E-10   2.636663E-43 LZ5Tmedian  1.046447E-02  1.945711E-01  
8.887938E+02  6.759191E+01  -6.649532E+01  4.998946E-01  1.000000E+00  2.086209E-03  3.206966E-24  1.461891E-09   8.936660E-08 LZ5Tmedian  1.779359E+00  0.000000E+00  
1.032213E+01  9.674530E-04  3.016854E-01  -2.553433E-05  1.000000E+00  4.910958E-04  9.948104E-35  3.270137E-14   5.000000E-01 NotAppl  7.209493E-09  9.185132E-07  
6.084178E+02  7.213688E+00  -7.101271E+00  -1.180119E-10  1.000000E+00  7.916735E-02  8.801315E-26  1.767203E-28   5.000000E-01 NotAppl  7.224371E-02  0.000000E+00  
4.880783E+03  5.015511E+01  -4.999775E+01  3.880463E-01  1.000000E+00  4.445798E-03  1.541638E-24  2.740718E-11   5.000000E-01 NotAppl  1.491084E-01  0.000000E+00  
6.715397E+03  2.436633E-03  6.026540E+00  2.615928E+00  1.000000E+00  1.376960E-01  6.576133E-26  6.511446E-10   3.801675E-01 NotAppl  4.804365E-03  0.000000E+00  
3.593130E+01  4.080836E+02  -4.080110E+02  1.919414E-04  1.000000E+00  2.990532E-03  1.216617E-32  1.523831E-13   5.000000E-01 NotAppl  2.180929E-07  4.306390E-05  
2.144915E+01  4.858281E+00  -4.853104E+00  4.662747E-10  1.000000E+00  3.599844E-02  4.317499E-44  2.551958E-24   5.000000E-01 NotAppl  1.356136E-18  2.509711E-16  
7.442594E+02  1.466205E-04  2.389968E-05  6.694158E-09  1.000000E+00  2.119409E-01  3.899475E-26  3.766815E-25   5.000000E-01 NotAppl  2.598990E-02  0.000000E+00  
3.107335E+02  9.771157E+01  7.589895E+00  -2.697495E-02  1.000000E+00  5.674058E-04  5.757620E-24  3.650586E-11   3.232601E-01 NotAppl  9.538042E+00  0.000000E+00  
1.676570E+03  4.605201E+02  -4.603546E+02  -6.848000E-04  1.000000E+00  7.951292E-05  9.375221E-23  7.515616E-16   5.000000E-01 NotAppl  2.701094E+01  0.000000E+00  
2.291228E+01  3.605900E-03  4.995329E-02  4.536949E-04  1.000000E+00  2.541925E-03  4.226052E-32  2.115662E-12   5.000000E-01 NotAppl  1.234488E-06  2.732265E-04  
6.169576E+03  3.833031E+02  -3.833027E+02  -3.848899E-09  1.000000E+00  9.172966E-05  8.148721E-23  1.674628E-27   5.000000E-01 NotAppl  6.213743E+00  0.000000E+00  
5.629503E+01  4.842019E-02  1.733609E+01  -1.677268E-06  1.000000E+00  3.347280E-03  1.151931E-35  4.665138E-18   5.000000E-01 NotAppl  1.292471E-10  1.745584E-09  
2.665281E+03  5.579232E+01  -5.531827E+01  -5.811247E-09  1.000000E+00  3.728452E-03  1.801496E-24  2.104898E-26   5.000000E-01 NotAppl  3.227363E-01  0.000000E+00  
8.501038E+02  6.526134E-01  8.376189E+02  -1.828903E-10  1.000000E+00  7.507815E-05  6.837732E-23  2.142857E-28   5.000000E-01 NotAppl  4.040712E+01  0.000000E+00  
6.466565E+02  9.602323E+02  -9.539415E+02  1.218042E-05  1.000000E+00  4.784221E-05  1.245624E-22  1.662087E-18   5.000000E-01 NotAppl  9.601834E+01  0.000000E+00  
1.944942E+02  1.561118E+02  -1.559928E+02  9.861328E-07  1.000000E+00  1.140349E-03  5.478695E-24  1.273937E-19   5.000000E-01 NotAppl  1.489123E+01  0.000000E+00  
1.290011E+02  2.556993E+02  2.584840E+02  -5.799388E-01  1.000000E+00  2.950107E-04  1.004672E-23  1.022230E-07   0.000000E+00 XENON1T_2018  4.879690E+01  0.000000E+00  
4.797166E+02  1.146251E-01  -9.390819E-02  -1.896777E-04  1.000000E+00  9.159811E-02  9.218181E-26  7.421914E-16   5.000000E-01 NotAppl  9.681390E-02  0.000000E+00  
5.182632E+01  1.106775E-03  3.189786E+01  -7.209532E-10  1.000000E+00  2.423087E-03  7.756404E-43  1.020270E-24   5.000000E-01 NotAppl  9.482506E-18  4.149819E-16  
2.582864E+03  5.988938E-02  2.302700E-02  -4.953607E-06  1.000000E+00  2.265238E+00  3.300209E-27  1.630459E-20   5.000000E-01 NotAppl  6.132980E-04  0.000000E+00  
1.737211E+02  2.981850E-04  4.530717E-03  1.555715E-05  1.000000E+00  1.378290E-02  6.003575E-25  3.996452E-17   5.000000E-01 NotAppl  1.845348E+00  0.000000E+00  
2.462143E+03  3.472588E+02  -3.472582E+02  2.663035E-08  1.000000E+00  1.196002E-04  6.153671E-23  5.194614E-25   5.000000E-01 NotAppl  1.195461E+01  0.000000E+00  
1.845264E+03  3.176627E-03  3.478176E-04  6.145495E-08  1.000000E+00  1.191282E+00  6.442927E-27  4.978352E-24   5.000000E-01 NotAppl  1.689013E-03  0.000000E+00  
9.640122E+02  2.767839E-01  8.753016E-01  -2.037287E-03  1.000000E+00  3.333084E-01  2.378158E-26  2.056968E-14   5.000000E-01 NotAppl  1.214316E-02  0.000000E+00  
5.035744E+02  4.965196E-01  3.999240E+02  -9.496817E-01  1.000000E+00  2.903891E-04  1.557621E-23  1.684723E-08   1.168146E-142 LZ5Tmedian  1.580242E+01  0.000000E+00  
3.138620E+03  8.669958E-01  -8.652097E-01  3.345760E-10  1.000000E+00  2.593986E+00  2.678147E-27  5.001709E-29   5.000000E-01 NotAppl  4.077067E-04  0.000000E+00  
1.384348E+02  2.840878E+00  1.222368E+01  -7.684980E+00  1.000000E+00  5.413097E-08  1.327109E-19  1.553219E-05   0.000000E+00 XENON1T_2018  6.059819E+05  0.000000E+00  
6.570553E+01  2.235782E-01  7.269098E+02  8.721954E-04  1.000000E+00  5.069962E-03  1.011753E-29  9.202294E-13   5.000000E-01 NotAppl  9.629123E-05  0.000000E+00  
7.597885E+02  7.456690E-03  7.618062E+02  2.175690E-04  1.000000E+00  9.287723E-05  5.543638E-23  3.814656E-16   5.000000E-01 NotAppl  3.675392E+01  0.000000E+00  
6.548059E+01  8.795105E-04  -1.563873E-04  3.313994E-08  1.000000E+00  5.196534E-03  1.694842E-38  1.337865E-21   5.000000E-01 NotAppl  1.618738E-13  0.000000E+00  
4.026224E+03  3.510000E-01  -3.415338E-01  1.329952E-01  1.000000E+00  4.068459E+00  1.901140E-27  4.761747E-12   5.000000E-01 NotAppl  2.264304E-04  0.000000E+00  
1.499579E+02  1.602256E-03  8.502338E-01  3.065517E-07  1.000000E+00  1.032715E-02  7.697117E-25  2.097833E-20   5.000000E-01 NotAppl  2.750876E+00  0.000000E+00  
1.521086E+01  2.554589E-01  6.982466E+02  -1.139552E-10  1.000000E+00  1.770465E-03  2.284170E-45  3.031500E-25   5.000000E-01 NotAppl  1.054157E-19  1.798817E-17  
1.132490E+03  4.920028E-02  3.000082E-02  -3.067597E-09  1.000000E+00  4.702182E-01  1.700737E-26  3.356954E-26   5.000000E-01 NotAppl  7.356872E-03  0.000000E+00  
1.197425E+03  1.909176E-04  1.490857E-02  8.145582E-10  1.000000E+00  5.229881E-01  1.522304E-26  2.112461E-27   5.000000E-01 NotAppl  6.218810E-03  0.000000E+00  
2.622307E+03  7.892637E-03  -3.794318E-03  -4.502079E-02  1.000000E+00  2.300886E+00  3.266081E-27  1.305843E-12   5.000000E-01 NotAppl  5.984149E-04  0.000000E+00  
7.686469E+02  1.964175E-01  3.018178E+02  1.599413E-10  1.000000E+00  3.101041E-04  1.616854E-23  2.013258E-28   5.000000E-01 NotAppl  1.059264E+01  0.000000E+00  
7.948659E+02  3.605108E-04  9.757760E-04  7.654968E-09  1.000000E+00  2.401856E-01  3.425215E-26  4.306347E-25   5.000000E-01 NotAppl  2.133128E-02  0.000000E+00  
3.039214E+02  2.884785E+02  -2.750950E+02  1.413957E-08  1.000000E+00  2.350971E-04  1.686154E-23  1.049603E-23   5.000000E-01 NotAppl  2.863268E+01  0.000000E+00  
1.028989E+03  2.310059E-03  -2.051436E-03  -1.461249E-07  1.000000E+00  3.921989E-01  2.056062E-26  9.262863E-23   5.000000E-01 NotAppl  9.814410E-03  0.000000E+00  
1.709957E+02  1.452706E+00  -1.400246E+00  6.872557E-07  1.000000E+00  1.249140E-02  6.211121E-25  8.056142E-20   5.000000E-01 NotAppl  1.940603E+00  0.000000E+00  
2.013404E+03  5.276007E-02  -4.665087E-02  -1.182415E-09  1.000000E+00  1.406373E+00  5.417316E-27  1.542923E-27   5.000000E-01 NotAppl  1.298770E-03  0.000000E+00  
1.928566E+01  7.066388E+02  -4.169642E+02  -6.401698E-08  1.000000E+00  5.543633E+06  7.783688E-40  5.955174E-20   5.000000E-01 NotAppl  2.748827E-14  5.570000E-12  
1.957248E+03  8.818738E-01  2.782974E+02  -1.488688E-07  1.000000E+00  2.742730E-04  1.816029E-23  2.590819E-23   5.000000E-01 NotAppl  4.561387E+00  0.000000E+00  
1.848788E+03  1.011076E+02  -1.008548E+02  -2.643052E-10  1.000000E+00  1.211726E-03  5.704645E-24  9.173407E-29   5.000000E-01 NotAppl  1.486700E+00  0.000000E+00  
6.563342E+03  2.067527E-01  -1.453640E-01  -7.696553E-07  1.000000E+00  1.297857E+01  5.381729E-28  5.905123E-23   5.000000E-01 NotAppl  3.875086E-05  0.000000E+00  
5.275817E+03  1.666199E-03  3.486956E-02  7.208120E+00  1.000000E+00  2.672146E-02  4.522275E-25  8.072788E-09   2.370529E-07 LZ5Tmedian  4.289017E-02  0.000000E+00  
1.971496E+03  3.051656E-03  3.587024E-02  4.025891E-06  1.000000E+00  1.351311E+00  5.647807E-27  1.866958E-20   5.000000E-01 NotAppl  1.383538E-03  0.000000E+00  
2.700083E+03  4.960714E-02  -4.950455E-02  -6.673626E-10  1.000000E+00  2.468802E+00  3.018365E-27  2.703720E-28   5.000000E-01 NotAppl  5.360863E-04  0.000000E+00  
4.466912E+02  1.736199E+02  -1.736110E+02  2.124925E-06  1.000000E+00  6.049893E-04  1.139814E-23  1.077794E-19   5.000000E-01 NotAppl  1.291421E+01  0.000000E+00  
2.304603E+03  2.278871E-04  1.564175E+02  -4.361670E-05  1.000000E+00  7.904941E-04  6.166386E-24  1.594381E-18   5.000000E-01 NotAppl  1.309794E+00  0.000000E+00  
4.271256E+03  5.578899E-03  1.681958E-01  -2.437714E-01  1.000000E+00  4.206530E+00  1.924277E-27  1.418642E-11   5.000000E-01 NotAppl  2.192116E-04  0.000000E+00  
2.337041E+02  1.182331E+01  -8.479691E+00  -5.236783E-02  1.000000E+00  1.273921E-02  3.987362E-25  2.465889E-10   4.602719E-05 LZ5Tmedian  8.888129E-01  0.000000E+00  
6.520510E+03  6.373635E-01  -6.157356E-01  -3.512713E-02  1.000000E+00  8.800317E+00  7.053600E-28  1.246520E-13   5.000000E-01 NotAppl  5.109347E-05  0.000000E+00  
7.858231E+03  1.051728E+00  3.017491E-01  -1.531096E-01  1.000000E+00  5.641109E+00  1.033713E-27  1.620968E-12   5.000000E-01 NotAppl  6.252304E-05  0.000000E+00  
3.515463E+03  1.250854E-01  -6.856928E-02  1.994943E-02  1.000000E+00  4.045557E+00  1.814676E-27  1.411934E-13   5.000000E-01 NotAppl  2.463414E-04  0.000000E+00  
4.147273E+02  5.217725E-03  5.082927E+00  2.786320E-08  1.000000E+00  5.922764E-02  1.295944E-25  2.157154E-23   5.000000E-01 NotAppl  1.583983E-01  0.000000E+00  
2.264867E+03  1.387509E+01  -1.351421E+01  4.692649E-09  1.000000E+00  5.314916E-02  1.171637E-25  1.912062E-26   5.000000E-01 NotAppl  2.479983E-02  0.000000E+00  
2.112233E+03  7.069050E+02  -7.068887E+02  1.392191E-07  1.000000E+00  3.666639E-05  2.075382E-22  1.939971E-23   5.000000E-01 NotAppl  4.717375E+01  0.000000E+00  
7.218649E+01  3.123133E-02  3.510535E-01  2.436310E-06  1.000000E+00  6.184224E-03  7.924378E-36  5.925293E-18   5.000000E-01 NotAppl  6.844154E-11  0.000000E+00  
3.852220E+02  5.946512E+00  -5.946406E+00  6.523363E-03  1.000000E+00  4.464266E-02  1.636689E-25  1.375149E-12   5.000000E-01 NotAppl  2.160496E-01  0.000000E+00  
2.548943E+03  4.203474E-03  5.477083E-03  -1.643619E-03  1.000000E+00  2.211555E+00  3.384230E-27  1.843997E-15   5.000000E-01 NotAppl  6.374507E-04  0.000000E+00  
1.839083E+01  4.942802E-02  -4.536819E-02  4.611999E-06  1.000000E+00  2.360863E-03  3.971201E-36  3.399542E-16   5.000000E-01 NotAppl  1.477936E-10  2.903833E-08  
9.908817E+03  9.764812E+00  -9.762902E+00  -9.700191E-03  1.000000E+00  1.080575E-01  5.633214E-26  4.062979E-15   5.000000E-01 NotAppl  2.659644E-03  0.000000E+00  
1.669381E+01  6.487583E+01  -1.720196E+01  -3.271806E-08  1.000000E+00  3.343875E+06  1.936338E-40  2.076181E-20   5.000000E-01 NotAppl  8.035757E-15  1.474181E-12  
1.259779E+02  3.273047E-03  6.000624E-02  -1.282019E-01  1.000000E+00  8.414464E-03  7.775759E-25  5.244292E-09   5.391381E-161 LZ5Tmedian  3.375632E+00  0.000000E+00  
1.269774E+01  5.978186E-04  6.340229E-01  4.752667E-07  1.000000E+00  6.459193E-04  3.756934E-38  7.542210E-18   5.000000E-01 NotAppl  2.135808E-12  3.157865E-10  
1.196800E+01  5.269221E-04  2.466217E+02  -5.748998E-07  1.000000E+00  5.427004E-04  5.382679E-38  1.240181E-17   5.000000E-01 NotAppl  3.278894E-12  4.633800E-10  
8.814402E+01  9.953317E-03  -9.252900E-03  -1.165428E-04  1.000000E+00  5.840367E-03  7.456032E-25  9.011604E-15   5.000000E-01 NotAppl  4.720916E+00  0.000000E+00  
1.302391E+01  5.443436E+01  1.160190E+01  -5.456492E-10  1.000000E+00  4.922013E+06  4.993923E-44  9.455686E-24   5.000000E-01 NotAppl  2.756482E-18  4.162132E-16  
6.465030E+03  1.868737E+01  7.927156E+02  -5.038548E-01  1.000000E+00  3.327396E-05  1.560189E-22  2.609550E-11   5.000000E-01 NotAppl  1.159493E+01  0.000000E+00  
5.272831E+01  8.165238E-04  2.885715E+00  -1.099786E-01  1.000000E+00  2.566012E-03  2.120780E-26  2.292143E-08   0.000000E+00 XENON1T_2018  2.547132E-01  2.631101E-01  
7.784744E+01  2.157167E-04  3.851244E+00  1.273661E-05  1.000000E+00  6.245430E-03  8.049141E-35  1.387949E-16   5.000000E-01 NotAppl  6.487274E-10  0.000000E+00  
1.493520E+01  8.317192E+02  -7.197854E+02  3.799022E-06  1.000000E+00  5.042115E+06  2.524899E-36  3.494036E-16   5.000000E-01 NotAppl  1.189913E-10  2.002478E-08  
9.253669E+01  1.949332E+00  -1.949203E+00  -9.375458E-05  1.000000E+00  5.555069E-03  1.053486E-24  5.278726E-15   5.000000E-01 NotAppl  6.252309E+00  0.000000E+00  
9.657468E+02  1.147680E+02  -1.121967E+02  -1.910586E-07  1.000000E+00  9.553843E-04  6.844174E-24  1.802447E-22   5.000000E-01 NotAppl  3.479416E+00  0.000000E+00  
9.401305E+01  7.413714E-04  4.925060E+02  -1.180997E-10  1.000000E+00  3.557165E-03  1.189502E-24  8.108670E-27   5.000000E-01 NotAppl  6.912687E+00  0.000000E+00  
1.476783E+02  2.081625E+02  -2.079167E+02  -3.274787E-05  1.000000E+00  1.206521E-03  4.773077E-24  2.470396E-16   5.000000E-01 NotAppl  1.768930E+01  0.000000E+00  
1.243703E+03  1.301375E-02  5.795885E+00  -2.032557E-10  1.000000E+00  2.545918E-01  2.319347E-26  1.217355E-28   5.000000E-01 NotAppl  9.174000E-03  0.000000E+00  
9.628414E+02  5.557167E-01  -4.992817E-01  2.299924E-06  1.000000E+00  3.399218E-01  2.364081E-26  2.628013E-20   5.000000E-01 NotAppl  1.208312E-02  0.000000E+00  
8.035094E+01  2.679532E-04  2.434135E+01  6.423401E-02  1.000000E+00  4.617475E-03  1.469973E-27  3.309095E-09   2.458911E-143 LZ5Tmedian  1.147142E-02  0.000000E+00  
2.471448E+02  2.824715E+01  5.624049E+00  -1.069853E+00  1.000000E+00  4.754584E-04  7.142557E-24  9.177845E-08   0.000000E+00 XENON1T_2018  1.754543E+01  0.000000E+00  
4.857303E+03  3.711646E-04  5.067360E-01  2.689481E-01  1.000000E+00  4.101230E+00  1.972786E-27  1.329513E-11   5.000000E-01 NotAppl  1.974074E-04  0.000000E+00  
1.068461E+03  2.990813E+01  -2.986914E+01  2.315435E-07  1.000000E+00  1.228094E-02  5.289154E-25  2.153748E-22   5.000000E-01 NotAppl  2.422997E-01  0.000000E+00  
3.614051E+03  1.439960E+01  -1.439712E+01  -4.638240E-05  1.000000E+00  4.996428E-02  1.236097E-25  7.214721E-19   5.000000E-01 NotAppl  1.622750E-02  0.000000E+00  
1.041837E+03  5.121568E-02  -4.259031E-02  -4.235877E-06  1.000000E+00  4.014501E-01  2.006347E-26  7.588980E-20   5.000000E-01 NotAppl  9.455746E-03  0.000000E+00  
4.429787E+02  1.249456E+00  -1.245563E+00  -2.320070E-01  1.000000E+00  5.482448E-02  1.668348E-25  1.306971E-09   3.351424E-13 LZ5Tmedian  1.967982E-01  0.000000E+00  
7.992175E+02  3.495476E-02  5.134718E+02  1.068963E-10  1.000000E+00  1.423181E-04  3.594949E-23  8.303978E-29   5.000000E-01 NotAppl  2.263123E+01  0.000000E+00  
5.712978E+01  2.366367E-03  -7.911689E-04  9.456129E-02  1.000000E+00  2.894385E-03  4.820426E-26  1.438955E-08   0.000000E+00 XENON1T_2018  5.325430E-01  2.384977E-01  
1.668302E+01  6.239889E-03  -2.790566E-03  6.077388E+00  1.000000E+00  1.687497E-03  2.011631E-25  7.172732E-04   0.000000E+00 XENON1T_2018  8.217206E+00  2.500027E-01  
4.144501E+02  2.147483E+00  5.493938E+02  -7.759710E-03  1.000000E+00  2.250051E-04  2.086705E-23  1.675345E-12   5.000000E-01 NotAppl  2.570758E+01  0.000000E+00  
7.943263E+03  2.111833E+01  -2.075931E+01  -4.099262E-10  1.000000E+00  2.446693E-02  2.631323E-25  1.136289E-29   5.000000E-01 NotAppl  1.553473E-02  0.000000E+00  
2.988985E+01  1.991110E-04  5.848511E-04  1.220164E-06  1.000000E+00  2.562192E-03  3.762819E-37  8.944631E-18   5.000000E-01 NotAppl  8.212967E-12  1.867710E-09  
1.061528E+03  4.015436E+02  -4.006822E+02  4.682796E-06  1.000000E+00  1.139516E-04  6.347821E-23  8.927099E-20   5.000000E-01 NotAppl  2.927184E+01  0.000000E+00  
2.099911E+01  3.452807E-04  8.077323E-04  -2.751618E-03  1.000000E+00  2.406346E-03  1.489073E-30  9.274232E-11   4.140628E-04 LZ5Tmedian  4.787140E-05  9.788183E-03  
1.103573E+01  3.160071E+01  -6.149836E+00  -1.153668E-10  1.000000E+00  1.516620E+06  2.097187E-45  5.856808E-25   5.000000E-01 NotAppl  1.405171E-19  1.878538E-18  
3.650075E+03  1.202385E+02  -1.202365E+02  -5.595316E-09  1.000000E+00  8.517435E-04  8.258361E-24  1.028974E-26   5.000000E-01 NotAppl  1.073202E+00  0.000000E+00  
3.558571E+02  2.192730E+01  -1.327798E+01  -1.250422E-06  1.000000E+00  1.020161E-02  4.415079E-25  5.942909E-20   5.000000E-01 NotAppl  6.340669E-01  0.000000E+00  
6.177900E+03  3.520107E-03  5.673911E-03  -7.265088E-02  1.000000E+00  1.178245E+01  6.097547E-28  5.950164E-13   5.000000E-01 NotAppl  4.683758E-05  0.000000E+00  
3.246801E+01  2.620515E-02  6.431842E-01  4.682023E-09  1.000000E+00  1.580553E-03  6.137847E-42  1.113741E-22   5.000000E-01 NotAppl  1.224624E-16  2.668399E-14  
6.483694E+01  5.029769E-04  8.232974E-02  -1.111645E-09  1.000000E+00  4.998311E-03  3.130732E-41  1.536027E-24   5.000000E-01 NotAppl  3.038194E-16  0.000000E+00  
2.647546E+01  2.370350E+02  5.929957E+01  7.078087E-10  1.000000E+00  3.526164E+06  1.130874E-43  3.846937E-24   5.000000E-01 NotAppl  2.820624E-18  6.484571E-16  
6.064124E+02  4.247526E+00  -4.246316E+00  -2.212486E-01  1.000000E+00  1.012975E-01  7.568388E-26  6.253548E-10   4.047954E-05 LZ5Tmedian  6.436110E-02  0.000000E+00  
2.420345E+01  1.827317E+00  2.017612E-01  1.010633E+00  1.000000E+00  9.092253E-03  2.112040E-25  9.399887E-06   0.000000E+00 XENON1T_2018  5.802804E+00  2.514818E-01  
2.123977E+01  4.098959E+01  -4.098943E+01  3.512513E-03  1.000000E+00  3.742500E-02  2.438722E-30  1.477036E-10   3.311112E-06 LZ5Tmedian  7.738828E-05  3.404515E-03  
1.135017E+01  9.729630E-04  8.510780E-02  5.023890E-01  1.000000E+00  7.170267E-04  4.020092E-26  1.051089E-05   0.000000E+00 XENON1T_2018  2.606219E+00  2.498225E-01  
8.357383E+01  1.642961E+01  -5.237937E+00  1.680312E+00  1.000000E+00  5.530603E-05  5.968326E-23  2.089273E-06   0.000000E+00 XENON1T_2018  4.034091E+02  0.000000E+00  
2.503117E+02  1.999938E+01  -4.698073E+00  7.998204E-10  1.000000E+00  6.176785E-03  5.905847E-25  4.997465E-26   5.000000E-01 NotAppl  1.223962E+00  0.000000E+00  
1.177939E+03  6.965895E-04  8.186200E+02  2.748844E+00  1.000000E+00  5.639701E-05  9.889086E-23  2.487594E-08   1.659879E-91 LZ5Tmedian  4.183334E+01  0.000000E+00  
1.649442E+01  1.437417E+00  -1.406389E+00  -5.761161E-03  1.000000E+00  4.146017E-02  5.