MD1           DMP           DM3           l345          ld           Omegah2       sigV          protonSI      PvalDD        expName      CMB_ID        brH_DMDM      
7.175521E+01  2.718694E+01  1.702264E+02  1.196098E-09  1.000000E+00  1.452032E+00  2.103268E-42  1.445771E-24   5.000000E-01 NotAppl  1.828232E-17  0.000000E+00  
1.544622E+03  3.857970E-01  8.545072E+01  2.099284E-07  1.000000E+00  2.521354E-03  1.886844E-24  8.347485E-23   5.000000E-01 NotAppl  6.040110E-01  0.000000E+00  
2.937002E+03  1.430472E-04  1.367295E-02  -8.189068E+00  1.000000E+00  6.488583E-03  1.948689E-24  3.430247E-08   3.282968E-51 LZ5Tmedian  3.377240E-01  0.000000E+00  
1.952480E+02  1.176182E-02  -8.826641E-03  -2.754324E-08  1.000000E+00  1.697577E-02  4.993448E-25  9.859727E-23   5.000000E-01 NotAppl  1.337914E+00  0.000000E+00  
2.310540E+01  3.221620E+00  1.574663E+02  4.929625E-09  1.000000E+00  8.058644E-02  5.012362E-42  2.455862E-22   5.000000E-01 NotAppl  1.450839E-16  2.996294E-14  
2.494856E+02  9.980967E+00  -9.980843E+00  -9.602729E-04  1.000000E+00  1.746936E-02  3.776850E-25  7.252629E-14   5.000000E-01 NotAppl  7.844342E-01  0.000000E+00  
2.471530E+02  1.037583E+02  -1.035610E+02  5.264915E-06  1.000000E+00  1.608039E-03  3.937211E-24  2.222520E-18   5.000000E-01 NotAppl  8.315117E+00  0.000000E+00  
3.717536E+03  9.658308E-02  1.697608E+01  2.109096E-09  1.000000E+00  5.649096E-02  7.993804E-26  1.408474E-27   5.000000E-01 NotAppl  1.041188E-02  0.000000E+00  
1.978540E+01  3.620595E-03  2.591694E+00  -5.115173E-01  1.000000E+00  1.314232E-03  5.009488E-26  3.611948E-06   0.000000E+00 XENON1T_2018  1.719387E+00  2.517157E-01  
5.860111E+01  2.837323E-04  1.087368E-01  -5.076846E-10  1.000000E+00  3.797520E-03  2.576102E-42  3.938039E-25   5.000000E-01 NotAppl  2.773158E-17  1.279901E-16  
1.779562E+01  2.300313E-02  3.542040E+00  2.338924E+00  1.000000E+00  1.114957E-03  5.891339E-25  9.338250E-05   0.000000E+00 XENON1T_2018  2.283288E+01  2.509840E-01  
5.524703E+03  1.998045E-02  1.866704E+01  -1.433947E-05  1.000000E+00  4.783922E-02  9.470349E-26  2.909052E-20   5.000000E-01 NotAppl  8.254871E-03  0.000000E+00  
1.386878E+03  7.705947E-02  -6.939265E-02  1.169232E-04  1.000000E+00  6.909340E-01  1.137546E-26  3.225651E-17   5.000000E-01 NotAppl  3.996798E-03  0.000000E+00  
4.004381E+01  1.693325E+00  -1.690591E+00  1.352857E-06  1.000000E+00  2.596127E-04  7.737226E-37  6.073952E-18   5.000000E-01 NotAppl  1.237050E-11  1.916337E-09  
3.399572E+01  3.225815E-03  1.824262E-03  -1.039009E-09  1.000000E+00  1.108914E-03  3.237353E-43  4.996347E-24   5.000000E-01 NotAppl  6.156502E-18  1.293994E-15  
8.039190E+01  1.280285E-02  3.185764E+00  8.441406E-06  1.000000E+00  5.597720E-03  3.432989E-26  5.708953E-17   5.000000E-01 NotAppl  2.463033E-01  0.000000E+00  
2.196406E+01  5.183615E-02  6.804030E+01  7.822857E-06  1.000000E+00  1.745284E-03  1.229202E-35  6.848553E-16   5.000000E-01 NotAppl  3.762195E-10  8.183948E-08  
7.120549E+02  6.108729E-02  -6.078785E-02  2.412026E+00  1.000000E+00  4.927667E-03  2.619851E-24  5.352980E-08   7.114545E-322 LZ5Tmedian  1.906777E+00  0.000000E+00  
1.017078E+02  5.593623E-01  -5.563481E-01  -1.713215E+00  1.000000E+00  2.982069E-04  3.646210E-23  1.452269E-06   0.000000E+00 XENON1T_2018  1.966025E+02  0.000000E+00  
1.005613E+02  4.643813E+02  -4.643798E+02  -1.215635E+00  1.000000E+00  5.600620E-04  1.159204E-23  7.483790E-07   0.000000E+00 XENON1T_2018  6.301601E+01  0.000000E+00  
9.698091E+02  3.552439E-04  5.017675E+01  2.023688E-09  1.000000E+00  7.049652E-03  6.657476E-25  2.004911E-26   5.000000E-01 NotAppl  3.434660E-01  0.000000E+00  
1.014279E+03  1.379473E-03  1.436370E-01  3.863016E-06  1.000000E+00  3.811378E-01  2.116236E-26  6.666739E-20   5.000000E-01 NotAppl  1.025230E-02  0.000000E+00  
1.660968E+02  1.242879E+02  -1.126367E+02  -1.272911E-09  1.000000E+00  8.850647E-04  3.724822E-24  2.933341E-25   5.000000E-01 NotAppl  1.222524E+01  0.000000E+00  
1.240485E+01  2.100104E-02  7.940399E+00  -2.266961E-08  1.000000E+00  6.333439E-04  8.479089E-41  1.796840E-20   5.000000E-01 NotAppl  4.953223E-15  6.499999E-13  
5.162863E+03  4.190056E-01  4.454839E+02  4.217428E-10  1.000000E+00  1.045972E-04  4.916858E-23  2.888388E-29   5.000000E-01 NotAppl  4.591834E+00  0.000000E+00  
1.117617E+01  7.554833E-01  1.361289E+00  1.471537E-01  1.000000E+00  8.067623E-03  3.431127E-27  9.295442E-07   0.000000E+00 XENON1T_2018  2.265070E-01  2.462104E-01  
3.656274E+02  4.438543E+00  -4.438395E+00  -6.938055E-07  1.000000E+00  4.506713E-02  1.676966E-25  1.730948E-20   5.000000E-01 NotAppl  2.336342E-01  0.000000E+00  
1.535674E+01  9.165767E+00  -9.164283E+00  6.563837E-09  1.000000E+00  8.703707E-02  7.599895E-42  9.868686E-22   5.000000E-01 NotAppl  3.469306E-16  4.235775E-14  
2.268406E+02  2.500124E-03  3.443240E-01  5.430052E+00  1.000000E+00  1.350724E-05  1.132254E-21  2.818221E-06   0.000000E+00 XENON1T_2018  3.092642E+03  0.000000E+00  
2.593716E+03  1.543895E+00  1.244753E+02  -1.779485E-08  1.000000E+00  1.186776E-03  4.085383E-24  2.086163E-25   5.000000E-01 NotAppl  7.687463E-01  0.000000E+00  
5.436748E+01  2.034333E+00  -1.587651E+00  -8.490526E-01  1.000000E+00  1.643093E-03  1.718602E-24  1.283472E-06   0.000000E+00 XENON1T_2018  2.009470E+01  2.711796E-01  
3.374896E+02  5.896484E+01  -5.896255E+01  3.888921E-03  1.000000E+00  3.559781E-03  1.804169E-24  6.407025E-13   5.000000E-01 NotAppl  2.742991E+00  0.000000E+00  
5.091207E+02  1.789955E-03  -1.460544E-03  -2.271583E-05  1.000000E+00  1.027940E-01  8.208604E-26  9.425427E-18   5.000000E-01 NotAppl  8.104450E-02  0.000000E+00  
8.906051E+03  6.868574E-04  1.576240E-02  -1.289127E-08  1.000000E+00  2.491545E+01  2.781771E-28  8.911779E-27   5.000000E-01 NotAppl  1.471064E-05  0.000000E+00  
1.045664E+02  6.591888E+02  -6.590634E+02  -1.405538E-02  1.000000E+00  1.934008E-03  2.771342E-24  9.234915E-11   5.210574E-04 LZ5Tmedian  1.457073E+01  0.000000E+00  
3.074256E+01  2.387005E-01  -2.348817E-01  1.894152E-03  1.000000E+00  2.778529E-03  9.363877E-31  2.036166E-11   8.380895E-02 LZ5Tmedian  1.984670E-05  4.360862E-03  
4.841178E+01  1.856349E-02  -1.833288E-02  1.685904E-07  1.000000E+00  1.059343E-03  2.588555E-38  6.410400E-20   5.000000E-01 NotAppl  3.396991E-13  2.567818E-11  
8.343464E+01  6.712942E+00  -6.628733E+00  1.928489E+00  1.000000E+00  8.945772E-05  7.571951E-23  2.761426E-06   0.000000E+00 XENON1T_2018  5.131850E+02  0.000000E+00  
4.273864E+03  1.383890E+01  1.746654E+01  1.576043E-01  1.000000E+00  1.663542E-02  3.948815E-25  5.922493E-12   5.000000E-01 NotAppl  4.436617E-02  0.000000E+00  
1.393277E+01  4.180851E+02  -4.141404E+02  1.143510E-09  1.000000E+00  5.219847E+00  2.240444E-43  3.633781E-23   5.000000E-01 NotAppl  1.143709E-17  1.776849E-15  
4.831874E+03  1.482842E-02  3.911377E+01  3.012610E-07  1.000000E+00  1.145203E-02  4.110313E-25  1.686071E-23   5.000000E-01 NotAppl  4.105039E-02  0.000000E+00  
3.351971E+02  4.843737E-03  -4.167396E-03  -1.731642E-08  1.000000E+00  4.639210E-02  1.839054E-25  1.288173E-23   5.000000E-01 NotAppl  2.803685E-01  0.000000E+00  
3.032419E+01  1.015671E-03  2.119278E-03  -2.246619E-09  1.000000E+00  2.453417E-03  1.296433E-42  2.945078E-23   5.000000E-01 NotAppl  2.788976E-17  6.304332E-15  
1.103252E+01  3.457709E-04  2.608177E+00  -2.902180E-01  1.000000E+00  4.705921E-04  1.326912E-26  3.708477E-06   0.000000E+00 XENON1T_2018  8.893263E-01  2.509446E-01  
3.526579E+01  1.590913E-01  -1.579089E-01  1.399618E-01  1.000000E+00  5.921239E-04  6.252001E-27  8.415961E-08   0.000000E+00 XENON1T_2018  1.141175E-01  2.469095E-01  
6.514142E+01  3.130578E-01  9.154912E+02  -2.543819E-02  1.000000E+00  5.135668E-03  1.277849E-26  7.966834E-10   1.017610E-39 LZ5Tmedian  1.226873E-01  0.000000E+00  
2.861056E+03  9.022071E-03  6.787252E+00  -1.120960E-06  1.000000E+00  3.020794E-01  1.512914E-26  6.779507E-22   5.000000E-01 NotAppl  2.567536E-03  0.000000E+00  
1.644575E+02  1.466463E+01  -1.466132E+01  -4.959702E-07  1.000000E+00  7.689961E-03  7.804213E-25  4.544719E-20   5.000000E-01 NotAppl  2.547108E+00  0.000000E+00  
9.130905E+01  6.766604E-04  1.098767E+01  -1.440774E-09  1.000000E+00  4.555832E-03  8.562332E-25  1.281219E-24   5.000000E-01 NotAppl  5.206542E+00  0.000000E+00  
4.865723E+01  2.509973E+00  -7.794844E-01  1.797664E-10  1.000000E+00  1.904138E-03  3.034641E-44  7.213764E-26   5.000000E-01 NotAppl  3.950027E-19  2.522327E-17  
3.266507E+01  2.957909E-04  6.936627E+01  -7.125013E-06  1.000000E+00  1.505913E-03  1.433549E-35  2.547769E-16   5.000000E-01 NotAppl  2.845642E-10  6.182404E-08  
7.013369E+02  2.994743E-01  1.465689E+01  1.159885E-07  1.000000E+00  5.286933E-02  1.028963E-25  1.276792E-22   5.000000E-01 NotAppl  7.356664E-02  0.000000E+00  
2.771091E+01  1.378361E+02  -1.359549E+02  6.078461E+00  1.000000E+00  3.641649E-03  8.391301E-25  2.587225E-04   0.000000E+00 XENON1T_2018  1.991325E+01  5.040616E-01  
9.310104E+02  1.502274E+01  -1.498074E+01  -4.686301E-08  1.000000E+00  4.106640E-02  1.550798E-25  1.168607E-23   5.000000E-01 NotAppl  8.190605E-02  0.000000E+00  
2.275396E+03  1.348940E-04  4.800106E-04  3.103703E-06  1.000000E+00  1.778530E+00  4.243934E-27  8.285704E-21   5.000000E-01 NotAppl  8.977105E-04  0.000000E+00  
3.579512E+01  8.724173E+00  -3.062899E+00  -4.110180E-03  1.000000E+00  8.557640E-03  5.539525E-30  7.041572E-11   1.182509E-04 LZ5Tmedian  9.954270E-05  1.025256E-02  
7.271335E+01  2.226846E-04  4.247590E+01  3.817310E-10  1.000000E+00  5.570319E-03  1.738194E-43  1.433207E-25   5.000000E-01 NotAppl  1.501155E-18  0.000000E+00  
4.142989E+03  2.822933E-04  5.576291E-04  5.513763E-02  1.000000E+00  5.510747E+00  1.326998E-27  7.722114E-13   5.000000E-01 NotAppl  1.526964E-04  0.000000E+00  
2.595389E+01  3.166645E-01  3.744510E+02  1.309991E-01  1.000000E+00  3.108576E-03  3.815842E-27  1.371747E-07   0.000000E+00 XENON1T_2018  9.739833E-02  3.271204E-01  
1.177061E+02  6.495643E+02  -6.495637E+02  2.247808E-07  1.000000E+00  1.388831E-03  4.069636E-24  1.853036E-20   5.000000E-01 NotAppl  1.900387E+01  0.000000E+00  
3.551167E+01  3.439648E-02  -3.284122E-02  -2.605944E-05  1.000000E+00  5.184655E-04  2.194243E-34  2.876661E-15   5.000000E-01 NotAppl  3.983108E-09  7.982483E-07  
2.028585E+01  9.795987E+02  -9.792464E+02  -2.660391E-10  1.000000E+00  4.655468E-02  1.371319E-44  9.292128E-25   5.000000E-01 NotAppl  4.576971E-19  9.561923E-17  
6.830602E+01  2.633277E+02  -2.613972E+02  3.440346E-08  1.000000E+00  1.960321E-02  4.627302E-39  1.322681E-21   5.000000E-01 NotAppl  4.232213E-14  0.000000E+00  
1.236793E+03  1.633815E+01  1.836974E+02  1.622215E-07  1.000000E+00  4.911563E-04  9.285112E-24  7.843236E-23   5.000000E-01 NotAppl  3.732135E+00  0.000000E+00  
1.824796E+03  3.399212E-04  7.482525E+01  -9.500209E-03  1.000000E+00  3.262220E-03  1.452529E-24  1.217057E-13   5.000000E-01 NotAppl  3.919537E-01  0.000000E+00  
5.664283E+01  3.821873E-02  -3.801091E-02  -5.028825E-01  1.000000E+00  2.159426E-03  1.151122E-24  4.141301E-07   0.000000E+00 XENON1T_2018  1.286960E+01  2.500516E-01  
7.530086E+03  3.505305E+01  1.261426E+02  1.839961E+00  1.000000E+00  7.267776E-04  8.061691E-24  2.552793E-10   5.000000E-01 NotAppl  5.120443E-01  0.000000E+00  
1.209976E+03  7.385243E-02  4.042186E+02  1.119277E-10  1.000000E+00  1.647065E-04  3.099931E-23  3.904886E-29   5.000000E-01 NotAppl  1.275195E+01  0.000000E+00  
2.074918E+03  1.894340E+00  -1.892620E+00  1.922003E-01  1.000000E+00  6.580937E-01  1.235345E-26  3.834216E-11   5.000000E-01 NotAppl  2.895944E-03  0.000000E+00  
1.574072E+03  1.791993E-01  -1.725111E-01  3.023960E-04  1.000000E+00  8.764279E-01  8.860783E-27  1.666641E-16   5.000000E-01 NotAppl  2.733768E-03  0.000000E+00  
1.560913E+03  1.852981E-04  1.097167E-03  1.228612E-10  1.000000E+00  8.657768E-01  8.989541E-27  2.798823E-29   5.000000E-01 NotAppl  2.797504E-03  0.000000E+00  
7.130390E+02  2.030755E+01  -1.398454E+01  1.296538E+00  1.000000E+00  3.948767E-03  1.780544E-24  1.542327E-08   3.936845E-93 LZ5Tmedian  1.270259E+00  0.000000E+00  
1.775013E+02  1.263364E-01  2.451453E+01  -6.192369E-09  1.000000E+00  8.704052E-03  7.268898E-25  6.058519E-24   5.000000E-01 NotAppl  2.172388E+00  0.000000E+00  
2.415288E+03  2.000562E-03  -1.710505E-03  -3.951067E-06  1.000000E+00  1.994232E+00  3.767964E-27  1.189110E-20   5.000000E-01 NotAppl  7.498514E-04  0.000000E+00  
1.217084E+02  1.943947E-02  -1.860993E-02  -4.951528E-08  1.000000E+00  7.610041E-03  1.043210E-24  8.396033E-22   5.000000E-01 NotAppl  4.625549E+00  0.000000E+00  
8.905669E+01  2.749449E-02  2.498150E+00  2.245176E-06  1.000000E+00  5.029260E-03  7.567647E-25  3.274641E-18   5.000000E-01 NotAppl  4.742110E+00  0.000000E+00  
8.814145E+01  3.166094E-03  2.011287E+01  1.233982E-10  1.000000E+00  4.598880E-03  7.463205E-25  1.010357E-26   5.000000E-01 NotAppl  4.725597E+00  0.000000E+00  
3.429211E+02  4.897677E+00  -2.847574E-01  -4.091651E-10  1.000000E+00  3.200820E-02  1.971427E-25  6.864387E-27   5.000000E-01 NotAppl  2.936193E-01  0.000000E+00  
5.971523E+03  7.577097E-01  5.619460E+00  -4.364213E+00  1.000000E+00  1.036003E-01  9.585460E-26  2.300630E-09   2.145184E-02 LZ5Tmedian  8.157620E-03  0.000000E+00  
2.673654E+03  1.471230E-01  1.458059E+00  -3.062745E-06  1.000000E+00  1.733861E+00  3.785350E-27  5.809498E-21   5.000000E-01 NotAppl  6.811820E-04  0.000000E+00  
1.284382E+02  8.420683E-03  2.050451E+01  1.282214E-09  1.000000E+00  6.048336E-03  1.084865E-24  5.041952E-25   5.000000E-01 NotAppl  4.531585E+00  0.000000E+00  
3.873590E+03  2.122625E-01  5.739866E+01  3.663612E-09  1.000000E+00  5.406647E-03  8.843599E-25  3.908893E-27   5.000000E-01 NotAppl  1.105147E-01  0.000000E+00  
3.423902E+02  1.985637E+02  -1.985574E+02  1.645748E-04  1.000000E+00  5.710303E-04  1.186442E-23  1.114059E-15   5.000000E-01 NotAppl  1.777201E+01  0.000000E+00  
1.301149E+01  3.107478E-01  -3.027534E-01  -2.931565E-03  1.000000E+00  4.007017E-03  1.441083E-30  2.734537E-10   6.998583E-04 LZ5Tmedian  7.963278E-05  1.150586E-02  
1.405392E+01  1.198028E-04  6.242920E-02  -7.788444E-05  1.000000E+00  1.094055E-03  1.042092E-33  1.657010E-13   5.000000E-01 NotAppl  5.266903E-08  8.442835E-06  
6.358293E+02  2.533275E+02  -2.533226E+02  1.752680E-07  1.000000E+00  2.933514E-04  2.437887E-23  3.562228E-22   5.000000E-01 NotAppl  1.912766E+01  0.000000E+00  
1.770219E+01  5.085349E-01  1.353572E+02  4.100465E-01  1.000000E+00  3.664190E-03  3.099795E-26  2.900490E-06   0.000000E+00 XENON1T_2018  1.203681E+00  3.327417E-01  
4.031981E+02  3.525291E+00  4.737077E+01  -4.534415E-02  1.000000E+00  6.551897E-03  6.916741E-25  6.052234E-11   2.328808E-01 NotAppl  8.758129E-01  0.000000E+00  
1.357402E+02  4.758938E+01  -3.943934E+01  6.274828E+00  1.000000E+00  8.542894E-08  5.263530E-20  1.078080E-05   0.000000E+00 XENON1T_2018  2.436760E+05  0.000000E+00  
1.827343E+03  1.962805E-01  -1.938541E-01  -2.167894E-08  1.000000E+00  1.162876E+00  6.592414E-27  6.319546E-25   5.000000E-01 NotAppl  1.745541E-03  0.000000E+00  
5.775458E+01  4.232741E+00  -3.805993E+00  -2.205786E-06  1.000000E+00  4.175356E-03  3.326564E-35  7.657922E-18   5.000000E-01 NotAppl  3.634750E-10  2.392356E-09  
5.125715E+02  1.991386E+00  -1.983349E+00  2.089900E-02  1.000000E+00  9.508509E-02  8.553523E-26  7.868563E-12   5.000000E-01 NotAppl  8.389409E-02  0.000000E+00  
1.535114E+02  1.232384E-03  1.482518E+02  -5.634692E-07  1.000000E+00  2.259953E-03  2.206208E-24  6.755432E-20   5.000000E-01 NotAppl  7.539923E+00  0.000000E+00  
9.245508E+03  8.506712E-04  3.118606E-02  -5.942780E-07  1.000000E+00  2.675673E+01  2.583425E-28  1.755334E-23   5.000000E-01 NotAppl  1.315513E-05  0.000000E+00  
8.695266E+01  1.699213E-03  5.953333E+01  3.873657E-07  1.000000E+00  4.472680E-03  7.269609E-25  1.023729E-19   5.000000E-01 NotAppl  4.666620E+00  0.000000E+00  
9.304154E+01  9.027047E+01  -9.026328E+01  -4.166879E-04  1.000000E+00  3.348580E-03  1.555666E-24  1.031152E-13   5.000000E-01 NotAppl  9.210425E+00  0.000000E+00  
2.555844E+02  2.154741E-01  1.862158E-02  4.023877E-04  1.000000E+00  2.734273E-02  3.068466E-25  1.212020E-14   5.000000E-01 NotAppl  6.206113E-01  0.000000E+00  
7.764239E+01  2.602556E+00  -2.559925E+00  -8.581899E-09  1.000000E+00  1.309156E-02  3.762865E-41  6.335384E-23   5.000000E-01 NotAppl  3.040700E-16  0.000000E+00  
1.044791E+02  3.999692E+02  -3.997870E+02  -1.072030E-01  1.000000E+00  3.006232E-03  1.648793E-24  5.381518E-09   3.597455E-192 LZ5Tmedian  8.679497E+00  0.000000E+00  
1.012285E+02  1.935924E-04  5.387562E+01  2.405088E-05  1.000000E+00  4.097031E-03  1.374206E-24  2.889954E-16   5.000000E-01 NotAppl  7.355424E+00  0.000000E+00  
4.334213E+03  8.980438E+01  2.812519E+01  2.987305E-04  1.000000E+00  6.785169E-04  8.319299E-24  2.067961E-17   5.000000E-01 NotAppl  9.164700E-01  0.000000E+00  
8.237016E+02  2.953997E+01  -2.938762E+01  6.125370E-01  1.000000E+00  7.082431E-03  1.029157E-24  2.563761E-09   4.728997E-14 LZ5Tmedian  6.218794E-01  0.000000E+00  
3.509340E+03  2.580396E-03  1.602570E-01  3.799772E-10  1.000000E+00  4.064015E+00  1.795130E-27  5.141450E-29   5.000000E-01 NotAppl  2.440828E-04  0.000000E+00  
2.820148E+03  4.756301E-03  -4.022332E-03  -7.280455E-07  1.000000E+00  2.686230E+00  2.766086E-27  2.944882E-22   5.000000E-01 NotAppl  4.699642E-04  0.000000E+00  
1.205974E+01  5.981220E+00  -5.980900E+00  2.343132E+00  1.000000E+00  1.107005E-02  5.330713E-25  2.029384E-04   0.000000E+00 XENON1T_2018  3.222978E+01  2.524030E-01  
2.091371E+01  1.348771E-03  7.452601E+02  5.147218E-10  1.000000E+00  1.432008E-03  5.201166E-44  3.271935E-24   5.000000E-01 NotAppl  1.678582E-18  3.566358E-16  
4.513539E+01  5.836525E+01  -5.779462E+01  -1.294698E-10  1.000000E+00  5.142863E-05  1.068991E-44  4.360524E-26   5.000000E-01 NotAppl  1.504804E-19  1.651737E-17  
1.413640E+02  1.177074E+00  -1.176974E+00  -7.310187E-03  1.000000E+00  9.254531E-03  8.305804E-25  1.346363E-11   4.236354E-01 NotAppl  3.157979E+00  0.000000E+00  
1.268863E+02  7.575134E+00  -7.493325E+00  2.526602E-04  1.000000E+00  5.943192E-03  1.043579E-24  2.007129E-14   5.000000E-01 NotAppl  4.434760E+00  0.000000E+00  
3.040204E+02  1.016757E+01  -1.014779E+01  -7.418569E-01  1.000000E+00  4.097697E-03  1.906776E-24  2.887379E-08   0.000000E+00 LZ5Tmedian  3.591400E+00  0.000000E+00  
7.172650E+03  1.927862E-01  -5.568717E-03  8.984754E-10  1.000000E+00  1.519257E+01  4.600993E-28  6.716633E-29   5.000000E-01 NotAppl  3.028790E-05  0.000000E+00  
4.096032E+03  2.056564E-02  9.575857E+01  4.635514E-01  1.000000E+00  1.979667E-03  2.508452E-24  5.586052E-11   5.000000E-01 NotAppl  2.962399E-01  0.000000E+00  
5.711240E+03  7.211668E-04  2.929451E-04  -8.063336E-10  1.000000E+00  1.051264E+01  6.758939E-28  8.597962E-29   5.000000E-01 NotAppl  5.604782E-05  0.000000E+00  
1.646118E+01  6.321205E+00  4.745615E+00  -1.434507E-02  1.000000E+00  6.029051E+00  3.706362E-29  4.104459E-09   2.231903E-94 LZ5Tmedian  1.562752E-03  2.051566E-01  
1.259331E+03  6.053757E+00  -2.938669E+00  1.529239E-05  1.000000E+00  1.843172E-01  3.785216E-26  6.717831E-19   5.000000E-01 NotAppl  1.467162E-02  0.000000E+00  
1.662130E+02  1.023601E+00  -1.004998E+00  -3.895619E+00  1.000000E+00  3.829319E-06  3.650471E-21  2.743446E-06   0.000000E+00 XENON1T_2018  1.379893E+04  0.000000E+00  
2.062077E+02  1.644900E-03  4.554983E+02  -3.010707E-01  1.000000E+00  7.872594E-04  5.354111E-24  1.053335E-08   8.226586E-209 LZ5Tmedian  1.363189E+01  0.000000E+00  
4.281251E+02  1.658489E+00  -1.143701E+00  6.022515E-05  1.000000E+00  6.854139E-02  1.168621E-25  9.443287E-17   5.000000E-01 NotAppl  1.381243E-01  0.000000E+00  
8.424508E+03  1.350452E+02  -1.350360E+02  2.136852E-09  1.000000E+00  6.773985E-04  1.060162E-23  2.741108E-28   5.000000E-01 NotAppl  5.897521E-01  0.000000E+00  
2.106426E+03  9.241751E-03  2.702605E+01  -2.452876E-08  1.000000E+00  2.304568E-02  1.996642E-25  6.055976E-25   5.000000E-01 NotAppl  4.648675E-02  0.000000E+00  
4.176923E+01  5.182570E-03  2.293222E+00  7.151822E-06  1.000000E+00  2.538081E-04  2.447907E-35  1.557898E-16   5.000000E-01 NotAppl  3.736296E-10  5.196285E-08  
2.099750E+01  1.716437E+02  -1.716191E+02  1.276319E-04  1.000000E+00  3.865371E-02  3.203539E-33  1.995662E-13   5.000000E-01 NotAppl  1.029933E-07  2.192225E-05  
1.126834E+02  1.246064E+02  -1.245504E+02  1.249096E-01  1.000000E+00  1.450357E-03  4.086082E-24  6.257227E-09   2.470577E-210 LZ5Tmedian  1.986541E+01  0.000000E+00  
2.060648E+03  5.508342E+01  -5.508124E+01  1.124729E-04  1.000000E+00  3.849929E-03  1.746339E-24  1.331589E-17   5.000000E-01 NotAppl  4.071633E-01  0.000000E+00  
2.253424E+02  3.437032E-04  4.309417E-02  1.531518E-06  1.000000E+00  2.202931E-02  3.862523E-25  2.272520E-19   5.000000E-01 NotAppl  8.910109E-01  0.000000E+00  
2.872383E+02  8.272220E-01  -8.242429E-01  -9.902156E+00  1.000000E+00  2.918392E-06  5.188463E-21  5.778591E-06   0.000000E+00 XENON1T_2018  1.128579E+04  0.000000E+00  
2.669792E+02  1.640777E+00  -1.619030E+00  -3.124406E-01  1.000000E+00  1.491447E-02  6.346217E-25  6.682729E-09   1.941685E-104 LZ5Tmedian  1.303711E+00  0.000000E+00  
2.659560E+01  3.052554E+02  -2.997965E+02  9.309690E-03  1.000000E+00  3.916296E-01  1.963397E-29  6.594478E-10   2.238302E-32 LZ5Tmedian  4.876816E-04  6.943651E-02  
2.665374E+03  2.180603E+02  6.848416E+01  4.686521E-07  1.000000E+00  8.211769E-05  4.567017E-23  1.368866E-22   5.000000E-01 NotAppl  8.257912E+00  0.000000E+00  
1.505825E+03  2.115574E+00  -2.085909E+00  3.226762E-05  1.000000E+00  5.844020E-01  1.229328E-26  2.077178E-18   5.000000E-01 NotAppl  3.966418E-03  0.000000E+00  
4.841437E+03  7.022986E-04  3.096974E-01  3.420993E-10  1.000000E+00  7.256325E+00  9.663048E-28  2.165727E-29   5.000000E-01 NotAppl  9.478159E-05  0.000000E+00  
2.559715E+01  5.962935E+01  8.409414E+01  -1.198610E-04  1.000000E+00  1.805895E+05  3.161606E-33  1.180949E-13   5.000000E-01 NotAppl  8.193309E-08  1.872881E-05  
1.005193E+03  7.617448E-03  -3.879560E-03  -1.066018E-08  1.000000E+00  3.751577E-01  2.153591E-26  5.170903E-25   5.000000E-01 NotAppl  1.053019E-02  0.000000E+00  
5.238914E+01  1.013617E-01  -1.008313E-01  -2.867925E-01  1.000000E+00  2.311720E-03  1.355999E-25  1.579335E-07   0.000000E+00 XENON1T_2018  1.640383E+00  2.499129E-01  
8.151566E+01  3.406584E-04  1.467516E-04  -5.953789E+00  1.000000E+00  2.663210E-05  4.308741E-22  2.760530E-05   0.000000E+00 XENON1T_2018  3.029642E+03  0.000000E+00  
5.183654E+03  1.176746E-02  9.218037E+00  -2.212027E-04  1.000000E+00  1.838396E-01  2.378102E-26  7.879884E-18   5.000000E-01 NotAppl  2.210564E-03  0.000000E+00  
6.150072E+01  9.769457E-01  4.680211E+00  -3.860213E-08  1.000000E+00  3.918677E-03  2.168284E-37  2.063083E-21   5.000000E-01 NotAppl  2.221038E-12  3.786294E-13  
2.091557E+01  4.428037E-02  7.001871E-01  2.334997E-09  1.000000E+00  1.798155E-03  1.070395E-42  6.732141E-23   5.000000E-01 NotAppl  3.456255E-17  7.327603E-15  
7.095889E+02  5.011346E+02  -4.997755E+02  -7.328859E-01  1.000000E+00  1.098696E-04  6.360469E-23  4.977174E-09   1.091006E-30 LZ5Tmedian  4.449836E+01  0.000000E+00  
4.326948E+03  2.397699E+01  1.379691E+02  -1.734851E-04  1.000000E+00  7.287421E-04  7.157825E-24  6.998251E-18   5.000000E-01 NotAppl  7.986598E-01  0.000000E+00  
1.192433E+01  2.918414E-03  5.288063E+01  1.403338E-06  1.000000E+00  5.472163E-04  3.202890E-37  7.443037E-17   5.000000E-01 NotAppl  1.959426E-11  2.761452E-09  
2.888858E+02  2.100983E-01  -2.091973E-01  -2.950058E-04  1.000000E+00  3.483885E-02  2.438241E-25  5.069172E-15   5.000000E-01 NotAppl  4.339655E-01  0.000000E+00  
8.684913E+01  8.699950E-03  2.872006E+01  -5.125089E-03  1.000000E+00  4.661969E-03  6.902909E-25  1.796412E-11   1.846001E-01 NotAppl  4.436591E+00  0.000000E+00  
1.474384E+03  9.131044E-03  -6.198251E-03  -1.244236E-04  1.000000E+00  7.766966E-01  1.006924E-26  3.224268E-17   5.000000E-01 NotAppl  3.322484E-03  0.000000E+00  
2.353366E+02  4.253750E+00  1.629128E+00  -1.842589E-10  1.000000E+00  1.496734E-02  3.822710E-25  3.009589E-27   5.000000E-01 NotAppl  8.428965E-01  0.000000E+00  
4.483631E+02  7.369826E+02  -7.143922E+02  -1.203915E-06  1.000000E+00  6.379005E-05  6.290866E-23  3.433378E-20   5.000000E-01 NotAppl  7.100376E+01  0.000000E+00  
2.182329E+03  7.452493E-02  -1.535235E-02  -8.236197E-08  1.000000E+00  1.639916E+00  4.616693E-27  6.352822E-24   5.000000E-01 NotAppl  1.019172E-03  0.000000E+00  
7.872048E+03  8.747860E+01  -8.712865E+01  1.423595E-04  1.000000E+00  1.566859E-03  4.470784E-24  1.396345E-18   5.000000E-01 NotAppl  2.663591E-01  0.000000E+00  
2.784849E+03  1.427713E+00  -1.416499E+00  -1.437440E-10  1.000000E+00  1.662992E+00  4.039421E-27  1.177571E-29   5.000000E-01 NotAppl  6.942524E-04  0.000000E+00  
2.229725E+03  6.385117E+00  -6.382147E+00  -2.521250E-06  1.000000E+00  2.132178E-01  2.839675E-26  5.698195E-21   5.000000E-01 NotAppl  6.110832E-03  0.000000E+00  
6.408369E+01  4.780253E+00  -4.746239E+00  -2.052967E-06  1.000000E+00  9.259342E-03  2.350155E-34  5.365259E-18   5.000000E-01 NotAppl  2.307925E-09  0.000000E+00  
6.067506E+03  2.868084E-02  5.563054E+00  2.335795E+00  1.000000E+00  1.474577E-01  6.226210E-26  6.380139E-10   3.504169E-01 NotAppl  5.045288E-03  0.000000E+00  
1.193170E+01  9.643294E+00  -9.642542E+00  3.863636E-01  1.000000E+00  9.441663E-02  2.428675E-26  5.634950E-06   0.000000E+00 XENON1T_2018  1.484872E+00  2.482836E-01  
1.499302E+01  5.377270E-02  -5.341509E-02  1.807346E+00  1.000000E+00  1.705689E-03  4.575531E-25  7.847482E-05   0.000000E+00 XENON1T_2018  2.142547E+01  2.500057E-01  
3.016177E+03  1.613539E+01  1.250186E+02  -1.120679E-01  1.000000E+00  9.545570E-04  5.234680E-24  6.085590E-12   5.000000E-01 NotAppl  8.435847E-01  0.000000E+00  
2.256709E+03  4.825849E+02  -4.825782E+02  4.896371E-06  1.000000E+00  6.801271E-05  1.100167E-22  2.097068E-20   5.000000E-01 NotAppl  2.336809E+01  0.000000E+00  
1.272664E+03  1.437665E-02  5.535264E-01  1.048830E-07  1.000000E+00  5.785059E-01  1.357803E-26  3.092843E-23   5.000000E-01 NotAppl  5.209390E-03  0.000000E+00  
1.226219E+02  4.493085E-01  2.030631E+01  -2.138989E-04  1.000000E+00  5.363792E-03  1.148776E-24  1.542961E-14   5.000000E-01 NotAppl  5.036895E+00  0.000000E+00  
8.910345E+03  1.112874E-02  4.062670E-01  1.398152E-01  1.000000E+00  1.558140E+01  4.397788E-28  1.047254E-12   5.000000E-01 NotAppl  2.350176E-05  0.000000E+00  
5.340404E+02  1.327203E-01  -1.311096E-01  -2.103411E-03  1.000000E+00  1.123907E-01  7.477211E-26  7.329149E-14   5.000000E-01 NotAppl  7.025498E-02  0.000000E+00  
1.937616E+03  1.782647E-04  4.541945E+01  9.470856E-07  1.000000E+00  8.510755E-03  5.494433E-25  1.070359E-21   5.000000E-01 NotAppl  1.394089E-01  0.000000E+00  
4.827865E+02  5.038036E+02  -5.038028E+02  -7.077810E-01  1.000000E+00  1.659354E-04  4.272575E-23  1.020035E-08   2.881060E-90 LZ5Tmedian  4.468243E+01  0.000000E+00  
1.779411E+03  3.842590E+01  -3.244444E+01  5.635140E-03  1.000000E+00  7.336948E-03  8.698788E-25  4.507613E-14   5.000000E-01 NotAppl  2.358308E-01  0.000000E+00  
1.080066E+03  2.879742E-04  2.266146E+02  7.752099E-09  1.000000E+00  4.470488E-04  1.112387E-23  2.361530E-25   5.000000E-01 NotAppl  5.141297E+00  0.000000E+00  
3.827486E+03  2.517088E-02  7.701077E-01  -1.712496E-02  1.000000E+00  4.053548E+00  1.649402E-27  8.751334E-14   5.000000E-01 NotAppl  2.056462E-04  0.000000E+00  
5.150178E+01  1.142545E+02  3.591364E+02  5.704406E-08  1.000000E+00  4.391722E+03  4.598710E-39  6.469678E-21   5.000000E-01 NotAppl  5.658453E-14  2.634191E-12  
5.209032E+01  3.826269E-01  -3.775149E-01  -7.996175E-10  1.000000E+00  2.345753E-03  9.985351E-43  1.242131E-24   5.000000E-01 NotAppl  1.210157E-17  5.032580E-16  
3.682825E+02  7.608066E-03  3.772768E+02  6.681355E-08  1.000000E+00  3.811831E-04  1.278708E-23  1.581633E-22   5.000000E-01 NotAppl  1.777647E+01  0.000000E+00  
2.561848E+01  9.267626E+01  -8.576526E+01  1.588140E-08  1.000000E+00  1.143171E+00  5.553848E-41  2.069771E-21   5.000000E-01 NotAppl  1.436814E-15  2.674470E-13  
1.881008E+03  1.822314E+02  -1.626005E+02  2.103451E-05  1.000000E+00  3.210824E-04  1.783259E-23  5.608627E-19   5.000000E-01 NotAppl  4.566248E+00  0.000000E+00  
7.424927E+03  1.051899E+00  1.962879E+01  2.359259E-05  1.000000E+00  4.097274E-02  1.162336E-25  4.318737E-20   5.000000E-01 NotAppl  7.503885E-03  0.000000E+00  
2.176891E+01  5.184330E+00  6.852867E+02  -1.264226E-02  1.000000E+00  5.134198E-01  3.196308E-29  1.821021E-09   1.023279E-70 LZ5Tmedian  9.878534E-04  1.704148E-01  
3.591781E+03  7.642778E+00  -1.276589E+00  -6.024632E-03  1.000000E+00  1.550235E-01  4.673799E-26  1.232639E-14   5.000000E-01 NotAppl  6.206188E-03  0.000000E+00  
1.201804E+01  6.035243E-03  1.311222E-01  8.830444E-05  1.000000E+00  7.738002E-04  1.271907E-33  2.902005E-13   5.000000E-01 NotAppl  7.710170E-08  1.092970E-05  
5.785862E+03  8.835134E+00  9.209461E+01  4.971011E-06  1.000000E+00  1.887027E-03  2.749793E-24  3.182752E-21   5.000000E-01 NotAppl  2.286521E-01  0.000000E+00  
1.665893E+03  7.125095E-02  6.409102E-01  1.720660E-08  1.000000E+00  9.482489E-01  8.038887E-27  4.807100E-25   5.000000E-01 NotAppl  2.340862E-03  0.000000E+00  
6.546482E+03  3.227161E-03  5.595134E+00  -1.157516E-06  1.000000E+00  4.776224E-01  8.971302E-27  1.342642E-22   5.000000E-01 NotAppl  6.576649E-04  0.000000E+00  
1.259964E+03  2.190697E+02  -2.043518E+02  6.830902E-03  1.000000E+00  2.391785E-04  2.363501E-23  1.339027E-13   5.000000E-01 NotAppl  9.132969E+00  0.000000E+00  
1.290488E+02  5.060305E+01  -3.807679E+01  1.160954E-10  1.000000E+00  1.793819E-03  1.758651E-24  4.093421E-27   5.000000E-01 NotAppl  7.404990E+00  0.000000E+00  
1.244726E+01  2.798897E+00  -2.795663E+00  4.420054E-02  1.000000E+00  1.373148E-01  3.227320E-28  6.785057E-08   0.000000E+00 XENON1T_2018  1.877834E-02  2.179156E-01  
1.915228E+02  9.659067E-02  6.375675E+01  -2.175166E-05  1.000000E+00  4.506907E-03  1.199925E-24  6.396830E-17   5.000000E-01 NotAppl  3.258212E+00  0.000000E+00  
4.070366E+01  3.870716E-02  -2.852898E-02  -3.024458E-02  1.000000E+00  1.115375E-04  4.048239E-28  2.936491E-09   1.743391E-166 LZ5Tmedian  6.349240E-03  2.003685E-01  
9.450469E+02  1.091940E-03  1.013985E+01  -1.433710E-05  1.000000E+00  1.065361E-01  5.178854E-26  1.060871E-18   5.000000E-01 NotAppl  2.723311E-02  0.000000E+00  
6.486232E+02  5.011994E-02  1.187648E+01  -7.383827E-06  1.000000E+00  6.625849E-02  8.883301E-26  6.070117E-19   5.000000E-01 NotAppl  6.867336E-02  0.000000E+00  
7.493570E+01  1.217725E-02  5.502508E-02  2.359561E-06  1.000000E+00  6.846287E-03  4.357175E-36  5.149319E-18   5.000000E-01 NotAppl  3.649906E-11  0.000000E+00  
7.333552E+01  2.864470E+01  -2.860969E+01  -2.537331E-04  1.000000E+00  1.810285E-02  6.767960E-32  6.222869E-14   5.000000E-01 NotAppl  5.793522E-07  0.000000E+00  
8.286272E+01  4.775985E+02  -4.774959E+02  2.050001E-01  1.000000E+00  1.857766E-03  2.650432E-24  3.164667E-08   0.000000E+00 XENON1T_2018  1.814798E+01  0.000000E+00  
3.472832E+02  9.257830E-02  1.226943E+00  4.421674E-01  1.000000E+00  1.732805E-02  6.185717E-25  7.811602E-09   4.593615E-95 LZ5Tmedian  9.433168E-01  0.000000E+00  
5.483197E+02  3.409300E+00  3.159963E+02  2.422896E-07  1.000000E+00  3.211591E-04  1.466476E-23  9.213890E-22   5.000000E-01 NotAppl  1.357150E+01  0.000000E+00  
7.372451E+03  1.670268E-02  2.328154E+02  -1.259633E-01  1.000000E+00  3.602093E-04  1.415084E-23  1.248968E-12   5.000000E-01 NotAppl  9.203203E-01  0.000000E+00  
1.088631E+02  4.617779E+02  -4.617645E+02  -7.280559E-07  1.000000E+00  1.729354E-03  3.218970E-24  2.281534E-19   5.000000E-01 NotAppl  1.625436E+01  0.000000E+00  
1.287780E+01  3.845151E-02  5.172914E-03  8.779812E-03  1.000000E+00  1.205112E-03  1.288197E-29  2.503331E-09   1.375084E-28 LZ5Tmedian  7.204412E-04  7.515860E-02  
5.885558E+03  8.224071E-03  -7.491799E-03  -3.985703E-02  1.000000E+00  1.101995E+01  6.466344E-28  1.976257E-13   5.000000E-01 NotAppl  5.206305E-05  0.000000E+00  
2.339287E+03  5.840960E-02  -3.846296E-02  1.093561E+00  1.000000E+00  1.893039E-01  5.763676E-26  9.722078E-10   1.604304E-02 LZ5Tmedian  1.248850E-02  0.000000E+00  
2.081819E+02  3.149704E-02  -5.191401E-03  2.986540E-01  1.000000E+00  1.001505E-02  1.056931E-24  1.016451E-08   9.088069E-200 LZ5Tmedian  2.700316E+00  0.000000E+00  
3.866640E+01  1.185496E-01  -9.829454E-03  1.303745E-01  1.000000E+00  4.278890E-05  6.570223E-27  6.056997E-08   0.000000E+00 XENON1T_2018  1.090054E-01  2.462512E-01  
3.610029E+01  3.348564E-02  -3.149245E-02  3.711234E-09  1.000000E+00  3.483376E-04  4.589771E-42  5.642845E-23   5.000000E-01 NotAppl  8.173484E-17  1.606028E-14  
1.754463E+01  2.779824E+01  -2.779784E+01  3.899357E-03  1.000000E+00  6.292219E-02  2.794158E-30  2.670261E-10   9.234920E-08 LZ5Tmedian  1.096255E-04  2.322967E-03  
1.100056E+02  2.990144E-02  -2.899450E-02  -2.504418E-06  1.000000E+00  6.568834E-03  1.169228E-24  2.642508E-18   5.000000E-01 NotAppl  5.755655E+00  0.000000E+00  
2.967234E+03  3.718501E+02  -3.717008E+02  1.930021E-10  1.000000E+00  1.028566E-04  7.176849E-23  1.865571E-29   5.000000E-01 NotAppl  1.152237E+01  0.000000E+00  
8.678538E+01  2.707911E-01  1.901340E+01  9.876741E-05  1.000000E+00  4.726340E-03  7.255777E-25  6.681655E-15   5.000000E-01 NotAppl  4.666789E+00  0.000000E+00  
4.721944E+01  3.520173E+00  -3.507566E+00  6.441825E-04  1.000000E+00  3.033655E-04  3.284556E-31  9.846886E-13   5.000000E-01 NotAppl  4.422844E-06  3.088340E-04  
4.364043E+02  2.721772E-03  -2.364742E-03  -2.325983E-05  1.000000E+00  7.661940E-02  1.107401E-25  1.354447E-17   5.000000E-01 NotAppl  1.283044E-01  0.000000E+00  
1.150448E+03  4.484346E+00  8.327017E+00  1.251505E-03  1.000000E+00  8.250768E-02  7.223256E-26  5.410909E-15   5.000000E-01 NotAppl  3.106311E-02  0.000000E+00  
4.950595E+01  8.236356E+00  -2.485015E+00  -4.216269E-10  1.000000E+00  1.965483E-02  1.865224E-43  3.830893E-25   5.000000E-01 NotAppl  2.392017E-18  6.817045E-17  
3.167990E+03  3.719229E-03  3.996799E+00  -3.771116E-08  1.000000E+00  7.409322E-01  6.509406E-27  6.235519E-25   5.000000E-01 NotAppl  9.929288E-04  0.000000E+00  
6.842909E+02  2.590609E+00  -1.479838E+00  -5.025657E-08  1.000000E+00  1.529352E-01  5.034042E-26  2.520639E-23   5.000000E-01 NotAppl  3.659682E-02  0.000000E+00  
3.399883E+01  1.173565E-01  1.602633E+02  2.670633E-05  1.000000E+00  1.079812E-03  2.139162E-34  3.300363E-15   5.000000E-01 NotAppl  4.067666E-09  8.546953E-07  
1.316120E+02  4.683284E+00  8.704606E+02  -1.256899E-07  1.000000E+00  1.267265E-03  2.805577E-24  4.608350E-21   5.000000E-01 NotAppl  1.122357E+01  0.000000E+00  
2.226421E+02  1.653717E+01  -1.606282E+01  -6.720117E-06  1.000000E+00  1.100371E-02  5.424673E-25  4.484813E-18   5.000000E-01 NotAppl  1.270670E+00  0.000000E+00  
2.392465E+03  4.012445E-04  3.133433E+01  1.701156E-01  1.000000E+00  1.691558E-02  2.841376E-25  2.247393E-11   5.000000E-01 NotAppl  5.807572E-02  0.000000E+00  
1.636522E+03  7.906442E-04  -5.569750E-04  -9.155794E+00  1.000000E+00  1.573720E-03  8.478592E-24  1.411346E-07   0.000000E+00 LZ5Tmedian  2.709656E+00  0.000000E+00  
2.661114E+02  5.774178E+00  -5.751010E+00  5.003103E-09  1.000000E+00  2.352185E-02  3.053531E-25  1.725020E-24   5.000000E-01 NotAppl  5.924432E-01  0.000000E+00  
7.085414E+01  1.606930E-04  1.552035E+00  5.397643E-06  1.000000E+00  5.543114E-03  5.319998E-35  3.021183E-17   5.000000E-01 NotAppl  4.716743E-10  0.000000E+00  
1.358559E+02  1.545504E+02  3.460384E+02  4.949830E-10  1.000000E+00  5.486500E-04  5.480181E-24  6.696827E-26   5.000000E-01 NotAppl  2.171484E+01  0.000000E+00  
6.494776E+01  6.146903E-03  8.806026E-01  -3.774314E+00  1.000000E+00  3.286439E-05  3.485466E-22  1.764529E-05   0.000000E+00 XENON1T_2018  3.529341E+03  0.000000E+00  
2.191450E+02  3.772927E-03  1.711224E+00  8.545508E+00  1.000000E+00  1.618804E-06  9.393853E-21  7.491253E-06   0.000000E+00 XENON1T_2018  2.680761E+04  0.000000E+00  
1.273403E+03  1.099601E+01  -1.099590E+01  -5.054819E-06  1.000000E+00  7.479479E-02  8.394112E-26  7.175378E-20   5.000000E-01 NotAppl  3.209920E-02  0.000000E+00  
3.190578E+03  3.756247E-01  7.812340E+02  7.871083E-10  1.000000E+00  4.104691E-05  1.278133E-22  2.677468E-28   5.000000E-01 NotAppl  1.945932E+01  0.000000E+00  
1.505938E+01  8.831138E-04  4.952637E-02  -1.213475E+00  1.000000E+00  1.241757E-03  2.456168E-25  3.506683E-05   0.000000E+00 XENON1T_2018  1.146330E+01  2.499883E-01  
2.802460E+02  1.549857E+00  1.696806E+02  -1.204646E+00  1.000000E+00  7.511341E-04  8.225878E-24  8.994982E-08   0.000000E+00 XENON1T_2018  1.710429E+01  0.000000E+00  
8.136290E+02  8.295171E+01  -8.295121E+01  1.083774E-04  1.000000E+00  1.868857E-03  3.645172E-24  8.230075E-17   5.000000E-01 NotAppl  2.212443E+00  0.000000E+00  
3.257645E+03  7.423499E-04  2.012600E-02  3.815728E-05  1.000000E+00  3.546341E+00  2.074435E-27  6.031439E-19   5.000000E-01 NotAppl  3.042615E-04  0.000000E+00  
2.682650E+01  5.097215E+02  -5.097075E+02  3.226885E-03  1.000000E+00  1.690224E-02  2.375350E-30  7.785576E-11   1.723449E-04 LZ5Tmedian  5.843914E-05  1.308382E-02  
1.641924E+03  1.050092E-03  5.842193E+02  4.881609E-08  1.000000E+00  8.184566E-05  6.336021E-23  3.985198E-24   5.000000E-01 NotAppl  1.905310E+01  0.000000E+00  
4.361525E+03  8.705872E-04  2.650589E-01  7.045065E-09  1.000000E+00  6.047886E+00  1.177402E-27  1.135541E-26   5.000000E-01 NotAppl  1.283827E-04  0.000000E+00  
1.588271E+02  7.265579E+02  -4.927913E+02  2.586630E-07  1.000000E+00  2.797387E-04  1.095713E-23  1.327627E-20   5.000000E-01 NotAppl  3.735504E+01  0.000000E+00  
1.105017E+02  1.294152E-02  1.362637E+02  -1.692709E-05  1.000000E+00  3.219311E-03  1.648238E-24  1.196083E-16   5.000000E-01 NotAppl  7.990799E+00  0.000000E+00  
2.485085E+03  3.150374E-01  6.244914E-01  2.466491E-03  1.000000E+00  1.879004E+00  3.870463E-27  4.372760E-15   5.000000E-01 NotAppl  7.489255E-04  0.000000E+00  
1.888713E+02  3.568978E-01  3.663842E+00  -1.754809E-07  1.000000E+00  1.379744E-02  5.388801E-25  4.283983E-21   5.000000E-01 NotAppl  1.494649E+00  0.000000E+00  
4.621952E+03  4.798592E-03  2.545339E-02  -1.270009E-02  1.000000E+00  6.967668E+00  1.032759E-27  3.279655E-14   5.000000E-01 NotAppl  1.061502E-04  0.000000E+00  
4.366917E+03  9.569141E-04  -6.164691E-04  1.320018E-05  1.000000E+00  6.249109E+00  1.155424E-27  3.976521E-20   5.000000E-01 NotAppl  1.257947E-04  0.000000E+00  
2.194025E+03  8.154684E-02  -7.108239E-02  -1.039825E-10  1.000000E+00  1.656559E+00  4.567507E-27  1.001633E-29   5.000000E-01 NotAppl  1.002812E-03  0.000000E+00  
5.507093E+03  8.468009E-01  8.152627E-01  -1.157930E-04  1.000000E+00  3.395267E+00  1.895646E-27  1.909272E-18   5.000000E-01 NotAppl  1.639599E-04  0.000000E+00  
1.842769E+03  2.905631E+02  -2.905583E+02  1.298216E-02  1.000000E+00  1.725478E-04  4.231613E-23  2.227734E-13   5.000000E-01 NotAppl  1.106477E+01  0.000000E+00  
2.344934E+02  3.144938E+02  -2.912476E+02  1.582194E-09  1.000000E+00  2.536684E-04  1.333405E-23  2.235440E-25   5.000000E-01 NotAppl  2.976514E+01  0.000000E+00  
1.200156E+02  5.519059E-03  -2.160505E-03  -1.351006E-08  1.000000E+00  7.449842E-03  1.061853E-24  6.432506E-23   5.000000E-01 NotAppl  4.779493E+00  0.000000E+00  
2.246095E+02  1.143379E-03  1.010010E+01  1.786680E-09  1.000000E+00  1.700225E-02  4.200103E-25  3.113549E-25   5.000000E-01 NotAppl  9.716707E-01  0.000000E+00  
1.099598E+01  1.117830E-04  1.022252E-03  1.351548E-02  1.000000E+00  8.141471E-04  2.873686E-29  8.095325E-09   5.452025E-49 LZ5Tmedian  1.933271E-03  1.266836E-01  
3.271171E+01  5.916393E-01  8.565914E+00  8.085987E-09  1.000000E+00  1.714394E-03  1.850071E-41  3.271886E-22   5.000000E-01 NotAppl  3.666822E-16  5.038105E-14  
3.372345E+03  1.674511E-02  7.493583E-01  9.995942E-09  1.000000E+00  3.294145E+00  2.094639E-27  3.857728E-26   5.000000E-01 NotAppl  2.969422E-04  0.000000E+00  
4.432019E+02  4.759058E+01  -3.514182E+01  2.223274E-07  1.000000E+00  3.308740E-03  1.302787E-24  1.198953E-21   5.000000E-01 NotAppl  1.488442E+00  0.000000E+00  
5.049509E+03  3.307956E-01  -1.571814E-01  -1.741606E-01  1.000000E+00  7.303422E+00  9.815018E-28  5.152147E-12   5.000000E-01 NotAppl  9.376240E-05  0.000000E+00  
9.853234E+01  3.294835E-02  -1.596572E-02  -3.479510E-02  1.000000E+00  6.382318E-03  9.697658E-25  6.392880E-10   1.601035E-24 LZ5Tmedian  5.360479E+00  0.000000E+00  
9.754295E+02  9.297127E-04  -8.206092E-04  -4.739448E-04  1.000000E+00  3.543558E-01  2.285574E-26  1.086776E-15   5.000000E-01 NotAppl  1.152675E-02  0.000000E+00  
5.192858E+03  1.924781E+00  3.754995E+01  -2.344790E-09  1.000000E+00  1.159393E-02  4.205969E-25  8.822771E-28   5.000000E-01 NotAppl  3.904279E-02  0.000000E+00  
1.524680E+02  8.485746E-01  3.030402E+01  -1.708516E-08  1.000000E+00  6.064070E-03  9.585921E-25  6.298293E-23   5.000000E-01 NotAppl  3.345837E+00  0.000000E+00  
5.209593E+01  2.608320E+01  -2.010990E+01  -1.193441E-03  1.000000E+00  3.044365E-02  2.226122E-30  2.766366E-12   5.000000E-01 NotAppl  2.706536E-05  9.069428E-04  
1.337174E+03  1.978449E+00  -1.764411E+00  -8.134688E-04  1.000000E+00  5.104489E-01  1.452465E-26  1.681999E-15   5.000000E-01 NotAppl  5.295421E-03  0.000000E+00  
1.312672E+02  9.642487E-03  -9.458224E-03  1.716045E-07  1.000000E+00  8.570340E-03  9.406963E-25  8.636502E-21   5.000000E-01 NotAppl  3.857653E+00  0.000000E+00  
1.573188E+01  1.025695E-01  5.021881E-02  -1.759944E-10  1.000000E+00  1.840099E-03  5.503059E-45  6.762003E-25   5.000000E-01 NotAppl  2.443000E-19  4.281714E-17  
1.991750E+01  7.736202E-02  -4.667640E-02  8.754635E-08  1.000000E+00  2.758301E-03  1.474065E-39  1.043995E-19   5.000000E-01 NotAppl  5.023147E-14  1.037700E-11  
2.611030E+02  1.477379E-01  4.461727E+02  -1.021042E-01  1.000000E+00  5.154858E-04  8.850651E-24  7.469709E-10   1.449569E-12 LZ5Tmedian  1.746456E+01  0.000000E+00  
9.984499E+03  3.787746E-03  7.030355E+00  -1.852818E-07  1.000000E+00  3.176412E-01  1.357455E-26  1.459625E-24   5.000000E-01 NotAppl  6.492097E-04  0.000000E+00  
7.138700E+03  3.019223E+02  -3.019183E+02  -1.900218E-04  1.000000E+00  1.440107E-04  5.159708E-23  3.034563E-18   5.000000E-01 NotAppl  3.393756E+00  0.000000E+00  
2.100292E+02  9.066679E+01  -2.263307E+01  2.674832E-05  1.000000E+00  8.235621E-04  3.862996E-24  8.007205E-17   5.000000E-01 NotAppl  9.640584E+00  0.000000E+00  
1.766780E+02  8.308173E-04  1.346519E+01  -7.317267E-05  1.000000E+00  1.063584E-02  6.400812E-25  8.540613E-16   5.000000E-01 NotAppl  1.928645E+00  0.000000E+00  
3.767170E+01  1.602750E-04  1.510640E+02  -3.097037E-08  1.000000E+00  1.088673E-04  3.490191E-40  3.603844E-21   5.000000E-01 NotAppl  5.940454E-15  1.093261E-12  
6.593792E+03  1.402870E+01  8.175237E+02  9.549291E+00  1.000000E+00  3.088053E-05  1.739302E-22  9.005214E-09   1.213929E-06 LZ5Tmedian  1.267352E+01  0.000000E+00  
1.560236E+02  3.504358E+00  -1.785774E+00  -8.192199E-03  1.000000E+00  8.299064E-03  7.243521E-25  1.381221E-11   4.455920E-01 NotAppl  2.486461E+00  0.000000E+00  
7.406537E+03  6.118920E-01  4.338423E+01  3.836441E-05  1.000000E+00  9.285544E-03  5.202615E-25  1.147759E-19   5.000000E-01 NotAppl  3.367725E-02  0.000000E+00  
1.605518E+03  1.397089E+00  4.629181E+00  -2.838671E-10  1.000000E+00  3.077732E-01  1.942030E-26  1.410583E-28   5.000000E-01 NotAppl  5.922755E-03  0.000000E+00  
9.040493E+01  2.233563E+02  1.879758E+02  -6.455047E-01  1.000000E+00  1.404684E-03  2.191469E-24  2.624749E-07   0.000000E+00 XENON1T_2018  1.356075E+01  0.000000E+00  
8.005332E+02  3.620381E-02  9.240147E-01  -1.484885E-06  1.000000E+00  2.383873E-01  3.404153E-26  1.597002E-20   5.000000E-01 NotAppl  2.104818E-02  0.000000E+00  
7.975366E+03  1.048539E+00  -9.564085E-01  1.912288E-07  1.000000E+00  5.957099E+00  9.984416E-28  2.453718E-24   5.000000E-01 NotAppl  5.882214E-05  0.000000E+00  
5.558340E+03  4.800134E-04  6.682025E+00  -5.078961E-09  1.000000E+00  3.386171E-01  1.275830E-26  3.604676E-27   5.000000E-01 NotAppl  1.104429E-03  0.000000E+00  
6.409075E+01  3.588324E+02  -3.588208E+02  -9.594216E-07  1.000000E+00  9.785963E-03  5.085706E-35  1.171515E-18   5.000000E-01 NotAppl  4.967858E-10  0.000000E+00  
2.789493E+01  7.351415E+02  -7.351402E+02  1.823500E-07  1.000000E+00  1.438497E-02  7.844069E-39  2.297446E-19   5.000000E-01 NotAppl  1.846781E-13  4.251729E-11  
1.265968E+02  9.344507E-04  1.291256E-02  -1.461008E-06  1.000000E+00  8.085089E-03  9.898682E-25  6.742810E-19   5.000000E-01 NotAppl  4.210848E+00  0.000000E+00  
4.288907E+01  2.077739E+00  -1.513483E+00  -2.539431E-06  1.000000E+00  1.007030E-04  3.371295E-36  1.861232E-17   5.000000E-01 NotAppl  5.004968E-11  6.206092E-09  
1.289460E+01  6.156371E-01  -6.141182E-01  1.016823E-05  1.000000E+00  1.157257E-02  1.728579E-35  3.349037E-15   5.000000E-01 NotAppl  9.650484E-10  1.443850E-07  
7.030139E+02  1.423887E-02  2.758854E-01  -4.525725E-07  1.000000E+00  1.894649E-01  4.365761E-26  1.934403E-21   5.000000E-01 NotAppl  3.086437E-02  0.000000E+00  
4.759624E+02  1.772511E-02  1.078079E+02  2.514088E-09  1.000000E+00  1.909418E-03  2.517839E-24  1.325023E-25   5.000000E-01 NotAppl  2.691976E+00  0.000000E+00  
9.162906E+02  5.602558E+02  -4.254225E+02  2.193903E-02  1.000000E+00  3.712676E-05  1.008022E-22  2.645908E-12   5.000000E-01 NotAppl  5.414730E+01  0.000000E+00  
7.345804E+02  1.665871E-03  -3.225381E-04  1.199067E-05  1.000000E+00  2.067277E-01  4.001335E-26  1.241321E-18   5.000000E-01 NotAppl  2.703208E-02  0.000000E+00  
1.080644E+01  8.198873E+00  2.843079E+02  6.399393E-07  1.000000E+00  2.654801E+03  6.391486E-38  1.877778E-17   5.000000E-01 NotAppl  4.389434E-12  4.845098E-10  
2.005472E+02  1.449381E-01  9.948557E+02  -5.258894E-08  1.000000E+00  6.017861E-04  7.513608E-24  3.402434E-22   5.000000E-01 NotAppl  1.938333E+01  0.000000E+00  
6.884381E+01  9.754478E+02  -9.754475E+02  -9.556046E-02  1.000000E+00  1.317502E-02  2.968770E-26  1.004275E-08   0.000000E+00 LZ5Tmedian  2.709460E-01  0.000000E+00  
1.400074E+01  3.234400E+01  -3.234387E+01  -5.653633E-09  1.000000E+00  1.077536E-01  5.484792E-42  8.797180E-22   5.000000E-01 NotAppl  2.783500E-16  4.687842E-15  
1.554935E+02  3.857915E-02  6.752284E+01  6.897266E+00  1.000000E+00  3.470248E-07  3.671849E-20  9.859290E-06   0.000000E+00 XENON1T_2018  1.481808E+05  0.000000E+00  
3.460898E+02  2.201559E-04  1.851788E+02  -1.177700E-05  1.000000E+00  9.387491E-04  5.142731E-24  5.580791E-18   5.000000E-01 NotAppl  7.615549E+00  0.000000E+00  
1.735431E+01  4.735350E-03  4.343365E-01  7.101035E-09  1.000000E+00  1.252277E-03  9.233635E-42  9.050636E-22   5.000000E-01 NotAppl  3.669080E-16  6.917045E-14  
8.984712E+02  1.863171E-03  1.376921E+02  -4.971243E+00  1.000000E+00  8.183707E-04  7.979737E-24  1.414115E-07   0.000000E+00 LZ5Tmedian  4.845997E+00  0.000000E+00  
4.768319E+01  1.000109E-01  -9.938963E-02  -4.810069E-03  1.000000E+00  7.728006E-04  1.930932E-29  5.381930E-11   1.049476E-03 LZ5Tmedian  2.566752E-04  1.978787E-02  
7.697035E+02  4.885200E+01  -4.885189E+01  1.219063E-09  1.000000E+00  4.941813E-03  1.339169E-24  1.166308E-26   5.000000E-01 NotAppl  8.608363E-01  0.000000E+00  
1.117385E+02  4.654295E-02  3.703918E-01  1.749527E-10  1.000000E+00  6.524994E-03  1.153771E-24  1.248905E-26   5.000000E-01 NotAppl  5.588614E+00  0.000000E+00  
3.036108E+01  5.139764E-04  6.645008E+02  -9.726377E-09  1.000000E+00  1.937032E-03  2.433310E-41  5.506435E-22   5.000000E-01 NotAppl  5.221283E-16  1.181189E-13  
1.681756E+02  8.485319E-04  1.336243E+01  1.372005E-04  1.000000E+00  9.839246E-03  6.929065E-25  3.322047E-15   5.000000E-01 NotAppl  2.196202E+00  0.000000E+00  
9.226893E+01  8.660068E-01  8.311081E+02  -3.615144E-07  1.000000E+00  3.622688E-03  1.037126E-24  7.895408E-20   5.000000E-01 NotAppl  6.175067E+00  0.000000E+00  
3.000581E+02  3.759076E+01  -1.313304E+01  1.886047E-08  1.000000E+00  3.165924E-03  1.064528E-24  1.917056E-23   5.000000E-01 NotAppl  1.828791E+00  0.000000E+00  
3.248893E+03  1.126097E+00  6.749503E+01  -1.623876E+00  1.000000E+00  4.185467E-03  1.030104E-24  1.098373E-09   3.452695E-02 LZ5Tmedian  1.543642E-01  0.000000E+00  
2.453786E+03  4.282020E+00  -2.962768E+00  8.745969E-02  1.000000E+00  3.919793E-01  1.824323E-26  5.641861E-12   5.000000E-01 NotAppl  3.567218E-03  0.000000E+00  
6.439785E+01  9.293543E-01  7.418827E-01  -6.883672E-01  1.000000E+00  5.516507E-04  1.840831E-23  5.972163E-07   0.000000E+00 XENON1T_2018  1.805779E+02  0.000000E+00  
7.666813E+01  2.243069E+02  -2.242660E+02  -3.898161E-01  1.000000E+00  1.562866E-02  8.968433E-26  1.341311E-07   0.000000E+00 XENON1T_2018  7.282424E-01  0.000000E+00  
7.680782E+03  1.048353E-04  4.575883E-03  -2.894103E-03  1.000000E+00  1.869109E+01  3.738811E-28  6.066611E-16   5.000000E-01 NotAppl  2.296375E-05  0.000000E+00  
3.509452E+02  4.154772E+02  -4.154764E+02  -1.322665E-01  1.000000E+00  2.532366E-04  2.713875E-23  6.841336E-10   6.620390E-09 LZ5Tmedian  3.961559E+01  0.000000E+00  
1.729505E+03  1.214920E+00  9.870191E+02  3.219257E-02  1.000000E+00  3.619744E-05  1.446431E-22  1.558942E-12   5.000000E-01 NotAppl  4.123980E+01  0.000000E+00  
1.705661E+01  9.660871E-04  -8.185142E-04  -7.150488E-09  1.000000E+00  1.748860E-03  9.311224E-42  9.499912E-22   5.000000E-01 NotAppl  3.772744E-16  7.026348E-14  
5.875668E+01  4.041873E-01  -3.357206E-01  -5.155184E-07  1.000000E+00  4.333932E-03  2.874517E-36  4.038604E-19   5.000000E-01 NotAppl  3.072003E-11  1.290888E-10  
8.217605E+03  4.190303E-02  -4.178332E-02  -2.151067E-02  1.000000E+00  2.123211E+01  3.274240E-28  2.921682E-14   5.000000E-01 NotAppl  1.878771E-05  0.000000E+00  
4.103240E+02  8.404916E-03  4.286691E+01  2.219066E+00  1.000000E+00  1.135049E-03  8.379071E-24  1.398443E-07   0.000000E+00 XENON1T_2018  1.055797E+01  0.000000E+00  
1.052905E+01  1.032427E-01  -9.466652E-02  -8.148234E-08  1.000000E+00  1.348446E-03  1.023321E-39  3.203289E-19   5.000000E-01 NotAppl  7.246043E-14  9.348305E-12  
3.319943E+03  3.157798E-03  -3.015569E-03  -2.623970E-01  1.000000E+00  2.398572E+00  3.513467E-27  2.744364E-11   5.000000E-01 NotAppl  5.182349E-04  0.000000E+00  
8.687571E+01  1.419224E-04  1.884864E-04  4.894105E-06  1.000000E+00  5.817230E-03  7.254473E-25  1.637108E-17   5.000000E-01 NotAppl  4.661066E+00  0.000000E+00  
1.525187E+02  3.942004E-02  -2.295124E-02  -6.152190E-01  1.000000E+00  1.146218E-03  1.074439E-23  8.161087E-08   0.000000E+00 XENON1T_2018  4.299271E+01  0.000000E+00  
1.747918E+03  2.814660E-02  -2.782997E-02  4.402903E-06  1.000000E+00  1.074071E+00  7.177580E-27  2.853793E-20   5.000000E-01 NotAppl  1.989003E-03  0.000000E+00  
4.303420E+01  7.073310E+01  3.357154E+02  1.589168E-01  1.000000E+00  1.655288E-01  1.335858E-26  7.239061E-08   0.000000E+00 XENON1T_2018  1.980517E-01  9.631977E-01  
4.503114E+02  5.199743E-01  -5.196525E-01  2.156393E-04  1.000000E+00  8.031415E-02  1.044396E-25  1.091775E-15   5.000000E-01 NotAppl  1.171317E-01  0.000000E+00  
1.204982E+02  1.259527E-04  1.529109E+00  -3.769318E-08  1.000000E+00  6.978738E-03  1.062952E-24  4.966127E-22   5.000000E-01 NotAppl  4.762913E+00  0.000000E+00  
7.685970E+01  7.158224E+02  -7.157708E+02  6.344877E-10  1.000000E+00  1.961430E-02  2.307587E-43  3.535462E-25   5.000000E-01 NotAppl  1.883294E-18  0.000000E+00  
1.228071E+01  1.049360E+02  -1.049312E+02  1.189981E-03  1.000000E+00  1.439571E-01  2.328023E-31  5.050262E-11   3.366134E-01 NotAppl  1.376001E-05  1.976143E-03  
2.219433E+03  1.028292E-01  -1.023943E-01  -1.120498E-08  1.000000E+00  1.692054E+00  4.466263E-27  1.136105E-25   5.000000E-01 NotAppl  9.691013E-04  0.000000E+00  
8.748846E+01  7.156903E-04  1.605794E-03  -1.802644E-08  1.000000E+00  5.816843E-03  7.366376E-25  2.189249E-22   5.000000E-01 NotAppl  4.699514E+00  0.000000E+00  
2.988881E+03  2.339786E+00  -2.284541E+00  5.438746E-09  1.000000E+00  1.098630E+00  5.693462E-27  1.460073E-26   5.000000E-01 NotAppl  9.092890E-04  0.000000E+00  
1.129932E+03  1.545956E+02  -1.545887E+02  -8.155869E-06  1.000000E+00  5.800918E-04  1.219117E-23  2.383923E-19   5.000000E-01 NotAppl  5.271212E+00  0.000000E+00  
6.918046E+01  1.173933E+02  -1.173902E+02  6.916702E-05  1.000000E+00  1.418206E-02  1.396224E-32  5.209167E-15   5.000000E-01 NotAppl  1.260339E-07  0.000000E+00  
3.196287E+03  1.055017E+02  -2.216496E+01  2.757197E-06  1.000000E+00  6.381449E-04  8.183465E-24  3.273467E-21   5.000000E-01 NotAppl  1.223535E+00  0.000000E+00  
7.820676E+02  1.254136E+00  -1.253384E+00  -6.892683E-07  1.000000E+00  2.213450E-01  3.631190E-26  3.609096E-21   5.000000E-01 NotAppl  2.299472E-02  0.000000E+00  
1.333919E+03  6.162688E+00  -6.158033E+00  5.322274E-04  1.000000E+00  1.860064E-01  3.457458E-26  7.235978E-16   5.000000E-01 NotAppl  1.261657E-02  0.000000E+00  
3.938320E+03  3.805364E+01  -3.753036E+01  3.931097E-04  1.000000E+00  7.781564E-03  8.483226E-25  4.351341E-17   5.000000E-01 NotAppl  1.020415E-01  0.000000E+00  
2.833794E+03  7.748340E+02  7.722962E+01  -8.626292E-10  1.000000E+00  9.165700E-06  4.095537E-22  4.093692E-28   5.000000E-01 NotAppl  6.943034E+01  0.000000E+00  
3.654168E+03  1.480435E+00  -1.479891E+00  -2.054935E-07  1.000000E+00  2.153094E+00  2.942986E-27  1.384697E-23   5.000000E-01 NotAppl  3.831481E-04  0.000000E+00  
9.173286E+02  1.078671E+01  5.704714E+02  8.374016E-07  1.000000E+00  9.906657E-05  4.666681E-23  3.845947E-21   5.000000E-01 NotAppl  2.550864E+01  0.000000E+00  
4.555719E+03  7.129182E-04  3.795534E-04  -3.942809E-01  1.000000E+00  3.088912E+00  2.883073E-27  3.255165E-11   5.000000E-01 NotAppl  3.115673E-04  0.000000E+00  
3.599717E+02  1.379674E+01  -1.212796E+01  1.994621E+00  1.000000E+00  9.198198E-04  8.051927E-24  1.477021E-07   0.000000E+00 XENON1T_2018  1.162760E+01  0.000000E+00  
5.638104E+01  4.841374E-04  1.855028E+00  -2.667168E-01  1.000000E+00  2.556551E-03  2.996202E-25  1.176001E-07   0.000000E+00 XENON1T_2018  3.360317E+00  2.618602E-01  
2.778720E+01  9.218898E-01  -9.195983E-01  3.138145E-10  1.000000E+00  6.527695E-03  2.315197E-44  6.857698E-25   5.000000E-01 NotAppl  5.479336E-19  1.250031E-16  
4.107071E+03  1.408558E+02  -1.408529E+02  5.224108E-06  1.000000E+00  6.272777E-04  1.131854E-23  7.055958E-21   5.000000E-01 NotAppl  1.304567E+00  0.000000E+00  
1.204693E+03  2.218984E+01  -2.218919E+01  -3.701783E-02  1.000000E+00  2.195323E-02  2.874804E-25  4.309236E-12   5.000000E-01 NotAppl  1.163930E-01  0.000000E+00  
1.814617E+03  1.827058E-01  3.368649E-03  1.723018E-04  1.000000E+00  1.147089E+00  6.691506E-27  4.049256E-17   5.000000E-01 NotAppl  1.784557E-03  0.000000E+00  
2.830021E+02  7.330012E-02  -7.264718E-02  -2.322012E+00  1.000000E+00  2.981762E-04  4.642271E-23  3.275715E-07   0.000000E+00 XENON1T_2018  9.809550E+01  0.000000E+00  
1.975960E+01  2.180948E-04  1.920853E-04  -4.859972E-05  1.000000E+00  2.203445E-03  4.528302E-34  3.269076E-14   5.000000E-01 NotAppl  1.555932E-08  3.200807E-06  
9.509073E+02  2.115996E-03  8.430908E-01  -1.293176E-04  1.000000E+00  3.307630E-01  2.423739E-26  8.522632E-17   5.000000E-01 NotAppl  1.255027E-02  0.000000E+00  
1.483339E+01  2.654658E-02  -2.634159E-02  7.300050E-02  1.000000E+00  1.568274E-03  9.304460E-28  1.307794E-07   0.000000E+00 XENON1T_2018  4.419546E-02  2.417461E-01  
1.170175E+02  7.634844E+00  -5.964988E+00  7.035170E-05  1.000000E+00  4.273172E-03  1.163364E-24  1.837123E-15   5.000000E-01 NotAppl  5.379648E+00  0.000000E+00  
2.051947E+01  1.022732E+02  -1.021567E+02  5.202788E-01  1.000000E+00  2.991751E-02  5.270054E-26  3.473234E-06   0.000000E+00 XENON1T_2018  1.737711E+00  4.993317E-01  
3.772859E+02  1.737523E-04  1.517910E-04  3.842924E-02  1.000000E+00  5.692749E-02  1.512086E-25  4.980029E-11   2.784321E-01 NotAppl  2.041324E-01  0.000000E+00  
5.600800E+02  9.055773E-03  1.106521E+00  -1.099634E+00  1.000000E+00  1.061983E-02  1.136561E-24  1.817299E-08   1.022007E-138 LZ5Tmedian  1.099786E+00  0.000000E+00  
2.199175E+01  1.483319E-01  -1.474625E-01  4.363322E-04  1.000000E+00  3.790165E-03  3.826462E-32  2.125209E-12   5.000000E-01 NotAppl  1.169551E-06  2.541383E-04  
1.292164E+01  2.979105E+00  -2.969961E+00  1.208450E-09  1.000000E+00  1.277243E-01  2.443193E-43  4.710740E-23   5.000000E-01 NotAppl  1.360998E-17  1.993695E-15  
4.382832E+02  4.039184E+00  5.459596E+00  3.917000E-08  1.000000E+00  4.314833E-02  1.438746E-25  3.807491E-23   5.000000E-01 NotAppl  1.662275E-01  0.000000E+00  
2.466415E+03  1.157492E-03  3.528940E-01  1.232796E-08  1.000000E+00  2.038829E+00  3.647860E-27  1.109302E-25   5.000000E-01 NotAppl  7.106999E-04  0.000000E+00  
1.190599E+03  8.192353E-04  -3.624486E-04  -1.698678E-07  1.000000E+00  5.173529E-01  1.539658E-26  9.294551E-23   5.000000E-01 NotAppl  6.326707E-03  0.000000E+00  
8.874894E+01  3.047266E+02  -1.837530E+02  3.312194E-08  1.000000E+00  2.182611E-03  1.196051E-24  7.177537E-22   5.000000E-01 NotAppl  7.519097E+00  0.000000E+00  
3.338805E+02  4.531490E+00  -1.754246E+00  2.741362E-02  1.000000E+00  3.182005E-02  2.122832E-25  3.254543E-11   3.906807E-01 NotAppl  3.253448E-01  0.000000E+00  
2.172040E+02  1.136177E+00  -1.135417E+00  4.716040E+00  1.000000E+00  1.639146E-05  8.360088E-22  2.323541E-06   0.000000E+00 XENON1T_2018  2.381737E+03  0.000000E+00  
5.863052E+01  9.911206E-03  7.893575E+00  -5.166429E-01  1.000000E+00  7.819597E-04  2.701070E-24  4.074070E-07   0.000000E+00 XENON1T_2018  2.916768E+01  3.327977E-01  
4.129740E+03  7.867332E-03  1.488791E+02  4.076852E-02  1.000000E+00  8.536409E-04  5.784286E-24  4.249318E-13   5.000000E-01 NotAppl  6.773784E-01  0.000000E+00  
2.404614E+03  7.368527E-02  1.092563E+00  6.937322E-03  1.000000E+00  1.673557E+00  4.204867E-27  3.699085E-14   5.000000E-01 NotAppl  8.419657E-04  0.000000E+00  
7.672106E+02  2.752134E+02  -2.718608E+02  -5.074708E-09  1.000000E+00  2.161756E-04  3.022294E-23  2.034506E-25   5.000000E-01 NotAppl  1.949202E+01  0.000000E+00  
1.377669E+03  2.591448E-03  2.563489E+02  3.449221E-05  1.000000E+00  3.419398E-04  1.461189E-23  2.845505E-18   5.000000E-01 NotAppl  5.261120E+00  0.000000E+00  
2.530133E+01  6.319458E-01  -5.257128E-01  -3.201738E-01  1.000000E+00  6.703517E-03  2.237023E-26  8.626569E-07   0.000000E+00 XENON1T_2018  5.869220E-01  2.511398E-01  
1.248099E+02  7.310453E-01  -7.105390E-01  -5.617943E-09  1.000000E+00  7.648784E-03  1.013184E-24  1.026470E-23   5.000000E-01 NotAppl  4.373468E+00  0.000000E+00  
3.849910E+01  1.684500E+02  -1.485903E+02  5.822237E-02  1.000000E+00  1.539980E+00  1.296349E-27  1.218650E-08   0.000000E+00 XENON1T_2018  2.156467E-02  3.014602E-01  
6.046226E+01  8.937972E-04  2.974693E+02  -2.260433E-02  1.000000E+00  4.727842E-04  1.816698E-26  7.324367E-10   5.955720E-38 LZ5Tmedian  1.884259E-01  1.189111E-01  
2.168239E+02  1.664963E-02  1.388225E+00  3.530371E-01  1.000000E+00  8.850749E-03  1.179052E-24  1.306758E-08   3.616578E-247 LZ5Tmedian  2.893985E+00  0.000000E+00  
4.024307E+01  5.853770E+00  -3.898282E+00  6.795158E-06  1.000000E+00  5.422210E-04  1.978805E-35  1.516993E-16   5.000000E-01 NotAppl  3.140864E-10  3.143260E-08  
3.054184E+01  6.478239E-01  -6.334790E-01  -2.156729E-01  1.000000E+00  3.461939E-03  1.204418E-26  2.675085E-07   0.000000E+00 XENON1T_2018  2.568266E-01  2.513654E-01  
3.743318E+01  1.065096E+00  2.012742E+01  3.723440E-10  1.000000E+00  8.158886E-05  4.975196E-44  5.276748E-25   5.000000E-01 NotAppl  8.525191E-19  4.659878E-17  
1.129947E+02  1.201977E+00  6.389888E+01  7.658396E-07  1.000000E+00  3.467123E-03  1.469689E-24  2.338891E-19   5.000000E-01 NotAppl  6.984964E+00  0.000000E+00  
6.736774E+02  1.522901E+00  -6.100361E-02  -1.175865E-02  1.000000E+00  1.603391E-01  4.882768E-26  1.424663E-12   5.000000E-01 NotAppl  3.608173E-02  0.000000E+00  
2.075359E+03  7.907907E-04  4.468886E-03  -1.790022E-09  1.000000E+00  1.491039E+00  5.098246E-27  3.324330E-27   5.000000E-01 NotAppl  1.184886E-03  0.000000E+00  
5.762129E+01  1.889204E-04  2.596196E-02  -1.698769E+00  1.000000E+00  9.365748E-04  8.609446E-24  4.563519E-06   0.000000E+00 XENON1T_2018  9.617480E+01  2.501305E-01  
1.398619E+03  2.917098E+02  -2.916828E+02  -8.080919E-02  1.000000E+00  1.825220E-04  4.003932E-23  1.514504E-11   5.000000E-01 NotAppl  1.389904E+01  0.000000E+00  
2.348139E+03  1.236794E+00  5.186555E-01  1.050953E-09  1.000000E+00  1.257291E+00  5.720928E-27  8.910032E-28   5.000000E-01 NotAppl  1.173926E-03  0.000000E+00  
4.555970E+03  6.209954E-03  -3.476213E-03  -2.236434E-01  1.000000E+00  4.898431E+00  1.641433E-27  1.047189E-11   5.000000E-01 NotAppl  1.746808E-04  0.000000E+00  
6.536551E+01  9.649923E+01  -1.844680E+01  -6.563956E+00  1.000000E+00  7.454837E-06  7.225254E-22  5.267444E-05   0.000000E+00 XENON1T_2018  6.968799E+03  0.000000E+00  
8.656402E+02  1.862097E+00  -1.853641E+00  7.539460E-10  1.000000E+00  2.526976E-01  3.099768E-26  3.509533E-27   5.000000E-01 NotAppl  1.767811E-02  0.000000E+00  
3.079158E+02  6.982341E+00  -6.848653E+00  -6.566551E-10  1.000000E+00  2.862589E-02  2.450511E-25  2.204024E-26   5.000000E-01 NotAppl  4.084065E-01  0.000000E+00  
2.827437E+03  4.381519E-01  1.738455E-01  -4.741934E-02  1.000000E+00  2.563846E+00  2.826121E-27  1.242738E-12   5.000000E-01 NotAppl  4.796907E-04  0.000000E+00  
1.636437E+01  2.199968E-02  -2.102081E-02  -1.074032E+00  1.000000E+00  1.747563E-03  2.009659E-25  2.328062E-05   0.000000E+00 XENON1T_2018  8.532677E+00  2.499793E-01  
2.799079E+02  4.242920E+00  -4.242774E+00  -1.305532E-10  1.000000E+00  2.774479E-02  2.704907E-25  1.059085E-27   5.000000E-01 NotAppl  4.977169E-01  0.000000E+00  
5.482295E+03  1.155335E+00  -3.018734E-01  -4.801165E-09  1.000000E+00  4.043218E+00  1.718444E-27  3.312549E-27   5.000000E-01 NotAppl  1.484361E-04  0.000000E+00  
6.831738E+03  8.323606E+02  -8.276236E+02  7.032846E-07  1.000000E+00  2.092872E-05  3.612536E-22  4.544980E-23   5.000000E-01 NotAppl  2.484188E+01  0.000000E+00  
1.584203E+01  6.997991E-02  2.929693E+01  -7.001229E+00  1.000000E+00  1.082936E-03  1.767158E-25  1.055336E-03   0.000000E+00 XENON1T_2018  7.683926E+00  2.702153E-01  
2.094928E+02  2.577885E+00  -2.449885E+00  1.796910E+00  1.000000E+00  4.243148E-04  2.513429E-23  3.632584E-07   0.000000E+00 XENON1T_2018  6.795287E+01  0.000000E+00  
8.945212E+03  3.648915E+01  -1.720924E+01  -9.273673E-04  1.000000E+00  8.637976E-03  8.836934E-25  4.570908E-17   5.000000E-01 NotAppl  4.637870E-02  0.000000E+00  
9.595227E+01  4.042421E+01  -3.975615E+01  7.325674E-09  1.000000E+00  3.264802E-03  1.509624E-24  2.992096E-23   5.000000E-01 NotAppl  8.616401E+00  0.000000E+00  
8.967491E+01  1.825971E-03  8.468285E+01  -1.377455E-05  1.000000E+00  4.289345E-03  7.616523E-25  1.215235E-16   5.000000E-01 NotAppl  4.739551E+00  0.000000E+00  
1.347084E+01  2.444568E+02  -2.444565E+02  1.477763E-09  1.000000E+00  1.175280E-01  3.702777E-43  6.487715E-23   5.000000E-01 NotAppl  1.965415E-17  3.047021E-15  
1.408786E+01  1.421042E+02  -1.420310E+02  -4.957816E-06  1.000000E+00  1.067199E-01  4.225680E-36  6.682326E-16   5.000000E-01 NotAppl  2.129258E-10  3.421827E-08  
8.526505E+03  1.240142E-03  9.262520E-02  -2.147205E-07  1.000000E+00  2.257684E+01  3.057836E-28  2.701006E-24   5.000000E-01 NotAppl  1.690021E-05  0.000000E+00  
2.508166E+03  9.012535E+02  -8.999570E+02  -1.854195E+00  1.000000E+00  2.361698E-05  3.194359E-22  2.425108E-09   6.657831E-05 LZ5Tmedian  6.089136E+01  0.000000E+00  
2.654046E+03  6.308867E-01  5.438782E+00  9.748007E-06  1.000000E+00  3.782768E-01  1.328180E-26  5.973895E-20   5.000000E-01 NotAppl  2.430774E-03  0.000000E+00  
6.755436E+02  1.979421E-02  8.266015E+02  3.943937E-05  1.000000E+00  9.634232E-05  5.317172E-23  1.593684E-17   5.000000E-01 NotAppl  3.975928E+01  0.000000E+00  
1.647362E+01  4.746001E-01  1.095711E+02  -4.964839E-09  1.000000E+00  3.330307E-03  4.440734E-42  4.909149E-22   5.000000E-01 NotAppl  1.871461E-16  3.393818E-14  
3.688513E+01  6.769164E+00  -6.768529E+00  2.046599E-06  1.000000E+00  1.846055E-03  1.456961E-36  1.642690E-17   5.000000E-01 NotAppl  2.535921E-11  2.829760E-09  
3.962377E+03  2.006352E+00  -2.005992E+00  -3.037019E-09  1.000000E+00  1.594201E+00  3.778952E-27  2.565222E-27   5.000000E-01 NotAppl  4.526472E-04  0.000000E+00  
1.364879E+01  7.945192E+01  -7.945078E+01  -3.198050E-04  1.000000E+00  1.141111E-01  1.741281E-32  2.960524E-12   5.000000E-01 NotAppl  9.102957E-07  1.425827E-04  
4.169483E+03  1.042639E+00  -4.413961E-01  -1.120675E-03  1.000000E+00  3.502481E+00  2.000741E-27  3.148968E-16   5.000000E-01 NotAppl  2.281092E-04  0.000000E+00  
7.795917E+03  2.680023E-03  5.310193E+02  5.795430E-03  1.000000E+00  7.364110E-05  7.106692E-23  2.360283E-15   5.000000E-01 NotAppl  4.367580E+00  0.000000E+00  
7.372880E+01  3.540559E+01  -3.538779E+01  -1.324075E-06  1.000000E+00  1.844852E-02  1.707698E-36  1.676165E-18   5.000000E-01 NotAppl  1.453893E-11  0.000000E+00  
5.280170E+03  1.849100E-03  6.360185E+02  2.664761E-10  1.000000E+00  5.411722E-05  9.655095E-23  1.101859E-29   5.000000E-01 NotAppl  8.813669E+00  0.000000E+00  
1.262890E+02  3.282137E-03  7.851344E-03  -9.217020E+00  1.000000E+00  6.779474E-08  2.070757E-19  2.697017E-05   0.000000E+00 XENON1T_2018  1.041012E+06  0.000000E+00  
4.928690E+03  1.142394E+00  5.015503E+01  -2.273440E-06  1.000000E+00  6.867077E-03  7.048678E-25  9.222299E-22   5.000000E-01 NotAppl  6.899642E-02  0.000000E+00  
7.061652E+02  2.115240E-03  -3.260018E-05  -5.453963E-06  1.000000E+00  1.917764E-01  4.324458E-26  2.783725E-19   5.000000E-01 NotAppl  3.043106E-02  0.000000E+00  
6.265381E+01  2.277328E+01  -2.277150E+01  1.428706E-06  1.000000E+00  8.642964E-03  1.231903E-32  2.720918E-18   5.000000E-01 NotAppl  1.231830E-07  0.000000E+00  
1.332650E+02  1.731888E-04  6.321027E+00  -7.002342E-06  1.000000E+00  7.374969E-03  9.469707E-25  1.394181E-17   5.000000E-01 NotAppl  3.820476E+00  0.000000E+00  
1.878898E+01  2.995153E-01  1.493338E+02  -1.033845E-06  1.000000E+00  2.452222E-03  2.010693E-37  1.636531E-17   5.000000E-01 NotAppl  7.309639E-12  1.455559E-09  
1.475796E+03  1.817762E+00  -1.816667E+00  -1.406981E-10  1.000000E+00  6.093065E-01  1.199796E-26  4.114833E-29   5.000000E-01 NotAppl  3.952759E-03  0.000000E+00  
5.157017E+02  9.866373E-02  6.385940E+02  -8.879610E-09  1.000000E+00  1.622709E-04  3.090759E-23  1.402893E-24   5.000000E-01 NotAppl  3.045285E+01  0.000000E+00  
8.056059E+03  2.975020E-04  8.786469E+01  -3.129842E+00  1.000000E+00  2.521612E-03  1.830499E-24  6.439956E-10   4.504160E-01 NotAppl  1.089047E-01  0.000000E+00  
4.096673E+01  2.050392E-04  1.103966E+01  -1.061979E-03  1.000000E+00  1.590594E-04  5.086133E-31  3.573345E-12   5.000000E-01 NotAppl  7.939679E-06  6.349032E-04  
6.293133E+01  4.267075E-01  3.967571E+02  1.462847E-03  1.000000E+00  5.042130E-03  1.635957E-27  2.826899E-12   5.000000E-01 NotAppl  1.636743E-02  0.000000E+00  
2.080118E+03  8.081277E+00  9.568469E+01  -2.447974E-06  1.000000E+00  1.739297E-03  2.805542E-24  6.188239E-21   5.000000E-01 NotAppl  6.617447E-01  0.000000E+00  
1.239033E+03  1.069960E-03  3.787933E-01  -5.833515E-04  1.000000E+00  5.540954E-01  1.426416E-26  1.010500E-15   5.000000E-01 NotAppl  5.626518E-03  0.000000E+00  
1.511618E+03  5.362931E+02  -5.362815E+02  1.180500E+00  1.000000E+00  6.133460E-05  1.227941E-22  2.758488E-09   1.378861E-08 LZ5Tmedian  3.935431E+01  0.000000E+00  
4.006905E+01  9.095969E-04  1.461556E-03  -3.122307E-04  1.000000E+00  4.426274E-05  4.128354E-32  3.231191E-13   5.000000E-01 NotAppl  6.582771E-07  1.068282E-04  
8.031244E+03  8.556162E-01  -7.906002E-01  8.935893E-10  1.000000E+00  7.770378E+00  7.755193E-28  5.282633E-29   5.000000E-01 NotAppl  4.538984E-05  0.000000E+00  
5.714908E+01  1.335325E-04  5.486336E-01  -1.431073E-02  1.000000E+00  3.176051E-03  1.112219E-27  3.293403E-10   6.786898E-18 LZ5Tmedian  1.223358E-02  8.244157E-02  
2.134185E+01  1.878015E-01  -1.866490E-01  3.769561E-08  1.000000E+00  4.063088E-03  2.815240E-40  1.684808E-20   5.000000E-01 NotAppl  8.891362E-15  1.907375E-12  
1.033795E+02  2.550657E-03  3.729806E-02  -3.915735E-08  1.000000E+00  6.049638E-03  1.220961E-24  7.337306E-22   5.000000E-01 NotAppl  6.413776E+00  0.000000E+00  
5.608923E+02  4.368571E+01  -4.353306E+01  1.615002E-04  1.000000E+00  5.970711E-03  1.083706E-24  3.908315E-16   5.000000E-01 NotAppl  9.678916E-01  0.000000E+00  
3.731769E+02  5.393772E-02  -4.563279E-02  -3.026953E-07  1.000000E+00  5.683493E-02  1.497764E-25  3.159753E-21   5.000000E-01 NotAppl  2.042351E-01  0.000000E+00  
9.559406E+02  1.734744E-04  6.741160E-02  -5.149693E-03  1.000000E+00  3.409166E-01  2.378794E-26  1.337028E-13   5.000000E-01 NotAppl  1.224917E-02  0.000000E+00  
5.038513E+03  2.469728E-03  1.797889E+01  3.973434E-03  1.000000E+00  5.133626E-02  8.797976E-26  2.693676E-15   5.000000E-01 NotAppl  8.420263E-03  0.000000E+00  
3.195324E+03  7.828331E-04  7.898370E+00  6.603785E-10  1.000000E+00  2.355063E-01  1.896144E-26  1.878874E-28   5.000000E-01 NotAppl  2.877282E-03  0.000000E+00  
5.097112E+02  9.831156E+02  -9.831105E+02  -1.401535E-05  1.000000E+00  7.897829E-05  9.138294E-23  3.579501E-18   5.000000E-01 NotAppl  9.019070E+01  0.000000E+00  
4.260214E+02  2.109276E+00  -2.104128E+00  -1.293348E-04  1.000000E+00  6.796102E-02  1.188