MD1           DMP           DM3           l345          ld           Omegah2       sigV          protonSI      PvalDD        expName      CMB_ID        brH_DMDM      
1.646137E+02  9.377076E-02  -8.882842E-02  -6.969267E-06  1.000000E+00  1.251065E-02  6.583067E-25  8.956341E-18   5.000000E-01 NotAppl  2.138219E+00  0.000000E+00  
8.001668E+02  1.006170E+00  -1.000263E+00  -1.121450E-09  1.000000E+00  2.345093E-01  3.441847E-26  9.117710E-27   5.000000E-01 NotAppl  2.128803E-02  0.000000E+00  
2.792284E+02  7.898885E-02  8.294553E+02  2.044386E-08  1.000000E+00  3.306113E-04  1.428431E-23  2.610013E-23   5.000000E-01 NotAppl  2.631527E+01  0.000000E+00  
9.055312E+01  9.714917E-03  3.651434E+02  -2.249545E-01  1.000000E+00  6.151448E-03  1.298728E-25  3.177024E-08   0.000000E+00 XENON1T_2018  8.050663E-01  0.000000E+00  
6.346572E+02  4.114279E-03  1.843804E-01  3.252073E-05  1.000000E+00  1.561644E-01  5.335609E-26  1.231048E-17   5.000000E-01 NotAppl  4.192769E-02  0.000000E+00  
2.088778E+01  3.202096E-02  -2.970352E-02  -2.446112E-03  1.000000E+00  2.663313E-03  1.174001E-30  7.407873E-11   2.087123E-03 LZ5Tmedian  3.794052E-05  7.808981E-03  
3.806829E+02  3.283973E+02  -3.283969E+02  -3.557543E-08  1.000000E+00  2.840597E-04  2.439745E-23  4.190270E-23   5.000000E-01 NotAppl  3.269739E+01  0.000000E+00  
4.070534E+02  6.647651E-02  4.221308E+01  -1.014381E-08  1.000000E+00  9.011586E-03  5.526765E-25  2.970421E-24   5.000000E-01 NotAppl  6.924826E-01  0.000000E+00  
4.983131E+03  7.963353E-03  1.485653E+00  5.439487E-05  1.000000E+00  3.608060E+00  1.490118E-27  5.162837E-19   5.000000E-01 NotAppl  1.428402E-04  0.000000E+00  
2.624902E+03  2.791137E-03  4.338221E+01  -2.314319E-10  1.000000E+00  9.309360E-03  5.028892E-25  3.443785E-29   5.000000E-01 NotAppl  9.346755E-02  0.000000E+00  
9.259211E+02  2.588197E-02  -1.886419E-02  -1.593906E-09  1.000000E+00  3.209609E-01  2.533838E-26  1.367081E-26   5.000000E-01 NotAppl  1.348347E-02  0.000000E+00  
1.970356E+03  4.077435E-03  1.824050E-01  2.043099E-02  1.000000E+00  1.337852E+00  5.707117E-27  4.813947E-13   5.000000E-01 NotAppl  1.399390E-03  0.000000E+00  
2.610604E+01  2.552279E-01  6.123963E+00  6.471979E-08  1.000000E+00  2.868347E-03  9.353348E-40  3.308908E-20   5.000000E-01 NotAppl  2.371662E-14  4.534769E-12  
5.687920E+03  2.523911E+01  -2.115112E+01  1.494714E-04  1.000000E+00  1.776427E-02  3.797732E-25  2.979200E-18   5.000000E-01 NotAppl  3.145565E-02  0.000000E+00  
3.338160E+03  2.231143E+00  6.543325E+01  3.950900E-05  1.000000E+00  3.995144E-03  1.216070E-24  6.152901E-19   5.000000E-01 NotAppl  1.767827E-01  0.000000E+00  
1.156029E+02  5.093541E-03  1.016477E+01  7.328280E+00  1.000000E+00  1.241561E-05  6.947874E-22  2.043720E-05   0.000000E+00 XENON1T_2018  3.272217E+03  0.000000E+00  
1.759464E+03  5.084789E+01  -5.082665E+01  -2.111883E+00  1.000000E+00  6.661773E-03  8.062003E-25  6.478223E-09   1.331285E-16 LZ5Tmedian  2.277732E-01  0.000000E+00  
2.114796E+02  2.750158E+01  -2.750007E+01  -1.276167E-02  1.000000E+00  7.875344E-03  7.693090E-25  1.797124E-11   4.499438E-01 NotAppl  1.905173E+00  0.000000E+00  
5.921443E+03  2.164346E-04  3.458358E-03  -1.299752E-07  1.000000E+00  1.127646E+01  6.288004E-28  2.075819E-24   5.000000E-01 NotAppl  5.026680E-05  0.000000E+00  
2.738171E+02  5.034867E-01  -5.032448E-01  5.753975E-08  1.000000E+00  3.121012E-02  2.699375E-25  2.152086E-22   5.000000E-01 NotAppl  5.080786E-01  0.000000E+00  
7.053094E+02  7.141145E+02  -5.868021E+02  3.824589E-06  1.000000E+00  3.431611E-05  1.081613E-22  1.372295E-19   5.000000E-01 NotAppl  7.616576E+01  0.000000E+00  
1.389136E+02  4.202492E+01  -3.782530E+01  -3.918938E+00  1.000000E+00  5.204977E-07  9.663081E-21  4.010606E-06   0.000000E+00 XENON1T_2018  4.379001E+04  0.000000E+00  
8.801529E+02  8.183522E+01  -5.382090E+01  2.666826E-01  1.000000E+00  1.026855E-03  4.281960E-24  4.244352E-10   8.583393E-03 LZ5Tmedian  2.399910E+00  0.000000E+00  
1.413873E+03  9.050756E-02  2.649287E+00  4.416831E-07  1.000000E+00  5.322134E-01  1.297738E-26  4.425501E-22   5.000000E-01 NotAppl  4.482693E-03  0.000000E+00  
1.295929E+02  4.647867E+01  -4.643349E+01  4.184060E-06  1.000000E+00  3.618524E-03  1.616814E-24  5.271153E-18   5.000000E-01 NotAppl  6.786208E+00  0.000000E+00  
9.706603E+02  3.275896E-04  4.395462E+02  -2.123986E-08  1.000000E+00  1.587461E-04  3.222077E-23  2.204616E-24   5.000000E-01 NotAppl  1.661867E+01  0.000000E+00  
3.978512E+01  2.152772E-02  -1.936658E-02  -4.032056E-02  1.000000E+00  3.479313E-05  6.753601E-28  5.466938E-09   2.840979E-309 LZ5Tmedian  1.087134E-02  2.197113E-01  
6.634415E+02  1.481233E-01  1.110081E+00  -1.099285E-04  1.000000E+00  1.651617E-01  4.936915E-26  1.284713E-16   5.000000E-01 NotAppl  3.706079E-02  0.000000E+00  
4.426721E+02  2.578608E+02  -2.578036E+02  7.276715E-01  1.000000E+00  2.690442E-04  2.618744E-23  1.287508E-08   1.065024E-123 LZ5Tmedian  2.999218E+01  0.000000E+00  
5.654818E+01  2.022381E-04  1.687674E-02  -1.662488E+00  1.000000E+00  1.118546E-03  6.483171E-24  4.541530E-06   0.000000E+00 XENON1T_2018  7.366925E+01  2.500540E-01  
8.930803E+02  6.157213E-03  1.483175E+01  2.243909E-01  1.000000E+00  4.792642E-02  1.306374E-25  2.916769E-10   3.983660E-02 LZ5Tmedian  7.353315E-02  0.000000E+00  
2.997357E+01  6.974465E+00  2.854204E+02  -3.162124E-06  1.000000E+00  7.614941E-02  2.535004E-36  5.973440E-17   5.000000E-01 NotAppl  5.522977E-11  7.914473E-09  
2.545702E+01  1.428047E-02  1.571182E+01  -1.507884E-06  1.000000E+00  1.953993E-03  4.984379E-37  1.889835E-17   5.000000E-01 NotAppl  1.298529E-11  1.250379E-09  
3.750465E+02  3.407531E+02  -2.732094E+02  1.622744E-08  1.000000E+00  1.336275E-04  2.605399E-23  8.988765E-24   5.000000E-01 NotAppl  3.547186E+01  0.000000E+00  
1.399487E+02  4.106525E+00  -4.105867E+00  -7.007267E+00  1.000000E+00  1.202797E-07  8.832059E-20  1.262876E-05   0.000000E+00 XENON1T_2018  3.986898E+05  0.000000E+00  
1.096859E+01  1.537639E-04  7.514328E-06  -1.061826E+00  1.000000E+00  8.071416E-04  1.721222E-25  5.021128E-05   0.000000E+00 XENON1T_2018  1.161477E+01  2.499608E-01  
7.523858E+03  7.554833E+02  -7.554818E+02  -1.361310E-10  1.000000E+00  2.538928E-05  3.043219E-22  1.399723E-30   5.000000E-01 NotAppl  1.897890E+01  0.000000E+00  
1.125982E+01  9.895942E+01  -9.047238E+01  -4.059580E+00  1.000000E+00  3.114677E-03  1.046391E-24  6.971649E-04   0.000000E+00 XENON1T_2018  6.847542E+01  5.101151E-01  
2.185703E+01  3.412667E-04  7.704997E-03  -2.648736E-06  1.000000E+00  2.505154E-03  1.405819E-36  7.928907E-17   5.000000E-01 NotAppl  4.322876E-11  9.388912E-09  
9.041451E+02  4.590556E-02  -2.366730E-02  2.494838E-05  1.000000E+00  3.067333E-01  2.656089E-26  3.516066E-18   5.000000E-01 NotAppl  1.448495E-02  0.000000E+00  
4.061587E+02  1.169683E+02  -1.169672E+02  -1.175697E-03  1.000000E+00  1.160970E-03  5.798726E-24  4.008321E-14   5.000000E-01 NotAppl  7.259585E+00  0.000000E+00  
2.552707E+01  4.626117E+00  2.282571E-01  9.692340E+00  1.000000E+00  2.246048E-02  1.023784E-25  7.764909E-04   0.000000E+00 XENON1T_2018  2.886850E+00  2.576027E-01  
5.529948E+02  7.395017E-04  7.406075E+02  -1.093623E-01  1.000000E+00  1.331143E-04  3.766455E-23  1.844888E-10   3.815815E-02 LZ5Tmedian  3.455766E+01  0.000000E+00  
9.564078E+03  2.270852E+01  -1.711785E+01  5.842865E-03  1.000000E+00  2.250819E-02  3.128520E-25  1.584015E-15   5.000000E-01 NotAppl  1.531807E-02  0.000000E+00  
8.469339E+02  4.742086E+01  -1.753318E+01  -2.141245E-03  1.000000E+00  2.947540E-03  1.499344E-24  2.959891E-14   5.000000E-01 NotAppl  8.755916E-01  0.000000E+00  
3.572093E+01  9.299624E-01  -9.297502E-01  3.713720E-10  1.000000E+00  4.178169E-04  4.504882E-44  5.772923E-25   5.000000E-01 NotAppl  8.126620E-19  1.597116E-16  
4.092538E+02  2.459673E-04  2.695712E+02  6.281614E-03  1.000000E+00  5.127903E-04  9.547913E-24  1.126595E-12   5.000000E-01 NotAppl  1.191469E+01  0.000000E+00  
4.833542E+02  5.740386E+01  -5.736143E+01  7.383997E+00  1.000000E+00  1.024454E-04  7.203765E-23  1.107532E-06   0.000000E+00 XENON1T_2018  7.838905E+01  0.000000E+00  
1.325635E+02  4.813215E+01  -4.813154E+01  -1.437014E-04  1.000000E+00  3.609387E-03  1.631126E-24  5.935449E-15   5.000000E-01 NotAppl  6.693425E+00  0.000000E+00  
6.333266E+03  2.775951E-02  -8.941525E-03  3.264827E-10  1.000000E+00  1.283483E+01  5.502896E-28  1.142476E-29   5.000000E-01 NotAppl  4.109365E-05  0.000000E+00  
1.238761E+01  6.066116E-03  1.006805E+02  -7.328306E-09  1.000000E+00  5.935726E-04  8.856370E-42  1.882867E-21   5.000000E-01 NotAppl  5.182018E-16  7.519162E-14  
3.732284E+02  9.607638E+02  -9.464655E+02  -4.879418E-05  1.000000E+00  7.616698E-05  5.502855E-23  8.208336E-17   5.000000E-01 NotAppl  7.530097E+01  0.000000E+00  
2.316385E+03  5.702853E-04  1.024487E+00  -5.566379E-02  1.000000E+00  1.642575E+00  4.323669E-27  2.569930E-12   5.000000E-01 NotAppl  9.001056E-04  0.000000E+00  
7.008719E+01  7.559942E-03  2.102552E+00  3.101141E-05  1.000000E+00  5.388360E-03  2.150591E-33  1.019681E-15   5.000000E-01 NotAppl  1.914787E-08  0.000000E+00  
6.566793E+02  1.658715E-04  1.486693E-02  1.802926E-06  1.000000E+00  1.669946E-01  4.988467E-26  3.528858E-20   5.000000E-01 NotAppl  3.784118E-02  0.000000E+00  
4.095667E+03  3.653820E+00  1.052896E+01  -7.997726E-08  1.000000E+00  8.722747E-02  6.331641E-26  1.663110E-24   5.000000E-01 NotAppl  7.455112E-03  0.000000E+00  
2.228648E+03  3.863389E-03  4.229648E-01  -2.748573E-10  1.000000E+00  1.672604E+00  4.472762E-27  6.778720E-29   5.000000E-01 NotAppl  9.665997E-04  0.000000E+00  
1.160006E+03  1.411483E-03  -1.228652E-03  -1.213774E-02  1.000000E+00  4.919510E-01  1.623297E-26  5.004374E-13   5.000000E-01 NotAppl  6.851696E-03  0.000000E+00  
4.609774E+02  3.092082E-03  7.952921E+01  1.312624E+00  1.000000E+00  1.520345E-03  4.959988E-24  3.856215E-08   0.000000E+00 LZ5Tmedian  5.548833E+00  0.000000E+00  
8.202771E+02  7.342162E-02  -7.134511E-02  5.410517E-10  1.000000E+00  2.548480E-01  3.219473E-26  2.017371E-27   5.000000E-01 NotAppl  1.941017E-02  0.000000E+00  
1.154144E+03  1.073259E+02  -1.073254E+02  2.367106E-04  1.000000E+00  1.126175E-03  6.161621E-24  1.923086E-16   5.000000E-01 NotAppl  2.606644E+00  0.000000E+00  
2.850253E+02  1.214517E+02  -1.214475E+02  -5.176763E-10  1.000000E+00  1.239377E-03  5.284745E-24  1.604567E-26   5.000000E-01 NotAppl  9.600579E+00  0.000000E+00  
3.059174E+02  1.059870E-04  1.089342E-02  1.208951E-03  1.000000E+00  3.901043E-02  2.189063E-25  7.570929E-14   5.000000E-01 NotAppl  3.670441E-01  0.000000E+00  
9.877091E+01  8.198537E+00  3.716041E+01  -2.468517E-09  1.000000E+00  2.334399E-03  1.389744E-24  3.201696E-24   5.000000E-01 NotAppl  7.653915E+00  0.000000E+00  
4.256464E+02  2.915874E+02  -2.915637E+02  -3.644895E-10  1.000000E+00  2.999885E-04  2.328152E-23  3.500231E-27   5.000000E-01 NotAppl  2.774582E+01  0.000000E+00  
5.996905E+01  1.470842E-04  1.670620E-01  1.192643E-07  1.000000E+00  4.040807E-03  3.302641E-37  2.073321E-20   5.000000E-01 NotAppl  3.455378E-12  5.722441E-12  
3.813918E+02  8.799099E-04  9.392217E-05  2.929539E-09  1.000000E+00  5.927995E-02  1.436249E-25  2.830652E-25   5.000000E-01 NotAppl  1.914701E-01  0.000000E+00  
1.452309E+03  5.901638E-04  -4.859750E-04  -4.382539E-07  1.000000E+00  7.547251E-01  1.037577E-26  4.125129E-22   5.000000E-01 NotAppl  3.477059E-03  0.000000E+00  
1.593606E+01  1.349838E-01  -1.129690E-01  -1.177369E-05  1.000000E+00  2.527325E-03  2.472335E-35  2.949491E-15   5.000000E-01 NotAppl  1.081911E-09  1.914565E-07  
8.621573E+03  6.829552E+00  -6.828169E+00  4.525492E-10  1.000000E+00  2.133337E-01  2.782800E-26  1.173088E-29   5.000000E-01 NotAppl  1.512215E-03  0.000000E+00  
7.389559E+01  2.029921E-02  7.620775E+02  -7.438766E-03  1.000000E+00  5.786951E-03  5.224044E-29  5.266098E-11   4.020796E-03 LZ5Tmedian  4.438608E-04  0.000000E+00  
1.266543E+01  1.653053E+02  -1.502842E+02  -4.944146E-07  1.000000E+00  1.116438E+05  4.062191E-38  8.203346E-18   5.000000E-01 NotAppl  2.316183E-12  2.210524E-10  
1.141919E+01  1.420930E-04  1.972017E-01  1.308318E-03  1.000000E+00  6.340686E-04  2.736787E-31  7.043931E-11   3.206373E-01 NotAppl  1.761446E-05  2.379574E-03  
6.490450E+02  1.471536E+02  -1.272106E+02  1.458847E-01  1.000000E+00  4.202933E-04  1.058201E-23  2.366338E-10   2.786009E-02 LZ5Tmedian  8.127023E+00  0.000000E+00  
1.838809E+01  5.232201E+00  -5.223041E+00  -2.317418E-10  1.000000E+00  5.559808E-02  1.002609E-44  8.585798E-25   5.000000E-01 NotAppl  3.733676E-19  6.382970E-17  
1.674175E+03  6.451611E-02  1.159466E+01  -1.169639E-08  1.000000E+00  1.070343E-01  4.424868E-26  2.198903E-25   5.000000E-01 NotAppl  1.300289E-02  0.000000E+00  
2.239995E+03  2.271569E-03  4.179825E-01  -1.123474E-01  1.000000E+00  1.581276E+00  4.867987E-27  1.120900E-11   5.000000E-01 NotAppl  1.053814E-03  0.000000E+00  
5.008488E+01  4.030574E+01  -3.080547E+01  -1.777582E-07  1.000000E+00  1.392721E-01  3.593826E-38  6.649874E-20   5.000000E-01 NotAppl  4.552967E-13  1.748670E-11  
1.382913E+01  8.786866E+02  -8.786700E+02  -4.746797E-09  1.000000E+00  1.106797E-01  3.851785E-42  6.354861E-22   5.000000E-01 NotAppl  1.982831E-16  3.139735E-14  
7.809573E+03  7.118463E-04  -5.402250E-04  1.029145E-02  1.000000E+00  1.928898E+01  3.620787E-28  7.416552E-15   5.000000E-01 NotAppl  2.186937E-05  0.000000E+00  
3.979293E+03  4.639868E+01  -4.633299E+01  3.596538E-08  1.000000E+00  5.308105E-03  1.257753E-24  3.566329E-25   5.000000E-01 NotAppl  1.497054E-01  0.000000E+00  
2.027967E+02  1.648188E+02  -1.620889E+02  5.200162E-02  1.000000E+00  7.701652E-04  6.501985E-24  3.251678E-10   2.998742E-07 LZ5Tmedian  1.691291E+01  0.000000E+00  
2.918886E+03  3.984612E+02  4.011559E+02  6.370826E-03  1.000000E+00  1.716640E-05  2.111662E-22  2.102413E-14   5.000000E-01 NotAppl  3.492776E+01  0.000000E+00  
2.671243E+03  1.019375E+00  -6.464057E-01  -9.982066E-05  1.000000E+00  1.934532E+00  3.732637E-27  6.182376E-18   5.000000E-01 NotAppl  6.698632E-04  0.000000E+00  
2.612368E+03  9.302269E-01  -3.527697E-01  8.527277E-10  1.000000E+00  1.916178E+00  3.823546E-27  4.721103E-28   5.000000E-01 NotAppl  7.022154E-04  0.000000E+00  
1.172952E+03  4.072457E-04  2.377081E-03  7.814252E-02  1.000000E+00  4.787310E-01  1.699401E-26  2.027748E-11   5.000000E-01 NotAppl  7.119587E-03  0.000000E+00  
6.373627E+03  1.346186E+00  7.703016E-01  1.271275E-02  1.000000E+00  2.306020E+00  2.903307E-27  1.710013E-14   5.000000E-01 NotAppl  2.164440E-04  0.000000E+00  
3.555452E+03  2.575792E+01  -2.339064E+01  -1.808518E+00  1.000000E+00  2.225354E-02  2.198354E-25  1.133976E-09   4.173479E-02 LZ5Tmedian  2.986075E-02  0.000000E+00  
1.785559E+02  1.381660E-02  1.341926E+02  -1.249416E-03  1.000000E+00  2.161392E-03  2.279584E-24  2.436657E-13   5.000000E-01 NotAppl  6.661975E+00  0.000000E+00  
5.683366E+02  3.062102E-03  2.830848E-04  -1.135742E-02  1.000000E+00  1.267695E-01  6.621458E-26  1.881466E-12   5.000000E-01 NotAppl  5.833551E-02  0.000000E+00  
1.947485E+03  2.020690E+02  -2.020566E+02  -1.822587E-10  1.000000E+00  3.310868E-04  2.164683E-23  3.923116E-29   5.000000E-01 NotAppl  5.348264E+00  0.000000E+00  
1.417672E+02  8.549606E+02  -8.549600E+02  -7.063668E-03  1.000000E+00  8.774179E-04  6.638183E-24  1.249770E-11   4.514444E-01 NotAppl  2.568628E+01  0.000000E+00  
5.725280E+03  4.734771E-01  -4.601743E-01  -3.060364E-01  1.000000E+00  6.842944E+00  1.056182E-27  1.232397E-11   5.000000E-01 NotAppl  9.075379E-05  0.000000E+00  
1.319800E+01  5.158967E-02  2.749402E+00  3.863288E-01  1.000000E+00  7.843380E-04  2.514660E-26  4.617201E-06   0.000000E+00 XENON1T_2018  1.366987E+00  2.494857E-01  
5.051757E+02  3.769140E-04  1.365664E-03  -2.201649E-05  1.000000E+00  1.012799E-01  8.333970E-26  8.995984E-18   5.000000E-01 NotAppl  8.295216E-02  0.000000E+00  
2.933628E+03  1.572361E-04  7.690267E+00  -2.264911E-09  1.000000E+00  2.440658E-01  1.848297E-26  2.630114E-27   5.000000E-01 NotAppl  3.059306E-03  0.000000E+00  
1.953769E+02  4.205379E+01  -4.205365E+01  1.390292E-09  1.000000E+00  4.922041E-03  1.241135E-24  2.508761E-25   5.000000E-01 NotAppl  3.345820E+00  0.000000E+00  
1.389995E+01  6.219042E-04  -1.654710E-04  5.495389E-03  1.000000E+00  1.229569E-03  5.170641E-30  8.431513E-10   8.091534E-13 LZ5Tmedian  2.646757E-04  3.599922E-02  
2.649933E+03  3.501914E-04  3.637784E-03  5.816409E-04  1.000000E+00  2.383036E+00  3.131886E-27  2.133571E-16   5.000000E-01 NotAppl  5.669866E-04  0.000000E+00  
1.875279E+01  1.146419E-03  -1.042345E-03  -9.558012E-02  1.000000E+00  2.042648E-03  1.717294E-27  1.404190E-07   0.000000E+00 XENON1T_2018  6.253843E-02  2.450859E-01  
4.188490E+03  1.145947E-02  1.954322E+02  1.291646E-02  1.000000E+00  5.052152E-04  9.844477E-24  4.144564E-14   5.000000E-01 NotAppl  1.136423E+00  0.000000E+00  
1.423198E+02  1.307991E+02  -1.079858E+02  1.133646E+00  1.000000E+00  7.249373E-05  4.789909E-23  3.193455E-07   0.000000E+00 XENON1T_2018  1.969620E+02  0.000000E+00  
4.633681E+03  3.880967E-01  1.013416E+01  -4.619535E-08  1.000000E+00  1.461857E-01  3.094497E-26  4.316908E-25   5.000000E-01 NotAppl  3.222590E-03  0.000000E+00  
2.911311E+03  5.272257E+02  -5.271949E+02  2.025598E-09  1.000000E+00  5.522559E-05  1.360539E-22  2.136633E-27   5.000000E-01 NotAppl  2.227150E+01  0.000000E+00  
1.505860E+01  1.156464E+01  -1.156226E+01  1.510668E-01  1.000000E+00  8.583351E-02  4.002529E-27  5.435227E-07   0.000000E+00 XENON1T_2018  1.868700E-01  2.312730E-01  
2.719646E+03  4.495070E-02  7.954413E+02  1.440323E-09  1.000000E+00  4.173688E-05  1.258382E-22  1.240954E-27   5.000000E-01 NotAppl  2.255797E+01  0.000000E+00  
2.550381E+03  6.546453E+00  -6.483883E+00  1.357266E-02  1.000000E+00  2.082047E-01  2.921474E-26  1.255998E-13   5.000000E-01 NotAppl  5.477964E-03  0.000000E+00  
2.573788E+01  3.957179E-04  1.958165E+00  7.003417E-09  1.000000E+00  1.954461E-03  1.083739E-41  3.987378E-22   5.000000E-01 NotAppl  2.791605E-16  6.282117E-14  
3.815327E+02  3.441014E+01  -2.861281E+01  5.486093E-03  1.000000E+00  6.316072E-03  7.726980E-25  9.919414E-13   5.000000E-01 NotAppl  1.032670E+00  0.000000E+00  
5.862625E+03  2.896609E-04  4.435616E+00  6.265887E+00  1.000000E+00  3.598578E-02  3.200269E-25  4.923169E-09   2.308197E-04 LZ5Tmedian  2.714104E-02  0.000000E+00  
2.227904E+03  2.307220E-02  8.565858E+00  -7.599239E-04  1.000000E+00  1.918656E-01  2.424043E-26  5.185235E-16   5.000000E-01 NotAppl  5.314007E-03  0.000000E+00  
4.149111E+02  3.425330E+01  -3.425319E+01  -4.479075E-04  1.000000E+00  8.622756E-03  7.346060E-25  5.569320E-15   5.000000E-01 NotAppl  8.989443E-01  0.000000E+00  
2.135032E+01  1.955568E-02  -8.372116E-03  -2.044946E-10  1.000000E+00  2.600827E-03  8.286612E-45  4.954344E-25   5.000000E-01 NotAppl  2.614371E-19  5.614134E-17  
1.247276E+01  3.334106E+00  -3.333482E+00  1.078907E-04  1.000000E+00  1.387109E-01  1.924240E-33  4.026365E-13   5.000000E-01 NotAppl  1.116949E-07  1.580971E-05  
6.982649E+01  1.607276E-03  2.215336E-02  -3.855851E-06  1.000000E+00  5.954786E-03  3.577855E-35  1.588426E-17   5.000000E-01 NotAppl  3.219571E-10  0.000000E+00  
1.345653E+01  1.554140E+02  -1.551739E+02  -6.180641E-09  1.000000E+00  1.274123E-01  6.475001E-42  1.137270E-21   5.000000E-01 NotAppl  3.441128E-16  5.330052E-14  
2.473685E+02  2.668402E-01  5.146050E-02  -1.428740E-05  1.000000E+00  2.558054E-02  3.259900E-25  1.633782E-17   5.000000E-01 NotAppl  6.822102E-01  0.000000E+00  
2.386656E+01  9.126504E+00  -9.119971E+00  3.724922E-08  1.000000E+00  2.593313E-02  2.916056E-40  1.313543E-20   5.000000E-01 NotAppl  8.149388E-15  1.040798E-12  
3.907258E+03  4.803169E-03  8.413296E-01  1.755928E-02  1.000000E+00  3.978117E+00  1.671704E-27  8.822761E-14   5.000000E-01 NotAppl  2.042588E-04  0.000000E+00  
5.860293E+02  2.090233E-03  5.672417E-02  -1.482268E-01  1.000000E+00  1.143626E-01  7.761683E-26  3.010039E-10   6.509767E-03 LZ5Tmedian  6.722895E-02  0.000000E+00  
6.796430E+03  7.755647E+02  -7.755646E+02  -2.548920E+00  1.000000E+00  2.477333E-05  3.114470E-22  6.033294E-10   4.125252E-01 NotAppl  2.152976E+01  0.000000E+00  
1.857025E+02  1.929110E-02  6.510108E+01  -2.325040E-10  1.000000E+00  4.420396E-03  1.234162E-24  7.785900E-27   5.000000E-01 NotAppl  3.459662E+00  0.000000E+00  
9.551171E+03  3.908785E-02  4.174052E-01  8.619280E-05  1.000000E+00  2.033116E+01  2.990390E-28  3.456530E-19   5.000000E-01 NotAppl  1.477736E-05  0.000000E+00  
9.423783E+03  2.176769E+00  -2.171307E+00  -1.782984E-02  1.000000E+00  1.858937E+00  2.976334E-27  1.519964E-14   5.000000E-01 NotAppl  1.479068E-04  0.000000E+00  
2.791408E+02  6.348743E-04  8.555744E+02  9.640404E-08  1.000000E+00  3.278462E-04  1.443032E-23  5.807463E-22   5.000000E-01 NotAppl  2.659272E+01  0.000000E+00  
1.657561E+03  2.667912E+00  -2.502272E+00  -4.866471E-07  1.000000E+00  5.678981E-01  1.217516E-26  3.884724E-22   5.000000E-01 NotAppl  3.557977E-03  0.000000E+00  
7.599826E+01  3.604967E-04  1.685926E-02  9.854884E-07  1.000000E+00  7.036974E-03  6.368204E-37  8.727682E-19   5.000000E-01 NotAppl  5.259016E-12  0.000000E+00  
6.257408E+01  1.142663E+01  -4.715869E+00  8.174023E-04  1.000000E+00  6.459922E-02  1.740212E-26  8.929564E-13   5.000000E-01 NotAppl  1.751060E-01  0.000000E+00  
1.474185E+03  4.221202E-04  9.791843E+02  -2.595144E-04  1.000000E+00  4.091269E-05  1.288776E-22  1.403035E-16   5.000000E-01 NotAppl  4.328427E+01  0.000000E+00  
4.119549E+02  4.562970E-03  -1.935417E-03  -2.318593E-05  1.000000E+00  6.864826E-02  1.238008E-25  1.514358E-17   5.000000E-01 NotAppl  1.523066E-01  0.000000E+00  
7.222577E+03  7.568202E-03  1.640296E+00  -2.665289E-07  1.000000E+00  4.044452E+00  1.155997E-27  5.830044E-24   5.000000E-01 NotAppl  7.632338E-05  0.000000E+00  
4.179230E+03  6.043691E+00  3.977789E+02  1.008268E-01  1.000000E+00  1.266613E-04  3.999199E-23  2.536871E-12   5.000000E-01 NotAppl  4.627090E+00  0.000000E+00  
6.867970E+01  2.456202E+00  1.909407E+02  -1.566071E+00  1.000000E+00  5.734841E-04  8.498786E-24  2.710414E-06   0.000000E+00 XENON1T_2018  7.834142E+01  0.000000E+00  
6.072540E+01  1.113987E+02  -1.078870E+02  -3.615716E+00  1.000000E+00  2.997504E-05  1.161816E-22  1.857491E-05   0.000000E+00 XENON1T_2018  1.198751E+03  9.997736E-01  
6.812273E+01  5.183108E+00  -5.182887E+00  -1.289848E+00  1.000000E+00  1.134005E-03  6.994840E-24  1.869436E-06   0.000000E+00 XENON1T_2018  6.484775E+01  0.000000E+00  
7.886210E+02  5.048882E+01  -5.048759E+01  4.106904E-04  1.000000E+00  4.649715E-03  1.426690E-24  1.259645E-15   5.000000E-01 NotAppl  8.943535E-01  0.000000E+00  
8.546115E+02  3.279891E+01  8.954797E+01  -1.104584E-02  1.000000E+00  9.855964E-04  4.081049E-24  7.732800E-13   5.000000E-01 NotAppl  2.391857E+00  0.000000E+00  
3.493512E+01  6.922662E-04  7.868599E-02  9.767919E-06  1.000000E+00  7.137557E-04  2.994237E-35  4.178243E-16   5.000000E-01 NotAppl  5.530844E-10  1.130067E-07  
4.991717E+01  6.705051E-02  -6.668273E-02  1.055885E-10  1.000000E+00  1.586852E-03  1.238409E-44  2.362413E-26   5.000000E-01 NotAppl  1.569686E-19  9.582625E-18  
1.053901E+01  5.540686E-02  1.152657E+02  -5.869470E-07  1.000000E+00  5.635324E-04  5.312351E-38  1.659064E-17   5.000000E-01 NotAppl  3.757442E-12  4.850613E-10  
3.002400E+03  3.491992E+02  -3.491991E+02  -2.103879E-08  1.000000E+00  1.152802E-04  6.389154E-23  2.164858E-25   5.000000E-01 NotAppl  1.013508E+01  0.000000E+00  
6.393784E+03  3.556910E-01  -3.555392E-01  5.836671E-07  1.000000E+00  1.101426E+01  6.141276E-28  3.581496E-23   5.000000E-01 NotAppl  4.538842E-05  0.000000E+00  
7.611381E+02  1.404286E+01  -1.404204E+01  6.289293E+00  1.000000E+00  6.390956E-04  1.574937E-23  3.176074E-07   0.000000E+00 XENON1T_2018  1.043551E+01  0.000000E+00  
3.843045E+03  5.562708E+00  -5.562193E+00  6.760779E-02  1.000000E+00  2.846654E-01  2.150446E-26  1.352772E-12   5.000000E-01 NotAppl  2.653523E-03  0.000000E+00  
4.634953E+02  3.629616E-01  -3.601723E-01  1.079004E-03  1.000000E+00  8.520848E-02  9.869101E-26  2.576836E-14   5.000000E-01 NotAppl  1.074187E-01  0.000000E+00  
4.226073E+01  3.207980E+00  -3.207815E+00  2.031371E-07  1.000000E+00  1.543946E-04  2.051291E-38  1.227293E-19   5.000000E-01 NotAppl  3.092754E-13  3.678486E-11  
1.323457E+02  2.009964E+02  -2.009920E+02  -3.389095E-02  1.000000E+00  1.608621E-03  3.595333E-24  3.312555E-10   1.946499E-10 LZ5Tmedian  1.490380E+01  0.000000E+00  
2.187005E+02  1.891825E-02  -9.383530E-03  -3.834093E-06  1.000000E+00  2.086533E-02  4.077770E-25  1.514296E-18   5.000000E-01 NotAppl  9.705084E-01  0.000000E+00  
7.506039E+02  4.987451E-04  6.609179E-04  3.644041E-04  1.000000E+00  2.153870E-01  3.834924E-26  1.097029E-15   5.000000E-01 NotAppl  2.533644E-02  0.000000E+00  
2.518926E+01  2.086306E+00  -2.077972E+00  -6.628434E-01  1.000000E+00  1.301360E-02  9.510834E-26  3.730606E-06   0.000000E+00 XENON1T_2018  2.508778E+00  2.534335E-01  
1.703718E+01  3.433359E+01  -3.426904E+01  -4.972888E-06  1.000000E+00  6.781653E-02  4.501859E-36  4.605262E-16   5.000000E-01 NotAppl  1.826404E-10  2.971467E-09  
1.325313E+01  2.792149E-01  -2.789023E-01  1.721890E-04  1.000000E+00  3.658250E-03  5.001369E-33  9.096941E-13   5.000000E-01 NotAppl  2.705322E-07  4.136439E-05  
1.300948E+02  1.323902E-01  5.448660E-02  1.570182E-01  1.000000E+00  5.688995E-03  1.696678E-24  7.364931E-09   8.605696E-220 LZ5Tmedian  7.042658E+00  0.000000E+00  
5.351575E+01  2.367476E-04  1.108646E-03  -6.111252E-05  1.000000E+00  2.659832E-03  7.640341E-33  6.866894E-15   5.000000E-01 NotAppl  9.033803E-08  2.755750E-06  
5.418541E+02  1.135160E-03  2.397485E+00  -9.298171E-01  1.000000E+00  1.344433E-02  8.635681E-25  1.390278E-08   9.160594E-110 LZ5Tmedian  8.634176E-01  0.000000E+00  
4.641401E+01  1.112312E+02  -1.107710E+02  1.234148E-09  1.000000E+00  1.945886E-04  1.104403E-42  3.743115E-24   5.000000E-01 NotAppl  1.510074E-17  1.454567E-15  
1.771668E+02  1.038202E+00  1.688744E+02  -2.699256E-01  1.000000E+00  1.835188E-03  2.325213E-24  1.155632E-08   6.132314E-263 LZ5Tmedian  7.133736E+00  0.000000E+00  
8.932849E+01  1.018946E+02  -1.018666E+02  -1.714818E+00  1.000000E+00  1.845674E-04  3.565719E-23  1.898395E-06   0.000000E+00 XENON1T_2018  2.229832E+02  0.000000E+00  
5.619750E+03  2.060150E+01  -2.055839E+01  -1.061190E-06  1.000000E+00  2.536429E-02  2.504537E-25  1.538910E-22   5.000000E-01 NotAppl  2.099442E-02  0.000000E+00  
4.335857E+01  2.439788E+00  -2.353460E+00  4.740793E-09  1.000000E+00  7.168441E-05  1.221759E-41  6.344650E-23   5.000000E-01 NotAppl  1.793256E-16  2.088677E-14  
6.860996E+03  4.582293E+02  -4.582161E+02  3.144169E-03  1.000000E+00  6.512747E-05  1.159118E-22  9.005559E-16   5.000000E-01 NotAppl  7.936449E+00  0.000000E+00  
4.244939E+01  3.578596E+01  -3.512926E+01  1.549189E-07  1.000000E+00  1.021252E-04  1.210771E-38  7.073630E-20   5.000000E-01 NotAppl  1.817275E-13  2.507518E-11  
8.583412E+02  1.098574E-03  1.112612E+02  -4.250785E+00  1.000000E+00  1.108274E-03  6.134648E-24  1.135050E-07   0.000000E+00 LZ5Tmedian  3.908498E+00  0.000000E+00  
1.456966E+03  9.142723E+01  -3.230886E+01  -4.287436E-08  1.000000E+00  7.818586E-04  5.527645E-24  3.922345E-24   5.000000E-01 NotAppl  1.846304E+00  0.000000E+00  
1.839694E+03  8.160082E+02  1.588325E+02  1.214914E-06  1.000000E+00  9.547029E-06  3.930722E-22  1.957665E-21   5.000000E-01 NotAppl  1.037953E+02  0.000000E+00  
1.239370E+02  2.543635E-02  9.696099E+02  7.759753E-03  1.000000E+00  1.858473E-03  2.491928E-24  1.986718E-11   2.423835E-01 NotAppl  1.062455E+01  0.000000E+00  
2.826904E+01  1.274068E+01  -7.933446E+00  2.019893E-07  1.000000E+00  1.753926E-01  9.744357E-39  2.744024E-19   5.000000E-01 NotAppl  2.263174E-13  1.689775E-11  
1.125384E+02  4.361142E+00  -4.360688E+00  2.233506E-06  1.000000E+00  5.566436E-03  1.176299E-24  2.005909E-18   5.000000E-01 NotAppl  5.659842E+00  0.000000E+00  
1.417895E+02  6.057246E-01  3.750612E-02  -6.668319E-10  1.000000E+00  8.984046E-03  8.426362E-25  1.113427E-25   5.000000E-01 NotAppl  3.193264E+00  0.000000E+00  
3.394928E+02  6.047375E+02  -2.989289E+02  -2.727009E-10  1.000000E+00  7.533882E-05  4.589275E-23  3.112503E-27   5.000000E-01 NotAppl  6.935565E+01  0.000000E+00  
3.143044E+01  4.246851E-04  -2.701776E-04  2.697873E-08  1.000000E+00  2.123515E-03  1.951897E-40  3.949602E-21   5.000000E-01 NotAppl  4.039024E-15  8.986664E-13  
1.566554E+02  5.014413E-01  3.948899E-01  -2.735211E-07  1.000000E+00  1.064328E-02  7.184598E-25  1.527024E-20   5.000000E-01 NotAppl  2.455124E+00  0.000000E+00  
7.009577E+01  6.727804E-01  -6.725844E-01  1.008868E-10  1.000000E+00  7.630243E-03  2.270640E-44  1.078902E-26   5.000000E-01 NotAppl  2.021445E-19  0.000000E+00  
1.063540E+02  1.282955E-02  4.372885E+00  -1.466872E-08  1.000000E+00  5.373490E-03  1.220264E-24  9.714968E-23   5.000000E-01 NotAppl  6.218990E+00  0.000000E+00  
1.498074E+01  5.495822E+01  -4.047422E+01  -5.548186E-10  1.000000E+00  1.957406E+04  5.389996E-44  7.407257E-24   5.000000E-01 NotAppl  2.530638E-18  2.657138E-16  
2.732380E+03  6.164281E-04  -4.364923E-04  8.397283E-06  1.000000E+00  2.527704E+00  2.946164E-27  4.178139E-20   5.000000E-01 NotAppl  5.169587E-04  0.000000E+00  
1.691063E+01  2.143861E+02  -2.138085E+02  5.691828E-10  1.000000E+00  9.006521E-02  5.883782E-44  6.123597E-24   5.000000E-01 NotAppl  2.407202E-18  4.453665E-16  
1.884189E+03  3.232422E-01  1.193232E+00  7.505768E-01  1.000000E+00  1.984147E-01  5.249721E-26  7.116829E-10   2.348098E-02 LZ5Tmedian  1.408110E-02  0.000000E+00  
5.359787E+03  1.715430E+00  -1.585946E+00  -1.294638E-04  1.000000E+00  2.394154E+00  2.508677E-27  2.521945E-18   5.000000E-01 NotAppl  2.210255E-04  0.000000E+00  
2.161984E+02  1.137991E-02  9.947424E+01  -1.067655E-02  1.000000E+00  2.716896E-03  1.823493E-24  1.202229E-11   5.000000E-01 NotAppl  4.364500E+00  0.000000E+00  
1.449783E+01  1.466473E-03  7.049068E-01  2.890112E-02  1.000000E+00  8.204371E-04  1.448448E-28  2.145142E-08   0.000000E+00 LZ5Tmedian  7.063205E-03  2.037016E-01  
7.120924E+02  1.669262E+00  1.476448E+02  -5.765017E-07  1.000000E+00  9.905961E-04  4.837302E-24  3.057638E-21   5.000000E-01 NotAppl  3.426731E+00  0.000000E+00  
9.749676E+01  1.288472E+01  -1.287942E+01  1.457552E-01  1.000000E+00  2.037039E-03  2.988814E-24  1.146342E-08   0.000000E+00 LZ5Tmedian  1.675761E+01  0.000000E+00  
8.810907E+01  2.387137E+00  -2.365213E+00  -2.708110E+00  1.000000E+00  8.333539E-05  1.083556E-22  4.869864E-06   0.000000E+00 XENON1T_2018  6.868663E+02  0.000000E+00  
4.972139E+01  5.674060E+01  -5.599356E+01  -3.222136E-02  1.000000E+00  1.337974E-03  1.121947E-27  2.217626E-09   3.540031E-122 LZ5Tmedian  1.428293E-02  3.403654E-01  
2.123017E+01  7.114414E-04  -4.160402E-04  -3.374193E-08  1.000000E+00  2.453174E-03  2.250227E-40  1.364235E-20   5.000000E-01 NotAppl  7.147848E-15  1.529614E-12  
2.461373E+03  1.370962E-04  5.944412E-02  8.255389E-02  1.000000E+00  1.954571E+00  3.922078E-27  4.995182E-12   5.000000E-01 NotAppl  7.688285E-04  0.000000E+00  
3.139459E+01  5.636804E+02  -5.636016E+02  -6.343054E-04  1.000000E+00  8.012048E-03  1.077339E-31  2.188325E-12   5.000000E-01 NotAppl  2.231943E-06  4.967244E-04  
1.849966E+03  4.375950E-02  -1.629256E-02  -4.871415E-08  1.000000E+00  1.196756E+00  6.411786E-27  3.111928E-24   5.000000E-01 NotAppl  1.676472E-03  0.000000E+00  
3.502472E+01  1.657793E-02  1.225024E+02  3.332672E-08  1.000000E+00  7.025414E-04  3.501125E-40  4.838567E-21   5.000000E-01 NotAppl  6.449521E-15  1.314003E-12  
2.847755E+03  1.723456E+01  -1.723433E+01  -4.712437E-06  1.000000E+00  3.531763E-02  1.769378E-25  1.209565E-20   5.000000E-01 NotAppl  2.962621E-02  0.000000E+00  
2.981204E+03  2.308909E-01  4.390287E-01  8.113997E-06  1.000000E+00  2.754040E+00  2.628861E-27  3.266783E-20   5.000000E-01 NotAppl  4.224043E-04  0.000000E+00  
2.134150E+03  6.658965E+00  -6.476540E+00  2.487550E-10  1.000000E+00  1.984091E-01  3.089948E-26  6.064680E-29   5.000000E-01 NotAppl  6.954725E-03  0.000000E+00  
6.752194E+01  2.340427E-02  -2.330361E-02  1.766596E-06  1.000000E+00  5.641296E-03  1.648938E-35  3.570785E-18   5.000000E-01 NotAppl  1.535348E-10  0.000000E+00  
7.184721E+02  1.325051E-01  2.193718E+01  -8.494212E-06  1.000000E+00  2.963530E-02  1.687863E-25  6.518038E-19   5.000000E-01 NotAppl  1.180465E-01  0.000000E+00  
1.054861E+01  1.098097E-03  2.271036E+01  -2.041408E-03  1.000000E+00  4.382754E-04  6.429009E-31  2.003328E-10   1.025985E-01 NotAppl  4.542392E-05  2.610758E-03  
9.628706E+03  7.404540E+00  -7.327241E+00  -5.477626E-10  1.000000E+00  1.843119E-01  3.260326E-26  1.373263E-29   5.000000E-01 NotAppl  1.584552E-03  0.000000E+00  
3.253196E+03  1.243216E+02  -1.236402E+02  2.449816E-02  1.000000E+00  7.954391E-04  8.796325E-24  2.493107E-13   5.000000E-01 NotAppl  1.285563E+00  0.000000E+00  
9.589071E+03  1.327205E-03  1.438660E-01  -4.634407E-07  1.000000E+00  2.757624E+01  2.456060E-28  9.912763E-24   5.000000E-01 NotAppl  1.205794E-05  0.000000E+00  
2.904407E+02  1.425391E+01  -9.216577E+00  4.925728E-06  1.000000E+00  1.371440E-02  3.611819E-25  1.397791E-18   5.000000E-01 NotAppl  6.406102E-01  0.000000E+00  
1.491211E+01  5.601595E-04  1.283359E+02  -6.533875E-10  1.000000E+00  7.971526E-04  7.465341E-44  1.036720E-23   5.000000E-01 NotAppl  3.524504E-18  5.922146E-16  
9.165805E+01  6.351004E+01  -6.350641E+01  -5.901709E-03  1.000000E+00  3.975631E-03  1.230652E-24  2.133004E-11   1.451926E-01 NotAppl  7.435149E+00  0.000000E+00  
4.591192E+03  3.655681E-04  6.489724E-02  2.449285E-09  1.000000E+00  6.870895E+00  1.046585E-27  1.236489E-27   5.000000E-01 NotAppl  1.082949E-04  0.000000E+00  
2.556935E+02  9.149351E-04  9.516567E+02  5.431025E-05  1.000000E+00  3.731018E-04  1.253712E-23  2.205993E-16   5.000000E-01 NotAppl  2.526005E+01  0.000000E+00  
1.899866E+03  1.190084E-04  5.921061E+00  -1.501433E-05  1.000000E+00  3.293123E-01  1.551559E-26  2.800110E-19   5.000000E-01 NotAppl  3.990299E-03  0.000000E+00  
1.109518E+01  7.812091E+00  -7.809285E+00  -1.142132E-08  1.000000E+00  1.791563E-01  2.060332E-41  5.680106E-21   5.000000E-01 NotAppl  1.371531E-15  1.561947E-13  
7.950014E+02  1.630942E+01  -1.629800E+01  1.677561E-04  1.000000E+00  3.427797E-02  1.864239E-25  2.067414E-16   5.000000E-01 NotAppl  1.159308E-01  0.000000E+00  
1.271217E+02  6.132061E+01  -6.126254E+01  -1.095786E+00  1.000000E+00  7.482559E-05  7.876645E-23  3.760992E-07   0.000000E+00 XENON1T_2018  3.864989E+02  0.000000E+00  
2.013398E+01  2.223606E-01  8.949045E+02  3.619214E-02  1.000000E+00  2.233611E-03  2.530344E-28  1.745935E-08   0.000000E+00 XENON1T_2018  8.520571E-03  2.780743E-01  
2.281435E+01  6.434485E+02  -3.877188E+02  -7.667917E+00  1.000000E+00  1.692559E-03  1.835853E-24  6.095643E-04   0.000000E+00 XENON1T_2018  5.391588E+01  9.999872E-01  
2.042916E+02  1.353068E+02  -1.353067E+02  -9.099568E-10  1.000000E+00  1.294044E-03  4.899553E-24  9.807963E-26   5.000000E-01 NotAppl  1.264286E+01  0.000000E+00  
2.586504E+02  8.609409E-04  3.184502E+01  1.056596E-01  1.000000E+00  9.138398E-03  6.921660E-25  8.155110E-10   9.107025E-14 LZ5Tmedian  1.386769E+00  0.000000E+00  
8.310875E+03  1.508678E-02  8.863308E-01  9.780485E-02  1.000000E+00  8.699877E+00  6.597050E-28  5.903249E-13   5.000000E-01 NotAppl  3.778811E-05  0.000000E+00  
2.469493E+01  2.797625E+00  4.289733E-01  -3.069596E-08  1.000000E+00  3.597444E-02  2.023175E-40  8.327011E-21   5.000000E-01 NotAppl  5.454515E-15  1.117450E-12  
4.681944E+02  2.450502E+00  6.055900E+00  2.721795E-09  1.000000E+00  5.517810E-02  1.198701E-25  1.606167E-25   5.000000E-01 NotAppl  1.293267E-01  0.000000E+00  
2.798439E+02  4.845789E+00  -4.845263E+00  -4.388631E-02  1.000000E+00  2.786885E-02  2.620143E-25  1.197338E-10   1.670301E-02 LZ5Tmedian  4.830960E-01  0.000000E+00  
1.895863E+01  6.936964E+01  -6.509418E+01  3.039006E+00  1.000000E+00  2.678759E-03  1.152169E-24  1.388847E-04   0.000000E+00 XENON1T_2018  4.146107E+01  5.054933E-01  
1.763025E+03  8.845813E-01  -8.841779E-01  -4.544749E-08  1.000000E+00  9.968007E-01  7.517676E-27  2.987764E-24   5.000000E-01 NotAppl  2.064478E-03  0.000000E+00  
5.256488E+03  3.604391E-01  3.804264E-01  3.375310E-02  1.000000E+00  6.307414E+00  1.110610E-27  1.783394E-13   5.000000E-01 NotAppl  1.004445E-04  0.000000E+00  
1.289366E+02  1.656918E+00  -1.582118E+00  2.590136E-09  1.000000E+00  7.593200E-03  9.741064E-25  2.041151E-24   5.000000E-01 NotAppl  4.068822E+00  0.000000E+00  
8.127660E+02  9.937654E-01  1.844381E+01  -2.141570E-09  1.000000E+00  3.818585E-02  1.326591E-25  3.220568E-26   5.000000E-01 NotAppl  8.175102E-02  0.000000E+00  
4.548677E+03  5.787206E+01  -2.381602E+01  2.691762E-08  1.000000E+00  3.010127E-03  2.264618E-24  1.521952E-25   5.000000E-01 NotAppl  2.359754E-01  0.000000E+00  
5.344895E+02  3.728653E-04  -1.287717E-04  8.321876E-09  1.000000E+00  1.127834E-01  7.465832E-26  1.145252E-24   5.000000E-01 NotAppl  7.008670E-02  0.000000E+00  
1.059308E+01  8.018834E+02  -7.871367E+02  5.410699E-05  1.000000E+00  1.317683E+05  4.525716E-34  1.395806E-13   5.000000E-01 NotAppl  3.181821E-08  2.884774E-06  
8.708256E+03  1.029148E-04  5.750787E-05  -1.623216E-05  1.000000E+00  2.386163E+01  2.908748E-28  1.478864E-20   5.000000E-01 NotAppl  1.573520E-05  0.000000E+00  
2.593431E+03  2.091494E+02  -2.091490E+02  -1.226580E+00  1.000000E+00  3.221068E-04  2.218935E-23  9.913978E-10   2.230779E-02 LZ5Tmedian  4.088335E+00  0.000000E+00  
4.118462E+01  9.180342E+01  -9.154198E+01  -1.318734E-08  1.000000E+00  2.729348E-04  7.966882E-41  5.450948E-22   5.000000E-01 NotAppl  1.234300E-15  1.868021E-13  
6.722196E+02  8.409224E+01  -8.409211E+01  1.548310E-01  1.000000E+00  1.714168E-03  3.972503E-24  2.481052E-10   2.659684E-02 LZ5Tmedian  2.939341E+00  0.000000E+00  
5.135604E+01  6.733566E+02  -4.105457E+02  2.203619E-08  1.000000E+00  4.199602E+03  6.701408E-40  9.710538E-22   5.000000E-01 NotAppl  8.245426E-15  3.954418E-13  
1.883530E+01  1.270542E-02  -1.022115E-02  2.238681E-06  1.000000E+00  2.154121E-03  9.436373E-37  7.635820E-17   5.000000E-01 NotAppl  3.419452E-11  6.826116E-09  
1.450630E+03  4.678844E+01  -4.672809E+01  -5.901799E-07  1.000000E+00  5.298412E-03  1.256849E-24  7.498586E-22   5.000000E-01 NotAppl  4.202177E-01  0.000000E+00  
4.099406E+03  7.608032E-01  -7.555531E-01  2.925109E-02  1.000000E+00  3.923757E+00  1.759557E-27  2.220578E-13   5.000000E-01 NotAppl  2.040954E-04  0.000000E+00  
3.080916E+01  1.163391E-03  2.239640E+00  1.735656E-09  1.000000E+00  1.881039E-03  7.882645E-43  1.702185E-23   5.000000E-01 NotAppl  1.666802E-17  3.638985E-15  
2.771300E+03  6.634512E-03  5.170112E+02  1.807861E-03  1.000000E+00  8.658110E-05  5.949190E-23  1.881610E-15   5.000000E-01 NotAppl  1.046122E+01  0.000000E+00  
2.418475E+03  2.946467E-04  2.795086E+00  8.953514E-07  1.000000E+00  9.819829E-01  5.866394E-27  6.089952E-22   5.000000E-01 NotAppl  1.173084E-03  0.000000E+00  
3.504732E+03  4.196070E+01  -3.780261E+01  -9.254773E-04  1.000000E+00  6.431200E-03  1.033270E-24  3.057640E-16   5.000000E-01 NotAppl  1.399681E-01  0.000000E+00  
1.465168E+01  2.378800E+01  -2.366115E+01  -4.975430E-05  1.000000E+00  9.889949E-02  4.306259E-34  6.225638E-14   5.000000E-01 NotAppl  2.074566E-08  6.650261E-07  
2.282588E+03  1.836853E-02  -1.804752E-02  9.517312E-08  1.000000E+00  1.789191E+00  4.217533E-27  7.741153E-24   5.000000E-01 NotAppl  8.892518E-04  0.000000E+00  
3.357619E+03  2.309005E-03  8.913259E-02  2.016011E-01  1.000000E+00  2.810382E+00  2.880459E-27  1.583204E-11   5.000000E-01 NotAppl  4.170274E-04  0.000000E+00  
4.046664E+02  8.791679E-03  -8.238520E-03  1.537948E-09  1.000000E+00  6.635296E-02  1.281415E-25  6.910764E-26   5.000000E-01 NotAppl  1.606047E-01  0.000000E+00  
1.984226E+03  1.059244E-02  -8.915070E-03  1.022821E-10  1.000000E+00  1.368241E+00  5.575481E-27  1.189364E-29   5.000000E-01 NotAppl  1.356837E-03  0.000000E+00  
4.005503E+02  5.559231E-03  4.256202E+01  1.840861E-07  1.000000E+00  8.894494E-03  5.611216E-25  1.011044E-21   5.000000E-01 NotAppl  7.148585E-01  0.000000E+00  
2.052959E+02  5.565418E-03  -5.280908E-03  -5.257505E-03  1.000000E+00  1.864775E-02  4.542509E-25  3.241399E-12   5.000000E-01 NotAppl  1.154908E+00  0.000000E+00  
5.601376E+02  4.661213E+00  -4.661063E+00  -4.863076E-03  1.000000E+00  9.289422E-02  8.012375E-26  3.553539E-13   5.000000E-01 NotAppl  7.165718E-02  0.000000E+00  
7.732268E+01  3.019644E-01  1.796247E+02  -3.689485E+00  1.000000E+00  2.420641E-04  7.451024E-24  1.180860E-05   0.000000E+00 XENON1T_2018  5.862387E+01  0.000000E+00  
1.653272E+03  6.077897E-03  -1.416624E-03  1.760050E-02  1.000000E+00  9.632967E-01  8.049620E-27  5.108297E-13   5.000000E-01 NotAppl  2.362114E-03  0.000000E+00  
1.093414E+02  1.905602E+00  -1.905415E+00  -1.372556E-10  1.000000E+00  5.955153E-03  1.189372E-24  8.036271E-27   5.000000E-01 NotAppl  5.893233E+00  0.000000E+00  
1.316157E+01  2.443388E-04  6.556051E-03  5.551027E-08  1.000000E+00  1.090817E-03  5.186289E-40  9.584858E-20   5.000000E-01 NotAppl  2.827319E-14  4.302906E-12  
4.740584E+02  9.325759E-03  3.010710E-01  -6.079428E-09  1.000000E+00  8.931551E-02  9.436837E-26  7.811752E-25   5.000000E-01 NotAppl  1.003388E-01  0.000000E+00  
4.001319E+01  2.777969E-03  6.363051E+01  -2.986079E-01  1.000000E+00  4.612908E-05  3.761346E-26  2.963780E-07   0.000000E+00 XENON1T_2018  6.018242E-01  3.322237E-01  
3.834631E+02  4.520170E-01  -4.196900E-01  -4.509891E-08  1.000000E+00  5.918389E-02  1.423518E-25  6.634467E-23   5.000000E-01 NotAppl  1.887092E-01  0.000000E+00  
9.066254E+01  1.338403E-03  2.956695E-01  1.179275E-10  1.000000E+00  5.554113E-03  7.675232E-25  8.709366E-27   5.000000E-01 NotAppl  4.723789E+00  0.000000E+00  
5.458945E+01  2.119991E+02  -2.098826E+02  4.727973E-06  1.000000E+00  6.585133E-03  5.791377E-35  3.946925E-17   5.000000E-01 NotAppl  6.707049E-10  1.497216E-08  
7.786443E+02  1.864030E-02  2.119205E-01  -7.095961E-09  1.000000E+00  2.303514E-01  3.569316E-26  3.859543E-25   5.000000E-01 NotAppl  2.270635E-02  0.000000E+00  
1.547602E+03  1.431966E-01  -2.721184E-03  -6.570877E-10  1.000000E+00  8.492868E-01  9.162181E-27  8.146173E-28   5.000000E-01 NotAppl  2.876524E-03  0.000000E+00  
6.846674E+02  1.014525E-01  -9.224733E-02  -1.624863E-03  1.000000E+00  1.806406E-01  4.595591E-26  2.631905E-14   5.000000E-01 NotAppl  3.338906E-02  0.000000E+00  
2.665919E+01  6.050972E+02  -6.050955E+02  -1.965966E-06  1.000000E+00  1.734518E-02  8.772393E-37  2.926619E-17   5.000000E-01 NotAppl  2.173195E-11  4.995010E-09  
1.806944E+02  5.460181E+01  -5.387927E+01  -1.406422E-06  1.000000E+00  3.425400E-03  1.664079E-24  3.013099E-19   5.000000E-01 NotAppl  4.873527E+00  0.000000E+00  
4.713349E+02  1.335240E-03  7.912675E-03  -7.927379E-06  1.000000E+00  8.873215E-02  9.537732E-26  1.344004E-18   5.000000E-01 NotAppl  1.020194E-01  0.000000E+00  
1.310695E+03  4.397094E+01  -1.953209E+01  4.813244E-03  1.000000E+00  4.192380E-03  1.272544E-24  6.133917E-14   5.000000E-01 NotAppl  4.735090E-01  0.000000E+00  
6.516265E+03  2.587185E+02  -2.587174E+02  3.920572E-09  1.000000E+00  1.939044E-04  3.798572E-23  1.554847E-27   5.000000E-01 NotAppl  2.740475E+00  0.000000E+00  
4.685340E+01  9.917067E+02  -9.906590E+02  -6.990108E-06  1.000000E+00  4.428306E-04  3.713607E-35  1.177965E-16   5.000000E-01 NotAppl  5.040550E-10  4.572779E-08  
4.892542E+01  3.332259E+00  -3.259031E+00  -4.094521E-09  1.000000E+00  8.249422E-04  1.629113E-41  3.700732E-23   5.000000E-01 NotAppl  2.108754E-16  1.234425E-14  
2.504348E+03  6.104377E+01  5.185911E+02  -1.437893E-02  1.000000E+00  5.953925E-05  7.340137E-23  1.462920E-13   5.000000E-01 NotAppl  1.430855E+01  0.000000E+00  
1.071024E+02  2.292199E+02  -2.180503E+01  8.464556E-10  1.000000E+00  8.926905E-04  3.258512E-24  3.188769E-25   5.000000E-01 NotAppl  1.659429E+01  0.000000E+00  
1.104952E+02  2.040540E-02  1.711621E+02  -4.765947E-05  1.000000E+00  3.031956E-03  1.702786E-24  9.483047E-16   5.000000E-01 NotAppl  8.248965E+00  0.000000E+00  
5.843767E+02  2.446503E-04  1.059726E-01  7.495428E-06  1.000000E+00  1.335655E-01  6.271445E-26  7.741388E-19   5.000000E-01 NotAppl  5.367642E-02  0.000000E+00  
5.388782E+02  5.396386E+02  -5.395131E+02  -1.332726E-05  1.000000E+00  1.209539E-04  5.940657E-23  2.888543E-18   5.000000E-01 NotAppl  5.531825E+01  0.000000E+00  
4.458233E+03  4.669510E-02  -4.608705E-02  4.758762E-02  1.000000E+00  6.346531E+00  1.146480E-27  4.955109E-13   5.000000E-01 NotAppl  1.223878E-04  0.000000E+00  
5.965749E+01  4.395544E-04  2.030434E+00  -7.406088E-06  1.000000E+00  3.441988E-03  1.014542E-33  8.080511E-17   5.000000E-01 NotAppl  1.072263E-08  2.298812E-08  
1.177564E+02  9.460276E-01  -9.172483E-01  -1.298004E-08  1.000000E+00  6.913261E-03  1.092827E-24  6.173585E-23   5.000000E-01 NotAppl  5.016447E+00  0.000000E+00  
2.027100E+02  1.779391E+00  -1.327995E+00  -9.366436E-03  1.000000E+00  1.641419E-02  4.658737E-25  1.055853E-11   5.000000E-01 NotAppl  1.200369E+00  0.000000E+00  
1.302642E+01  2.541663E+02  -2.252351E+02  -1.530454E-03  1.000000E+00  2.839369E+03  3.929055E-31  7.436031E-11   1.376119E-01 NotAppl  2.168248E-05  8.294285E-04  
4.678162E+01  2.159061E-04  2.014720E+00  -1.554351E-08  1.000000E+00  7.557483E-04  1.822267E-40  5.842768E-22   5.000000E-01 NotAppl  2.477580E-15  2.203709E-13  
1.747190E+01  6.972929E-01  4.612000E-01  -1.798404E-01  1.000000E+00  6.331615E-03  5.934909E-27  5.727286E-07   0.000000E+00 XENON1T_2018  2.339612E-01  2.515513E-01  
1.283092E+02  1.443054E-01  3.406452E+02  -2.732160E-03  1.000000E+00  1.982040E-03  2.361456E-24  2.293955E-12   5.000000E-01 NotAppl  9.707342E+00  0.000000E+00  
1.341858E+02  2.469343E-02  -1.958573E-02  -4.103706E-04  1.000000E+00  8.882341E-03  9.100219E-25  4.721220E-14   5.000000E-01 NotAppl  3.649114E+00  0.000000E+00  
2.034440E+02  1.379661E-03  1.495461E-03  -2.389914E-05  1.000000E+00  1.828859E-02  4.642417E-25  6.823422E-17   5.000000E-01 NotAppl  1.191516E+00  0.000000E+00  
6.298021E+03  9.451919E+02  -9.451247E+02  -1.374060E-05  1.000000E+00  1.720020E-05  4.522364E-22  2.046744E-20   5.000000E-01 NotAppl  3.377142E+01  0.000000E+00  
1.483811E+01  3.600403E+02  -3.596386E+02  4.254936E-04  1.000000E+00  1.122695E-01  3.161160E-32  4.440171E-12   5.000000E-01 NotAppl  1.500517E-06  2.509870E-04  
1.387477E+03  1.860392E+01  -1.860277E+01  -2.519353E+00  1.000000E+00  1.593852E-02  4.733920E-25  1.496275E-08   3.781863E-47 LZ5Tmedian  1.868938E-01  0.000000E+00  
9.530552E+03  4.449952E+00  -4.389933E+00  1.372103E-03  1.000000E+00  4.875218E-01  1.194741E-26  8.797862E-17   5.000000E-01 NotAppl  5.867678E-04  0.000000E+00  
1.655128E+01  1.303399E-02  8.600984E+02  2.103238E-10  1.000000E+00  1.002708E-03  7.980814E-45  8.727664E-25   5.000000E-01 NotAppl  3.344258E-19  6.093296E-17  
5.964109E+02  1.870125E+01  -1.869903E+01  -6.681511E-03  1.000000E+00  2.513514E-02  2.531346E-25  5.900360E-13   5.000000E-01 NotAppl  2.120977E-01  0.000000E+00  
1.105009E+03  1.358539E+01  -4.569975E+00  -8.168661E-06  1.000000E+00  4.368897E-02  1.466039E-25  2.502769E-19   5.000000E-01 NotAppl  6.508130E-02  0.000000E+00  
3.348418E+01  9.896043E-04  4.712371E-02  9.047399E-02  1.000000E+00  1.307370E-03  2.397597E-27  3.906795E-08   0.000000E+00 XENON1T_2018  4.634817E-02  2.437083E-01  
9.066135E+03  6.715179E-02  8.644076E-01  -4.824644E-03  1.000000E+00  1.033533E+01  5.009097E-28  1.203893E-15   5.000000E-01 NotAppl  2.620212E-05  0.000000E+00  
3.449891E+02  8.198398E-04  3.368128E-02  -4.213357E-10  1.000000E+00  4.897634E-02  1.740800E-25  7.189770E-27   5.000000E-01 NotAppl  2.575189E-01  0.000000E+00  
1.081939E+01  7.535363E+02  -7.535037E+02  -1.966143E-07  1.000000E+00  1.889928E-01  6.036594E-39  1.768391E-18   5.000000E-01 NotAppl  4.139195E-13  5.440206E-11  
1.461757E+02  1.436484E+00  -1.436251E+00  -2.164756E-06  1.000000E+00  9.539128E-03  8.050445E-25  1.102361E-18   5.000000E-01 NotAppl  2.955814E+00  0.000000E+00  
1.957440E+03  6.778642E-03  -5.998868E-03  6.507571E-07  1.000000E+00  1.333149E+00  5.728451E-27  4.949718E-22   5.000000E-01 NotAppl  1.413620E-03  0.000000E+00  
5.271690E+02  3.364222E+00  -3.099870E+00  5.027671E-07  1.000000E+00  9.236995E-02  8.345235E-26  4.299713E-21   5.000000E-01 NotAppl  7.947586E-02  0.000000E+00  
8.115925E+01  3.988412E+02  -3.836191E+02  -7.675606E-10  1.000000E+00  4.998511E-03  3.626478E-25  4.629371E-25   5.000000E-01 NotAppl  2.564228E+00  0.000000E+00  
2.072766E+02  4.777623E-02  -4.477719E-02  1.639404E-07  1.000000E+00  1.889980E-02  4.491136E-25  3.090296E-21   5.000000E-01 NotAppl  1.130419E+00  0.000000E+00  
6.358368E+01  4.893171E+01  -4.892334E+01  9.190782E-02  1.000000E+00  5.584188E-03  1.013037E-24  1.092636E-08   0.000000E+00 LZ5Tmedian  1.002653E+01  0.000000E+00  
5.276204E+02  1.273748E-04  7.252542E-02  -3.550582E-04  1.000000E+00  1.099653E-01  7.656853E-26  2.140646E-15   5.000000E-01 NotAppl  7.285023E-02  0.000000E+00  
2.562331E+03  5.417899E-02  9.983424E+01  3.056919E-01  1.000000E+00  1.826170E-03  2.688487E-24  6.310926E-11   5.000000E-01 NotAppl  5.122638E-01  0.000000E+00  
4.085490E+01  3.388447E-01  2.672862E-02  -1.191100E-05  1.000000E+00  1.577609E-04  6.346908E-35  4.520165E-16   5.000000E-01 NotAppl  9.915380E-10  1.529089E-07  
3.439163E+03  9.337008E+02  -9.336331E+02  -3.347757E-01  1.000000E+00  1.996271E-05  3.864822E-22  4.157691E-11   5.000000E-01 NotAppl  5.336483E+01  0.000000E+00  
2.848775E+02  1.488721E-04  5.351840E-03  -1.221626E-01  1.000000E+00  3.067642E-02  2.864947E-25  8.944979E-10   8.826327E-14 LZ5Tmedian  5.251671E-01  0.000000E+00  
4.193980E+02  5.567471E+02  -5.537810E+02  -3.120623E-04  1.000000E+00  1.310956E-04  4.609294E-23  2.644541E-15   5.000000E-01 NotAppl  5.579222E+01  0.000000E+00  
2.297219E+02  5.341853E-02  1.675531E+00  1.511943E-10  1.000000E+00  2.173254E-02  3.749952E-25  2.129151E-27   5.000000E-01 NotAppl  8.478066E-01  0.000000E+00  
4.005325E+01  4.545068E+00  -4.474586E+00  3.567138E-04  1.000000E+00  5.756809E-04  5.382713E-32  4.220846E-13   5.000000E-01 NotAppl  8.586399E-07  1.022939E-04  
6.419506E+01  6.790571E-03  -6.289777E-03  3.145242E+00  1.000000E+00  3.508083E-05  4.865926E-22  1.254861E-05   0.000000E+00 XENON1T_2018  4.814508E+03  0.000000E+00  
4.832850E+02  2.320249E+00  4.449120E+02  2.015294E-08  1.000000E+00  2.360616E-04  2.017273E-23  8.252341E-24   5.000000E-01 NotAppl  2.124008E+01  0.000000E+00  
2.804714E+03  1.428758E-01  -1.385186E-01  4.097429E-09  1.000000E+00  2.642037E+00  2.808649E-27  9.432473E-27   5.000000E-01 NotAppl  4.798634E-04  0.000000E+00  
1.516263E+01  1.730961E+00  -1.730369E+00  4.279171E-06  1.000000E+00  6.643232E-02  3.217896E-36  4.301825E-16   5.000000E-01 NotAppl  1.490018E-10  2.512641E-08  
1.264529E+03  1.175261E-03  4.730532E+01  1.475601E-10  1.000000E+00  7.874214E-03  5.942622E-25  6.202498E-29   5.000000E-01 NotAppl  2.334528E-01  0.000000E+00  
3.027423E+03  3.535395E-01  5.468378E+00  1.635303E-04  1.000000E+00  4.127011E-01  1.161215E-26  1.286018E-17   5.000000E-01 NotAppl  1.858889E-03  0.000000E+00  
6.747883E+01  3.322169E-01  6.076399E+01  1.240114E-07  1.000000E+00  5.550583E-03  8.271731E-38  1.761891E-20   5.000000E-01 NotAppl  7.706886E-13  0.000000E+00  
2.201491E+03  3.665985E+02  -1.507738E+02  -8.693661E-01  1.000000E+00  4.960583E-05  7.521060E-23  6.953198E-10   4.329928E-02 LZ5Tmedian  1.643732E+01  0.000000E+00  
2.203285E+01  6.739267E-01  -6.437338E-01  5.332452E-04  1.000000E+00  9.301558E-03  5.720304E-32  3.162199E-12   5.000000E-01 NotAppl  1.743670E-06  3.773388E-04  
3.181213E+02  7.269697E-02  -6.939283E-02  -1.538977E-09  1.000000E+00  4.196174E-02  2.031673E-25  1.132432E-25   5.000000E-01 NotAppl  3.270588E-01  0.000000E+00  
8.205845E+02  1.521780E-02  -8.524417E-03  -6.249637E-04  1.000000E+00  2.551740E-01  3.216534E-26  2.689586E-15   5.000000E-01 NotAppl  1.938497E-02  0.000000E+00  
6.737550E+01  8.518813E-03  -7.772239E-03  4.039021E-05  1.000000E+00  5.568777E-03  9.163499E-33  1.874850E-15   5.000000E-01 NotAppl  8.551144E-08  0.000000E+00  
1.171633E+03  4.294984E-03  -4.172225E-03  -5.079573E-04  1.000000E+00  5.018198E-01  1.589483E-26  8.587956E-16   5.000000E-01 NotAppl  6.639968E-03  0.000000E+00  
7.617922E+01  1.200976E-02  6.664674E-01  -2.035353E-10  1.000000E+00  6.616735E-03  2.639244E-44  3.704804E-26   5.000000E-01 NotAppl  2.156493E-19  0.000000E+00  
2.253088E+02  1.556747E-02  1.043734E+00  -1.899950E-03  1.000000E+00  2.143870E-02  3.867278E-25  3.498488E-13   5.000000E-01 NotAppl  8.922314E-01  0.000000E+00  
3.627646E+01  1.388155E-02  -1.357006E-02  1.227513E+00  1.000000E+00  3.064282E-04  4.733829E-25  6.112513E-06   0.000000E+00 XENON1T_2018  8.432242E+00  2.499813E-01  
3.429780E+01  1.954961E-04  3.809860E-03  -2.475640E-05  1.000000E+00  9.813189E-04  1.864447E-34  2.786076E-15   5.000000E-01 NotAppl  3.506835E-09  7.318682E-07  
3.469454E+03  1.018056E+01  1.287235E+01  2.484029E-03  1.000000E+00  3.095057E-02  2.056239E-25  2.248580E-15   5.000000E-01 NotAppl  2.855753E-02  0.000000E+00  
6.718857E+01  4.241598E+00  2.140165E+02  -8.906555E-09  1.000000E+00  2.050757E-02  4.830277E-40  9.168482E-23   5.000000E-01 NotAppl  4.492582E-15  0.000000E+00  
3.512073E+02  1.194060E+00  -9.850062E-01  -3.924133E-02  1.000000E+00  4.860981E-02  1.680422E-25  6.012638E-11   1.912841E-01 NotAppl  2.443586E-01  0.000000E+00  
3.214715E+02  3.929458E-01  -3.924877E-01  3.201981E-07  1.000000E+00  4.241165E-02  1.993599E-25  4.798105E-21   5.000000E-01 NotAppl  3.174518E-01  0.000000E+00  
1.855162E+03  7.038450E-03  2.354305E+00  -2.199017E-03  1.000000E+00  8.350456E-01  7.858203E-27  6.305135E-15   5.000000E-01 NotAppl  2.055632E-03  0.000000E+00  
4.224386E+02  1.084647E-04  9.193062E+00  7.708468E-06  1.000000E+00  4.928134E-02  1.408171E-25  1.589955E-18   5.000000E-01 NotAppl  1.689805E-01  0.000000E+00  
3.964652E+01  2.105549E+00  -2.104238E+00  -3.020802E-04  1.000000E+00  2.905043E-04  3.756103E-32  3.090416E-13   5.000000E-01 NotAppl  6.068664E-07  9.457036E-05  
3.132263E+03  4.885324E-03  7.542160E-04  -6.719398E-05  1.000000E+00  3.288155E+00  2.243364E-27  2.025900E-18   5.000000E-01 NotAppl  3.424729E-04  0.000000E+00  
1.915455E+02  5.874276E-03  -5.264280E-03  2.936539E-07  1.000000E+00  1.640138E-02  5.164162E-25  1.165590E-20   5.000000E-01 NotAppl  1.411675E+00  0.000000E+00  
4.789798E+03  6.743615E-02  6.319373E+01  1.979809E-05  1.000000E+00  4.513545E-03  1.067385E-24  7.412422E-20   5.000000E-01 NotAppl  1.075523E-01  0.000000E+00  
2.768375E+01  1.614092E+01  3.808057E-01  -1.891028E-04  1.000000E+00  1.445183E+02  8.379117E-33  2.509019E-13   5.000000E-01 NotAppl  1.989125E-07  7.941362E-06  
1.732748E+02  1.579304E-02  1.054619E+00  8.596088E-10  1.000000E+00  1.321891E-02  6.051200E-25  1.226609E-25   5.000000E-01 NotAppl  1.864701E+00  0.000000E+00  
1.147519E+01  1.776888E-02  8.260138E+00  -1.431327E-07  1.000000E+00  5.491491E-04  3.282179E-39  8.350124E-19   5.000000E-01 NotAppl  2.100375E-13  2.602607E-11  
7.498706E+01  1.204395E-04  4.977207E-01  -1.736368E-02  1.000000E+00  6.484940E-03  2.338848E-28  2.784604E-10   2.804423E-13 LZ5Tmedian  1.957955E-03  0.000000E+00  
1.491899E+01  6.093214E+02  -6.093213E+02  3.811669E-01  1.000000E+00  6.664623E-02  2.540918E-26  3.524940E-06   0.000000E+00 XENON1T_2018  1.198956E+00  4.987630E-01  
8.934530E+01  2.784792E-04  8.154209E-03  -3.676609E-10  1.000000E+00  5.812578E-03  7.591501E-25  8.723240E-26   5.000000E-01 NotAppl  4.741524E+00  0.000000E+00  
1.861863E+03  1.127620E-02  3.695098E+01  5.229087E-10  1.000000E+00  1.264367E-02  3.676233E-25  3.539140E-28   5.000000E-01 NotAppl  9.715577E-02  0.000000E+00  
1.253167E+02  2.540871E+02  -2.540419E+02  2.551138E-10  1.000000E+00  1.456567E-03  3.938059E-24  2.099190E-26   5.000000E-01 NotAppl  1.722082E+01  0.000000E+00  
2.471401E+02  5.382840E+02  -5.382517E+02  -3.570643E-09  1.000000E+00  3.217867E-04  2.041201E-23  1.022357E-24   5.000000E-01 NotAppl  4.311839E+01  0.000000E+00  
8.624293E+02  1.620899E-01  -1.609181E-01  -1.009578E-10  1.000000E+00  2.798319E-01  2.917558E-26  6.340775E-29   5.000000E-01 NotAppl  1.670474E-02  0.000000E+00  
5.073021E+03  4.160743E-03  6.130245E+02  2.603405E-06  1.000000E+00  5.814548E-05  8.965920E-23  1.140434E-21   5.000000E-01 NotAppl  8.524095E+00  0.000000E+00  
3.326226E+03  3.497994E-03  1.762578E-01  1.069885E-06  1.000000E+00  3.662025E+00  1.998592E-27  4.544929E-22   5.000000E-01 NotAppl  2.869983E-04  0.000000E+00  
3.540601E+02  1.279572E+02  -1.238240E+02  1.317524E-06  1.000000E+00  8.410259E-04  6.352138E-24  6.666572E-20   5.000000E-01 NotAppl  9.185002E+00  0.000000E+00  
1.493973E+03  5.549992E+00  -5.539360E+00  6.508797E-04  1.000000E+00  2.287836E-01  2.792298E-26  8.588925E-16   5.000000E-01 NotAppl  9.069148E-03  0.000000E+00  
9.538729E+01  9.534832E-01  2.129921E-01  1.226946E-02  1.000000E+00  4.614740E-03  1.289609E-24  8.495486E-11   5.745646E-04 LZ5Tmedian  7.387490E+00  0.000000E+00  
1.466976E+03  2.044828E-02  -1.817218E-02  -3.454609E-05  1.000000E+00  7.692560E-01  1.017086E-26  2.511219E-18   5.000000E-01 NotAppl  3.373414E-03  0.000000E+00  
3.826327E+01  2.729959E+01  -1.338064E+01  -3.028792E-03  1.000000E+00  1.517253E-01  3.457623E-30  3.339347E-11   1.316616E-02 LZ5Tmedian  5.798839E-05  4.581193E-03  
2.562368E+01  1.076117E-04  2.016632E+02  -2.107364E-09  1.000000E+00  1.904722E-03  9.780972E-43  3.642891E-23   5.000000E-01 NotAppl  2.529691E-17  5.786075E-15  
6.322562E+01  6.648025E-04  8.901106E+02  -5.273350E-06  1.000000E+00  4.287115E-03  7.479748E-33  3.638731E-17   5.000000E-01 NotAppl  7.447818E-08  0.000000E+00  
1.264456E+02  3.618290E+00  -3.617729E+00  2.037559E-02  1.000000E+00  6.374431E-03  1.096134E-24  1.314678E-10   9.879508E-05 LZ5Tmedian  4.672175E+00  0.000000E+00  
1.511254E+03  7.642469E+02  -7.642284E+02  2.238150E-03  1.000000E+00  3.770312E-05  2.019749E-22  9.920445E-15   5.000000E-01 NotAppl  6.474165E+01  0.000000E+00  
1.505165E+01  1.610583E-04  9.724310E+02  -8.881359E-01  1.000000E+00  7.998349E-04  1.371579E-25  1.880343E-05   0.000000E+00 XENON1T_2018  6.405548E+00  3.332322E-01  
3.200878E+02  1.353251E-01  5.712667E+00  -5.292318E-04  1.000000E+00  3.582518E-02  2.110022E-25  1.322391E-14   5.000000E-01 NotAppl  3.375403E-01  0.000000E+00  
1.211572E+02  4.068156E-02  2.003613E+00  -5.168156E+00  1.000000E+00  6.963802E-06  2.743646E-22  9.232266E-06   0.000000E+00 XENON1T_2018  1.232216E+03  0.000000E+00  
1.615830E+03  5.025648E-01  -5.021280E-01  -1.016088E-05  1.000000E+00  8.995824E-01  8.541912E-27  1.783897E-19   5.000000E-01 NotAppl  2.565424E-03  0.000000E+00  
3.649582E+02  4.714941E-04  8.406766E-05  -1.920281E-02  1.000000E+00  5.453044E-02  1.560335E-25  1.330964E-11   5.000000E-01 NotAppl  2.178197E-01  0.000000E+00  
3.848504E+03  3.017251E-02  1.424120E+01  1.897757E-03  1.000000E+00  7.935431E-02  5.633369E-26  1.062816E-15   5.000000E-01 NotAppl  7.083617E-03  0.000000E+00  
1.635204E+02  5.171775E-03  6.890727E+00  -2.997311E-05  1.000000E+00  1.038889E-02  6.884413E-25  1.679371E-16   5.000000E-01 NotAppl  2.249136E+00  0.000000E+00  
6.122143E+02  2.146947E+02  1.988964E+02  -3.565620E-09  1.000000E+00  8.544332E-05  4.073959E-23  1.592878E-25   5.000000E-01 NotAppl  3.347399E+01  0.000000E+00  
4.670840E+02  2.912479E+00  -2.517003E+00  -7.849121E-01  1.000000E+00  1.273590E-02  8.207410E-25  1.342244E-08   2.087876E-122 LZ5Tmedian  9.629088E-01  0.000000E+00  
2.906977E+02  2.284134E+02  -2.283139E+02  -1.023960E-03  1.000000E+00  5.365492E-04  1.237279E-23  6.029491E-14   5.000000E-01 NotAppl  2.201863E+01  0.000000E+00  
4.470328E+03  5.014193E-04  1.363168E+01  -1.013781E-02  1.000000E+00  8.713356E-02  5.088749E-26  2.236459E-14   5.000000E-01 NotAppl  5.497055E-03  0.000000E+00  
2.881559E+02  9.145459E+01  -9.145422E+01  -2.566428E-10  1.000000E+00  1.862506E-03  3.480582E-24  3.856415E-27   5.000000E-01 NotAppl  6.251733E+00  0.000000E+00  
1.702569E+03  2.465648E+00  -2.456227E+00  2.149270E-10  1.000000E+00  6.176244E-01  1.114318E-26  7.174576E-29   5.000000E-01 NotAppl  3.168395E-03  0.000000E+00  
2.186283E+03  1.636602E-04  3.493647E+02  2.394343E-07  1.000000E+00  1.809912E-04  2.793305E-23  5.349149E-23   5.000000E-01 NotAppl  6.262645E+00  0.000000E+00  
1.688776E+01  9.357091E-03  4.117600E+02  -9.825014E-06  1.000000E+00  1.025493E-03  1.752446E-35  1.829543E-15   5.000000E-01 NotAppl  7.180785E-10  1.327604E-07  
3.415382E+03  3.489945E-04  3.397998E-02  1.679158E-03  1.000000E+00  3.883971E+00  1.888008E-27  1.060864E-15   5.000000E-01 NotAppl  2.638946E-04  0.000000E+00  
9.967980E+03  1.239881E-03  1.985910E+01  -4.039924E-09  1.000000E+00  4.311403E-02  1.065327E-25  6.962762E-28   5.000000E-01 NotAppl  5.104943E-03  0.000000E+00  
2.844494E+02  3.444394E-03  9.625902E+02  7.367245E-06  1.000000E+00  3.049398E-04  1.553897E-23  3.263249E-18   5.000000E-01 NotAppl  2.809257E+01  0.000000E+00  
1.272153E+01  1.488992E-02  -1.458139E-02  1.580383E-02  1.000000E+00  1.153722E-03  4.156814E-29  8.308906E-09   2.770863E-89 LZ5Tmedian  2.358006E-03  1.456366E-01  
1.996769E+01  4.757310E-04  2.699788E+01  -1.098543E-01  1.000000E+00  1.320902E-03  2.323178E-27  1.635547E-07   0.000000E+00 XENON1T_2018  7.894192E-02  3.129556E-01  
1.775466E+01  5.957248E-04  -6.558771E-05  -5.069637E-03  1.000000E+00  1.862163E-03  4.741461E-30  4.407461E-10   1.241135E-12 LZ5Tmedian  1.835607E-04  3.085766E-02  
4.698914E+02  1.281566E+02  -1.002321E+02  3.964020E-09  1.000000E+00  5.149341E-04  7.299090E-24  3.381721E-25   5.000000E-01 NotAppl  7.845017E+00  0.000000E+00  
2.015920E+02  2.714803E+02  -2.714674E+02  1.491612E-03  1.000000E+00  6.732912E-04  9.465228E-24  2.708245E-13   5.000000E-01 NotAppl  2.478124E+01  0.000000E+00  
2.200637E+02  5.425456E+00  1.210967E+02  4.716899E-08  1.000000E+00  1.630948E-03  2.458111E-24  2.262921E-22   5.000000E-01 NotAppl  5.775782E+00  0.000000E+00  
8.763166E+01  2.290767E-01  5.196275E-01  -5.827364E-02  1.000000E+00  6.673676E-03  4.013980E-25  2.280154E-09   2.857367E-93 LZ5Tmedian  2.557226E+00  0.000000E+00  
7.878522E+01  2.452531E-01  1.798031E+02  -5.129029E-05  1.000000E+00  6.521352E-03  1.146699E-33  2.196399E-15   5.000000E-01 NotAppl  9.130494E-09  0.000000E+00  
1.401388E+03  1.272830E-03  2.561466E+00  1.108330E-08  1.000000E+00  5.397711E-01  1.291406E-26  2.837493E-25   5.000000E-01 NotAppl  4.500128E-03  0.000000E+00  
9.790437E+01  4.308759E-02  -4.283120E-02  -1.798721E-07  1.000000E+00  5.744342E-03  1.217326E-24  1.730930E-20   5.000000E-01 NotAppl  6.777153E+00  0.000000E+00  
4.084092E+01  6.333275E-01  -6.301280E-01  1.209105E-02  1.000000E+00  1.903225E-04  6.533785E-29  4.661097E-10   4.900919E-27 LZ5Tmedian  1.021087E-03  9.150626E-02  
3.994711E+03  4.665281E+02  -4.664526E+02  -2.378616E-06  1.000000E+00  6.561158E-05  1.140360E-22  1.547692E-21   5.000000E-01 NotAppl  1.351952E+01  0.000000E+00  
9.173426E+02  2.354190E-04  1.396092E+02  6.451451E-06  1.000000E+00  1.079598E-03  4.499341E-24  2.282638E-19   5.000000E-01 NotAppl  2.458894E+00  0.000000E+00  
1.057105E+03  3.509579E-01  2.816857E+02  2.471939E-04  1.000000E+00  3.091828E-04  1.620255E-23  2.508859E-16   5.000000E-01 NotAppl  7.656004E+00  0.000000E+00  
2.097486E+02  9.704387E-03  1.488621E+01  -1.353372E-09  1.000000E+00  1.357420E-02  5.022577E-25  2.055475E-25   5.000000E-01 NotAppl  1.247172E+00  0.000000E+00  
5.952039E+03  6.375880E-02  1.623643E-01  3.963263E-05  1.000000E+00  1.097979E+01  6.385951E-28  1.909964E-19   5.000000E-01 NotAppl  5.080060E-05  0.000000E+00  
2.114919E+03  2.037058E-03  -1.805838E-03  -4.111433E-03  1.000000E+00  1.545800E+00  4.910611E-27  1.687560E-14   5.000000E-01 NotAppl  1.119438E-03  0.000000E+00  
2.292553E+03  1.002068E+02  -9.693978E+01  3.613096E-04  1.000000E+00  1.183779E-03  5.673227E-24  1.105816E-16   5.000000E-01 NotAppl  1.185789E+00  0.000000E+00  
1.343313E+01  9.214557E+01  -8.863775E+01  4.538334E-10  1.000000E+00  4.178058E+00  3.489206E-44  6.152982E-24   5.000000E-01 NotAppl  1.857664E-18  2.823102E-16  
1.818017E+01  1.468713E+00  -5.497884E-01  6.305331E-09  1.000000E+00  2.790492E-02  7.393231E-42  6.502388E-22   5.000000E-01 NotAppl  2.787193E-16  5.371200E-14  
2.767606E+01  1.380380E-01  -2.445109E-03  -5.110660E-05  1.000000E+00  3.294953E-03  6.118493E-34  1.833605E-14   5.000000E-01 NotAppl  1.454455E-08  3.344635E-06  
4.476675E+02  4.773797E+01  2.259195E+02  5.498585E-02  1.000000E+00  2.825096E-04  1.181125E-23  7.184741E-11   2.095133E-01 NotAppl  1.343910E+01  0.000000E+00  
1.929945E+02  4.288053E+01  7.001067E+02  5.519449E-02  1.000000E+00  3.935649E-04  7.826235E-24  4.054698E-10   3.076095E-09 LZ5Tmedian  2.105687E+01  0.000000E+00  
1.050146E+03  7.430911E-03  3.656283E+00  -1.309199E-05  1.000000E+00  2.995494E-01  2.337595E-26  7.132898E-19   5.000000E-01 NotAppl  1.095734E-02  0.000000E+00  
5.552378E+01  3.384355E-02  -1.721896E-02  1.262315E-07  1.000000E+00  3.198017E-03  5.227459E-38  2.717780E-20   5.000000E-01 NotAppl  5.925918E-13  1.044973E-11  
1.351773E+02  7.724741E+02  -6.343061E+02  -8.163405E+00  1.000000E+00  2.385901E-08  1.829709E-19  1.840306E-05   0.000000E+00 XENON1T_2018  8.521771E+05  0.000000E+00  
1.325661E+01  4.301625E-04  1.208854E-01  5.570098E+00  1.000000E+00  8.989761E-04  2.248772E-25  9.514464E-04   0.000000E+00 XENON1T_2018  1.224883E+01  2.500230E-01  
7.560246E+03  1.862698E-04  3.289560E+01  -5.612118E-10  1.000000E+00  1.615113E-02  2.913536E-25  2.355732E-29   5.000000E-01 NotAppl  1.847078E-02  0.000000E+00  
5.600070E+02  1.423625E-02  1.285077E+02  -4.673178E-02  1.000000E+00  1.386364E-03  3.449396E-24  3.282998E-11   5.000000E-01 NotAppl  3.123712E+00  0.000000E+00  
1.005279E+03  4.638198E-03  -4.393816E-03  -1.328791E-04  1.000000E+00  3.752215E-01  2.153205E-26  8.032956E-17   5.000000E-01 NotAppl  1.052737E-02  0.000000E+00  
3.646379E+02  9.398121E-01  2.658818E+02  -1.304093E-05  1.000000E+00  5.534338E-04  8.588025E-24  6.149420E-18   5.000000E-01 NotAppl  1.206009E+01  0.000000E+00  
3.979860E+01  3.190588E-03  1.358303E-01  -5.468705E-09  1.000000E+00  3.568079E-05  1.243546E-41  1.004988E-22   5.000000E-01 NotAppl  2.001092E-16  3.293418E-14  
2.103775E+02  6.695377E-04  4.820294E-03  -4.662861E-04  1.000000E+00  1.944360E-02  4.370495E-25  2.425036E-14   5.000000E-01 NotAppl  1.083097E+00  0.000000E+00  
4.744770E+01  7.717893E+01  -7.391432E+01  -8.356548E-03  1.000000E+00  2.985075E-03  5.671015E-29  1.640851E-10   8.078479E-10 LZ5Tmedian  7.578436E-04  6.067122E-02  
1.376595E+03  1.493117E+00  -1.492960E+00  5.842376E-09  1.000000E+00  5.838868E-01  1.285675E-26  8.176865E-26   5.000000E-01 NotAppl  4.550350E-03  0.000000E+00  
2.804635E+03  5.909170E-03  5.582741E-02  -1.983450E-04  1.000000E+00  2.656098E+00  2.797712E-27  2.210396E-17   5.000000E-01 NotAppl  4.780211E-04  0.000000E+00  
7.344808E+03  5.547840E-02  -5.452232E-02  3.378878E-08  1.000000E+00  1.703201E+01  4.106411E-28  9.055707E-26   5.000000E-01 NotAppl  2.638865E-05  0.000000E+00  
6.535736E+02  3.259870E-04  1.294187E-01  4.520479E-09  1.000000E+00  1.652919E-01  5.035958E-26  2.240034E-25   5.000000E-01 NotAppl  3.838920E-02  0.000000E+00  
6.429094E+02  2.922575E-01  -2.846878E-01  -1.391090E-06  1.000000E+00  1.594670E-01  5.206654E-26  2.193803E-20   5.000000E-01 NotAppl  4.037127E-02  0.000000E+00  
4.207663E+03  3.438829E-04  2.999447E-03  9.821510E-10  1.000000E+00  5.815595E+00  1.244421E-27  2.374181E-28   5.000000E-01 NotAppl  1.406956E-04  0.000000E+00  
6.512871E+03  4.237797E-03  6.385455E+00  9.978027E-02  1.000000E+00  3.623579E-01  1.236803E-26  1.008180E-12   5.000000E-01 NotAppl  9.118059E-04  0.000000E+00  
3.477671E+03  2.963919E+01  -2.963888E+01  1.527619E-03  1.000000E+00  1.254760E-02  5.162361E-25  8.463200E-16   5.000000E-01 NotAppl  7.048033E-02  0.000000E+00  
8.530786E+02  2.555663E-03  -2.348758E-03  6.587697E-10  1.000000E+00  2.747174E-01  2.979196E-26  2.760568E-27   5.000000E-01 NotAppl  1.725038E-02  0.000000E+00  
6.683365E+01  5.270104E-02  -5.161908E-02  -7.453328E-06  1.000000E+00  5.587398E-03  3.979140E-34  6.490449E-17   5.000000E-01 NotAppl  3.743903E-09  0.000000E+00  
7.845992E+01  1.807568E-02  3.684095E+02  8.134636E-09  1.000000E+00  6.129993E-03  3.014542E-41  5.571709E-23   5.000000E-01 NotAppl  2.410389E-16  0.000000E+00  
8.793400E+01  1.228424E-01  -1.171920E-01  3.709673E+00  1.000000E+00  5.132757E-05  2.636141E-22  9.175413E-06   0.000000E+00 XENON1T_2018  1.674299E+03  0.000000E+00  
1.050717E+02  1.961919E-01  -1.939372E-01  6.270661E-06  1.000000E+00  6.177307E-03  1.212404E-24  1.820049E-17   5.000000E-01 NotAppl  6.261360E+00  0.000000E+00  
1.081874E+01  1.314073E+02  -1.314040E+02  -2.080511E-09  1.000000E+00  1.890143E-01  6.759107E-43  1.980337E-22   5.000000E-01 NotAppl  4.635652E-17  6.091718E-15  
4.099403E+03  1.212211E+01  -1.210448E+01  -4.069533E-05  1.000000E+00  6.961732E-02  8.781991E-26  4.298052E-19   5.000000E-01 NotAppl  1.014154E-02  0.000000E+00  
1.534644E+02  2.173235E-03  1.956701E+02  1.042673E+00  1.000000E+00  3.856145E-04  2.355209E-23  2.314630E-07   0.000000E+00 XENON1T_2018  8.678050E+01  0.000000E+00  
1.059723E+02  7.745965E+01  -7.745536E+01  3.072332E-06  1.000000E+00  2.856221E-03  2.002343E-24  4.293327E-18   5.000000E-01 NotAppl  1.033970E+01  0.000000E+00  
1.661689E+02  1.450443E+00  8.665643E+01  -2.492001E-09  1.000000E+00  3.008183E-03  1.594524E-24  1.123250E-24   5.000000E-01 NotAppl  5.038392E+00  0.000000E+00  
2.694061E+03  9.627111E+02  -9.611927E+02  -1.866297E-10  1.000000E+00  2.010761E-05  3.761198E-22  2.124003E-29   5.000000E-01 NotAppl  6.664202E+01  0.000000E+00  
1.260039E+01  1.269923E-04  1.954617E+02  -1.178326E-09  1.000000E+00  5.920473E-04  2.303298E-43  4.707089E-23   5.000000E-01 NotAppl  1.321208E-17  1.942608E-15  
1.136764E+01  7.166045E-04  5.824882E+01  2.631455E-10  1.000000E+00  4.970662E-04  1.105080E-44  2.875011E-24   5.000000E-01 NotAppl  7.150370E-19  9.726389E-17  
1.001649E+02  1.391835E+01  -1.391433E+01  1.139375E-07  1.000000E+00  4.238566E-03  1.349890E-24  6.627737E-21   5.000000E-01 NotAppl  7.345399E+00  0.000000E+00  
2.629461E+01  1.043874E+00  -1.043191E+00  2.469510E-01  1.000000E+00  8.625294E-03  1.369787E-26  4.748080E-07   0.000000E+00 XENON1T_2018  3.446675E-01  2.483877E-01  
3.814001E+02  2.883488E+01  -2.869728E+01  -6.434122E-06  1.000000E+00  1.074223E-02  5.802471E-25  1.365360E-18   5.000000E-01 NotAppl  7.755711E-01  0.000000E+00  
5.321060E+02  2.022316E-03  1.084984E-01  -1.229737E-08  1.000000E+00  1.116944E-01  7.532273E-26  2.523783E-24   5.000000E-01 NotAppl  7.103886E-02  0.000000E+00  
2.389114E+02  2.773014E-03  -5.871420E-05  1.075304E-05  1.000000E+00  2.456557E-02  3.470751E-25  9.938006E-18   5.000000E-01 NotAppl  7.532137E-01  0.000000E+00  
8.064697E+01  4.333568E-02  1.097342E+00  7.545714E-03  1.000000E+00  5.725761E-03  2.259238E-25  4.532277E-11   1.126093E-02 LZ5Tmedian  1.612809E+00  0.000000E+00  
7.134820E+02  1.643113E-01  -2.087145E-02  -4.066029E-03  1.000000E+00  1.948388E-01  4.237720E-26  1.514942E-13   5.000000E-01 NotAppl  2.950507E-02  0.000000E+00  
1.536366E+03  8.105013E+02  -8.104940E+02  9.143983E-07  1.000000E+00  3.436547E-05  2.220564E-22  1.601142E-21   5.000000E-01 NotAppl  6.997906E+01  0.000000E+00  
2.286268E+01  4.226071E-02  -4.130431E-02  -1.849382E-02  1.000000E+00  3.035923E-03  7.013612E-29  3.530751E-09   1.664864E-145 LZ5Tmedian  2.055061E-03  1.617076E-01  
5.391142E+02  1.009041E-03  3.687083E+02  2.999112E-07  1.000000E+00  2.844539E-04  1.755632E-23  1.461482E-21   5.000000E-01 NotAppl  1.653110E+01  0.000000E+00  
2.422378E+01  1.994887E-01  2.529750E-01  1.333754E-01  1.000000E+00  3.259524E-03  3.773364E-27  1.634378E-07   0.000000E+00 XENON1T_2018  1.038775E-01  2.464449E-01  
8.687894E+03  2.789938E+00  -2.787160E+00  2.343343E-02  1.000000E+00  1.140052E+00  5.021029E-27  3.096791E-14   5.000000E-01 NotAppl  2.708430E-04  0.000000E+00  
5.850560E+03  1.734565E-03  1.748218E-03  1.838234E-10  1.000000E+00  1.101620E+01  6.441178E-28  4.255000E-30   5.000000E-01 NotAppl  5.212387E-05  0.000000E+00  
5.445703E+03  5.191405E-04  -3.997393E-04  -2.832011E+00  1.000000E+00  1.689052E-01  6.672203E-26  1.168395E-09   1.177537E-01 NotAppl  6.134609E-03  0.000000E+00  
1.298116E+02  1.210421E-02  6.830991E-03  -3.327340E-01  1.000000E+00  3.469047E-03  2.671538E-24  3.322025E-08   0.000000E+00 XENON1T_2018  1.231498E+01  0.000000E+00  
1.700656E+01  4.158728E-04  -3.001483E-04  -1.272632E-09  1.000000E+00  1.734175E-03  2.946720E-43  3.026933E-23   5.000000E-01 NotAppl  1.197437E-17  2.226211E-15  
9.450461E+01  1.003122E-03  1.005722E+00  -1.719230E-05  1.000000E+00  5.222658E-03  1.150410E-24  1.700124E-16   5.000000E-01 NotAppl  6.656762E+00  0.000000E+00  
1.600259E+02  6.153298E+01  -6.153238E+01  1.773092E-06  1.000000E+00  3.204317E-03  1.855098E-24  6.142937E-19   5.000000E-01 NotAppl  6.299213E+00  0.000000E+00  
4.128151E+03  5.131963E-01  3.636606E-01  8.655997E-01  1.000000E+00  6.515410E-01  1.566698E-26  1.917094E-10   5.000000E-01 NotAppl  1.878232E-03  0.000000E+00  
5.780108E+02  1.070242E-04  2.379508E-06  1.006272E-08  1.000000E+00  1.309410E-01  6.406542E-26  1.426861E-24   5.000000E-01 NotAppl  5.545849E-02  0.000000E+00  
7.367149E+03  6.108352E+02  -6.106074E+02  -1.935312E-05  1.000000E+00  3.776284E-05  2.025796E-22  2.952567E-20   5.000000E-01 NotAppl  1.290627E+01  0.000000E+00  
1.085970E+02  3.204354E-02  9.301371E-01  1.265496E-06  1.000000E+00  6.097412E-03  1.186784E-24  6.927847E-19   5.000000E-01 NotAppl  5.920124E+00  0.000000E+00  
1.019513E+03  5.706774E+00  -5.297623E+00  6.244216E-05  1.000000E+00  1.699359E-01  4.002218E-26  1.723669E-17   5.000000E-01 NotAppl  1.926588E-02  0.000000E+00  
9.457327E+03  3.154553E+00  -3.124552E+00  5.673020E-08  1.000000E+00  9.308464E-01  6.123494E-27  1.527685E-25   5.000000E-01 NotAppl  3.031347E-04  0.000000E+00  
1.661024E+03  6.668989E+02  -6.378781E+02  5.465805E-10  1.000000E+00  3.137889E-05  1.720123E-22  4.879693E-28   5.000000E-01 NotAppl  5.003539E+01  0.000000E+00  
1.125484E+03  1.717869E+02  -1.717865E+02  -2.394897E-05  1.000000E+00  4.805209E-04  1.480006E-23  2.072153E-18   5.000000E-01 NotAppl  6.425284E+00  0.000000E+00  
5.754515E+01  3.279862E+00  -3.118014E+00  -1.542918E+00  1.000000E+00  4.884807E-04  1.018029E-23  3.774750E-06   0.000000E+00 XENON1T_2018  1.137581E+02  3.182037E-01  
6.564061E+03  3.529018E-04  9.402188E-03  -5.731472E-06  1.000000E+00  1.377276E+01  5.118107E-28  3.273950E-21   5.000000E-01 NotAppl  3.685734E-05  0.000000E+00  
9.361083E+02  1.749479E-03  -1.140814E-03  -4.050765E-06  1.000000E+00  3.277210E-01  2.479503E-26  8.634564E-20   5.000000E-01 NotAppl  1.304637E-02  0.000000E+00  
8.255568E+02  1.429236E-03  -1.159458E-03  8.863031E-08  1.000000E+00  2.581203E-01  3.178491E-26  5.342960E-23   5.000000E-01 NotAppl  1.903681E-02  0.000000E+00  
8.624968E+01  1.350288E+01  -1.349787E+01  2.509043E-10  1.000000E+00  6.214605E-03  7.673678E-25  4.367004E-26   5.000000E-01 NotAppl  4.966083E+00  0.000000E+00  
8.504752E+01  2.707715E+01  2.813995E+02  -1.317834E-05  1.000000E+00  3.647882E-03  7.534641E-25  1.239883E-16   5.000000E-01 NotAppl  4.945482E+00  0.000000E+00  
1.770816E+02  2.763520E+00  -2.762926E+00  -1.101645E-06  1.000000E+00  1.256343E-02  5.897271E-25  1.926828E-19   5.000000E-01 NotAppl  1.778128E+00  0.000000E+00  
1.289232E+01  4.953524E+01  -4.940345E+01  3.452924E-07  1.000000E+00  1.327648E-01  1.993091E-38  3.863265E-18   5.000000E-01 NotAppl  1.113167E-12  5.167288E-11  
4.313132E+03  7.021530E+02  -7.018408E+02  4.599292E-09  1.000000E+00  3.096320E-05  2.461799E-22  4.950760E-27   5.000000E-01 NotAppl  2.699478E+01  0.000000E+00  
5.678534E+03  2.538853E+00  -2.522516E+00  -6.954933E-04  1.000000E+00  1.277993E+00  4.483845E-27  6.471832E-17   5.000000E-01 NotAppl  3.722268E-04  0.000000E+00  
5.654469E+02  1.098986E-02  1.953212E-02  -1.669722E-06  1.000000E+00  1.255496E-01  6.688266E-26  4.109139E-20   5.000000E-01 NotAppl  5.923006E-02  0.000000E+00  
1.492075E+02  9.076511E-04  4.098171E-04  -4.989347E-05  1.000000E+00  1.059415E-02  7.735122E-25  5.614573E-16   5.000000E-01 NotAppl  2.779260E+00  0.000000E+00  
7.519938E+02  1.381886E+01  -1.381770E+01  -4.981995E-04  1.000000E+00  4.356227E-02  1.474401E-25  2.042757E-15   5.000000E-01 NotAppl  9.712343E-02  0.000000E+00  
3.629701E+02  2.565792E+01  -2.556737E+01  1.073218E-09  1.000000E+00  1.231825E-02  5.052846E-25  4.204052E-26   5.000000E-01 NotAppl  7.109205E-01  0.000000E+00  
1.706877E+03  8.079987E+01  -8.079955E+01  1.501672E-01  1.000000E+00  1.816809E-03  3.794113E-24  3.484392E-11   5.000000E-01 NotAppl  1.073283E+00  0.000000E+00  
4.663832E+01  1.347427E-03  1.741522E-01  -3.557126E-09  1.000000E+00  4.585265E-04  9.397418E-42  3.079163E-23   5.000000E-01 NotAppl  1.281750E-16  1.202868E-14  
1.805028E+01  7.286088E-04  1.059446E-01  2.830676E+00  1.000000E+00  1.550050E-03  5.831906E-25  1.329441E-04   0.000000E+00 XENON1T_2018  2.227550E+01  2.500222E-01  
2.814286E+03  6.636213E+01  -6.636172E+01  -4.466638E-09  1.000000E+00  2.677526E-03  2.540601E-24  1.113145E-26   5.000000E-01 NotAppl  4.305474E-01  0.000000E+00  
6.532269E+02  1.632172E+00  1.534137E+02  5.196587E-07  1.000000E+00  9.466243E-04  5.058414E-24  2.963418E-21   5.000000E-01 NotAppl  3.914007E+00  0.000000E+00  
3.017303E+02  8.756664E-03  -8.162688E-03  4.725129E-08  1.000000E+00  3.802454E-02  2.245482E-25  1.189639E-22   5.000000E-01 NotAppl  3.819475E-01  0.000000E+00  
4.099323E+01  4.147762E+00  -4.147355E+00  8.563176E-01  1.000000E+00  3.365643E-04  3.257468E-25  2.320288E-06   0.000000E+00 XENON1T_2018  5.090480E+00  2.573171E-01  
5.805441E+03  3.107319E-01  -3.104499E-01  -2.617861E-10  1.000000E+00  9.699386E+00  7.111987E-28  8.766466E-30   5.000000E-01 NotAppl  5.797953E-05  0.000000E+00  
4.130486E+01  1.957436E-01  -1.943994E-01  1.041080E+00  1.000000E+00  1.949940E-04  4.809265E-25  3.377155E-06   0.000000E+00 XENON1T_2018  7.393923E+00  2.502761E-01  
2.158447E+01  1.515598E-01  1.557679E+01  5.478593E-06  1.000000E+00  2.094547E-03  5.978193E-36  3.478849E-16   5.000000E-01 NotAppl  1.864883E-10  1.876562E-08  
4.754935E+03  4.206631E+01  -4.206615E+01  1.480237E-04  1.000000E+00  6.406775E-03  1.036802E-24  4.205592E-18   5.000000E-01 NotAppl  1.029668E-01  0.000000E+00  
1.291853E+02  7.754876E-03  7.393798E+01  1.099399E-08  1.000000E+00  3.864036E-03  1.486361E-24  3.662898E-23   5.000000E-01 NotAppl  6.119664E+00  0.000000E+00  
1.756443E+01  6.255495E+00  7.629711E+01  -3.740762E+00  1.000000E+00  4.154478E-03  7.334282E-25  2.451935E-04   0.000000E+00 XENON1T_2018  2.886493E+01  3.427390E-01  
1.756476E+03  4.256689E-04  1.657751E-01  -1.662464E-05  1.000000E+00  1.081629E+00  7.115325E-27  4.028331E-19   5.000000E-01 NotAppl  1.961947E-03  0.000000E+00  
3.120734E+02  1.333850E-04  4.111349E+02  -1.635462E-03  1.000000E+00  4.226414E-04  1.136869E-23  1.330136E-13   5.000000E-01 NotAppl  1.870504E+01  0.000000E+00  
3.686429E+03  2.481548E+01  -2.481489E+01  -4.568753E+00  1.000000E+00  2.207567E-02  2.096602E-25  6.723378E-09   1.290087E-08 LZ5Tmedian  3.012130E-02  0.000000E+00  
4.195929E+02  2.704587E-01  2.528255E+01  8.656938E-08  1.000000E+00  1.887445E-02  2.838711E-25  2.033215E-22   5.000000E-01 NotAppl  3.442024E-01  0.000000E+00  
1.000674E+02  4.052400E+02  -4.046661E+02  -4.719754E-06  1.000000E+00  1.963784E-03  2.513907E-24  1.139560E-17   5.000000E-01 NotAppl  1.380777E+01  0.000000E+00  
1.470943E+03  5.939398E-03  -5.349776E-03  4.383173E-06  1.000000E+00  7.732530E-01  1.011612E-26  4.020430E-20   5.000000E-01 NotAppl  3.345971E-03  0.000000E+00  
1.635990E+01  1.629119E-02  3.664784E-01  -2.593296E-09  1.000000E+00  1.203178E-03  1.209010E-42  1.358004E-22   5.000000E-01 NotAppl  5.135306E-17  9.269243E-15  
9.107227E+03  1.607140E-04  8.981280E-04  -3.767340E-03  1.000000E+00  2.603217E+01  2.659940E-28  7.273425E-16   5.000000E-01 NotAppl  1.375248E-05  0.000000E+00  
2.550174E+03  3.220816E+01  -3.204379E+01  1.707968E-06  1.000000E+00  1.072031E-02  6.076727E-25  1.989254E-21   5.000000E-01 NotAppl  1.138880E-01  0.000000E+00  
1.929447E+02  1.489399E-01  1.333559E+02  1.973604E-10  1.000000E+00  2.038924E-03  2.395583E-24  5.187001E-27   5.000000E-01 NotAppl  6.438949E+00  0.000000E+00  
2.668778E+01  5.505566E-01  6.240538E+02  -5.871123E-03  1.000000E+00  4.007625E-03  7.830723E-30  2.604451E-10   2.908893E-13 LZ5Tmedian  1.937693E-04  4.028629E-02  
1.538535E+02  6.475292E-02  5.216992E+02  4.605371E+00  1.000000E+00  1.638665E-06  7.405241E-21  4.492214E-06   0.000000E+00 XENON1T_2018  3.015421E+04  0.000000E+00  
1.395918E+02  1.094744E+00  -1.084798E+00  1.557214E-09  1.000000E+00  8.986851E-03  8.633839E-25  6.269510E-25   5.000000E-01 NotAppl  3.325814E+00  0.000000E+00  
1.744773E+02  1.443815E+02  -1.443805E+02  8.389169E-02  1.000000E+00  1.181080E-03  5.159933E-24  1.151824E-09   3.178476E-27 LZ5Tmedian  1.613538E+01  0.000000E+00  
3.017768E+03  3.447875E-02  1.502600E+00  1.055288E-07  1.000000E+00  2.063775E+00  3.055119E-27  5.390343E-24   5.000000E-01 NotAppl  4.861364E-04  0.000000E+00  
8.884050E+03  1.002566E+01  2.476195E+00  1.173693E+00  1.000000E+00  5.883305E-02  1.419848E-25  7.424352E-11   5.000000E-01 NotAppl  7.561057E-03  0.000000E+00  
1.840531E+03  1.000733E-04  1.407316E-01  -2.953535E-03  1.000000E+00  1.183424E+00  6.480089E-27  1.155924E-14   5.000000E-01 NotAppl  1.703257E-03  0.000000E+00  
2.938902E+01  7.085808E-04  -3.412026E-04  -7.942466E-04  1.000000E+00  2.673533E-03  1.565767E-31  3.921887E-12   5.000000E-01 NotAppl  3.485274E-06  7.927551E-04  
1.413691E+01  3.028626E-01  -3.001699E-01  1.989200E-06  1.000000E+00  4.129719E-03  6.809834E-37  1.068341E-16   5.000000E-01 NotAppl  3.417599E-11  5.504402E-09  
8.672131E+01  1.761509E+01  -1.760724E+01  2.552848E-07  1.000000E+00  6.007069E-03  7.981841E-25  4.470580E-20   5.000000E-01 NotAppl  5.137059E+00  0.000000E+00  
1.761566E+01  8.703915E-03  5.068893E+00  1.562287E-04  1.000000E+00  1.100078E-03  4.491153E-33  4.251884E-13   5.000000E-01 NotAppl  1.754073E-07  3.132472E-05  
6.938513E+03  4.370719E+00  -4.361958E+00  5.366021E-05  1.000000E+00  4.918261E-01  1.173560E-26  2.563836E-19   5.000000E-01 NotAppl  7.946239E-04  0.000000E+00  
3.791261E+01  1.026746E-01  3.403836E-01  5.198741E-09  1.000000E+00  7.218655E-05  9.975615E-42  1.002407E-22   5.000000E-01 NotAppl  1.689568E-16  3.064160E-14  
3.982309E+01  3.905059E+01  -3.904183E+01  1.146972E+00  1.000000E+00  6.397909E-04  5.386660E-25  4.415239E-06   0.000000E+00 XENON1T_2018  8.657194E+00  4.998550E-01  
5.178820E+03  2.071360E-02  5.563116E-02  2.139543E-03  1.000000E+00  8.663502E+00  8.241380E-28  7.385920E-16   5.000000E-01 NotAppl  7.546641E-05  0.000000E+00  
2.557665E+03  8.961049E-02  -8.208582E-03  3.938787E-01  1.000000E+00  9.804116E-01  9.489818E-27  1.051628E-10   5.000000E-01 NotAppl  1.845141E-03  0.000000E+00  
1.501770E+03  1.222082E-03  -1.107231E-04  -1.545341E-01  1.000000E+00  6.776054E-01  1.227672E-26  4.790451E-11   5.000000E-01 NotAppl  4.027062E-03  0.000000E+00  
1.372242E+03  2.594306E-02  2.817473E-01  1.663298E-10  1.000000E+00  6.739316E-01  1.164085E-26  6.670412E-29   5.000000E-01 NotAppl  4.134995E-03  0.000000E+00  
1.141664E+01  1.907352E-03  1.400247E-01  1.208566E-01  1.000000E+00  6.796978E-04  2.335228E-27  6.013393E-07   0.000000E+00 XENON1T_2018  1.503426E-01  2.468988E-01  
6.589672E+02  1.517162E+01  -1.282061E+01  1.698838E-10  1.000000E+00  3.398368E-02  1.819194E-25  3.110966E-28   5.000000E-01 NotAppl  1.374437E-01  0.000000E+00  
4.139130E+02  3.307848E+01  -3.304946E+01  -7.467888E-01  1.000000E+00  8.528720E-03  7.030691E-25  1.555827E-08   2.464462E-159 LZ5Tmedian  9.687281E-01  0.000000E+00  
1.134039E+01  1.878750E+01  -1.877031E+01  1.242165E-01  1.000000E+00  1.593484E-01  2.460030E-27  6.436539E-07   0.000000E+00 XENON1T_2018  1.596284E-01  2.140421E-01  
3.757543E+01  1.308705E-03  7.486944E+02  1.350585E-04  1.000000E+00  1.187609E-04  6.600141E-33  6.889292E-14   5.000000E-01 NotAppl  1.126424E-07  2.081986E-05  
2.832882E+03  2.369385E-04  2.066626E+02  3.010314E-10  1.000000E+00  4.612125E-04  1.070702E-23  4.988744E-29   5.000000E-01 NotAppl  1.840881E+00  0.000000E+00  
5.845283E+03  2.209207E-02  -1.824614E-02  -4.216257E-01  1.000000E+00  4.710932E+00  1.881721E-27  2.242583E-11   5.000000E-01 NotAppl  1.582238E-04  0.000000E+00  
1.433077E+01  7.111735E+02  -7.091505E+02  3.081640E-01  1.000000E+00  1.368838E-01  1.641038E-26  2.495640E-06   0.000000E+00 XENON1T_2018  8.107595E-01  4.968156E-01  
8.094520E+02  3.226046E-03  3.609718E+00  6.753300E-09  1.000000E+00  2.029452E-01  3.659547E-26  3.229417E-25   5.000000E-01 NotAppl  2.240355E-02  0.000000E+00  
4.426489E+02  1.103132E-04  2.742245E+02  -6.936554E-06  1.000000E+00  4.764057E-04  1.031076E-23  1.170073E-18   5.000000E-01 NotAppl  1.187656E+01  0.000000E+00  
1.735478E+03  2.615476E-04  1.575787E+00  -2.556336E-06  1.000000E+00  9.001273E-01  7.951926E-27  9.761181E-21   5.000000E-01 NotAppl  2.223094E-03  0.000000E+00  
2.957460E+01  6.629535E-01  -5.117773E-01  -3.006171E-01  1.000000E+00  4.010708E-03  2.257462E-26  5.547247E-07   0.000000E+00 XENON1T_2018  4.985891E-01  2.516156E-01  
3.112907E+02  7.412294E+02  -7.412270E+02  7.831818E-07  1.000000E+00  1.903316E-04  3.573343E-23  3.066008E-20   5.000000E-01 NotAppl  5.917350E+01  0.000000E+00  
1.638950E+01  2.714470E+01  -2.712333E+01  -9.566421E-06  1.000000E+00  7.441392E-02  1.646140E-35  1.841323E-15   5.000000E-01 NotAppl  6.977748E-10  1.726823E-08  
3.858096E+01  1.815870E-02  4.748767E+00  -2.610197E-07  1.000000E+00  5.180825E-05  2.619032E-38  2.438771E-19   5.000000E-01 NotAppl  4.354711E-13  6.474762E-11  
3.190937E+03  5.846155E-02  -4.198470E-02  7.872434E-08  1.000000E+00  3.403854E+00  2.163882E-27  2.677757E-24   5.000000E-01 NotAppl  3.241458E-04  0.000000E+00  
1.863807E+03  3.205485E-01  -3.023293E-01  3.333842E-08  1.000000E+00  1.196961E+00  6.377109E-27  1.435530E-24   5.000000E-01 NotAppl  1.654662E-03  0.000000E+00  
1.482094E+03  3.926289E-01  2.633704E+01  -1.987799E-04  1.000000E+00  2.344762E-02  1.992302E-25  8.142386E-17   5.000000E-01 NotAppl  6.648709E-02  0.000000E+00  
8.142677E+02  5.356917E+00  -4.601811E+00  2.493517E-06  1.000000E+00  1.424119E-01  4.955862E-26  4.349657E-20   5.000000E-01 NotAppl  3.009113E-02  0.000000E+00  
5.296218E+03  2.161772E+02  -2.161755E+02  3.221001E-04  1.000000E+00  2.746002E-04  2.648812E-23  1.599388E-17   5.000000E-01 NotAppl  2.358018E+00  0.000000E+00  
7.695539E+02  1.132432E-01  2.513841E+02  -1.292856E-07  1.000000E+00  4.137958E-04  1.204469E-23  1.312296E-22   5.000000E-01 NotAppl  7.881326E+00  0.000000E+00  
4.730486E+01  8.354849E-04  5.583194E+00  5.582369E-01  1.000000E+00  9.994370E-04  2.481734E-25  7.367487E-07   0.000000E+00 XENON1T_2018  3.322174E+00  2.580394E-01  
6.671970E+03  1.228164E-02  3.881761E-02  -1.599931E-03  1.000000E+00  1.418603E+01  4.960360E-28  2.468047E-16   5.000000E-01 NotAppl  3.513676E-05  0.000000E+00  
7.060330E+02  8.238203E+02  -8.238188E+02  6.667239E-09  1.000000E+00  6.134414E-05  1.208480E-22  4.161597E-25   5.000000E-01 NotAppl  8.496247E+01  0.000000E+00  
1.670210E+03  1.582615E-04  7.755450E+01  3.028756E-01  1.000000E+00  2.948756E-03  1.672121E-24  1.481599E-10   4.146078E-01 NotAppl  4.941272E-01  0.000000E+00  
5.287474E+01  2.632654E-03  2.335031E+01  -7.606327E-06  1.000000E+00  2.651605E-03  1.042570E-34  1.090234E-16   5.000000E-01 NotAppl  1.248237E-09  4.406524E-08  
1.190212E+02  2.091512E-04  1.446152E+02  -5.906193E-07  1.000000E+00  2.943921E-03  1.783352E-24  1.250513E-19   5.000000E-01 NotAppl  7.996390E+00  0.000000E+00  
3.081034E+01  3.055653E-01  -9.573815E-02  2.722113E-10  1.000000E+00  2.672841E-03  1.938997E-44  4.186565E-25   5.000000E-01 NotAppl  4.099881E-19  9.197416E-17  
1.207475E+02  3.000308E+01  -2.997985E+01  -3.272152E-10  1.000000E+00  4.160563E-03  1.403598E-24  3.726656E-26   5.000000E-01 NotAppl  6.312739E+00  0.000000E+00  
9.522726E+03  3.521455E-02  -3.503939E-02  2.037745E-02  1.000000E+00  2.808345E+01  2.464233E-28  1.943694E-14   5.000000E-01 NotAppl  1.218139E-05  0.000000E+00  
3.997396E+01  2.066897E+02  -1.759984E+02  -1.473143E-08  1.000000E+00  7.908080E+03  9.129752E-41  7.227692E-22   5.000000E-01 NotAppl  1.459591E-15  2.383704E-13  
8.657205E+02  9.579303E-03  5.354347E-02  5.022215E-03  1.000000E+00  2.822782E-01  2.896164E-26  1.556953E-13   5.000000E-01 NotAppl  1.651767E-02  0.000000E+00  
3.398672E+03  2.504263E+01  -8.407357E+00  -3.058986E-10  1.000000E+00  1.599706E-02  4.437419E-25  3.556033E-29   5.000000E-01 NotAppl  6.224130E-02  0.000000E+00  
1.845537E+01  1.610256E+02  -1.604031E+02  -1.011739E-02  1.000000E+00  7.209363E-02  1.913376E-29  1.624550E-09   3.584945E-48 LZ5Tmedian  7.096144E-04  1.110863E-01  
5.554654E+02  2.932225E+02  -2.928499E+02  2.430556E-03  1.000000E+00  2.482330E-04  2.827836E-23  9.029999E-14   5.000000E-01 NotAppl  2.551220E+01  0.000000E+00  
4.687771E+02  2.439632E+02  -2.439630E+02  -6.473459E-10  1.000000E+00  3.588384E-04  1.952912E-23  9.062495E-27   5.000000E-01 NotAppl  2.103721E+01  0.000000E+00  
2.354331E+03  3.519834E+01  6.432185E+02  -1.505143E-01  1.000000E+00  4.998779E-05  9.231198E-23  1.817851E-11   5.000000E-01 NotAppl  1.917947E+01  0.000000E+00  
3.304637E+01  3.482743E-03  -2.819594E-03  9.177047E-04  1.00