MD1           DMP           DM3           l345          ld           Omegah2       sigV          protonSI      PvalDD        expName      CMB_ID        brH_DMDM      
9.732093E+03  1.173871E-02  2.581001E+00  -1.190528E-07  1.000000E+00  2.062234E+00  2.047992E-27  6.347979E-25   5.000000E-01 NotAppl  1.003751E-04  0.000000E+00  
3.031399E+01  1.119479E+02  2.412815E+02  -1.340486E-02  1.000000E+00  3.589945E+01  4.613369E-29  1.049200E-09   8.366280E-56 LZ5Tmedian  9.927658E-04  1.833629E-01  
2.902776E+02  7.675825E-04  4.233857E+02  -1.463017E-10  1.000000E+00  4.519738E-04  1.056123E-23  1.234525E-27   5.000000E-01 NotAppl  1.870375E+01  0.000000E+00  
6.002547E+01  1.211110E-01  -1.137875E-01  -1.922785E-09  1.000000E+00  4.340277E-03  8.972276E-41  5.378655E-24   5.000000E-01 NotAppl  9.378079E-16  1.471040E-15  
1.362431E+02  1.133495E+01  8.363904E+02  -2.212823E-09  1.000000E+00  1.003673E-03  3.088714E-24  1.330604E-24   5.000000E-01 NotAppl  1.194350E+01  0.000000E+00  
1.972990E+02  6.719126E+02  -6.719117E+02  1.287427E-10  1.000000E+00  4.419802E-04  1.435759E-23  2.108526E-27   5.000000E-01 NotAppl  3.846522E+01  0.000000E+00  
1.069423E+02  1.634616E-03  1.215155E-02  1.639275E-01  1.000000E+00  3.873446E-03  2.619211E-24  1.199638E-08   0.000000E+00 LZ5Tmedian  1.329703E+01  0.000000E+00  
5.698263E+02  8.688436E-04  8.181622E+00  2.953878E-04  1.000000E+00  8.043373E-02  8.390542E-26  1.265894E-15   5.000000E-01 NotAppl  7.391878E-02  0.000000E+00  
2.099174E+02  1.142933E-04  1.006104E+01  -1.774193E-06  1.000000E+00  1.514763E-02  4.714178E-25  3.526659E-19   5.000000E-01 NotAppl  1.170209E+00  0.000000E+00  
1.545467E+03  3.370023E+00  5.787816E+01  -1.640368E-02  1.000000E+00  4.863223E-03  9.819622E-25  5.091103E-13   5.000000E-01 NotAppl  3.141003E-01  0.000000E+00  
6.766214E+03  4.161588E-02  1.498580E-01  -3.172855E-04  1.000000E+00  1.412448E+01  4.925063E-28  9.433527E-18   5.000000E-01 NotAppl  3.440438E-05  0.000000E+00  
5.935018E+02  3.583878E-02  8.858818E-01  9.205000E-05  1.000000E+00  1.354509E-01  6.110444E-26  1.131143E-16   5.000000E-01 NotAppl  5.147004E-02  0.000000E+00  
5.358439E+02  3.186074E-04  1.020211E+01  -3.164358E-10  1.000000E+00  6.328833E-02  1.020537E-25  1.647337E-27   5.000000E-01 NotAppl  9.586494E-02  0.000000E+00  
4.567454E+02  1.864656E-01  -1.846572E-01  7.362722E+00  1.000000E+00  2.061763E-04  6.975617E-23  1.236376E-06   0.000000E+00 XENON1T_2018  8.270964E+01  0.000000E+00  
2.011396E+03  7.417171E+00  9.331914E+02  -8.207036E-10  1.000000E+00  3.482649E-05  1.460445E-22  7.448230E-28   5.000000E-01 NotAppl  3.566989E+01  0.000000E+00  
1.404178E+02  3.056902E-03  1.286129E+01  1.953617E-08  1.000000E+00  7.419518E-03  9.126103E-25  9.749063E-23   5.000000E-01 NotAppl  3.486804E+00  0.000000E+00  
2.692627E+02  1.170987E-03  1.192998E+00  -8.797224E-10  1.000000E+00  2.985285E-02  2.790200E-25  5.206362E-26   5.000000E-01 NotAppl  5.344363E-01  0.000000E+00  
3.314643E+01  5.717052E-01  -4.287169E-01  8.344693E-08  1.000000E+00  1.606019E-03  2.008484E-39  3.392538E-20   5.000000E-01 NotAppl  3.924686E-14  8.397320E-12  
9.524092E+03  1.634460E-02  6.687588E-03  1.513386E-08  1.000000E+00  2.836402E+01  2.434954E-28  1.071769E-26   5.000000E-01 NotAppl  1.203249E-05  0.000000E+00  
1.408870E+02  6.789928E-03  4.541409E+00  4.834660E-05  1.000000E+00  8.353524E-03  8.634898E-25  5.929887E-16   5.000000E-01 NotAppl  3.292286E+00  0.000000E+00  
9.119156E+02  2.055094E-02  -1.747794E-02  -8.748042E-02  1.000000E+00  2.945982E-01  2.825164E-26  4.248205E-11   5.000000E-01 NotAppl  1.535264E-02  0.000000E+00  
7.706375E+01  1.674770E-04  -1.765052E-05  -4.499333E-08  1.000000E+00  7.212376E-03  1.125850E-39  1.768233E-21   5.000000E-01 NotAppl  9.167334E-15  0.000000E+00  
5.012179E+01  3.279312E-01  -2.707940E-01  -8.440761E-06  1.000000E+00  1.655359E-03  8.147741E-35  1.497151E-16   5.000000E-01 NotAppl  1.031546E-09  6.066868E-08  
2.748435E+02  8.410343E+02  -6.094864E+01  1.047618E-02  1.000000E+00  7.734142E-05  4.353442E-23  7.079475E-12   5.000000E-01 NotAppl  8.199273E+01  0.000000E+00  
5.630196E+01  2.909076E+02  -2.909074E+02  8.922831E-04  1.000000E+00  4.230646E-03  3.266223E-30  1.319945E-12   5.000000E-01 NotAppl  3.650141E-05  4.934304E-04  
5.375870E+01  6.226667E+02  -4.428160E+02  7.327898E-05  1.000000E+00  1.852148E+02  1.155407E-32  9.782456E-15   5.000000E-01 NotAppl  1.355029E-07  3.913538E-06  
1.701995E+02  8.618813E-01  1.100789E+02  -2.132991E-08  1.000000E+00  2.530148E-03  1.911675E-24  7.834715E-23   5.000000E-01 NotAppl  5.879661E+00  0.000000E+00  
1.070179E+03  2.686057E+02  -2.686006E+02  -2.419454E+00  1.000000E+00  2.905064E-04  2.473162E-23  2.343909E-08   8.692039E-95 LZ5Tmedian  1.135666E+01  0.000000E+00  
2.849348E+02  3.502531E+02  -3.501202E+02  -1.809718E-02  1.000000E+00  3.563768E-04  1.863142E-23  1.962210E-11   5.000000E-01 NotAppl  3.386672E+01  0.000000E+00  
4.811113E+03  3.229915E-02  1.509136E+01  1.506575E-07  1.000000E+00  7.160198E-02  6.252216E-26  4.253774E-24   5.000000E-01 NotAppl  6.269822E-03  0.000000E+00  
2.553766E+02  7.978788E-04  2.264881E-03  -7.611850E-03  1.000000E+00  2.787304E-02  3.054741E-25  4.344345E-12   5.000000E-01 NotAppl  6.183892E-01  0.000000E+00  
3.407981E+03  2.018100E+01  -1.372818E+01  -2.158304E-03  1.000000E+00  2.713189E-02  2.518654E-25  1.760430E-15   5.000000E-01 NotAppl  3.513711E-02  0.000000E+00  
4.579953E+01  1.087198E-03  2.917872E-03  -3.017145E-02  1.000000E+00  1.863488E-04  6.197215E-28  2.298673E-09   5.172286E-129 LZ5Tmedian  8.612925E-03  1.949799E-01  
2.098996E+02  2.101350E+01  -1.432665E+01  1.205566E-05  1.000000E+00  5.960477E-03  6.819007E-25  1.628616E-17   5.000000E-01 NotAppl  1.699534E+00  0.000000E+00  
7.941000E+02  1.531578E-03  5.842919E-02  -3.378541E-10  1.000000E+00  2.396670E-01  3.431943E-26  8.404961E-28   5.000000E-01 NotAppl  2.139444E-02  0.000000E+00  
2.770704E+01  6.534586E+02  -6.533885E+02  -2.371582E-01  1.000000E+00  1.430435E-02  1.318785E-26  3.939542E-07   0.000000E+00 XENON1T_2018  3.130937E-01  4.969822E-01  
1.219807E+03  3.131770E-02  7.376526E+02  3.801734E-01  1.000000E+00  6.667917E-05  7.895961E-23  4.430925E-10   2.741711E-02 LZ5Tmedian  3.221320E+01  0.000000E+00  
1.238427E+03  1.833521E+01  -1.581582E+01  2.431357E-05  1.000000E+00  3.011053E-02  2.105547E-25  1.757139E-18   5.000000E-01 NotAppl  8.286944E-02  0.000000E+00  
7.699839E+01  1.718394E+00  1.190091E+00  3.782500E-03  1.000000E+00  1.042850E-02  8.034659E-30  1.251855E-11   2.787118E-01 NotAppl  6.547663E-05  0.000000E+00  
1.681191E+02  5.698509E+02  -5.697114E+02  1.394733E-03  1.000000E+00  6.274960E-04  9.419084E-24  3.435383E-13   5.000000E-01 NotAppl  3.063382E+01  0.000000E+00  
5.413986E+03  1.312313E+01  4.078240E+01  8.267195E-02  1.000000E+00  6.506157E-03  8.891140E-25  1.007564E-12   5.000000E-01 NotAppl  7.891993E-02  0.000000E+00  
3.986696E+03  1.544487E-01  3.074143E+01  -5.932507E-07  1.000000E+00  1.808703E-02  2.571456E-25  9.666888E-23   5.000000E-01 NotAppl  3.120687E-02  0.000000E+00  
8.121628E+02  6.050141E+02  -5.971265E+02  4.386468E-01  1.000000E+00  5.911587E-05  1.017197E-22  1.353182E-09   7.383526E-08 LZ5Tmedian  6.185992E+01  0.000000E+00  
5.145309E+02  1.610899E-02  2.491023E+00  -5.015171E-03  1.000000E+00  9.838226E-02  8.201104E-26  4.496011E-13   5.000000E-01 NotAppl  8.010713E-02  0.000000E+00  
2.260630E+01  2.904326E-01  -2.767772E-01  1.624607E-10  1.000000E+00  5.041677E-03  5.379893E-45  2.787228E-25   5.000000E-01 NotAppl  1.595796E-19  3.513003E-17  
9.589533E+03  1.412458E-03  7.760202E+02  7.647608E-08  1.000000E+00  3.564401E-05  1.497778E-22  2.699075E-25   5.000000E-01 NotAppl  7.464228E+00  0.000000E+00  
7.967106E+02  3.023120E-02  8.974157E+02  1.931855E-03  1.000000E+00  7.523244E-05  6.874311E-23  2.729699E-14   5.000000E-01 NotAppl  4.341478E+01  0.000000E+00  
2.581472E+03  1.722260E-02  -1.655378E-02  -3.320435E-04  1.000000E+00  2.265960E+00  3.299844E-27  7.333873E-17   5.000000E-01 NotAppl  6.135633E-04  0.000000E+00  
2.414186E+02  3.744770E-03  8.505678E-01  -1.848918E-01  1.000000E+00  1.914262E-02  4.667694E-25  2.875968E-09   8.546591E-50 LZ5Tmedian  1.035707E+00  0.000000E+00  
2.063699E+02  1.308278E+01  -1.308151E+01  1.706177E+00  1.000000E+00  3.083710E-04  2.408637E-23  3.377362E-07   0.000000E+00 XENON1T_2018  6.565272E+01  0.000000E+00  
3.743739E+03  1.964359E-03  9.229691E-02  -2.215026E+00  1.000000E+00  1.302244E-01  8.672646E-26  1.531509E-09   1.699484E-02 LZ5Tmedian  1.167626E-02  0.000000E+00  
2.148776E+02  1.250868E-03  -7.096175E-04  3.973306E-04  1.000000E+00  2.020185E-02  4.211128E-25  1.686097E-14   5.000000E-01 NotAppl  1.020791E+00  0.000000E+00  
1.261042E+02  2.720745E-04  4.785371E+02  4.585311E-05  1.000000E+00  1.928361E-03  2.414874E-24  6.694892E-16   5.000000E-01 NotAppl  1.010308E+01  0.000000E+00  
7.077910E+02  1.409510E-03  6.898890E+01  1.888771E-02  1.000000E+00  3.934027E-03  1.210859E-24  3.322920E-12   5.000000E-01 NotAppl  8.627609E-01  0.000000E+00  
1.909174E+02  2.334659E-03  6.919637E+02  8.230353E-07  1.000000E+00  7.234879E-04  6.280009E-24  9.217959E-20   5.000000E-01 NotAppl  1.703564E+01  0.000000E+00  
2.876114E+03  9.722195E-02  -9.681613E-02  -2.681766E-05  1.000000E+00  2.781495E+00  2.665326E-27  3.839007E-19   5.000000E-01 NotAppl  4.439057E-04  0.000000E+00  
1.125291E+01  7.011187E+01  -6.451854E+01  -9.488028E+00  1.000000E+00  9.984810E-03  3.069710E-25  3.812837E-03   0.000000E+00 XENON1T_2018  2.006570E+01  5.055892E-01  
7.180966E+02  1.593665E+02  -1.593653E+02  2.872560E-07  1.000000E+00  5.994627E-04  1.173445E-23  7.462301E-22   5.000000E-01 NotAppl  8.105079E+00  0.000000E+00  
1.835598E+03  4.293990E-04  4.276272E-02  -9.050249E-06  1.000000E+00  1.179172E+00  6.511210E-27  1.091294E-19   5.000000E-01 NotAppl  1.716124E-03  0.000000E+00  
4.714859E+03  1.898927E-02  1.991523E+00  -4.575296E-10  1.000000E+00  2.429718E+00  2.082785E-27  4.087684E-29   5.000000E-01 NotAppl  2.115938E-04  0.000000E+00  
1.263031E+02  1.162843E-03  4.981708E-03  3.540616E-09  1.000000E+00  8.058735E-03  9.930005E-25  3.978876E-24   5.000000E-01 NotAppl  4.234090E+00  0.000000E+00  
6.828687E+02  1.403671E-03  9.394926E-01  3.577962E-09  1.000000E+00  1.767110E-01  4.645827E-26  1.283047E-25   5.000000E-01 NotAppl  3.384877E-02  0.000000E+00  
1.525544E+01  1.018751E+01  6.728881E+02  -5.391929E-09  1.000000E+00  1.343668E+03  5.118332E-42  6.747615E-22   5.000000E-01 NotAppl  2.354248E-16  2.646444E-14  
8.372079E+03  3.211849E-02  -3.191692E-02  -7.900847E-10  1.000000E+00  2.204358E+01  3.153026E-28  3.795298E-29   5.000000E-01 NotAppl  1.774900E-05  0.000000E+00  
1.184754E+02  1.530309E+02  -1.530293E+02  3.284480E-04  1.000000E+00  1.952056E-03  2.952084E-24  3.903897E-14   5.000000E-01 NotAppl  1.366205E+01  0.000000E+00  
7.376710E+02  2.391283E+00  2.638962E+02  -7.222090E-07  1.000000E+00  3.736107E-04  1.300802E-23  4.464755E-21   5.000000E-01 NotAppl  8.888416E+00  0.000000E+00  
8.586894E+03  1.704588E+00  -1.372668E+00  2.734709E+00  1.000000E+00  2.935000E-01  3.693183E-26  4.318925E-10   5.000000E-01 NotAppl  2.098803E-03  0.000000E+00  
8.540644E+02  8.207821E+01  -8.207760E+01  9.454458E-05  1.000000E+00  1.897150E-03  3.592457E-24  5.672575E-17   5.000000E-01 NotAppl  2.073800E+00  0.000000E+00  
5.778754E+01  8.097380E-03  -1.629742E-03  1.355220E-10  1.000000E+00  3.691639E-03  1.272848E-43  2.887344E-26   5.000000E-01 NotAppl  1.384025E-18  9.993968E-18  
1.771445E+02  2.704123E-03  3.626866E-02  4.663889E-07  1.000000E+00  1.425066E-02  5.804790E-25  3.450961E-20   5.000000E-01 NotAppl  1.748940E+00  0.000000E+00  
2.265408E+02  5.276106E+01  -5.275775E+01  1.175422E-04  1.000000E+00  4.037936E-03  1.539060E-24  1.324134E-15   5.000000E-01 NotAppl  3.556148E+00  0.000000E+00  
2.681671E+03  5.302278E-03  -3.558539E-03  -2.094300E-05  1.000000E+00  2.438227E+00  3.058365E-27  2.699899E-19   5.000000E-01 NotAppl  5.469950E-04  0.000000E+00  
3.840840E+02  8.654614E+00  -8.654199E+00  -2.120390E+00  1.000000E+00  7.728797E-04  1.205975E-23  1.461731E-07   0.000000E+00 XENON1T_2018  1.813616E+01  0.000000E+00  
1.291737E+01  5.306887E+00  2.528338E+01  -5.636604E-01  1.000000E+00  5.167178E-02  5.304691E-26  1.025535E-05   0.000000E+00 XENON1T_2018  2.955894E+00  2.851310E-01  
9.564965E+01  6.698154E-02  -6.568276E-02  -9.420163E-04  1.000000E+00  5.673358E-03  1.175300E-24  4.979769E-13   5.000000E-01 NotAppl  6.711318E+00  0.000000E+00  
3.260116E+01  1.027476E-04  7.414177E+01  1.185955E-05  1.000000E+00  1.522967E-03  3.960728E-35  7.086787E-16   5.000000E-01 NotAppl  7.867620E-10  1.714118E-07  
3.283290E+01  8.918946E+02  -8.918856E+02  -6.066817E-04  1.000000E+00  6.119292E-03  1.046906E-31  1.828087E-12   5.000000E-01 NotAppl  2.066589E-06  4.471127E-04  
3.102875E+03  2.457185E-03  1.098708E+02  -1.534995E+00  1.000000E+00  1.625657E-03  2.784121E-24  1.077714E-09   3.150598E-02 LZ5Tmedian  4.365021E-01  0.000000E+00  
1.096847E+02  5.657085E-01  2.060418E+00  -1.735991E-04  1.000000E+00  5.449640E-03  1.186698E-24  1.277316E-14   5.000000E-01 NotAppl  5.857868E+00  0.000000E+00  
5.132012E+02  2.014416E-01  -1.964818E-01  6.912397E-04  1.000000E+00  1.039567E-01  8.087476E-26  8.586404E-15   5.000000E-01 NotAppl  7.919030E-02  0.000000E+00  
2.432173E+01  5.814544E+00  -5.814393E+00  -8.479936E-08  1.000000E+00  2.413122E-02  1.528983E-39  6.553172E-20   5.000000E-01 NotAppl  4.190377E-14  7.324217E-12  
9.516841E+02  1.628303E-01  -1.553263E-01  -1.000146E-10  1.000000E+00  3.374010E-01  2.401641E-26  5.089342E-29   5.000000E-01 NotAppl  1.242358E-02  0.000000E+00  
1.540048E+03  4.912113E+00  8.870654E+02  4.495869E-10  1.000000E+00  4.360508E-05  1.167416E-22  3.851830E-28   5.000000E-01 NotAppl  3.748856E+01  0.000000E+00  
6.739405E+02  7.406774E+01  -7.406134E+01  2.046782E-01  1.000000E+00  2.071867E-03  3.273178E-24  4.313146E-10   1.855845E-03 LZ5Tmedian  2.416068E+00  0.000000E+00  
3.564275E+01  5.428548E+01  -5.423785E+01  6.255213E-08  1.000000E+00  3.233285E-03  1.272724E-39  1.645106E-20   5.000000E-01 NotAppl  2.301103E-14  4.592716E-12  
7.068577E+03  4.987923E-02  1.207216E+01  -1.351591E-02  1.000000E+00  1.110869E-01  3.987377E-26  1.566353E-14   5.000000E-01 NotAppl  2.705892E-03  0.000000E+00  
1.106697E+02  1.756128E-02  6.927273E-02  -4.923994E-04  1.000000E+00  6.591521E-03  1.160210E-24  1.008973E-13   5.000000E-01 NotAppl  5.675896E+00  0.000000E+00  
1.143118E+03  1.702144E-04  1.252347E-04  -6.947897E-05  1.000000E+00  4.788812E-01  1.669120E-26  1.689572E-17   5.000000E-01 NotAppl  7.151202E-03  0.000000E+00  
1.590936E+01  6.049970E+00  -6.047406E+00  -3.994087E-03  1.000000E+00  8.001027E-02  2.843802E-30  3.405708E-10   7.117584E-08 LZ5Tmedian  1.246845E-04  2.034665E-02  
6.050850E+01  4.871476E+00  -4.362269E+00  3.665219E-09  1.000000E+00  6.256712E-03  4.995844E-40  1.922689E-23   5.000000E-01 NotAppl  5.178987E-15  4.799446E-15  
1.342927E+02  8.280106E+00  5.287764E+02  4.975945E-05  1.000000E+00  1.143576E-03  2.843286E-24  6.930175E-16   5.000000E-01 NotAppl  1.115525E+01  0.000000E+00  
4.435124E+01  9.086225E+00  2.013905E+02  8.009249E-01  1.000000E+00  6.698295E-03  3.778751E-25  1.729339E-06   0.000000E+00 XENON1T_2018  5.433959E+00  3.865175E-01  
8.461510E+02  1.069275E-02  -7.170325E-03  -1.981935E-03  1.000000E+00  2.705049E-01  3.027307E-26  2.540632E-14   5.000000E-01 NotAppl  1.767689E-02  0.000000E+00  
3.076874E+03  1.730935E+01  -9.817333E+00  5.306505E-03  1.000000E+00  3.586762E-02  1.939053E-25  1.310224E-14   5.000000E-01 NotAppl  3.005000E-02  0.000000E+00  
4.812230E+01  5.579497E+02  -5.578999E+02  -1.833033E-10  1.000000E+00  5.122545E-04  2.953345E-44  7.671257E-26   5.000000E-01 NotAppl  3.899384E-19  3.063429E-17  
1.695129E+01  6.686384E+00  4.772376E-01  -1.935937E-08  1.000000E+00  4.873786E+00  6.811978E-41  7.050224E-21   5.000000E-01 NotAppl  2.779464E-15  3.791056E-13  
3.216206E+03  7.478648E+02  -5.116374E+02  1.399320E-02  1.000000E+00  1.448844E-05  2.733425E-22  8.325594E-14   5.000000E-01 NotAppl  4.046017E+01  0.000000E+00  
1.928060E+02  1.230087E-04  1.386001E-01  3.175350E+00  1.000000E+00  4.248389E-05  3.498488E-22  1.344682E-06   0.000000E+00 XENON1T_2018  1.117449E+03  0.000000E+00  
1.115873E+02  6.594735E+02  -6.594683E+02  2.518440E-10  1.000000E+00  1.580290E-03  3.536842E-24  2.595114E-26   5.000000E-01 NotAppl  1.742768E+01  0.000000E+00  
5.294806E+03  6.264200E-02  3.109369E+01  1.809145E-07  1.000000E+00  1.784441E-02  2.613788E-25  5.048408E-24   5.000000E-01 NotAppl  2.379168E-02  0.000000E+00  
2.891632E+02  6.643397E+01  -6.642737E+01  -7.332527E-08  1.000000E+00  2.992894E-03  2.134834E-24  3.125572E-22   5.000000E-01 NotAppl  3.818198E+00  0.000000E+00  
7.105153E+01  4.382079E+02  6.970958E+00  1.266065E-04  1.000000E+00  1.601967E+00  2.785183E-32  1.652774E-14   5.000000E-01 NotAppl  2.446006E-07  0.000000E+00  
2.972142E+01  4.927270E+01  -4.870095E+01  5.186376E-04  1.000000E+00  1.187799E-02  6.756114E-32  1.634646E-12   5.000000E-01 NotAppl  1.485427E-06  3.368249E-04  
6.789599E+01  2.990708E-01  2.007841E+00  -1.289744E-01  1.000000E+00  5.270915E-03  7.578611E-26  1.881902E-08   0.000000E+00 XENON1T_2018  7.020596E-01  0.000000E+00  
5.419952E+02  3.369403E-04  4.137965E+01  -1.261878E-03  1.000000E+00  9.749540E-03  4.949996E-25  2.559235E-14   5.000000E-01 NotAppl  4.627681E-01  0.000000E+00  
3.285454E+03  1.299233E+01  -1.299213E+01  -4.823115E-07  1.000000E+00  6.058548E-02  1.012879E-25  9.471276E-23   5.000000E-01 NotAppl  1.465557E-02  0.000000E+00  
1.056087E+02  5.955741E-04  8.710742E-04  6.520376E+00  1.000000E+00  2.029887E-05  6.806044E-22  1.947436E-05   0.000000E+00 XENON1T_2018  3.519890E+03  0.000000E+00  
1.911115E+02  1.567364E+02  1.770665E+02  3.070415E-01  1.000000E+00  2.278968E-04  1.421049E-23  1.280229E-08   6.681668E-272 LZ5Tmedian  3.902963E+01  0.000000E+00  
2.884614E+02  5.521190E-01  4.817130E+00  4.267356E-04  1.000000E+00  2.920010E-02  2.542359E-25  1.063901E-14   5.000000E-01 NotAppl  4.531940E-01  0.000000E+00  
7.218257E+01  1.273635E-02  -1.224094E-02  1.975538E-10  1.000000E+00  6.455476E-03  5.214880E-44  3.896400E-26   5.000000E-01 NotAppl  4.504256E-19  0.000000E+00  
6.060736E+03  2.582434E-01  -2.577237E-01  -2.571012E-07  1.000000E+00  1.082868E+01  6.396499E-28  7.747372E-24   5.000000E-01 NotAppl  4.992549E-05  0.000000E+00  
1.751365E+03  9.580882E-01  -9.578960E-01  -1.308357E-08  1.000000E+00  9.713245E-01  7.691378E-27  2.509879E-25   5.000000E-01 NotAppl  2.126517E-03  0.000000E+00  
1.337065E+02  8.687063E-04  1.237299E-02  -1.225188E-02  1.000000E+00  8.981469E-03  8.836738E-25  4.239293E-11   5.861679E-02 LZ5Tmedian  3.556846E+00  0.000000E+00  
7.223563E+01  6.076931E+02  -6.054942E+02  -6.394757E-07  1.000000E+00  2.553594E-02  5.399020E-37  4.076517E-19   5.000000E-01 NotAppl  4.692445E-12  0.000000E+00  
2.807784E+02  8.592404E+00  1.372624E+02  -1.026695E-02  1.000000E+00  1.169208E-03  3.307987E-24  6.508436E-12   5.000000E-01 NotAppl  6.060884E+00  0.000000E+00  
2.817770E+02  1.295501E-01  -1.293904E-01  7.847842E-07  1.000000E+00  3.331854E-02  2.555009E-25  3.775168E-20   5.000000E-01 NotAppl  4.667257E-01  0.000000E+00  
1.471439E+01  3.720814E-01  7.734323E+01  4.364960E-08  1.000000E+00  2.380365E-03  3.318545E-40  4.751153E-20   5.000000E-01 NotAppl  1.590892E-14  2.644050E-12  
2.847942E+01  2.196142E+02  -1.737586E+02  4.867130E-03  1.000000E+00  2.486224E+02  5.697234E-30  1.569505E-10   1.164711E-08 LZ5Tmedian  1.311118E-04  2.924901E-02  
1.008324E+01  9.375949E-01  6.679130E+01  -1.598681E-09  1.000000E+00  1.785337E-02  3.850661E-43  1.341815E-22   5.000000E-01 NotAppl  2.869055E-17  3.598354E-15  
5.067300E+02  1.361751E+00  -1.361396E+00  -7.877583E-02  1.000000E+00  9.624632E-02  8.566623E-26  1.144485E-10   1.100695E-01 NotAppl  8.543568E-02  0.000000E+00  
1.877345E+02  5.006512E+00  -4.612549E+00  -1.343916E-01  1.000000E+00  1.220411E-02  5.540808E-25  2.543934E-09   1.706106E-55 LZ5Tmedian  1.582950E+00  0.000000E+00  
5.319223E+01  3.300929E+01  -3.300094E+01  -1.203794E-06  1.000000E+00  2.513809E-03  2.776799E-36  2.697574E-18   5.000000E-01 NotAppl  3.292753E-11  1.087119E-09  
7.685329E+02  1.942135E-02  1.469926E+02  -2.165807E-05  1.000000E+00  1.018266E-03  4.782503E-24  3.692739E-18   5.000000E-01 NotAppl  3.133490E+00  0.000000E+00  
2.307522E+01  2.243667E+00  -2.189084E+00  -8.907029E-02  1.000000E+00  2.308158E-02  1.635059E-27  8.038690E-08   0.000000E+00 XENON1T_2018  4.742870E-02  2.564130E-01  
1.860169E+01  3.289531E+02  -3.289066E+02  3.880559E-08  1.000000E+00  5.406490E-02  2.822664E-40  2.352429E-20   5.000000E-01 NotAppl  1.037654E-14  2.054183E-12  
2.960923E+02  2.738684E-01  6.020112E+01  -2.993427E-03  1.000000E+00  5.026115E-03  9.908078E-25  4.962488E-13   5.000000E-01 NotAppl  1.719495E+00  0.000000E+00  
8.018759E+02  9.008393E+02  -9.008107E+02  -1.925546E-07  1.000000E+00  4.951270E-05  1.510681E-22  2.676340E-22   5.000000E-01 NotAppl  9.308621E+01  0.000000E+00  
3.488170E+01  5.395333E-02  -5.354706E-02  -1.879249E-03  1.000000E+00  7.449507E-04  1.105344E-30  1.551342E-11   1.379960E-01 NotAppl  2.045081E-05  4.121536E-03  
2.364804E+02  3.866712E-04  8.263773E+02  1.240429E-04  1.000000E+00  4.503791E-04  1.029894E-23  1.350456E-15   5.000000E-01 NotAppl  2.246738E+01  0.000000E+00  
2.628295E+02  1.660409E-01  -1.643478E-01  -1.942440E-06  1.000000E+00  2.920671E-02  2.910420E-25  2.667159E-19   5.000000E-01 NotAppl  5.717161E-01  0.000000E+00  
9.277179E+03  4.770716E+02  -4.770540E+02  -4.425079E-01  1.000000E+00  5.988744E-05  1.272580E-22  9.665104E-12   5.000000E-01 NotAppl  6.421882E+00  0.000000E+00  
4.663037E+02  1.058279E+02  -1.057903E+02  -5.324752E-06  1.000000E+00  1.319361E-03  5.117585E-24  6.198311E-19   5.000000E-01 NotAppl  5.543354E+00  0.000000E+00  
1.389610E+01  1.312361E-04  9.155251E-02  -6.565084E-09  1.000000E+00  1.027115E-03  7.378882E-42  1.204002E-21   5.000000E-01 NotAppl  3.778315E-16  6.002498E-14  
1.463327E+03  1.139136E+00  -3.656651E-01  -2.418181E-10  1.000000E+00  6.831596E-01  1.115144E-26  1.236717E-28   5.000000E-01 NotAppl  3.708198E-03  0.000000E+00  
4.469818E+01  7.358541E-03  -6.680306E-03  4.595503E-04  1.000000E+00  9.084375E-05  1.292622E-31  5.603683E-13   5.000000E-01 NotAppl  1.837897E-06  2.106645E-04  
1.042771E+03  5.585918E+00  -5.585630E+00  9.252901E-05  1.000000E+00  1.764085E-01  3.827191E-26  3.614583E-17   5.000000E-01 NotAppl  1.799992E-02  0.000000E+00  
2.326170E+02  7.273844E+01  -7.243969E+01  1.920169E-08  1.000000E+00  2.612989E-03  2.358665E-24  3.347123E-23   5.000000E-01 NotAppl  5.304563E+00  0.000000E+00  
1.318629E+02  2.130459E-02  -2.100424E-02  7.291472E-03  1.000000E+00  8.526274E-03  9.567817E-25  1.544828E-11   3.513391E-01 NotAppl  3.905706E+00  0.000000E+00  
3.116673E+02  3.333432E+01  -2.010118E+01  1.158574E-08  1.000000E+00  4.694950E-03  8.143906E-25  6.692991E-24   5.000000E-01 NotAppl  1.344664E+00  0.000000E+00  
4.904665E+03  3.162533E+00  2.027875E+01  -9.284639E-06  1.000000E+00  3.295402E-02  1.544918E-25  1.553521E-20   5.000000E-01 NotAppl  1.518354E-02  0.000000E+00  
2.546880E+03  4.829203E+00  5.839134E+00  4.117409E-01  1.000000E+00  9.319519E-02  8.120855E-26  1.159103E-10   5.000000E-01 NotAppl  1.549810E-02  0.000000E+00  
9.373429E+01  1.427275E+00  -6.936199E-01  -7.233196E-06  1.000000E+00  4.958626E-03  1.128296E-24  3.060262E-17   5.000000E-01 NotAppl  6.590988E+00  0.000000E+00  
1.922233E+01  8.250397E+01  -8.249498E+01  -6.884850E-04  1.000000E+00  4.954013E-02  8.991773E-32  6.933570E-12   5.000000E-01 NotAppl  3.185671E-06  6.436958E-04  
2.885263E+02  5.638182E+02  -8.534169E+01  -5.805256E-03  1.000000E+00  8.839810E-05  3.827940E-23  1.968004E-12   5.000000E-01 NotAppl  6.853674E+01  0.000000E+00  
1.016720E+03  2.344302E-04  2.905059E-01  5.168313E+00  1.000000E+00  2.340218E-03  5.677271E-24  1.187481E-07   0.000000E+00 LZ5Tmedian  2.852416E+00  0.000000E+00  
1.114930E+03  1.211217E-02  2.065769E+00  1.776699E-02  1.000000E+00  3.974610E-01  1.905078E-26  1.162586E-12   5.000000E-01 NotAppl  8.386966E-03  0.000000E+00  
1.604183E+01  5.766500E-03  8.006165E-02  -7.863819E-09  1.000000E+00  1.396202E-03  1.105127E-41  1.298564E-21   5.000000E-01 NotAppl  4.798207E-16  8.537445E-14  
7.576002E+01  5.953683E-04  2.295136E+01  3.190211E-05  1.000000E+00  5.968592E-03  6.935389E-34  9.204924E-16   5.000000E-01 NotAppl  5.699145E-09  0.000000E+00  
4.195329E+01  3.799553E+02  -3.799290E+02  -6.940592E-05  1.000000E+00  1.769062E-04  2.337807E-33  1.454166E-14   5.000000E-01 NotAppl  3.559364E-08  5.101937E-06  
7.971757E+03  6.520564E+02  -6.517624E+02  -6.497470E-05  1.000000E+00  3.324811E-05  2.311164E-22  2.835344E-19   5.000000E-01 NotAppl  1.359502E+01  0.000000E+00  
4.016607E+01  1.360266E+00  -1.879823E-01  8.012371E+00  1.000000E+00  1.976999E-04  2.158374E-25  2.117376E-04   0.000000E+00 XENON1T_2018  3.821032E+00  2.542885E-01  
4.631200E+02  4.460889E-02  -3.408978E-02  -1.283788E-01  1.000000E+00  7.593027E-02  1.163342E-25  3.653824E-10   4.571515E-04 LZ5Tmedian  1.283559E-01  0.000000E+00  
1.307546E+01  4.821307E-03  -4.460540E-03  -1.990058E-10  1.000000E+00  1.140737E-03  6.651463E-45  1.247976E-24   5.000000E-01 NotAppl  3.654665E-19  5.531946E-17  
5.699047E+01  1.808797E+01  -1.808704E+01  3.635550E-04  1.000000E+00  4.656091E-03  6.786327E-31  2.137586E-13   5.000000E-01 NotAppl  7.488000E-06  7.751298E-05  
8.214885E+02  3.779889E-03  5.646026E-01  -6.808398E-03  1.000000E+00  2.534663E-01  3.215793E-26  3.184851E-13   5.000000E-01 NotAppl  1.935977E-02  0.000000E+00  
1.593088E+01  4.535254E+02  -4.472311E+02  -3.947566E-01  1.000000E+00  9.331943E-02  2.779015E-26  3.317885E-06   0.000000E+00 XENON1T_2018  1.216171E+00  5.177280E-01  
4.385174E+01  2.235062E+01  -2.217669E+01  -1.155655E-05  1.000000E+00  4.264031E-05  7.572979E-35  3.684388E-16   5.000000E-01 NotAppl  1.100971E-09  1.359526E-07  
2.304023E+02  2.841974E-02  7.431135E+01  -5.598406E-05  1.000000E+00  3.817858E-03  1.338115E-24  2.901573E-16   5.000000E-01 NotAppl  3.002128E+00  0.000000E+00  
1.000857E+03  2.970626E+01  -7.776997E+00  -4.336990E-08  1.000000E+00  8.095548E-03  6.500342E-25  8.634680E-24   5.000000E-01 NotAppl  3.197881E-01  0.000000E+00  
2.347032E+03  9.734197E+02  -1.112345E+02  -1.503262E-10  1.000000E+00  7.630097E-06  4.981144E-22  1.824813E-29   5.000000E-01 NotAppl  1.022307E+02  0.000000E+00  
5.776259E+02  9.195761E-01  -9.146768E-01  -1.121598E-04  1.000000E+00  1.274720E-01  6.468849E-26  1.775076E-16   5.000000E-01 NotAppl  5.603682E-02  0.000000E+00  
7.254870E+03  2.172914E-03  3.188220E-01  -1.963101E-02  1.000000E+00  1.502897E+01  4.416404E-28  3.134241E-14   5.000000E-01 NotAppl  2.876556E-05  0.000000E+00  
1.318153E+02  9.369616E+01  -9.327289E+01  -1.356063E-03  1.000000E+00  2.234008E-03  2.490250E-24  5.347258E-13   5.000000E-01 NotAppl  1.032766E+01  0.000000E+00  
8.610644E+03  1.078370E-02  9.825146E+02  -2.330934E-10  1.000000E+00  2.317385E-05  2.319665E-22  3.120160E-30   5.000000E-01 NotAppl  1.289083E+01  0.000000E+00  
3.667522E+02  2.438782E-01  5.065762E+01  -3.412243E-08  1.000000E+00  6.623599E-03  7.455604E-25  4.160619E-23   5.000000E-01 NotAppl  1.039775E+00  0.000000E+00  
1.462093E+01  3.329953E-04  3.650228E-03  -1.069704E-10  1.000000E+00  1.322278E-03  1.989258E-45  2.889766E-25   5.000000E-01 NotAppl  9.606471E-20  1.589173E-17  
5.421220E+01  2.698055E+00  -1.738190E+00  -2.101844E-02  1.000000E+00  3.926304E-03  1.049633E-27  7.911361E-10   7.600279E-43 LZ5Tmedian  1.224576E-02  1.896553E-01  
2.273092E+01  1.196281E-01  4.296571E+02  -7.358301E-10  1.000000E+00  2.092513E-03  1.106878E-43  5.654881E-24   5.000000E-01 NotAppl  3.263711E-18  7.203950E-16  
1.272126E+03  8.950719E+02  -5.614094E+02  -1.327128E-01  1.000000E+00  1.540400E-05  2.469479E-22  4.956193E-11   5.000000E-01 NotAppl  9.465785E+01  0.000000E+00  
5.506435E+02  2.429982E-03  -1.740921E-03  -1.463451E-10  1.000000E+00  1.193732E-01  7.044044E-26  3.332537E-28   5.000000E-01 NotAppl  6.411824E-02  0.000000E+00  
2.880639E+01  5.064981E-04  3.102453E-01  1.722918E-06  1.000000E+00  2.383647E-03  7.219391E-37  1.921828E-17   5.000000E-01 NotAppl  1.642507E-11  3.761234E-09  
1.540202E+03  1.458185E-04  1.651428E-01  5.769372E-10  1.000000E+00  8.423039E-01  9.239359E-27  6.341736E-28   5.000000E-01 NotAppl  2.915077E-03  0.000000E+00  
2.439091E+02  2.615025E-03  8.227489E+00  -3.759081E-03  1.000000E+00  2.066190E-02  3.535554E-25  1.164075E-12   5.000000E-01 NotAppl  7.506617E-01  0.000000E+00  
2.379044E+02  1.125076E-03  -3.337787E-04  2.948931E-02  1.000000E+00  2.385415E-02  3.625928E-25  7.539183E-11   4.964995E-02 LZ5Tmedian  7.910641E-01  0.000000E+00  
4.182121E+01  5.694015E-04  2.196005E+01  -4.005579E-07  1.000000E+00  2.982034E-04  7.709222E-38  4.874585E-19   5.000000E-01 NotAppl  1.177721E-12  1.703195E-10  
5.988849E+02  1.084586E+01  -1.036920E+01  -1.921844E-07  1.000000E+00  5.155745E-02  1.270658E-25  4.840503E-22   5.000000E-01 NotAppl  1.060165E-01  0.000000E+00  
4.182907E+02  1.141650E+02  -1.141027E+02  -1.484199E-01  1.000000E+00  1.317821E-03  5.078669E-24  6.014525E-10   8.525436E-07 LZ5Tmedian  6.167013E+00  0.000000E+00  
2.253546E+03  2.399998E+01  7.604994E+01  -9.781152E-03  1.000000E+00  1.747420E-03  2.917904E-24  8.392374E-14   5.000000E-01 NotAppl  6.326181E-01  0.000000E+00  
6.013149E+03  8.813118E+00  3.090715E+02  -1.303704E-02  1.000000E+00  1.971793E-04  2.590315E-23  2.024239E-14   5.000000E-01 NotAppl  2.072168E+00  0.000000E+00  
7.122268E+02  4.088672E-04  1.642047E+02  2.701060E-05  1.000000E+00  8.567216E-04  5.710674E-24  6.709436E-18   5.000000E-01 NotAppl  4.044757E+00  0.000000E+00  
9.411215E+02  4.688576E+02  -4.672289E+02  1.029035E-09  1.000000E+00  9.343691E-05  7.603072E-23  5.511769E-27   5.000000E-01 NotAppl  3.969607E+01  0.000000E+00  
6.132301E+03  1.241516E-04  4.781196E+01  9.590190E-03  1.000000E+00  7.794377E-03  6.136994E-25  1.052544E-14   5.000000E-01 NotAppl  4.811984E-02  0.000000E+00  
2.136225E+01  9.249367E+02  -9.235662E+02  2.400192E-10  1.000000E+00  7.622735E-02  1.141835E-44  6.817520E-25   5.000000E-01 NotAppl  3.600326E-19  7.692356E-17  
1.880458E+02  1.130875E-02  4.188594E+01  -8.150982E-05  1.000000E+00  6.668414E-03  8.841718E-25  9.326246E-16   5.000000E-01 NotAppl  2.451775E+00  0.000000E+00  
3.878871E+02  2.871242E-03  2.219823E-03  1.605098E-01  1.000000E+00  4.887060E-02  1.904659E-25  8.208838E-10   1.226691E-09 LZ5Tmedian  2.534765E-01  0.000000E+00  
8.804812E+03  3.404275E-04  2.948683E+02  -1.098118E-01  1.000000E+00  2.279931E-04  2.267345E-23  6.618340E-13   5.000000E-01 NotAppl  1.231893E+00  0.000000E+00  
1.794839E+02  4.915565E-01  2.606558E+01  2.702449E+00  1.000000E+00  3.592021E-05  2.873941E-22  1.127926E-06   0.000000E+00 XENON1T_2018  9.848674E+02  0.000000E+00  
3.988104E+03  4.388981E+02  1.010392E+02  2.749968E-06  1.000000E+00  2.187548E-05  1.701332E-22  2.075647E-21   5.000000E-01 NotAppl  2.038086E+01  0.000000E+00  
1.153857E+03  3.289799E+01  -3.283617E+01  1.859754E-07  1.000000E+00  1.030529E-02  6.335263E-25  1.187666E-22   5.000000E-01 NotAppl  2.681017E-01  0.000000E+00  
1.994829E+02  8.353091E+00  -6.991718E+00  -6.847675E+00  1.000000E+00  7.649641E-07  1.048713E-20  5.832072E-06   0.000000E+00 XENON1T_2018  3.304409E+04  0.000000E+00  
2.420208E+01  2.302916E+01  -2.302690E+01  -2.948099E-08  1.000000E+00  2.474146E-02  1.842275E-40  7.999632E-21   5.000000E-01 NotAppl  5.071526E-15  1.661673E-13  
1.232045E+01  2.974941E-02  -1.705678E-02  2.826427E-08  1.000000E+00  1.148520E-03  1.314886E-40  2.831024E-20   5.000000E-01 NotAppl  7.742595E-15  1.118749E-12  
2.328915E+01  4.047156E-02  1.780188E+01  2.059036E-06  1.000000E+00  1.847937E-03  8.783580E-37  4.216709E-17   5.000000E-01 NotAppl  2.522702E-11  2.118597E-09  
1.246370E+03  2.235261E+01  -2.232821E+01  7.365779E-06  1.000000E+00  2.117353E-02  3.023438E-25  1.591774E-19   5.000000E-01 NotAppl  1.181599E-01  0.000000E+00  
1.713590E+03  2.715654E-02  -2.304040E-02  7.703558E-04  1.000000E+00  1.034169E+00  7.466960E-27  9.096725E-16   5.000000E-01 NotAppl  2.111677E-03  0.000000E+00  
3.833488E+02  1.088182E+00  -1.068031E+00  8.801810E-02  1.000000E+00  5.234088E-02  1.650774E-25  2.528616E-10   1.673480E-03 LZ5Tmedian  2.202291E-01  0.000000E+00  
8.763948E+01  5.305012E-03  1.127822E+00  6.306801E-04  1.000000E+00  5.265414E-03  7.434000E-25  2.670292E-13   5.000000E-01 NotAppl  4.734411E+00  0.000000E+00  
2.576674E+03  5.814467E-01  6.312913E+02  2.597256E-05  1.000000E+00  6.211953E-05  8.348600E-23  4.504208E-19   5.000000E-01 NotAppl  1.581636E+01  0.000000E+00  
3.828908E+01  3.855215E-03  1.129108E+02  2.303062E-09  1.000000E+00  6.486846E-05  2.002660E-42  1.928140E-23   5.000000E-01 NotAppl  3.356644E-17  5.988364E-15  
5.895079E+01  3.175436E+00  1.613564E+02  2.176197E-07  1.000000E+00  2.977084E-03  5.680120E-37  7.148536E-20   5.000000E-01 NotAppl  6.076786E-12  2.133090E-11  
9.806870E+01  2.498510E-02  3.587984E+00  2.212337E-05  1.000000E+00  4.948106E-03  1.228292E-24  2.609528E-16   5.000000E-01 NotAppl  6.824220E+00  0.000000E+00  
6.785142E+01  4.198693E-04  -1.457305E-04  1.913995E-08  1.000000E+00  5.628506E-03  1.696906E-39  4.150060E-22   5.000000E-01 NotAppl  1.572199E-14  0.000000E+00  
4.237701E+03  2.781148E+02  -2.779646E+02  5.128607E-06  1.000000E+00  1.711673E-04  4.273392E-23  6.380763E-21   5.000000E-01 NotAppl  4.770927E+00  0.000000E+00  
1.644342E+01  6.457353E-03  5.777998E+02  -9.783708E-07  1.000000E+00  9.696862E-04  1.723485E-37  1.913342E-17   5.000000E-01 NotAppl  7.278411E-12  1.319154E-09  
2.369150E+02  4.625084E-03  1.330309E+00  -1.015874E-08  1.000000E+00  2.335957E-02  3.538199E-25  9.023654E-24   5.000000E-01 NotAppl  7.745954E-01  0.000000E+00  
1.379088E+03  1.142725E+00  5.895847E+01  8.985838E-09  1.000000E+00  4.998360E-03  9.437985E-25  1.927178E-25   5.000000E-01 NotAppl  3.393598E-01  0.000000E+00  
2.437505E+01  3.328147E+02  -3.323773E+02  -2.641454E-05  1.000000E+00  2.649541E-02  1.485534E-34  6.330449E-15   5.000000E-01 NotAppl  4.061513E-09  9.174164E-07  
1.042445E+01  2.517917E-04  1.183820E+00  -1.996549E-03  1.000000E+00  4.306820E-04  6.113108E-31  1.961130E-10   1.214720E-01 NotAppl  4.379784E-05  5.512107E-03  
2.333893E+03  4.074413E+02  -4.062114E+02  2.460738E-06  1.000000E+00  8.918947E-05  8.176119E-23  4.945904E-21   5.000000E-01 NotAppl  1.677734E+01  0.000000E+00  
1.089786E+01  1.608179E-02  4.005240E+00  -8.826169E-07  1.000000E+00  5.004474E-04  1.220556E-37  3.513540E-17   5.000000E-01 NotAppl  8.299716E-12  1.077015E-09  
1.152445E+01  1.138398E-01  1.386072E+00  2.261439E-02  1.000000E+00  8.122630E-04  8.207506E-29  2.066951E-08   2.569041E-151 LZ5Tmedian  5.224920E-03  1.812605E-01  
2.173013E+03  1.826508E-02  5.414204E-03  1.470757E+00  1.000000E+00  9.755832E-02  1.159521E-25  2.043524E-09   8.717687E-05 LZ5Tmedian  2.714235E-02  0.000000E+00  
3.551201E+02  1.364273E+01  8.463513E+01  4.469811E-05  1.000000E+00  1.779458E-03  2.139950E-24  7.626176E-17   5.000000E-01 NotAppl  3.086161E+00  0.000000E+00  
1.113986E+02  1.997656E-04  9.921846E-01  1.685313E-09  1.000000E+00  6.330616E-03  1.159486E-24  1.166168E-24   5.000000E-01 NotAppl  5.633452E+00  0.000000E+00  
5.056480E+01  1.100574E+01  -1.100550E+01  -3.959774E+00  1.000000E+00  8.453314E-04  2.801076E-24  3.236346E-05   0.000000E+00 XENON1T_2018  3.163052E+01  3.887461E-01  
2.317381E+02  6.596274E+01  -6.595382E+01  8.075833E-02  1.000000E+00  2.606086E-03  2.427616E-24  5.966715E-10   2.646491E-11 LZ5Tmedian  5.485417E+00  0.000000E+00  
8.165173E+02  8.573205E-04  4.445465E-03  1.496834E-02  1.000000E+00  2.521584E-01  3.260051E-26  1.558585E-12   5.000000E-01 NotAppl  1.975148E-02  0.000000E+00  
1.041218E+01  1.231583E-04  1.679167E-04  -6.201369E-04  1.000000E+00  7.446510E-04  5.894086E-32  1.896361E-11   5.000000E-01 NotAppl  4.228720E-06  5.404936E-04  
9.371841E+03  1.078554E+02  -1.078267E+02  7.695419E-01  1.000000E+00  1.031955E-03  6.947582E-24  2.863365E-11   5.000000E-01 NotAppl  3.470305E-01  0.000000E+00  
3.927866E+03  2.341172E-03  3.906221E+02  2.463475E-09  1.000000E+00  1.367899E-04  3.722074E-23  1.718068E-27   5.000000E-01 NotAppl  4.586232E+00  0.000000E+00  
1.444073E+01  4.920675E+00  7.963643E+01  2.403679E-05  1.000000E+00  5.137687E+00  1.000715E-34  1.495486E-14   5.000000E-01 NotAppl  4.900649E-09  7.379099E-07  
2.694517E+03  8.872553E-01  -8.697369E-01  -2.782941E-03  1.000000E+00  2.038741E+00  3.478479E-27  4.721193E-15   5.000000E-01 NotAppl  6.187441E-04  0.000000E+00  
2.458837E+01  1.209710E+01  3.473621E+01  -3.630774E+00  1.000000E+00  3.291097E-03  9.072309E-25  1.175205E-04   0.000000E+00 XENON1T_2018  2.427371E+01  3.653811E-01  
4.569099E+02  4.754861E-02  6.462955E+02  -1.005545E-02  1.000000E+00  1.846537E-04  2.690913E-23  2.304394E-12   5.000000E-01 NotAppl  3.000851E+01  0.000000E+00  
5.905634E+02  1.867244E+00  -5.328654E-01  1.059973E-05  1.000000E+00  1.222141E-01  6.407363E-26  1.515186E-18   5.000000E-01 NotAppl  5.425217E-02  0.000000E+00  
2.912205E+02  4.399272E+01  -4.029998E+01  -4.576932E-08  1.000000E+00  4.318224E-03  1.157547E-24  1.200234E-22   5.000000E-01 NotAppl  2.053637E+00  0.000000E+00  
2.172441E+03  2.402434E-01  2.424864E+02  -3.247415E-04  1.000000E+00  3.500695E-04  1.418226E-23  9.967965E-17   5.000000E-01 NotAppl  3.200478E+00  0.000000E+00  
1.599524E+02  1.124996E-01  -1.112644E-01  5.904687E-05  1.000000E+00  1.189370E-02  6.909045E-25  6.818933E-16   5.000000E-01 NotAppl  2.311160E+00  0.000000E+00  
3.149300E+03  9.215257E+01  -9.214688E+01  -3.276487E-08  1.000000E+00  1.423156E-03  4.869042E-24  4.764084E-25   5.000000E-01 NotAppl  7.355908E-01  0.000000E+00  
4.287998E+01  2.358625E-03  1.893702E+00  9.380619E-02  1.000000E+00  2.274986E-04  4.597357E-27  2.540845E-08   0.000000E+00 XENON1T_2018  6.825975E-02  2.387820E-01  
1.037142E+02  2.622279E+01  -2.612711E+01  -7.435822E-03  1.000000E+00  3.999066E-03  1.411851E-24  2.628394E-11   1.147042E-01 NotAppl  7.418414E+00  0.000000E+00  
4.446537E+03  8.167446E-02  3.674931E-01  -2.011075E-01  1.000000E+00  5.168484E+00  1.445621E-27  8.896966E-12   5.000000E-01 NotAppl  1.574224E-04  0.000000E+00  
1.954020E+03  1.581047E-02  4.188839E-03  -2.179652E+00  1.000000E+00  3.764262E-02  3.141742E-25  5.572680E-09   4.961933E-13 LZ5Tmedian  8.249238E-02  0.000000E+00  
5.781269E+03  3.466813E-04  4.232352E-02  -6.145872E-02  1.000000E+00  1.048515E+01  6.838997E-28  4.872830E-13   5.000000E-01 NotAppl  5.613819E-05  0.000000E+00  
5.025266E+03  2.320819E+02  -2.284741E+02  -1.186153E-04  1.000000E+00  2.349462E-04  3.036467E-23  2.413344E-18   5.000000E-01 NotAppl  2.850989E+00  0.000000E+00  
4.356366E+03  3.413707E-02  1.726487E+01  -1.002783E-04  1.000000E+00  5.518837E-02  8.164402E-26  2.306187E-18   5.000000E-01 NotAppl  9.054391E-03  0.000000E+00  
4.918565E+02  6.398803E+01  -6.397075E+01  2.143836E-02  1.000000E+00  3.029425E-03  2.178813E-24  9.008811E-12   5.000000E-01 NotAppl  2.232041E+00  0.000000E+00  
1.275586E+01  1.279805E+02  -1.279788E+02  -3.045195E-06  1.000000E+00  1.326152E-01  1.544733E-36  3.068586E-16   5.000000E-01 NotAppl  8.735129E-11  1.297170E-08  
1.141507E+01  1.756167E-02  1.125842E+01  -9.141223E+00  1.000000E+00  5.412689E-04  8.566821E-26  3.441160E-03   0.000000E+00 XENON1T_2018  5.453229E+00  2.534925E-01  
9.655373E+02  7.583203E-03  -7.255776E-03  -6.267391E-07  1.000000E+00  3.475578E-01  2.332211E-26  1.940417E-21   5.000000E-01 NotAppl  1.188611E-02  0.000000E+00  
4.146197E+03  3.664013E+02  -3.663952E+02  -9.490892E-10  1.000000E+00  1.021871E-04  7.245049E-23  2.284390E-28   5.000000E-01 NotAppl  8.270303E+00  0.000000E+00  
2.631994E+03  6.653485E-02  7.640355E-02  6.844613E-01  1.000000E+00  5.031762E-01  2.023755E-26  2.995722E-10   3.222791E-01 NotAppl  3.865257E-03  0.000000E+00  
9.747641E+03  6.807314E-04  1.161266E+01  1.572130E-09  1.000000E+00  1.212326E-01  3.661243E-26  1.103370E-28   5.000000E-01 NotAppl  1.794397E-03  0.000000E+00  
2.772292E+02  2.873320E-02  7.388028E+02  -9.778592E-01  1.000000E+00  3.667423E-04  1.254009E-23  6.059833E-08   0.000000E+00 XENON1T_2018  2.445636E+01  0.000000E+00  
1.467123E+02  5.181971E+00  -5.177972E+00  -1.718415E-10  1.000000E+00  8.158826E-03  8.227552E-25  6.894454E-27   5.000000E-01 NotAppl  3.011289E+00  0.000000E+00  
4.741791E+01  2.541190E+01  -2.540119E+01  -8.019907E-02  1.000000E+00  3.264238E-04  5.206243E-27  1.513246E-08   0.000000E+00 XENON1T_2018  6.980029E-02  4.617032E-01  
8.041667E+02  1.585491E-03  1.699050E+01  4.419800E-03  1.000000E+00  4.648133E-02  1.103428E-25  1.401871E-13   5.000000E-01 NotAppl  6.868780E-02  0.000000E+00  
3.221607E+03  7.500813E+00  -7.500325E+00  5.840348E-08  1.000000E+00  1.691438E-01  3.525485E-26  1.445359E-24   5.000000E-01 NotAppl  5.205713E-03  0.000000E+00  
9.491960E+03  9.581136E-03  2.963247E-02  3.883536E-04  1.000000E+00  2.813518E+01  2.453326E-28  7.106184E-18   5.000000E-01 NotAppl  1.216500E-05  0.000000E+00  
2.740236E+02  2.391913E-03  4.482562E+02  -2.313858E-01  1.000000E+00  4.934947E-04  9.069249E-24  3.474774E-09   2.433617E-53 LZ5Tmedian  1.706703E+01  0.000000E+00  
3.760763E+03  8.813306E+01  -8.766141E+01  -3.618296E+00  1.000000E+00  1.909546E-03  3.253315E-24  4.049129E-09   2.199305E-05 LZ5Tmedian  4.119263E-01  0.000000E+00  
4.350445E+02  1.542377E-02  1.329173E+01  -5.327297E-04  1.000000E+00  3.988379E-02  1.579967E-25  7.150487E-15   5.000000E-01 NotAppl  1.841235E-01  0.000000E+00  
4.211592E+02  1.988532E-01  3.004717E+01  -9.330709E-07  1.000000E+00  1.500896E-02  3.455543E-25  2.344084E-20   5.000000E-01 NotAppl  4.176883E-01  0.000000E+00  
2.716237E+02  7.460889E-04  -4.940790E-04  3.356488E-06  1.000000E+00  3.120546E-02  2.735976E-25  7.444710E-19   5.000000E-01 NotAppl  5.193004E-01  0.000000E+00  
8.443440E+01  9.580622E-01  6.311793E+00  -1.357269E-07  1.000000E+00  5.031827E-03  6.533146E-25  1.334843E-20   5.000000E-01 NotAppl  4.336407E+00  0.000000E+00  
7.595791E+01  1.288706E-03  2.343572E-01  -6.454240E-04  1.000000E+00  6.804586E-03  2.749268E-31  3.747634E-13   5.000000E-01 NotAppl  2.253133E-06  0.000000E+00  
9.980776E+01  5.190104E-04  1.894473E-01  1.213327E-08  1.000000E+00  5.756848E-03  1.227715E-24  7.571238E-23   5.000000E-01 NotAppl  6.694012E+00  0.000000E+00  
1.926368E+02  6.733596E-02  2.595213E-01  -4.380537E-08  1.000000E+00  1.632659E-02  5.118367E-25  2.563733E-22   5.000000E-01 NotAppl  1.390846E+00  0.000000E+00  
2.191066E+01  8.169295E+00  1.369740E+00  7.841683E+00  1.000000E+00  1.877342E-02  1.475512E-25  6.915340E-04   0.000000E+00 XENON1T_2018  4.730122E+00  2.627640E-01  
1.647318E+01  4.182686E-02  -4.118772E-02  -2.876960E+00  1.000000E+00  1.804646E-03  5.653182E-25  1.648493E-04   0.000000E+00 XENON1T_2018  2.377948E+01  2.500224E-01  
3.798288E+02  1.172492E-01  3.163404E-01  1.974812E-09  1.000000E+00  5.808274E-02  1.449188E-25  1.297147E-25   5.000000E-01 NotAppl  1.940225E-01  0.000000E+00  
2.588877E+03  3.998539E-01  -3.912523E-01  2.194322E-02  1.000000E+00  2.156574E+00  3.452728E-27  3.184279E-13   5.000000E-01 NotAppl  6.401820E-04  0.000000E+00  
4.856640E+03  2.158922E+00  1.033469E+02  1.767563E-05  1.000000E+00  1.681788E-03  2.944270E-24  5.744151E-20   5.000000E-01 NotAppl  2.925590E-01  0.000000E+00  
1.411763E+01  3.503632E+01  1.120207E+02  2.989914E+00  1.000000E+00  3.346248E-03  9.414099E-25  2.420171E-04   0.000000E+00 XENON1T_2018  4.746773E+01  4.286202E-01  
2.310068E+01  4.556848E+00  -7.679510E-01  -1.521623E-04  1.000000E+00  1.607767E-01  4.775075E-33  2.340825E-13   5.000000E-01 NotAppl  1.382459E-07  2.550997E-05  
8.578716E+02  2.156631E+02  1.437970E+02  2.391804E-10  1.000000E+00  8.146963E-05  4.316513E-23  3.597603E-28   5.000000E-01 NotAppl  2.504559E+01  0.000000E+00  
4.591991E+03  1.006052E-02  1.941684E-01  3.787370E-05  1.000000E+00  6.756125E+00  1.056422E-27  2.955515E-19   5.000000E-01 NotAppl  1.093107E-04  0.000000E+00  
5.914892E+02  3.013063E-03  -2.871238E-03  2.961399E-05  1.000000E+00  1.368233E-01  6.123879E-26  1.178907E-17   5.000000E-01 NotAppl  5.176185E-02  0.000000E+00  
2.187444E+03  2.173898E+01  -2.173832E+01  -2.450160E-09  1.000000E+00  2.264336E-02  2.804915E-25  5.595402E-27   5.000000E-01 NotAppl  6.151576E-02  0.000000E+00  
6.037523E+02  6.801005E+00  2.614561E+02  -4.631614E-08  1.000000E+00  3.754423E-04  1.204688E-23  2.765241E-23   5.000000E-01 NotAppl  1.010373E+01  0.000000E+00  
4.093467E+03  1.483476E+00  2.250017E+02  -5.165297E-06  1.000000E+00  3.806848E-04  1.309774E-23  6.944695E-21   5.000000E-01 NotAppl  1.547627E+00  0.000000E+00  
2.568456E+02  1.530069E-03  1.999865E-02  1.647560E+00  1.000000E+00  1.347447E-03  9.734216E-24  2.011517E-07   0.000000E+00 XENON1T_2018  2.024010E+01  0.000000E+00  
1.268101E+02  1.138208E-02  -8.188727E-03  -5.096658E-03  1.000000E+00  8.182869E-03  9.704977E-25  8.177254E-12   5.000000E-01 NotAppl  4.121504E+00  0.000000E+00  
1.465689E+03  1.043963E-01  2.418004E+02  -1.909150E-07  1.000000E+00  3.740809E-04  1.330830E-23  7.683231E-23   5.000000E-01 NotAppl  4.496209E+00  0.000000E+00  
1.690729E+02  4.631304E-01  -4.628642E-01  6.387163E-09  1.000000E+00  1.291885E-02  6.300584E-25  7.121526E-24   5.000000E-01 NotAppl  1.991242E+00  0.000000E+00  
3.639435E+01  6.869763E-04  9.580812E+01  -3.441699E-04  1.000000E+00  2.996311E-04  4.010277E-32  4.773664E-13   5.000000E-01 NotAppl  7.092414E-07  1.375011E-04  
1.951989E+01  6.800019E+02  -6.799998E+02  3.230542E-05  1.000000E+00  4.753993E-02  1.991326E-34  1.480272E-14   5.000000E-01 NotAppl  6.938881E-09  1.416626E-06  
7.175257E+02  2.099207E-01  4.694793E+00  4.908033E-01  1.000000E+00  5.111362E-02  1.937886E-25  2.182002E-09   1.017392E-13 LZ5Tmedian  1.394143E-01  0.000000E+00  
6.261441E+02  1.727154E-02  -1.559982E-02  5.785165E-09  1.000000E+00  1.525138E-01  5.477254E-26  4.004727E-25   5.000000E-01 NotAppl  4.364627E-02  0.000000E+00  
4.228628E+03  5.630988E-01  8.177908E-01  -1.186856E-07  1.000000E+00  3.397463E+00  1.934297E-27  3.432123E-24   5.000000E-01 NotAppl  2.184271E-04  0.000000E+00  
4.667974E+03  2.382042E-03  4.189031E+01  8.895213E-03  1.000000E+00  1.002038E-02  4.712937E-25  1.576803E-14   5.000000E-01 NotAppl  4.874212E-02  0.000000E+00  
7.977091E+03  9.164144E-04  7.861234E+01  4.688052E-08  1.000000E+00  2.984365E-03  1.652893E-24  1.474049E-25   5.000000E-01 NotAppl  9.924713E-02  0.000000E+00  
2.038906E+02  2.692506E+02  -2.692472E+02  -1.432539E+00  1.000000E+00  1.860564E-04  3.672674E-23  2.440614E-07   0.000000E+00 XENON1T_2018  1.115357E+02  0.000000E+00  
1.442782E+03  5.207061E-03  5.575116E-02  -1.473709E-08  1.000000E+00  7.451199E-01  1.051364E-26  4.727569E-25   5.000000E-01 NotAppl  3.547168E-03  0.000000E+00  
6.863727E+01  8.336597E+02  -8.332455E+02  -6.721427E-02  1.000000E+00  1.382944E-02  1.573627E-26  4.999007E-09   2.092864E-238 LZ5Tmedian  1.440576E-01  0.000000E+00  
1.073675E+03  2.008792E-02  3.249890E-03  1.904308E-09  1.000000E+00  4.251351E-01  1.890043E-26  1.442413E-26   5.000000E-01 NotAppl  8.636337E-03  0.000000E+00  
7.134360E+02  1.278875E-03  1.425671E-02  1.563276E-09  1.000000E+00  1.955450E-01  4.238197E-26  2.239667E-26   5.000000E-01 NotAppl  2.950996E-02  0.000000E+00  
1.279653E+01  5.219200E-02  -4.692052E-02  2.041590E-08  1.000000E+00  1.385256E-03  6.950729E-41  1.370616E-20   5.000000E-01 NotAppl  3.916002E-15  5.827738E-13  
2.927006E+02  1.587222E-02  -1.507765E-02  -2.243420E+00  1.000000E+00  3.721369E-04  3.704803E-23  2.853838E-07   0.000000E+00 XENON1T_2018  7.527404E+01  0.000000E+00  
1.430936E+01  9.817998E-02  -9.616841E-02  9.767518E-02  1.000000E+00  1.990107E-03  1.647980E-27  2.514635E-07   0.000000E+00 XENON1T_2018  8.155488E-02  2.451792E-01  
1.412678E+02  1.259271E+01  3.123619E+01  -1.009189E-08  1.000000E+00  2.578796E-03  1.266154E-24  2.569547E-23   5.000000E-01 NotAppl  4.790249E+00  0.000000E+00  
6.689396E+02  1.094880E+00  -7.162712E-01  -1.995598E-01  1.000000E+00  1.346416E-01  6.431681E-26  4.163007E-10   2.209309E-03 LZ5Tmedian  4.903385E-02  0.000000E+00  
7.630084E+02  8.949343E-01  -8.948284E-01  6.924387E+00  1.000000E+00  8.245639E-04  1.641914E-23  3.830648E-07   0.000000E+00 XENON1T_2018  1.085179E+01  0.000000E+00  
2.169625E+01  6.819896E+02  -6.819483E+02  2.487799E-01  1.000000E+00  3.266290E-02  1.235712E-26  7.099317E-07   0.000000E+00 XENON1T_2018  3.830707E-01  4.969467E-01  
5.638278E+02  8.481747E+01  -8.481596E+01  1.261456E-04  1.000000E+00  1.868091E-03  3.608663E-24  2.359134E-16   5.000000E-01 NotAppl  3.205706E+00  0.000000E+00  
2.131087E+01  2.234903E+01  7.265031E+02  -2.254573E-08  1.000000E+00  4.917804E+04  1.006411E-40  6.044576E-21   5.000000E-01 NotAppl  3.181574E-15  1.135252E-13  
2.499937E+03  5.671602E+00  3.901722E+02  -2.350452E-04  1.000000E+00  1.391419E-04  3.593905E-23  3.923102E-17   5.000000E-01 NotAppl  7.023004E+00  0.000000E+00  
2.366182E+01  3.134472E-03  -1.893576E-03  5.826906E-09  1.000000E+00  2.811209E-03  7.099105E-42  3.270605E-22   5.000000E-01 NotAppl  2.002558E-16  4.488980E-14  
1.011876E+01  6.974895E-03  1.188494E+01  1.750291E-08  1.000000E+00  4.231368E-04  4.624622E-41  1.597386E-20   5.000000E-01 NotAppl  3.431482E-15  3.519492E-13  
1.353866E+03  6.636173E-04  1.161167E-03  1.701725E-05  1.000000E+00  6.604150E-01  1.192906E-26  7.176852E-19   5.000000E-01 NotAppl  4.296236E-03  0.000000E+00  
1.267694E+01  4.739288E+00  -4.721207E+00  -1.523772E-06  1.000000E+00  1.341745E-01  3.859739E-37  7.778042E-17   5.000000E-01 NotAppl  2.198449E-11  3.049816E-09  
4.278187E+03  1.537785E-02  -1.435193E-02  -4.895924E-04  1.000000E+00  6.004823E+00  1.203895E-27  5.703539E-17   5.000000E-01 NotAppl  1.338344E-04  0.000000E+00  
1.188723E+02  4.066025E+00  -4.055772E+00  7.961811E-08  1.000000E+00  6.062631E-03  1.102833E-24  2.278303E-21   5.000000E-01 NotAppl  5.015964E+00  0.000000E+00  
3.975480E+03  9.524110E-02  1.246780E-01  4.735764E-10  1.000000E+00  5.124377E+00  1.412259E-27  6.195540E-29   5.000000E-01 NotAppl  1.691766E-04  0.000000E+00  
8.201277E+02  1.482319E-04  1.861602E-02  2.122254E-10  1.000000E+00  2.548922E-01  3.220195E-26  3.105019E-28   5.000000E-01 NotAppl  1.941817E-02  0.000000E+00  
3.855158E+02  3.270781E-04  7.441442E-04  5.437719E-09  1.000000E+00  6.050512E-02  1.406845E-25  9.540309E-25   5.000000E-01 NotAppl  1.854652E-01  0.000000E+00  
7.378756E+02  1.593468E+01  4.433089E+01  2.551469E+00  1.000000E+00  9.065422E-04  6.258400E-24  5.569376E-08   2.470328E-323 LZ5Tmedian  4.313320E+00  0.000000E+00  
4.149244E+01  5.694646E+01  -5.694002E+01  -3.125215E-03  1.000000E+00  2.374996E-04  4.577300E-30  3.015362E-11   1.989373E-02 LZ5Tmedian  7.049967E-05  1.022462E-02  
3.980677E+03  9.153052E+00  -9.129138E+00  -1.277163E-10  1.000000E+00  1.185122E-01  5.074426E-26  4.494042E-30   5.000000E-01 NotAppl  6.038666E-03  0.000000E+00  
6.465495E+02  1.388935E-04  1.111458E-01  -2.978767E-10  1.000000E+00  1.619631E-01  5.143765E-26  9.943729E-28   5.000000E-01 NotAppl  3.965152E-02  0.000000E+00  
3.088962E+02  1.078261E+01  -1.078232E+01  7.971267E-10  1.000000E+00  2.360461E-02  2.805410E-25  3.226782E-26   5.000000E-01 NotAppl  4.663289E-01  0.000000E+00  
1.957356E+01  2.820498E-02  -2.697937E-02  -4.445327E-10  1.000000E+00  2.414146E-03  3.774600E-44  2.787445E-24   5.000000E-01 NotAppl  1.311312E-18  2.680738E-16  
8.704252E+01  1.172385E+02  -7.606234E+01  8.579511E-02  1.000000E+00  1.526490E-03  1.840075E-24  5.011279E-09   4.269512E-205 LZ5Tmedian  1.179741E+01  0.000000E+00  
1.755870E+03  2.598385E-02  2.730767E+00  -4.459829E-03  1.000000E+00  7.068387E-01  9.108833E-27  2.901099E-14   5.000000E-01 NotAppl  2.522251E-03  0.000000E+00  
8.852901E+01  1.297518E+02  -1.296843E+02  1.992693E-10  1.000000E+00  4.241888E-03  1.104101E-24  2.611156E-26   5.000000E-01 NotAppl  6.958581E+00  0.000000E+00  
1.743971E+02  6.504937E-03  -6.289543E-03  5.500255E-07  1.000000E+00  1.387890E-02  5.963401E-25  4.955906E-20   5.000000E-01 NotAppl  1.825663E+00  0.000000E+00  
1.871103E+01  2.627786E-02  -2.601905E-02  6.874429E-09  1.000000E+00  2.250079E-03  8.876878E-42  7.296314E-22   5.000000E-01 NotAppl  3.242075E-16  6.440897E-14  
2.647629E+01  6.138451E-03  4.102286E-01  3.145178E-05  1.000000E+00  2.377890E-03  2.233087E-34  7.595313E-15   5.000000E-01 NotAppl  5.574611E-09  1.278955E-06  
5.344476E+02  1.852355E+00  -1.815409E+00  1.718193E-02  1.000000E+00  1.039850E-01  7.825745E-26  4.882837E-12   5.000000E-01 NotAppl  7.349150E-02  0.000000E+00  
3.441809E+01  7.648440E-04  -3.127760E-04  -2.894792E-09  1.000000E+00  9.327397E-04  2.564012E-42  3.782399E-23   5.000000E-01 NotAppl  4.812086E-17  9.991605E-15  
2.327980E+03  7.994040E-04  -6.889367E-04  4.257371E-02  1.000000E+00  1.831379E+00  4.138293E-27  1.488133E-12   5.000000E-01 NotAppl  8.561664E-04  0.000000E+00  
1.259489E+01  1.774969E+00  -1.774767E+00  1.039600E-05  1.000000E+00  1.094618E-01  1.792617E-35  3.667153E-15   5.000000E-01 NotAppl  1.028797E-09  1.500874E-07  
1.414526E+02  1.591900E-03  4.093779E+01  4.256720E-07  1.000000E+00  5.453995E-03  1.134811E-24  4.559295E-20   5.000000E-01 NotAppl  4.278481E+00  0.000000E+00  
8.058755E+03  1.214487E+00  3.712581E-02  4.776103E-01  1.000000E+00  2.049039E+00  4.322337E-27  1.498615E-11   5.000000E-01 NotAppl  2.559188E-04  0.000000E+00  
1.800597E+01  2.707365E-04  2.671129E-01  6.892604E-06  1.000000E+00  1.423099E-03  8.805721E-36  7.921204E-16   5.000000E-01 NotAppl  3.357160E-10  6.497533E-08  
5.184427E+01  2.606428E+00  -1.689059E+00  -7.682205E-06  1.000000E+00  2.701200E-03  8.833481E-35  1.157621E-16   5.000000E-01 NotAppl  1.079518E-09  4.155115E-08  
1.249845E+03  7.011174E-04  1.026633E+00  -2.845041E-07  1.000000E+00  5.436784E-01  1.427074E-26  2.361319E-22   5.000000E-01 NotAppl  5.579385E-03  0.000000E+00  
1.182245E+02  1.478034E+01  2.652771E+02  -1.034722E-01  1.000000E+00  2.045527E-03  1.420834E-24  3.891349E-09   4.395123E-126 LZ5Tmedian  6.402939E+00  0.000000E+00  
1.353138E+02  3.106400E+01  8.371397E+02  -3.151705E-08  1.000000E+00  8.830237E-04  3.344801E-24  2.737409E-22   5.000000E-01 NotAppl  1.307642E+01  0.000000E+00  
9.192692E+01  1.079523E-03  4.724617E+01  9.283552E-04  1.000000E+00  4.232967E-03  9.888291E-25  5.246350E-13   5.000000E-01 NotAppl  5.923517E+00  0.000000E+00  
1.179297E+03  8.739264E+02  -8.665720E+02  7.573808E-06  1.000000E+00  3.164042E-05  2.067989E-22  1.884027E-19   5.000000E-01 NotAppl  8.556160E+01  0.000000E+00  
2.542272E+01  8.483147E-02  -8.449953E-02  1.787284E-02  1.000000E+00  3.511473E-03  6.996103E-29  2.662303E-09   1.993127E-123 LZ5Tmedian  1.827005E-03  1.554948E-01  
3.595161E+02  6.320135E-02  1.250165E+02  -1.437317E-09  1.000000E+00  1.626288E-03  2.961059E-24  7.689474E-26   5.000000E-01 NotAppl  4.217723E+00  0.000000E+00  
3.590080E+01  1.395421E-01  8.045558E+01  2.256644E-01  1.000000E+00  3.948306E-04  1.679856E-26  2.109961E-07   0.000000E+00 XENON1T_2018  3.015199E-01  3.312313E-01  
9.769299E+02  2.411508E-01  2.541516E+00  1.915839E-03  1.000000E+00  2.994986E-01  2.498179E-26  1.770271E-14   5.000000E-01 NotAppl  1.259800E-02  0.000000E+00  
3.856475E+03  6.755683E+02  -6.290675E+02  5.056412E-01  1.000000E+00  2.571189E-05  2.269354E-22  7.513353E-11   5.000000E-01 NotAppl  2.788701E+01  0.000000E+00  
2.134014E+02  3.488255E-02  1.307770E+02  9.483659E-05  1.000000E+00  1.961027E-03  2.487114E-24  9.742375E-16   5.000000E-01 NotAppl  6.029426E+00  0.000000E+00  
8.956583E+01  8.194547E-03  5.396107E+02  -5.243688E+00  1.000000E+00  2.415427E-05  4.241601E-22  1.765479E-05   0.000000E+00 XENON1T_2018  2.644058E+03  0.000000E+00  
1.367031E+03  2.359060E+02  -2.358641E+02  -1.053715E-10  1.000000E+00  2.640958E-04  2.737757E-23  2.697922E-29   5.000000E-01 NotAppl  9.729755E+00  0.000000E+00  
2.751343E+02  2.376363E+01  -2.361937E+01  -4.117496E-01  1.000000E+00  8.771649E-03  6.830663E-25  1.091243E-08   2.511615E-165 LZ5Tmedian  1.408752E+00  0.000000E+00  
8.032903E+01  8.095825E+02  -8.095508E+02  -1.136457E-03  1.000000E+00  9.408338E-03  4.612657E-31  1.036399E-12   5.000000E-01 NotAppl  3.599795E-06  0.000000E+00  
1.142412E+01  3.892915E+01  -3.684194E+01  -1.528600E-05  1.000000E+00  1.862491E+00  3.736612E-35  9.607450E-15   5.000000E-01 NotAppl  2.403302E-09  2.649906E-08  
3.145903E+02  8.013834E-03  6.944713E+01  -3.257638E-06  1.000000E+00  4.119056E-03  1.196816E-24  5.191323E-19   5.000000E-01 NotAppl  1.952425E+00  0.000000E+00  
1.360417E+02  6.808506E+00  -7.079103E-01  8.031545E-10  1.000000E+00  4.373177E-03  9.622916E-25  1.758210E-25   5.000000E-01 NotAppl  3.806150E+00  0.000000E+00  
9.427817E+02  2.295116E-04  8.882189E+02  -9.538056E-04  1.000000E+00  6.493645E-05  8.020140E-23  4.718322E-15   5.000000E-01 NotAppl  4.262140E+01  0.000000E+00  
9.641275E+03  3.874453E-01  -3.217723E-01  1.578663E-01  1.000000E+00  1.458151E+01  5.108187E-28  1.137621E-12   5.000000E-01 NotAppl  2.506240E-05  0.000000E+00  
6.754985E+01  1.712044E+01  4.065163E+01  -3.358258E-03  1.000000E+00  1.024165E+00  5.889813E-29  1.289291E-11   2.406698E-01 NotAppl  5.448331E-04  0.000000E+00  
2.474853E+02  3.727365E+00  -3.487691E+00  -2.002892E-05  1.000000E+00  2.215149E-02  3.355097E-25  3.207620E-17   5.000000E-01 NotAppl  7.019813E-01  0.000000E+00  
7.282945E+03  1.163914E+00  1.778666E+01  3.111083E+00  1.000000E+00  3.291482E-02  2.149016E-25  7.810211E-10   3.430780E-01 NotAppl  1.425141E-02  0.000000E+00  
3.109066E+01  1.464385E-03  3.237149E+00  -3.694327E-05  1.000000E+00  1.835064E-03  3.610769E-34  7.570892E-15   5.000000E-01 NotAppl  7.550312E-09  1.592964E-06  
1.512775E+03  3.481780E-01  4.530973E-01  -8.432832E-05  1.000000E+00  7.832922E-01  9.814373E-27  1.405428E-17   5.000000E-01 NotAppl  3.154981E-03  0.000000E+00  
3.771711E+01  9.945829E+00  -9.945600E+00  5.749962E-09  1.000000E+00  1.732900E-03  1.206268E-41  1.239196E-22   5.000000E-01 NotAppl  2.050506E-16  1.476936E-14  
4.598365E+03  1.254393E+02  1.001413E+02  3.588124E-05  1.000000E+00  2.238985E-04  2.211698E-23  2.645256E-19   5.000000E-01 NotAppl  2.302105E+00  0.000000E+00  
5.962388E+02  1.682963E-03  -4.055907E-04  -6.672064E-08  1.000000E+00  1.389255E-01  6.028667E-26  5.887160E-23   5.000000E-01 NotAppl  5.053692E-02  0.000000E+00  
8.318456E+02  1.588488E-04  7.297541E+01  -9.789915E-02  1.000000E+00  3.615990E-03  1.277072E-24  6.418658E-11   4.673152E-01 NotAppl  7.714410E-01  0.000000E+00  
2.368610E+03  8.075917E-01  7.702027E+02  -2.924510E-06  1.000000E+00  4.575058E-05  1.141022E-22  6.778923E-21   5.000000E-01 NotAppl  2.356402E+01  0.000000E+00  
2.951318E+02  1.370833E-03  2.420096E+02  -4.992283E-01  1.000000E+00  8.232672E-04  5.289982E-24  1.389474E-08   8.458326E-197 LZ5Tmedian  9.371232E+00  0.000000E+00  
2.249593E+02  4.776120E-03  1.471902E+00  -1.513017E-01  1.000000E+00  1.819359E-02  4.651667E-25  2.225691E-09   2.738627E-41 LZ5Tmedian  1.102343E+00  0.000000E+00  
1.848185E+03  5.332550E-02  8.659369E+00  -1.265292E-09  1.000000E+00  1.794585E-01  2.681738E-26  2.103553E-27   5.000000E-01 NotAppl  7.113733E-03  0.000000E+00  
4.287183E+01  6.095673E-03  2.366244E-03  4.224157E-07  1.000000E+00  1.893907E-04  9.315159E-38  5.154221E-19   5.000000E-01 NotAppl  1.383499E-12  1.854669E-10  
3.947397E+02  1.152087E-04  3.211573E-02  -2.692669E-06  1.000000E+00  6.327136E-02  1.344292E-25  2.228850E-19   5.000000E-01 NotAppl  1.729138E-01  0.000000E+00  
3.365153E+01  1.343964E-03  5.325962E+02  -3.692870E-04  1.000000E+00  1.201580E-03  4.024615E-32  6.443305E-13   5.000000E-01 NotAppl  7.725866E-07  1.640747E-04  
1.261122E+02  3.521885E+00  1.718983E+01  4.672023E-03  1.000000E+00  3.882753E-03  1.153512E-24  6.949602E-12   5.000000E-01 NotAppl  4.910838E+00  0.000000E+00  
8.382412E+02  1.279904E+01  3.500026E+02  3.530763E-08  1.000000E+00  1.986754E-04  2.247604E-23  8.219211E-24   5.000000E-01 NotAppl  1.347327E+01  0.000000E+00  
2.064812E+03  8.835266E+02  -8.812966E+02  1.624231E-03  1.000000E+00  2.530088E-05  2.936518E-22  2.765565E-15   5.000000E-01 NotAppl  6.831947E+01  0.000000E+00  
1.459342E+03  6.555541E+00  2.298272E+02  4.221039E-10  1.000000E+00  3.780412E-04  1.277430E-23  3.789189E-28   5.000000E-01 NotAppl  4.334900E+00  0.000000E+00  
5.252763E+01  5.033776E-01  -5.030896E-01  -7.655370E-01  1.000000E+00  1.958263E-03  9.702287E-25  1.119267E-06   0.000000E+00 XENON1T_2018  1.159570E+01  2.534149E-01  
2.541859E+02  2.623346E+01  -2.623320E+01  1.863024E+00  1.000000E+00  4.176927E-04  1.662778E-23  2.627473E-07   0.000000E+00 XENON1T_2018  3.510507E+01  0.000000E+00  
9.339445E+02  3.745579E+01  -3.624695E+01  6.702499E-10  1.000000E+00  7.864849E-03  8.132863E-25  2.375154E-27   5.000000E-01 NotAppl  4.280233E-01  0.000000E+00  
6.938567E+01  2.520536E-04  4.294986E+01  -1.717930E-07  1.000000E+00  5.119124E-03  8.087963E-38  3.194142E-20   5.000000E-01 NotAppl  7.276271E-13  0.000000E+00  
1.285289E+01  8.394988E+02  -8.394887E+02  -1.353927E-05  1.000000E+00  1.303302E-01  3.061371E-35  5.975839E-15   5.000000E-01 NotAppl  1.715606E-09  2.563299E-07  
6.695235E+03  4.490978E-02  -4.370149E-02  1.355459E-06  1.000000E+00  1.426648E+01  4.931341E-28  1.758944E-22   5.000000E-01 NotAppl  3.480705E-05  0.000000E+00  
4.308793E+01  4.446049E-04  2.144878E+02  3.992445E-03  1.000000E+00  3.050024E-04  8.470711E-30  4.557403E-11   2.724088E-03 LZ5Tmedian  1.251472E-04  1.571521E-02  
2.564990E+03  1.653215E+01  -1.635184E+01  8.365842E-09  1.000000E+00  3.826490E-02  1.635601E-25  4.716578E-26   5.000000E-01 NotAppl  3.047407E-02  0.000000E+00  
1.571812E+02  4.333115E-01  6.260855E+02  -1.965786E+00  1.000000E+00  2.555006E-05  4.042555E-22  7.833460E-07   0.000000E+00 XENON1T_2018  1.611604E+03  0.000000E+00  
1.375020E+01  6.869621E-03  8.952032E+02  1.902463E-05  1.000000E+00  7.128304E-04  6.176375E-35  1.032434E-14   5.000000E-01 NotAppl  3.201378E-09  5.043396E-07  
7.272281E+01  1.621887E+02  -1.619966E+02  9.802243E-05  1.000000E+00  1.768346E-02  1.143455E-32  9.447779E-15   5.000000E-01 NotAppl  9.804430E-08  0.000000E+00  
6.408798E+03  4.063290E-01  2.913381E+02  1.116650E-06  1.000000E+00  2.326098E-04  2.195216E-23  1.304662E-22   5.000000E-01 NotAppl  1.645874E+00  0.000000E+00  
7.900381E+01  1.292640E-02  1.545375E-01  2.322984E-04  1.000000E+00  7.057744E-03  2.284525E-32  4.479968E-14   5.000000E-01 NotAppl  1.813942E-07  0.000000E+00  
2.849350E+01  1.114591E-04  1.848583E-02  3.668596E-01  1.000000E+00  2.755817E-03  3.240597E-26  8.908044E-07   0.000000E+00 XENON1T_2018  7.448454E-01  2.496325E-01  
3.140090E+02  1.284347E-04  5.275262E-02  9.391598E+00  1.000000E+00  1.157012E-05  1.352399E-21  4.331078E-06   0.000000E+00 XENON1T_2018  2.639851E+03  0.000000E+00  
9.428805E+01  4.097511E-01  -4.031505E-01  -1.085805E-06  1.000000E+00  5.650310E-03  1.144211E-24  6.813315E-19   5.000000E-01 NotAppl  6.638470E+00  0.000000E+00  
1.658195E+03  1.722749E+00  -1.716748E+00  9.265580E-09  1.000000E+00  7.418476E-01  9.720664E-27  1.407144E-25   5.000000E-01 NotAppl  2.841288E-03  0.000000E+00  
2.489401E+03  1.027733E-03  7.252077E+00  -3.820880E-08  1.000000E+00  2.619897E-01  1.770907E-26  1.045655E-24   5.000000E-01 NotAppl  3.463847E-03  0.000000E+00  
1.538364E+01  1.413848E-04  5.682828E-01  -2.999655E-08  1.000000E+00  9.369532E-04  1.588028E-40  2.053875E-20   5.000000E-01 NotAppl  7.234726E-15  1.245132E-12  
2.214827E+01  5.265817E+00  -5.261616E+00  1.597463E-07  1.000000E+00  3.273375E-02  5.147109E-39  2.808221E-19   5.000000E-01 NotAppl  1.560027E-13  2.832451E-11  
2.014918E+01  3.699196E+02  -3.699056E+02  -3.097389E-06  1.000000E+00  4.351380E-02  1.853754E-36  1.276830E-16   5.000000E-01 NotAppl  6.233539E-11  1.297642E-08  
8.181001E+01  5.092910E+01  2.444818E+02  2.921129E-09  1.000000E+00  4.730691E-03  4.753189E-25  6.596286E-24   5.000000E-01 NotAppl  3.318463E+00  0.000000E+00  
7.476520E+01  1.344674E-02  1.473836E+01  -4.401016E-05  1.000000E+00  5.884579E-03  1.561524E-33  1.799759E-15   5.000000E-01 NotAppl  1.311076E-08  0.000000E+00  
5.644678E+03  2.557094E-02  3.985241E+00  5.352697E-10  1.000000E+00  8.670578E-01  5.033470E-27  3.880302E-29   5.000000E-01 NotAppl  4.283860E-04  0.000000E+00  
4.753792E+03  5.217788E+00  -5.217377E+00  1.462979E-08  1.000000E+00  3.422848E-01  1.703593E-26  4.110107E-26   5.000000E-01 NotAppl  1.692818E-03  0.000000E+00  
8.684101E+01  6.410510E-01  1.250616E+02  6.528053E+00  1.000000E+00  1.091470E-05  7.944910E-22  2.915102E-05   0.000000E+00 XENON1T_2018  5.110853E+03  0.000000E+00  
3.073745E+01  3.339838E+00  2.786558E+02  3.190017E-09  1.000000E+00  9.854118E-03  2.655391E-42  5.777180E-23   5.000000E-01 NotAppl  5.621879E-17  1.119527E-14  
9.754536E+01  2.600175E+01  4.352364E+02  -5.195112E-07  1.000000E+00  1.779837E-03  1.612739E-24  1.454830E-19   5.000000E-01 NotAppl  9.005808E+00  0.000000E+00  
1.801622E+01  6.564588E-01  2.455877E+00  9.917210E-10  1.000000E+00  5.188356E-03  1.823312E-43  1.637982E-23   5.000000E-01 NotAppl  6.943873E-18  1.312383E-15  
2.915810E+01  1.534211E+01  -1.523200E+01  -7.525887E-07  1.000000E+00  1.176869E-02  1.394418E-37  3.577950E-18   5.000000E-01 NotAppl  3.130727E-12  1.798333E-10  
3.179330E+02  8.592068E+00  -8.591915E+00  2.948464E-09  1.000000E+00  2.787193E-02  2.460076E-25  4.161650E-25   5.000000E-01 NotAppl  3.966658E-01  0.000000E+00  
4.672426E+01  2.041022E+02  -1.985802E+02  -8.101698E-06  1.000000E+00  1.136365E-02  4.919286E-35  1.591322E-16   5.000000E-01 NotAppl  6.696148E-10  4.896447E-08  
9.589825E+02  6.302338E-03  -5.858357E-03  -9.775098E-03  1.000000E+00  3.429363E-01  2.365218E-26  4.786337E-13   5.000000E-01 NotAppl  1.214008E-02  0.000000E+00  
4.870431E+01  2.413327E+02  -2.410167E+02  -6.679275E-09  1.000000E+00  7.545474E-04  4.213673E-41  9.939120E-23   5.000000E-01 NotAppl  5.480109E-16  3.990950E-14  
3.259743E+03  7.324831E-03  9.507458E+00  9.779137E-10  1.000000E+00  1.681071E-01  2.644364E-26  3.956381E-28   5.000000E-01 NotAppl  3.933922E-03  0.000000E+00  
2.542975E+03  2.764518E+00  6.271059E+01  8.269051E-06  1.000000E+00  4.259983E-03  1.135387E-24  4.689671E-20   5.000000E-01 NotAppl  2.179849E-01  0.000000E+00  
3.546885E+01  1.444533E+01  -1.444417E+01  3.816162E-07  1.000000E+00  3.397530E-03  4.695084E-38  6.184088E-19   5.000000E-01 NotAppl  8.519789E-13  4.237800E-11  
7.186815E+01  1.070604E-01  -1.031784E-01  6.317114E-05  1.000000E+00  6.669783E-03  5.719188E-33  4.019783E-15   5.000000E-01 NotAppl  4.998118E-08  0.000000E+00  
1.046478E+03  2.316861E+00  2.863886E+01  1.827523E-08  1.000000E+00  1.770138E-02  2.734838E-25  1.399853E-24   5.000000E-01 NotAppl  1.303811E-01  0.000000E+00  
3.406423E+02  9.212820E+02  -9.212813E+02  -8.649847E-09  1.000000E+00  1.494076E-04  4.607325E-23  3.109913E-24   5.000000E-01 NotAppl  6.939510E+01  0.000000E+00  
7.078351E+01  8.691267E+01  -8.678752E+01  -4.058963E-07  1.000000E+00  1.576758E-02  3.061735E-37  1.711921E-19   5.000000E-01 NotAppl  2.716552E-12  0.000000E+00  
3.958731E+02  3.750063E+01  5.093687E+02  2.284455E-10  1.000000E+00  1.646237E-04  2.031276E-23  1.594895E-27   5.000000E-01 NotAppl  2.622887E+01  0.000000E+00  
1.693513E+02  6.709396E-01  2.376582E+01  2.085530E-02  1.000000E+00  7.507245E-03  8.206703E-25  7.567027E-11   1.629080E-02 LZ5Tmedian  2.574634E+00  0.000000E+00  
1.931830E+01  8.494664E+01  -8.494454E+01  8.123048E-02  1.000000E+00  4.840347E-02  1.254021E-27  9.555860E-08   0.000000E+00 XENON1T_2018  4.420254E-02  4.735819E-01  
1.410098E+03  9.311704E+02  -9.310621E+02  -2.367536E-02  1.000000E+00  2.994242E-05  2.551546E-22  1.278505E-12   5.000000E-01 NotAppl  8.782935E+01  0.000000E+00  
8.269257E+02  1.205090E-04  1.965566E+01  1.758552E-10  1.000000E+00  3.726936E-02  1.332229E-25  2.096324E-28   5.000000E-01 NotAppl  8.067534E-02  0.000000E+00  
6.264894E+03  1.902159E-04  1.244773E+02  -2.390189E-10  1.000000E+00  1.214144E-03  4.102103E-24  6.259945E-30   5.000000E-01 NotAppl  3.147349E-01  0.000000E+00  
3.947254E+01  2.244926E+02  -1.592007E+02  -9.499788E-08  1.000000E+00  3.311757E+05  3.671833E-39  3.083780E-20   5.000000E-01 NotAppl  5.959541E-14  9.997822E-12  
3.889845E+03  9.917728E-01  5.168174E+01  -2.862018E-09  1.000000E+00  6.483507E-03  7.410515E-25  2.365278E-27   5.000000E-01 NotAppl  9.221123E-02  0.000000E+00  
5.260030E+02  1.254525E+01  7.054467E+02  -3.610357E-10  1.000000E+00  1.178315E-04  3.514286E-23  2.227268E-27   5.000000E-01 NotAppl  3.393287E+01  0.000000E+00  
2.334857E+03  2.260633E-01  -2.258525E-01  6.023110E+00  1.000000E+00  7.906280E-03  1.589846E-24  2.960678E-08   1.746395E-55 LZ5Tmedian  3.450352E-01  0.000000E+00  
2.646580E+03  1.083304E+02  7.644506E+02  -6.391133E-04  1.000000E+00  2.646955E-05  1.522235E-22  2.582692E-16   5.000000E-01 NotAppl  2.803318E+01  0.000000E+00  
1.100359E+01  2.968616E-01  3.777589E+00  -3.798620E-01  1.000000E+00  1.515382E-03  2.270556E-26  6.386079E-06   0.000000E+00 XENON1T_2018  1.526380E+00  2.520203E-01  
1.