MD1           DMP           DM3           l345          ld           Omegah2       sigV          protonSI      PvalDD        expName      CMB_ID        brH_DMDM      
8.445610E+03  1.804629E-02  5.992279E+00  -1.020619E-03  1.000000E+00  4.259163E-01  1.005247E-26  6.221828E-17   5.000000E-01 NotAppl  5.694074E-04  0.000000E+00  
5.532365E+02  1.360568E+00  -1.044607E+00  5.405458E-02  1.000000E+00  1.080641E-01  7.647439E-26  4.503100E-11   4.507486E-01 NotAppl  6.942872E-02  0.000000E+00  
1.360638E+01  2.300267E+02  -2.298495E+02  -5.359163E-01  1.000000E+00  5.604642E-02  4.885116E-26  8.365055E-06   0.000000E+00 XENON1T_2018  2.563138E+00  4.996933E-01  
1.799558E+02  3.324559E-01  5.233431E+00  1.337251E-06  1.000000E+00  1.221950E-02  5.913088E-25  2.746972E-19   5.000000E-01 NotAppl  1.724855E+00  0.000000E+00  
2.830047E+02  3.005146E-03  -2.083578E-03  2.938904E-09  1.000000E+00  3.370424E-02  2.533494E-25  5.247348E-25   5.000000E-01 NotAppl  4.606995E-01  0.000000E+00  
1.544620E+02  4.602617E-01  3.994056E+00  7.987473E-04  1.000000E+00  9.331600E-03  7.484673E-25  1.340404E-13   5.000000E-01 NotAppl  2.593694E+00  0.000000E+00  
5.936845E+01  2.658269E-01  4.452164E+02  5.007902E-10  1.000000E+00  4.157190E-03  3.839140E-42  3.731440E-25   5.000000E-01 NotAppl  4.077870E-17  1.118647E-16  
5.767757E+02  4.473561E-01  3.345407E+00  9.250823E-06  1.000000E+00  1.118461E-01  6.847091E-26  1.211185E-18   5.000000E-01 NotAppl  5.944906E-02  0.000000E+00  
2.208468E+02  8.331354E-04  3.243855E-02  6.428751E-10  1.000000E+00  2.123312E-02  4.006343E-25  4.172999E-26   5.000000E-01 NotAppl  9.438363E-01  0.000000E+00  
5.423496E+01  2.058274E-02  1.065834E+00  -3.247245E-06  1.000000E+00  2.861554E-03  2.518065E-35  1.886725E-17   5.000000E-01 NotAppl  2.936378E-10  7.404781E-09  
7.162152E+03  7.020550E-02  2.162491E+00  -1.868013E-05  1.000000E+00  2.544737E+00  1.778632E-27  2.913100E-20   5.000000E-01 NotAppl  1.186654E-04  0.000000E+00  
1.837377E+03  2.513118E-01  -2.512077E-01  -9.856529E+00  1.000000E+00  1.732116E-03  7.643924E-24  1.291846E-07   5.781401E-304 LZ5Tmedian  2.164255E+00  0.000000E+00  
7.762178E+02  5.455997E+00  -5.192603E+00  -6.162077E-04  1.000000E+00  1.330104E-01  5.318414E-26  2.929117E-15   5.000000E-01 NotAppl  3.392606E-02  0.000000E+00  
4.537210E+02  1.471663E-03  -5.354194E-04  6.188377E-08  1.000000E+00  8.251879E-02  1.026961E-25  8.853798E-23   5.000000E-01 NotAppl  1.142770E-01  0.000000E+00  
5.898238E+02  3.810738E+00  -3.760945E+00  1.705922E-04  1.000000E+00  1.086920E-01  7.013911E-26  3.934659E-16   5.000000E-01 NotAppl  5.945790E-02  0.000000E+00  
2.378645E+02  2.328513E-03  1.902348E+02  1.985602E-09  1.000000E+00  1.188667E-03  4.014677E-24  3.419232E-25   5.000000E-01 NotAppl  8.708865E+00  0.000000E+00  
8.347180E+01  8.113358E+02  -8.108655E+02  -6.942148E-10  1.000000E+00  5.041335E-03  7.263425E-25  3.575117E-25   5.000000E-01 NotAppl  4.913060E+00  0.000000E+00  
1.026817E+01  6.056459E+00  -5.194059E+00  1.324962E-09  1.000000E+00  5.186377E-01  2.671166E-43  8.895495E-23   5.000000E-01 NotAppl  1.947802E-17  2.282363E-15  
4.841955E+02  2.846414E+00  2.540262E+01  2.386233E-08  1.000000E+00  1.698646E-02  2.966408E-25  1.152535E-23   5.000000E-01 NotAppl  3.107324E-01  0.000000E+00  
1.541303E+02  1.652574E+00  -1.604612E+00  7.923792E-02  1.000000E+00  8.686281E-03  9.363193E-25  1.324942E-09   9.115084E-35 LZ5Tmedian  3.265523E+00  0.000000E+00  
8.133839E+02  7.495717E-04  1.746250E-01  6.770417E-10  1.000000E+00  2.504948E-01  3.274190E-26  3.213842E-27   5.000000E-01 NotAppl  1.991260E-02  0.000000E+00  
1.229976E+01  2.322554E-01  -2.243912E-01  4.766473E-05  1.000000E+00  2.844438E-03  3.737207E-34  8.077951E-14   5.000000E-01 NotAppl  2.204504E-08  3.181306E-06  
1.466874E+02  4.358265E-03  3.287603E-01  -6.150618E-09  1.000000E+00  1.015541E-02  7.958081E-25  8.835519E-24   5.000000E-01 NotAppl  2.910678E+00  0.000000E+00  
5.485087E+02  2.634529E+02  -1.801574E+02  -1.443270E+00  1.000000E+00  2.068038E-04  1.695884E-23  3.267100E-08   6.383161E-254 LZ5Tmedian  1.567217E+01  0.000000E+00  
6.973724E+03  8.424013E+00  -7.593517E+00  -1.966743E-02  1.000000E+00  1.480304E-01  4.207866E-26  3.408900E-14   5.000000E-01 NotAppl  2.834112E-03  0.000000E+00  
2.129037E+03  7.202674E-04  3.061261E-02  -1.696478E-03  1.000000E+00  1.565610E+00  4.845453E-27  2.834543E-15   5.000000E-01 NotAppl  1.097077E-03  0.000000E+00  
3.138312E+01  3.721190E+01  -7.328175E+00  -9.925703E-02  1.000000E+00  8.121524E-01  2.636927E-27  5.362397E-08   0.000000E+00 XENON1T_2018  5.465331E-02  9.236154E-01  
3.742367E+03  4.099048E+00  -4.086712E+00  -2.789889E-04  1.000000E+00  5.104400E-01  1.147720E-26  2.431417E-17   5.000000E-01 NotAppl  1.455076E-03  0.000000E+00  
2.784955E+03  4.180650E-01  5.466914E+01  -5.470929E-06  1.000000E+00  5.890538E-03  8.059600E-25  1.705988E-20   5.000000E-01 NotAppl  1.409999E-01  0.000000E+00  
8.878452E+03  1.928721E+02  -1.928448E+02  -2.745008E-10  1.000000E+00  3.406529E-04  2.150109E-23  4.066235E-30   5.000000E-01 NotAppl  1.134273E+00  0.000000E+00  
6.526186E+01  2.721613E+01  -1.119872E+01  3.406761E-05  1.000000E+00  1.444979E+00  2.092014E-32  1.423505E-15   5.000000E-01 NotAppl  2.005437E-07  0.000000E+00  
3.107926E+02  1.789108E+00  5.991148E-01  2.705368E-02  1.000000E+00  3.317879E-02  2.258434E-25  3.670497E-11   3.213414E-01 NotAppl  3.728134E-01  0.000000E+00  
7.047138E+01  1.372112E-04  8.641221E-01  1.363889E-03  1.000000E+00  5.615044E-03  3.749472E-30  1.950433E-12   5.000000E-01 NotAppl  3.319603E-05  0.000000E+00  
1.382915E+02  2.871703E+02  -2.871561E+02  3.649697E-10  1.000000E+00  1.172789E-03  4.983431E-24  3.510614E-26   5.000000E-01 NotAppl  1.976148E+01  0.000000E+00  
4.792921E+03  2.868197E-01  6.660721E-01  -8.574943E-02  1.000000E+00  5.671490E+00  1.107089E-27  1.388675E-12   5.000000E-01 NotAppl  1.103014E-04  0.000000E+00  
9.942667E+03  7.503057E+00  1.830622E+00  5.963381E-05  1.000000E+00  1.311642E-01  5.696112E-26  1.524973E-19   5.000000E-01 NotAppl  2.703427E-03  0.000000E+00  
1.776746E+03  2.142289E+00  -2.129403E+00  -8.947646E-06  1.000000E+00  7.202831E-01  9.651371E-27  1.139938E-19   5.000000E-01 NotAppl  2.627250E-03  0.000000E+00  
2.589203E+03  8.632764E+02  -8.632762E+02  1.969440E-01  1.000000E+00  2.467717E-05  3.111423E-22  2.564394E-11   5.000000E-01 NotAppl  5.741146E+01  0.000000E+00  
2.969769E+03  9.716104E+00  1.029962E+02  3.557316E-02  1.000000E+00  1.483908E-03  3.371099E-24  6.328388E-13   5.000000E-01 NotAppl  5.520617E-01  0.000000E+00  
3.463784E+02  2.334458E+01  -1.540564E+01  8.031070E-06  1.000000E+00  9.428715E-03  4.789909E-25  2.590791E-18   5.000000E-01 NotAppl  7.077018E-01  0.000000E+00  
1.791600E+03  1.000037E+01  3.691648E+02  5.101373E-06  1.000000E+00  1.560806E-04  3.118364E-23  3.643078E-20   5.000000E-01 NotAppl  8.576064E+00  0.000000E+00  
1.802328E+03  1.701295E-02  -1.626986E-02  -2.109074E-03  1.000000E+00  1.138890E+00  6.752135E-27  6.151685E-15   5.000000E-01 NotAppl  1.813284E-03  0.000000E+00  
8.880488E+02  3.039422E-03  6.770462E-03  5.719680E-03  1.000000E+00  2.963599E-01  2.753866E-26  1.917102E-13   5.000000E-01 NotAppl  1.529941E-02  0.000000E+00  
1.599692E+03  1.937373E+01  -1.191510E+01  1.087891E-08  1.000000E+00  2.688427E-02  2.418171E-25  2.087209E-25   5.000000E-01 NotAppl  7.321857E-02  0.000000E+00  
4.198588E+02  2.070911E+00  1.900175E+02  1.084786E-10  1.000000E+00  7.718478E-04  6.049077E-24  3.188455E-28   5.000000E-01 NotAppl  7.353694E+00  0.000000E+00  
1.059384E+03  2.700833E+02  -2.454978E+02  1.364394E-02  1.000000E+00  1.486140E-04  3.297782E-23  7.609773E-13   5.000000E-01 NotAppl  1.524053E+01  0.000000E+00  
4.445862E+01  7.628692E-04  1.494808E-01  -7.968457E-06  1.000000E+00  9.776020E-05  3.801732E-35  1.703362E-16   5.000000E-01 NotAppl  5.449228E-10  6.373655E-08  
4.419760E+03  2.261194E+02  -2.037406E+02  -1.166437E-06  1.000000E+00  2.250554E-04  2.880670E-23  3.030002E-22   5.000000E-01 NotAppl  3.081705E+00  0.000000E+00  
1.951041E+02  3.890350E+00  -2.713304E+00  4.710225E-04  1.000000E+00  1.291996E-02  5.155630E-25  2.887845E-14   5.000000E-01 NotAppl  1.382839E+00  0.000000E+00  
7.248910E+01  1.396487E-01  -1.054748E-01  -4.550830E-08  1.000000E+00  6.837270E-03  2.589911E-39  2.049818E-21   5.000000E-01 NotAppl  2.227252E-14  0.000000E+00  
4.378258E+02  4.647325E-01  1.013179E+02  1.676359E+00  1.000000E+00  9.314913E-04  8.161011E-24  6.988652E-08   0.000000E+00 LZ5Tmedian  9.602020E+00  0.000000E+00  
3.840225E+03  6.891739E-04  8.667813E+01  2.768196E-05  1.000000E+00  2.439832E-03  1.984541E-24  2.271295E-19   5.000000E-01 NotAppl  2.501920E-01  0.000000E+00  
5.800158E+02  8.565264E+01  -8.343615E+01  1.088619E-10  1.000000E+00  1.684872E-03  3.691612E-24  1.658167E-28   5.000000E-01 NotAppl  3.184033E+00  0.000000E+00  
1.581856E+01  2.911293E+02  -5.245569E+01  1.684303E+00  1.000000E+00  6.037437E-03  4.988513E-25  6.125839E-05   0.000000E+00 XENON1T_2018  2.201430E+01  9.997448E-01  
6.958070E+01  6.686214E-03  1.245621E+00  5.356424E+00  1.000000E+00  6.279027E-05  7.533580E-23  3.087479E-05   0.000000E+00 XENON1T_2018  6.892143E+02  0.000000E+00  
3.767751E+01  1.106378E-03  9.275843E-02  2.830018E-09  1.000000E+00  9.825304E-05  2.915296E-42  3.008259E-23   5.000000E-01 NotAppl  4.970193E-17  9.127293E-15  
9.973867E+02  5.100224E-04  3.899528E+00  -1.009495E-04  1.000000E+00  2.694949E-01  2.597870E-26  4.711481E-17   5.000000E-01 NotAppl  1.284047E-02  0.000000E+00  
5.702491E+02  5.033316E-02  4.511321E+00  1.558872E-10  1.000000E+00  1.058580E-01  7.151652E-26  3.520261E-28   5.000000E-01 NotAppl  6.264078E-02  0.000000E+00  
3.026929E+01  1.412830E-04  1.136156E+02  4.942081E-10  1.000000E+00  1.945054E-03  6.260571E-44  1.430380E-24   5.000000E-01 NotAppl  1.347803E-18  3.052400E-16  
4.029443E+03  8.565002E+01  7.191073E+02  2.884170E-03  1.000000E+00  3.093726E-05  1.464337E-22  2.235786E-15   5.000000E-01 NotAppl  1.757072E+01  0.000000E+00  
5.605243E+03  2.645553E-04  3.736509E+02  -1.412672E+00  1.000000E+00  1.466912E-04  3.452946E-23  2.741522E-10   5.000000E-01 NotAppl  2.966401E+00  0.000000E+00  
5.531311E+03  7.166209E+00  -7.165890E+00  5.291289E-08  1.000000E+00  1.910018E-01  3.101238E-26  3.951416E-25   5.000000E-01 NotAppl  2.642067E-03  0.000000E+00  
4.088113E+01  1.087552E-04  2.748207E-02  -6.715449E-05  1.000000E+00  1.316429E-04  2.021306E-33  1.434964E-14   5.000000E-01 NotAppl  3.155632E-08  4.872655E-06  
4.825307E+03  1.304487E-01  2.569049E+02  -4.630212E-01  1.000000E+00  2.995112E-04  1.671605E-23  3.993863E-11   5.000000E-01 NotAppl  1.671847E+00  0.000000E+00  
6.305572E+03  1.104128E+01  1.889113E+02  -3.290968E-05  1.000000E+00  4.891277E-04  1.052968E-23  1.171229E-19   5.000000E-01 NotAppl  8.024774E-01  0.000000E+00  
7.756136E+03  4.645514E+00  -4.617733E+00  -8.104743E-06  1.000000E+00  4.427691E-01  1.310711E-26  4.664274E-21   5.000000E-01 NotAppl  7.927982E-04  0.000000E+00  
1.207461E+01  1.152280E+02  -1.148762E+02  1.103429E-06  1.000000E+00  1.796038E-01  1.989430E-37  4.489575E-17   5.000000E-01 NotAppl  1.199156E-11  1.706812E-09  
1.940969E+02  1.456921E+02  -1.456919E+02  2.591265E-08  1.000000E+00  1.240002E-03  5.086875E-24  8.833253E-23   5.000000E-01 NotAppl  1.385502E+01  0.000000E+00  
8.437126E+01  8.615583E+00  -8.611848E+00  -1.630177E-04  1.000000E+00  6.759208E-03  6.715938E-25  1.928563E-14   5.000000E-01 NotAppl  4.463126E+00  0.000000E+00  
1.832543E+03  7.302030E-01  -7.300858E-01  1.706850E-09  1.000000E+00  1.098042E+00  6.847656E-27  3.894800E-27   5.000000E-01 NotAppl  1.807556E-03  0.000000E+00  
4.629214E+03  1.671641E+00  6.549344E+01  2.616454E-06  1.000000E+00  4.063325E-03  1.203189E-24  1.387568E-21   5.000000E-01 NotAppl  1.254924E-01  0.000000E+00  
1.004782E+02  1.832104E+01  -1.832073E+01  -5.217660E-03  1.000000E+00  4.216420E-03  1.347656E-24  1.381030E-11   3.115951E-01 NotAppl  7.312684E+00  0.000000E+00  
3.497319E+02  9.396300E+00  -8.457272E+00  2.773383E-03  1.000000E+00  2.939869E-02  2.218205E-25  3.029283E-13   5.000000E-01 NotAppl  3.238486E-01  0.000000E+00  
6.384742E+03  1.424575E-01  6.516823E-01  2.944341E+00  1.000000E+00  1.980555E-01  5.639940E-26  9.140273E-10   2.398410E-01 NotAppl  4.394011E-03  0.000000E+00  
2.136067E+03  1.362699E-02  3.943391E+00  3.851156E+00  1.000000E+00  1.424098E-02  8.415977E-25  1.450949E-08   4.785197E-30 LZ5Tmedian  1.998810E-01  0.000000E+00  
4.618984E+01  1.943341E+01  -1.903555E+01  -4.800519E-06  1.000000E+00  1.549400E-04  1.632254E-35  5.719481E-17   5.000000E-01 NotAppl  2.248389E-10  2.215101E-08  
7.564743E+02  6.899306E-04  -5.306567E-04  -9.842519E-01  1.000000E+00  2.462947E-02  4.812295E-25  7.876845E-09   2.994072E-45 LZ5Tmedian  3.372101E-01  0.000000E+00  
1.956430E+02  3.541313E+01  -3.122327E+01  1.716169E-05  1.000000E+00  4.141351E-03  1.062180E-24  3.812025E-17   5.000000E-01 NotAppl  2.856602E+00  0.000000E+00  
1.218172E+02  1.240999E-04  1.889812E-03  2.401106E-10  1.000000E+00  7.619759E-03  1.041907E-24  1.970708E-26   5.000000E-01 NotAppl  4.615338E+00  0.000000E+00  
3.879594E+03  1.125469E+02  -1.122982E+02  2.932575E-01  1.000000E+00  9.508997E-04  7.411828E-24  2.496703E-11   5.000000E-01 NotAppl  9.052721E-01  0.000000E+00  
2.044121E+02  2.377751E-03  -9.355925E-04  -1.497128E-08  1.000000E+00  1.844712E-02  4.603461E-25  2.651737E-23   5.000000E-01 NotAppl  1.175669E+00  0.000000E+00  
2.419353E+01  1.606294E-02  4.707494E+02  -1.025398E-04  1.000000E+00  1.848161E-03  2.228225E-33  9.684561E-14   5.000000E-01 NotAppl  6.141590E-08  1.384798E-05  
1.369268E+02  7.566243E-03  4.604747E+00  -9.962723E-03  1.000000E+00  8.069217E-03  8.760797E-25  2.669654E-11   1.736978E-01 NotAppl  3.439494E+00  0.000000E+00  
5.299256E+02  7.368305E+01  -7.324749E+01  -5.094968E-07  1.000000E+00  2.360619E-03  2.773450E-24  4.368749E-21   5.000000E-01 NotAppl  2.628167E+00  0.000000E+00  
9.709489E+03  1.508996E+00  -1.480626E+00  6.169115E-05  1.000000E+00  3.551483E+00  1.579347E-27  1.712568E-19   5.000000E-01 NotAppl  7.617735E-05  0.000000E+00  
1.428811E+02  2.063796E-04  5.424651E-02  -1.303474E-05  1.000000E+00  9.826113E-03  8.284878E-25  4.187992E-17   5.000000E-01 NotAppl  3.114608E+00  0.000000E+00  
5.682735E+01  1.407847E-02  4.263830E+00  2.546405E-06  1.000000E+00  3.313372E-03  3.149412E-35  1.054818E-17   5.000000E-01 NotAppl  3.499487E-10  3.541046E-09  
3.785000E+03  6.530485E-01  9.570390E+00  1.144270E-08  1.000000E+00  1.548665E-01  2.993465E-26  3.996999E-26   5.000000E-01 NotAppl  3.826030E-03  0.000000E+00  
6.113704E+01  2.188255E-03  1.522848E-01  3.896261E-04  1.000000E+00  4.210884E-03  1.193968E-29  2.127388E-13   5.000000E-01 NotAppl  1.224405E-04  4.502020E-05  
3.532052E+01  3.325043E-01  -2.173139E-01  -1.317742E-02  1.000000E+00  5.454088E-04  5.555945E-29  7.436666E-10   4.405178E-42 LZ5Tmedian  1.012706E-03  1.162981E-01  
2.104138E+03  7.724955E+00  -7.702780E+00  -4.822134E-01  1.000000E+00  1.969210E-01  2.227108E-26  2.345706E-10   3.302438E-01 NotAppl  5.277667E-03  0.000000E+00  
3.841645E+03  3.700915E-01  2.993584E+02  -1.508181E-06  1.000000E+00  2.246488E-04  2.240620E-23  6.736896E-22   5.000000E-01 NotAppl  2.823745E+00  0.000000E+00  
1.481728E+02  3.366628E-01  6.083871E+00  1.351301E+00  1.000000E+00  1.829259E-04  5.761867E-23  4.177619E-07   0.000000E+00 XENON1T_2018  2.343512E+02  0.000000E+00  
1.828118E+01  2.390627E+02  -2.388799E+02  -9.164730E-03  1.000000E+00  5.818397E-02  1.564851E-29  1.358565E-09   1.132317E-39 LZ5Tmedian  5.865407E-04  9.378089E-02  
9.105961E+02  2.855291E-04  2.552118E+02  8.475270E+00  1.000000E+00  1.753643E-04  4.647905E-23  3.999216E-07   0.000000E+00 XENON1T_2018  2.562691E+01  0.000000E+00  
3.493528E+02  1.094820E-02  2.883312E-01  8.562637E+00  1.000000E+00  3.156652E-05  4.792210E-22  2.894005E-06   0.000000E+00 XENON1T_2018  8.219403E+02  0.000000E+00  
5.061117E+01  1.210243E+01  -5.103852E+00  2.289846E-01  1.000000E+00  2.022853E-02  6.435648E-26  1.080228E-07   0.000000E+00 XENON1T_2018  8.049453E-01  5.431505E-01  
5.215744E+02  1.046248E-01  -7.116299E-02  3.320204E-03  1.000000E+00  1.074110E-01  7.839169E-26  1.916507E-13   5.000000E-01 NotAppl  7.548214E-02  0.000000E+00  
1.665436E+03  1.642829E+02  -1.642809E+02  2.176842E+00  1.000000E+00  3.920939E-04  1.831005E-23  7.698209E-09   1.192173E-20 LZ5Tmedian  5.318911E+00  0.000000E+00  
2.117455E+01  4.003866E-01  9.019975E+01  3.118496E-07  1.000000E+00  3.304257E-03  1.919809E-38  1.171467E-18   5.000000E-01 NotAppl  6.115839E-13  1.305815E-10  
5.303254E+02  3.924468E-03  4.383617E-02  5.009124E-07  1.000000E+00  1.110755E-01  7.581075E-26  4.216266E-21   5.000000E-01 NotAppl  7.174791E-02  0.000000E+00  
1.344554E+02  1.075929E-04  2.475813E+00  3.306574E+00  1.000000E+00  3.487492E-06  3.873334E-21  3.052609E-06   0.000000E+00 XENON1T_2018  1.805591E+04  0.000000E+00  
7.322346E+02  5.658066E-04  5.983859E+00  -2.827099E-03  1.000000E+00  1.380011E-01  4.973782E-26  6.945718E-14   5.000000E-01 NotAppl  3.381473E-02  0.000000E+00  
3.980795E+02  1.595628E+02  -1.595622E+02  1.667269E-06  1.000000E+00  7.211071E-04  9.449043E-24  8.399217E-20   5.000000E-01 NotAppl  1.208221E+01  0.000000E+00  
2.385282E+03  2.762979E+00  -2.754993E+00  4.782608E-10  1.000000E+00  7.592034E-01  8.362788E-27  1.787226E-28   5.000000E-01 NotAppl  1.681699E-03  0.000000E+00  
4.312099E+01  4.180389E-04  1.083493E+00  1.979319E-03  1.000000E+00  1.868303E-04  2.087686E-30  1.118390E-11   2.347728E-01 NotAppl  3.089066E-05  3.896841E-03  
4.810354E+03  2.897354E+00  1.696936E+02  -2.529453E-09  1.000000E+00  6.432051E-04  7.763005E-24  1.199459E-27   5.000000E-01 NotAppl  7.788744E-01  0.000000E+00  
4.808766E+01  3.722484E+00  -3.721644E+00  6.071060E-05  1.000000E+00  5.300022E-04  3.226696E-33  8.427366E-15   5.000000E-01 NotAppl  4.263877E-08  2.670340E-06  
1.841563E+01  2.167700E-01  2.492968E+00  -4.930854E-02  1.000000E+00  2.001442E-03  4.541289E-28  3.875385E-08   0.000000E+00 XENON1T_2018  1.688285E-02  2.426518E-01  
8.550862E+01  1.346027E-02  5.416431E+00  -1.511335E-08  1.000000E+00  4.816920E-03  6.907082E-25  1.612756E-22   5.000000E-01 NotAppl  4.509521E+00  0.000000E+00  
1.515836E+01  3.045649E-03  6.733235E+01  1.297307E-08  1.000000E+00  8.305158E-04  2.957341E-41  3.956053E-21   5.000000E-01 NotAppl  1.370237E-15  2.332307E-13  
4.821495E+03  6.379489E-01  -6.287044E-01  -4.648832E-04  1.000000E+00  5.643714E+00  1.187381E-27  4.032524E-17   5.000000E-01 NotAppl  1.167754E-04  0.000000E+00  
6.799530E+03  3.582317E-02  -3.075493E-02  -1.143675E-03  1.000000E+00  1.472166E+01  4.776360E-28  1.213515E-16   5.000000E-01 NotAppl  3.318840E-05  0.000000E+00  
1.298065E+02  2.738719E-04  1.127342E-02  1.238249E+00  1.000000E+00  1.836364E-04  7.298825E-23  4.601073E-07   0.000000E+00 XENON1T_2018  3.408691E+02  0.000000E+00  
2.891838E+03  1.383818E+00  -1.326447E+00  9.694152E-07  1.000000E+00  1.790018E+00  3.762031E-27  4.961083E-22   5.000000E-01 NotAppl  6.222032E-04  0.000000E+00  
3.573509E+01  2.240559E+01  -1.777193E+01  -1.050881E-08  1.000000E+00  1.573118E-02  3.609354E-41  4.618867E-22   5.000000E-01 NotAppl  6.507691E-16  1.975730E-14  
3.926925E+03  2.798130E+02  -2.797541E+02  6.061073E-08  1.000000E+00  1.699768E-04  4.300410E-23  1.040530E-24   5.000000E-01 NotAppl  5.187943E+00  0.000000E+00  
5.800694E+02  1.386086E+00  3.624088E+01  4.870398E-10  1.000000E+00  1.148815E-02  4.194512E-25  3.318357E-27   5.000000E-01 NotAppl  3.657839E-01  0.000000E+00  
1.613861E+02  4.895354E+01  -4.885543E+01  1.342374E-03  1.000000E+00  3.856111E-03  1.522523E-24  3.460397E-13   5.000000E-01 NotAppl  5.115746E+00  0.000000E+00  
1.611206E+01  1.321001E-04  9.407211E+00  5.309457E-05  1.000000E+00  9.110450E-04  5.044485E-34  5.868343E-14   5.000000E-01 NotAppl  2.179351E-08  3.151768E-06  
7.657198E+02  1.943442E-03  -1.334897E-03  -1.035694E-03  1.000000E+00  2.237245E-01  3.686808E-26  8.507966E-15   5.000000E-01 NotAppl  2.386222E-02  0.000000E+00  
2.650668E+02  2.788771E-03  6.246334E-02  5.492418E-10  1.000000E+00  2.977288E-02  2.863979E-25  2.095756E-26   5.000000E-01 NotAppl  5.576355E-01  0.000000E+00  
5.722524E+02  1.096164E-04  8.272304E+02  -5.405751E-03  1.000000E+00  1.160134E-04  4.368597E-23  4.202931E-13   5.000000E-01 NotAppl  3.870543E+01  0.000000E+00  
5.291444E+01  9.681605E-01  -9.566074E-01  6.591207E-06  1.000000E+00  2.652341E-03  7.888133E-35  8.174009E-17   5.000000E-01 NotAppl  9.403533E-10  3.244015E-08  
1.179047E+02  1.208352E-01  -1.151283E-01  8.940262E-10  1.000000E+00  7.235026E-03  1.085913E-24  2.921222E-25   5.000000E-01 NotAppl  4.977737E+00  0.000000E+00  
4.974021E+03  9.447065E+01  -9.447012E+01  -2.456665E-08  1.000000E+00  1.349255E-03  5.172042E-24  1.057013E-25   5.000000E-01 NotAppl  4.906929E-01  0.000000E+00  
7.458510E+02  4.591428E-03  5.992955E-02  7.161114E-08  1.000000E+00  2.127224E-01  3.883369E-26  4.291891E-23   5.000000E-01 NotAppl  2.582551E-02  0.000000E+00  
1.310396E+01  2.985224E-03  1.799169E-01  7.395306E-07  1.000000E+00  8.503951E-04  9.191904E-38  1.716003E-17   5.000000E-01 NotAppl  5.037771E-12  7.638338E-10  
3.979673E+02  1.547290E-04  3.160952E-02  1.245767E-10  1.000000E+00  6.426031E-02  1.323363E-25  4.691928E-28   5.000000E-01 NotAppl  1.687854E-01  0.000000E+00  
1.517820E+01  2.182447E+01  -2.071100E+01  -6.373428E-02  1.000000E+00  1.945912E-01  7.140494E-28  9.523434E-08   0.000000E+00 XENON1T_2018  3.303484E-02  4.185039E-01  
1.118290E+01  9.677992E+00  -9.673151E+00  2.917455E-05  1.000000E+00  1.761370E-01  1.348962E-34  3.649413E-14   5.000000E-01 NotAppl  8.898667E-09  9.180740E-07  
9.584995E+01  1.452144E-03  2.692880E-02  3.383697E-02  1.000000E+00  5.043111E-03  1.484513E-24  6.397543E-10   4.836812E-25 LZ5Tmedian  8.460365E+00  0.000000E+00  
5.049051E+02  2.433383E-04  -1.203844E-04  5.078706E-02  1.000000E+00  9.850307E-02  8.678260E-26  4.792197E-11   3.956498E-01 NotAppl  8.660783E-02  0.000000E+00  
6.562844E+01  1.142342E-04  -1.071963E-05  8.794940E-06  1.000000E+00  5.222231E-03  1.081269E-33  9.379402E-17   5.000000E-01 NotAppl  1.036397E-08  0.000000E+00  
1.152389E+02  7.975246E-03  2.087461E-01  -5.310290E-02  1.000000E+00  7.634838E-03  8.909689E-25  1.080094E-09   2.953181E-36 LZ5Tmedian  4.181676E+00  0.000000E+00  
2.855620E+02  2.522610E+01  -2.444754E+01  -2.480156E-09  1.000000E+00  1.020019E-02  5.757670E-25  3.668819E-25   5.000000E-01 NotAppl  1.041282E+00  0.000000E+00  
1.171896E+02  3.602533E-04  7.467564E+01  6.497662E-07  1.000000E+00  3.836294E-03  1.505205E-24  1.562410E-19   5.000000E-01 NotAppl  6.882033E+00  0.000000E+00  
1.017497E+02  2.947352E+02  -2.943477E+02  -8.067917E-07  1.000000E+00  2.015164E-03  2.561987E-24  3.217952E-19   5.000000E-01 NotAppl  1.383299E+01  0.000000E+00  
7.312144E+01  5.999207E-03  6.853083E-02  -2.847700E-08  1.000000E+00  6.498757E-03  8.898167E-40  7.885298E-22   5.000000E-01 NotAppl  7.641260E-15  0.000000E+00  
4.029911E+01  1.028952E+00  -1.024785E+00  2.676331E-07  1.000000E+00  1.816002E-04  3.081506E-38  2.346580E-19   5.000000E-01 NotAppl  4.883961E-13  7.685470E-11  
1.103074E+03  8.024577E-01  4.078781E-01  -9.113146E-08  1.000000E+00  4.156302E-01  1.870086E-26  3.126146E-23   5.000000E-01 NotAppl  8.314002E-03  0.000000E+00  
1.347083E+02  3.152194E+00  -3.152001E+00  -5.832908E-03  1.000000E+00  7.758457E-03  9.058372E-25  9.462631E-12   5.000000E-01 NotAppl  3.619561E+00  0.000000E+00  
3.181071E+01  1.048625E-02  3.150579E+01  -5.525099E-01  1.000000E+00  1.697087E-03  8.299174E-26  1.616608E-06   0.000000E+00 XENON1T_2018  1.694829E+00  3.330817E-01  
2.490909E+01  2.493235E-02  4.665207E+01  2.067223E-10  1.000000E+00  1.947772E-03  9.228495E-45  3.711378E-25   5.000000E-01 NotAppl  2.464991E-19  5.598567E-17  
3.126770E+01  3.382588E+02  -3.382493E+02  3.710533E-08  1.000000E+00  8.220980E-03  3.667933E-40  7.550086E-21   5.000000E-01 NotAppl  7.632305E-15  1.703390E-12  
3.292020E+02  2.753665E+01  1.687437E+01  6.186175E+00  1.000000E+00  1.919812E-05  2.072191E-22  1.705879E-06   0.000000E+00 XENON1T_2018  3.661847E+02  0.000000E+00  
2.265358E+01  8.444425E-02  5.066964E-01  2.140803E-04  1.000000E+00  2.307899E-03  9.352127E-33  4.819507E-13   5.000000E-01 NotAppl  2.767764E-07  6.088676E-05  
2.652291E+03  3.522185E-04  3.014151E-03  -1.303996E-10  1.000000E+00  2.387138E+00  3.126300E-27  1.070443E-29   5.000000E-01 NotAppl  5.654620E-04  0.000000E+00  
5.921975E+03  1.297367E-04  1.228615E-02  1.777148E-10  1.000000E+00  1.127716E+01  6.287257E-28  3.880041E-30   5.000000E-01 NotAppl  5.025630E-05  0.000000E+00  
3.584436E+01  7.806535E+01  -7.802941E+01  2.247304E-05  1.000000E+00  3.070781E-03  1.660154E-34  2.099227E-15   5.000000E-01 NotAppl  2.983670E-09  5.911647E-07  
1.518117E+02  1.312125E-03  8.475793E-02  -1.218522E-02  1.000000E+00  1.101592E-02  7.334484E-25  3.232153E-11   1.440322E-01 NotAppl  2.588980E+00  0.000000E+00  
9.089691E+02  1.887643E-03  3.830954E-01  -1.301257E+00  1.000000E+00  2.169515E-02  5.532289E-25  9.461929E-09   2.384508E-45 LZ5Tmedian  3.210131E-01  0.000000E+00  
3.018095E+02  1.111965E+00  -1.088899E+00  1.192083E-07  1.000000E+00  3.671641E-02  2.255913E-25  7.567753E-22   5.000000E-01 NotAppl  3.836326E-01  0.000000E+00  
5.485647E+03  7.577346E+01  -7.574151E+01  -3.750958E-03  1.000000E+00  2.063499E-03  3.344277E-24  2.019446E-15   5.000000E-01 NotAppl  2.872893E-01  0.000000E+00  
1.272857E+02  2.442205E-04  8.569570E+00  -2.603979E-02  1.000000E+00  6.965770E-03  9.355530E-25  2.118255E-10   3.822631E-07 LZ5Tmedian  3.955074E+00  0.000000E+00  
1.521378E+03  9.235185E+01  -9.058229E+01  2.068894E-01  1.000000E+00  1.361919E-03  4.945428E-24  8.362133E-11   5.000000E-01 NotAppl  1.574578E+00  0.000000E+00  
1.905712E+01  2.534801E-01  -2.533689E-01  -6.166555E-09  1.000000E+00  4.412289E-03  7.190555E-42  5.659357E-22   5.000000E-01 NotAppl  2.573274E-16  5.171653E-14  
1.678864E+03  1.439683E-03  2.456418E-02  -7.518114E-04  1.000000E+00  9.946528E-01  7.776691E-27  9.033258E-16   5.000000E-01 NotAppl  2.245904E-03  0.000000E+00  
6.215540E+01  1.697675E+01  -1.697411E+01  3.723687E-02  1.000000E+00  1.594695E-05  1.679809E-24  1.878691E-09   6.208793E-95 LZ5Tmedian  1.701824E+01  1.468406E-01  
2.807593E+02  4.036132E-01  1.753002E+00  1.288779E-03  1.000000E+00  3.063315E-02  2.598414E-25  1.025677E-13   5.000000E-01 NotAppl  4.764524E-01  0.000000E+00  
8.375414E+01  2.895525E-03  8.171227E+00  -4.349060E-01  1.000000E+00  3.514008E-03  1.085916E-24  1.393440E-07   0.000000E+00 XENON1T_2018  7.339380E+00  0.000000E+00  
2.514814E+02  1.508479E+01  -2.525360E+00  1.429902E-01  1.000000E+00  5.202554E-03  7.850126E-25  1.582086E-09   1.053581E-26 LZ5Tmedian  1.630056E+00  0.000000E+00  
5.320209E+02  1.476311E-03  1.550800E-02  2.992725E-03  1.000000E+00  1.117456E-01  7.538173E-26  1.495214E-13   5.000000E-01 NotAppl  7.110682E-02  0.000000E+00  
2.779254E+02  1.840951E-02  8.235063E+01  -2.249094E-04  1.000000E+00  3.249010E-03  1.518183E-24  3.189278E-15   5.000000E-01 NotAppl  2.810731E+00  0.000000E+00  
2.574126E+02  4.321699E-04  1.827643E-02  4.183764E-03  1.000000E+00  2.816478E-02  3.033804E-25  1.291260E-12   5.000000E-01 NotAppl  6.090632E-01  0.000000E+00  
2.047718E+01  1.237978E-03  1.619965E-03  9.188855E+00  1.000000E+00  2.292245E-03  9.691776E-26  1.087888E-03   0.000000E+00 XENON1T_2018  3.357212E+00  2.500010E-01  
3.657316E+03  1.635878E-04  2.580186E-03  2.965262E-10  1.000000E+00  4.434547E+00  1.646416E-27  2.878220E-29   5.000000E-01 NotAppl  2.146413E-04  0.000000E+00  
1.758281E+01  1.448773E-04  3.012596E+01  -1.157187E-09  1.000000E+00  1.061238E-03  2.462510E-43  2.341465E-23   5.000000E-01 NotAppl  9.642231E-18  3.562774E-16  
6.998744E+02  4.988954E-02  -4.287678E-02  -4.372111E+00  1.000000E+00  1.050836E-03  1.292965E-23  1.821901E-07   0.000000E+00 XENON1T_2018  1.017876E+01  0.000000E+00  
6.761183E+03  8.021594E-02  -6.934189E-02  4.500920E-08  1.000000E+00  1.444126E+01  4.862329E-28  1.901221E-25   5.000000E-01 NotAppl  3.397986E-05  0.000000E+00  
4.028142E+03  6.465765E-03  1.462630E-02  -1.785754E+00  1.000000E+00  2.241290E-01  4.922516E-26  8.576631E-10   1.198767E-01 NotAppl  6.146250E-03  0.000000E+00  
1.187573E+01  1.193757E-02  -1.152395E-02  -1.641583E-10  1.000000E+00  1.012406E-03  4.375940E-45  1.026697E-24   5.000000E-01 NotAppl  2.689894E-19  3.779247E-17  
1.795714E+01  4.082943E-04  -1.840423E-04  1.196503E-03  1.000000E+00  1.896651E-03  2.651120E-31  2.400001E-11   2.169222E-01 NotAppl  1.013373E-05  1.943518E-03  
1.901341E+01  4.012741E-02  4.585040E+00  1.005647E-08  1.000000E+00  1.362797E-03  1.910739E-41  1.512070E-21   5.000000E-01 NotAppl  6.855023E-16  1.298440E-13  
1.946971E+03  2.723517E-01  6.658434E-01  -4.650463E-06  1.000000E+00  1.227749E+00  6.072581E-27  2.555529E-20   5.000000E-01 NotAppl  1.507807E-03  0.000000E+00  
4.021777E+02  6.181790E+02  -5.432784E+02  -2.211574E-02  1.000000E+00  7.301370E-05  4.840167E-23  1.447197E-11   5.000000E-01 NotAppl  6.123684E+01  0.000000E+00  
1.742867E+01  7.221227E+00  -7.221095E+00  5.719545E-01  1.000000E+00  3.899742E-02  5.985901E-26  5.821669E-06   0.000000E+00 XENON1T_2018  2.368112E+00  2.508774E-01  
7.043021E+03  1.151533E-01  -1.132206E-01  -2.357303E-03  1.000000E+00  1.543972E+01  4.517754E-28  4.799829E-16   5.000000E-01 NotAppl  3.029013E-05  0.000000E+00  
4.072990E+01  7.154684E-04  2.006758E+01  3.430778E-06  1.000000E+00  1.274638E-04  5.218893E-36  3.773545E-17   5.000000E-01 NotAppl  8.179493E-11  4.907671E-09  
1.595308E+02  2.660772E-02  3.084790E+01  -2.777884E-08  1.000000E+00  6.994000E-03  9.017917E-25  1.517400E-22   5.000000E-01 NotAppl  3.003454E+00  0.000000E+00  
7.921497E+03  6.510339E+01  -5.532605E+01  -2.695653E-01  1.000000E+00  2.832290E-03  2.468750E-24  4.943384E-12   5.000000E-01 NotAppl  1.461849E-01  0.000000E+00  
2.579999E+01  3.018692E-04  6.200744E+01  6.869267E-01  1.000000E+00  1.897706E-03  1.042240E-25  3.817459E-06   0.000000E+00 XENON1T_2018  2.680382E+00  3.331513E-01  
5.731978E+02  2.499661E-04  1.313350E+00  -1.452328E-05  1.000000E+00  1.254845E-01  6.564586E-26  3.023457E-18   5.000000E-01 NotAppl  5.732716E-02  0.000000E+00  
2.667806E+02  7.385262E-01  2.211968E+02  -3.087347E-04  1.000000E+00  8.873716E-04  5.259219E-24  6.535092E-15   5.000000E-01 NotAppl  1.014947E+01  0.000000E+00  
5.376134E+02  1.088855E+02  -9.924001E+01  -1.880069E-09  1.000000E+00  8.859454E-04  5.602372E-24  5.776053E-26   5.000000E-01 NotAppl  5.229895E+00  0.000000E+00  
2.360833E+01  1.402527E+01  -1.385315E+01  6.750693E-02  1.000000E+00  2.713161E-02  9.516381E-28  4.409911E-08   0.000000E+00 XENON1T_2018  2.690865E-02  1.748611E-01  
1.130468E+03  1.330360E+02  -1.303303E+02  -3.122591E-06  1.000000E+00  7.192536E-04  9.217417E-24  3.491094E-20   5.000000E-01 NotAppl  3.983505E+00  0.000000E+00  
2.961746E+02  5.515728E-01  -3.328144E-01  4.171265E-05  1.000000E+00  3.568614E-02  2.330751E-25  9.630540E-17   5.000000E-01 NotAppl  4.042047E-01  0.000000E+00  
1.300790E+02  2.131905E+02  -2.122477E+02  3.821946E-05  1.000000E+00  1.295043E-03  3.941065E-24  4.364608E-16   5.000000E-01 NotAppl  1.662402E+01  0.000000E+00  
1.291685E+01  1.111663E-01  -1.109028E-01  1.088548E-09  1.000000E+00  1.842336E-03  1.982174E-43  3.825120E-23   5.000000E-01 NotAppl  1.104411E-17  1.656034E-15  
8.916600E+02  4.399015E-01  4.970478E+02  2.528403E-01  1.000000E+00  1.366152E-04  3.775655E-23  3.715313E-10   1.637826E-02 LZ5Tmedian  2.124767E+01  0.000000E+00  
1.650257E+01  2.542595E-01  1.096384E+00  -2.216002E-06  1.000000E+00  2.017225E-03  8.851524E-37  9.745748E-17   5.000000E-01 NotAppl  3.722892E-11  6.741118E-09  
1.507425E+02  3.422962E-03  4.327579E-03  6.047739E-04  1.000000E+00  1.077036E-02  7.620710E-25  8.077987E-14   5.000000E-01 NotAppl  2.709244E+00  0.000000E+00  
1.085152E+03  4.122003E-01  -4.110596E-01  -1.509992E-01  1.000000E+00  3.753651E-01  2.231888E-26  8.874423E-11   4.453834E-01 NotAppl  1.022778E-02  0.000000E+00  
9.679875E+02  4.889446E-01  1.429988E+01  2.263107E-05  1.000000E+00  6.279479E-02  8.140601E-26  2.517009E-18   5.000000E-01 NotAppl  4.189703E-02  0.000000E+00  
5.471760E+01  7.370158E-03  2.841198E+02  2.064535E-08  1.000000E+00  3.012416E-03  1.138750E-39  7.489913E-22   5.000000E-01 NotAppl  1.315793E-14  2.942266E-13  
1.118324E+01  4.937309E+02  -4.806564E+02  -3.173846E-07  1.000000E+00  5.615944E+04  1.596481E-38  4.318773E-18   5.000000E-01 NotAppl  1.053107E-12  1.065701E-10  
5.716969E+02  2.078392E-04  4.300877E+01  -2.409212E-04  1.000000E+00  9.167578E-03  5.232556E-25  8.364743E-16   5.000000E-01 NotAppl  4.633296E-01  0.000000E+00  
3.976839E+01  9.545778E-01  3.845441E+01  3.460975E-04  1.000000E+00  7.204876E-05  4.970650E-32  4.031432E-13   5.000000E-01 NotAppl  8.005089E-07  1.295102E-04  
1.768633E+02  1.090767E-03  -4.931586E-04  2.201420E-07  1.000000E+00  1.422670E-02  5.820155E-25  7.713722E-21   5.000000E-01 NotAppl  1.756391E+00  0.000000E+00  
6.856565E+03  3.999563E-03  6.552510E+01  1.107848E-05  1.000000E+00  4.238242E-03  1.149006E-24  1.119514E-20   5.000000E-01 NotAppl  8.044000E-02  0.000000E+00  
8.977009E+01  3.234538E+02  -3.114974E+02  3.956545E-08  1.000000E+00  2.050029E-03  1.276008E-24  1.000446E-21   5.000000E-01 NotAppl  7.930106E+00  0.000000E+00  
6.418443E+03  6.177482E-03  -3.957611E-03  -3.278910E-08  1.000000E+00  1.318596E+01  5.352775E-28  1.121491E-25   5.000000E-01 NotAppl  3.943507E-05  0.000000E+00  
3.403891E+02  5.849881E-03  2.441870E-03  5.137317E-06  1.000000E+00  4.776199E-02  1.785948E-25  1.098665E-18   5.000000E-01 NotAppl  2.679273E-01  0.000000E+00  
3.654166E+03  4.046604E-01  9.492214E+02  6.847650E+00  1.000000E+00  2.756835E-05  1.988510E-22  1.537597E-08   6.289855E-19 LZ5Tmedian  2.637374E+01  0.000000E+00  
5.940151E+02  3.066120E-04  5.505768E-04  1.001304E-03  1.000000E+00  1.379284E-01  6.073784E-26  1.336086E-14   5.000000E-01 NotAppl  5.111250E-02  0.000000E+00  
2.048973E+02  3.410824E+00  1.105926E+02  -4.428979E-07  1.000000E+00  2.013943E-03  2.120991E-24  2.309459E-20   5.000000E-01 NotAppl  5.362520E+00  0.000000E+00  
9.366760E+01  1.260837E+00  -1.254074E+00  1.202107E-01  1.000000E+00  3.313905E-03  2.380696E-24  8.464829E-09   0.000000E+00 LZ5Tmedian  1.393832E+01  0.000000E+00  
3.109746E+02  7.857996E+02  -7.857993E+02  1.477386E-03  1.000000E+00  1.854629E-04  3.666776E-23  1.093301E-13   5.000000E-01 NotAppl  6.078599E+01  0.000000E+00  
8.510339E+01  2.534908E-03  2.135734E+02  4.744669E-05  1.000000E+00  4.462105E-03  6.773693E-25  1.605043E-15   5.000000E-01 NotAppl  4.443727E+00  0.000000E+00  
9.940576E+01  1.170474E-01  -1.168817E-01  1.027259E-09  1.000000E+00  5.827023E-03  1.226896E-24  5.472226E-25   5.000000E-01 NotAppl  6.718840E+00  0.000000E+00  
1.119695E+01  2.777838E+02  -2.777825E+02  -7.076724E-04  1.000000E+00  1.757319E-01  7.941187E-32  2.141949E-11   5.000000E-01 NotAppl  5.230810E-06  7.030165E-04  
2.475689E+03  1.282017E+00  -1.274222E+00  -2.537107E-01  1.000000E+00  1.448004E+00  4.836612E-27  4.662558E-11   5.000000E-01 NotAppl  9.692384E-04  0.000000E+00  
6.386112E+02  8.114297E+02  -8.113080E+02  2.505967E-10  1.000000E+00  6.884874E-05  1.064349E-22  7.217590E-28   5.000000E-01 NotAppl  8.313172E+01  0.000000E+00  
6.289167E+01  3.352977E-02  -3.338877E-02  3.610075E-10  1.000000E+00  4.791753E-03  1.209023E-40  1.723866E-25   5.000000E-01 NotAppl  1.210405E-15  0.000000E+00  
1.045350E+03  4.001448E+00  -3.995710E+00  4.538121E-08  1.000000E+00  2.410868E-01  2.931301E-26  8.650978E-24   5.000000E-01 NotAppl  1.375668E-02  0.000000E+00  
2.003568E+03  2.335911E+02  -2.278486E+02  4.260646E-08  1.000000E+00  2.355366E-04  2.855406E-23  2.023400E-24   5.000000E-01 NotAppl  6.852177E+00  0.000000E+00  
2.067890E+03  5.065991E+01  -5.065860E+01  -4.081019E+00  1.000000E+00  6.619878E-03  7.512395E-25  1.740634E-08   4.703961E-37 LZ5Tmedian  1.902372E-01  0.000000E+00  
2.222565E+03  1.313934E+01  -1.241457E+01  -2.179579E-06  1.000000E+00  5.909131E-02  1.058001E-25  4.286433E-21   5.000000E-01 NotAppl  2.283230E-02  0.000000E+00  
1.656501E+02  3.802381E+00  -3.755604E+00  -4.925377E-05  1.000000E+00  1.060889E-02  6.665993E-25  4.416139E-16   5.000000E-01 NotAppl  2.152478E+00  0.000000E+00  
1.791066E+02  6.214449E-04  1.405692E+02  -1.172266E-05  1.000000E+00  2.062581E-03  2.379410E-24  2.131527E-17   5.000000E-01 NotAppl  6.929575E+00  0.000000E+00  
6.121541E+03  6.091757E-04  6.374053E-05  -3.833235E-03  1.000000E+00  1.202699E+01  5.884740E-28  1.687589E-15   5.000000E-01 NotAppl  4.548677E-05  0.000000E+00  
1.200723E+02  4.288413E+02  -4.272769E+02  1.609238E-02  1.000000E+00  1.072740E-03  4.283963E-24  9.117699E-11   1.259110E-03 LZ5Tmedian  1.959729E+01  0.000000E+00  
3.271246E+03  4.794005E+01  -4.709465E+01  1.560985E-02  1.000000E+00  4.968155E-03  1.343016E-24  1.000878E-13   5.000000E-01 NotAppl  1.951751E-01  0.000000E+00  
3.774603E+02  2.888467E+01  -2.866961E+01  1.442376E-01  1.000000E+00  7.936652E-03  8.048307E-25  7.008976E-10   1.543024E-08 LZ5Tmedian  1.091068E+00  0.000000E+00  
4.087240E+03  2.422970E-01  1.389187E-02  4.333730E-07  1.000000E+00  5.274111E+00  1.371181E-27  4.903779E-23   5.000000E-01 NotAppl  1.596848E-04  0.000000E+00  
1.031086E+01  4.867403E+00  -4.739239E+00  -1.566609E-09  1.000000E+00  2.164604E-01  3.742522E-43  1.233572E-22   5.000000E-01 NotAppl  2.715732E-17  3.294186E-15  
5.180394E+03  4.803842E+01  -4.803491E+01  8.136597E+00  1.000000E+00  2.728884E-03  3.247143E-24  1.067530E-08   1.196751E-09 LZ5Tmedian  2.989481E-01  0.000000E+00  
5.376030E+03  4.788223E-02  3.760542E+02  4.448847E-06  1.000000E+00  1.437705E-04  3.557797E-23  2.959799E-21   5.000000E-01 NotAppl  3.188909E+00  0.000000E+00  
1.138039E+03  2.710835E-02  -2.275649E-02  -6.300331E-07  1.000000E+00  4.748153E-01  1.683997E-26  1.401983E-21   5.000000E-01 NotAppl  7.247991E-03  0.000000E+00  
8.646736E+03  2.535864E+01  -2.535788E+01  2.188214E-01  1.000000E+00  1.684195E-02  3.903103E-25  2.726516E-12   5.000000E-01 NotAppl  2.114868E-02  0.000000E+00  
7.488701E+03  1.899095E-02  2.292467E-03  -2.246903E-04  1.000000E+00  1.777804E+01  3.935915E-28  3.849720E-18   5.000000E-01 NotAppl  2.480181E-05  0.000000E+00  
9.763453E+02  1.401298E-01  -1.347691E-01  4.510962E-07  1.000000E+00  3.543746E-01  2.282710E-26  9.826316E-22   5.000000E-01 NotAppl  1.150117E-02  0.000000E+00  
1.166784E+02  1.212524E-04  8.950729E-04  -2.428055E-10  1.000000E+00  7.141703E-03  1.098691E-24  2.201356E-26   5.000000E-01 NotAppl  5.090604E+00  0.000000E+00  
2.553646E+01  2.546205E-01  -1.704152E-01  9.014685E+00  1.000000E+00  4.166461E-03  1.098633E-25  6.712084E-04   0.000000E+00 XENON1T_2018  3.061593E+00  2.502777E-01  
3.322160E+03  2.104010E+01  -2.101473E+01  1.188847E-10  1.000000E+00  2.420308E-02  2.616589E-25  5.625817E-30   5.000000E-01 NotAppl  3.743070E-02  0.000000E+00  
1.165903E+03  2.369430E-04  2.830933E+01  -3.926952E-05  1.000000E+00  2.063758E-02  2.267514E-25  5.184318E-18   5.000000E-01 NotAppl  9.677137E-02  0.000000E+00  
7.653147E+02  2.556257E+01  4.336617E+01  2.474364E-08  1.000000E+00  2.705483E-03  1.567182E-24  4.861376E-24   5.000000E-01 NotAppl  1.026726E+00  0.000000E+00  
1.715623E+02  2.323145E+00  2.350369E+00  -1.096042E-02  1.000000E+00  9.488545E-03  6.191482E-25  2.035167E-11   3.347043E-01 NotAppl  1.927222E+00  0.000000E+00  
9.951640E+03  1.256540E-04  1.584676E+01  3.135261E-04  1.000000E+00  6.664894E-02  6.793871E-26  4.207549E-18   5.000000E-01 NotAppl  3.260898E-03  0.000000E+00  
2.155847E+03  8.956991E-03  -8.610345E-03  7.820408E-07  1.000000E+00  1.603721E+00  4.726002E-27  5.871832E-22   5.000000E-01 NotAppl  1.056415E-03  0.000000E+00  
1.656126E+01  1.793751E-04  4.523927E-04  -1.655911E-09  1.000000E+00  1.652933E-03  4.947947E-43  5.403472E-23   5.000000E-01 NotAppl  2.072723E-17  3.776855E-15  
2.309856E+01  5.468458E-04  8.669759E-04  -1.311220E+00  1.000000E+00  2.517500E-03  3.294561E-25  1.738546E-05   0.000000E+00 XENON1T_2018  9.548090E+00  2.499740E-01  
1.043945E+03  4.965065E-01  6.520070E+00  -2.363994E-05  1.000000E+00  1.813644E-01  3.334231E-26  2.353951E-18   5.000000E-01 NotAppl  1.579113E-02  0.000000E+00  
5.366284E+03  2.685135E+02  -2.685129E+02  2.219279E-04  1.000000E+00  1.813659E-04  4.048372E-23  7.392528E-18   5.000000E-01 NotAppl  3.556201E+00  0.000000E+00  
3.383729E+03  1.081358E+00  2.916553E-01  8.200787E-03  1.000000E+00  2.235206E+00  3.195523E-27  2.578790E-14   5.000000E-01 NotAppl  4.516493E-04  0.000000E+00  
3.507521E+01  3.523511E-02  9.732766E+02  -1.432025E-04  1.000000E+00  6.808146E-04  6.480703E-33  8.907652E-14   5.000000E-01 NotAppl  1.190081E-07  2.424452E-05  
1.139607E+02  2.102668E-02  1.462124E+00  -1.705331E-02  1.000000E+00  6.642377E-03  1.051326E-24  1.139655E-10   1.648113E-04 LZ5Tmedian  4.989334E+00  0.000000E+00  
1.318607E+03  1.302219E+00  9.338440E+01  2.324880E-05  1.000000E+00  2.106117E-03  2.258833E-24  1.413616E-18   5.000000E-01 NotAppl  8.506073E-01  0.000000E+00  
2.092342E+03  6.420650E-01  -6.419359E-01  -3.628993E-10  1.000000E+00  1.415558E+00  5.259874E-27  1.343821E-28   5.000000E-01 NotAppl  1.212063E-03  0.000000E+00  
3.258904E+02  4.267497E-02  6.097661E+02  3.019561E+00  1.000000E+00  1.453114E-04  5.378542E-23  4.149360E-07   0.000000E+00 XENON1T_2018  8.606499E+01  0.000000E+00  
4.352364E+02  1.652314E-01  3.394586E-01  -3.182686E-10  1.000000E+00  7.507435E-02  1.114798E-25  2.549868E-27   5.000000E-01 NotAppl  1.295229E-01  0.000000E+00  
5.563330E+01  1.710150E-02  5.650826E-02  2.268712E-04  1.000000E+00  3.187607E-03  1.739699E-31  8.743635E-14   5.000000E-01 NotAppl  1.975947E-06  3.349421E-05  
8.083180E+03  1.560013E+00  2.314409E+02  -5.272162E-10  1.000000E+00  3.604826E-04  1.424354E-23  1.814892E-29   5.000000E-01 NotAppl  8.438691E-01  0.000000E+00  
9.416864E+02  7.988771E-03  3.742876E+00  3.725043E-09  1.000000E+00  2.527400E-01  2.831378E-26  7.213749E-26   5.000000E-01 NotAppl  1.484155E-02  0.000000E+00  
2.654030E+01  9.928403E-03  6.407925E+00  -1.829276E-02  1.000000E+00  2.012231E-03  7.568196E-29  2.556791E-09   3.181833E-123 LZ5Tmedian  1.882486E-03  1.857247E-01  
1.632972E+03  4.270916E+00  -4.270143E+00  -1.145738E-07  1.000000E+00  3.410732E-01  1.893898E-26  2.219906E-23   5.000000E-01 NotAppl  5.615750E-03  0.000000E+00  
1.732736E+01  5.922473E-03  1.460856E+01  1.977340E-06  1.000000E+00  1.059317E-03  7.156084E-37  7.039585E-17   5.000000E-01 NotAppl  2.848519E-11  3.083219E-09  
2.241838E+03  9.981180E+01  -9.054555E+01  1.385859E-09  1.000000E+00  1.131001E-03  5.643642E-24  1.702750E-27   5.000000E-01 NotAppl  1.207037E+00  0.000000E+00  
7.278930E+01  1.367845E-03  8.310081E+00  1.002434E-02  1.000000E+00  5.593549E-03  1.179841E-28  9.862323E-11   2.960902E-05 LZ5Tmedian  1.017832E-03  0.000000E+00  
2.019942E+03  9.652281E+01  8.898949E+02  -1.079905E-06  1.000000E+00  2.402264E-05  1.623636E-22  1.278497E-21   5.000000E-01 NotAppl  3.945552E+01  0.000000E+00  
2.666521E+01  8.757277E-01  2.785100E+00  -8.389873E-03  1.000000E+00  5.544218E-03  1.597992E-29  5.327545E-10   2.368446E-26 LZ5Tmedian  3.957886E-04  7.512415E-02  
1.618708E+02  9.223139E-01  -8.752258E-01  -1.016779E-07  1.000000E+00  1.165027E-02  6.797613E-25  1.973160E-21   5.000000E-01 NotAppl  2.246473E+00  0.000000E+00  
9.546171E+02  1.846814E+00  -1.361310E+00  -2.504787E-08  1.000000E+00  2.983383E-01  2.593758E-26  3.172107E-24   5.000000E-01 NotAppl  1.337338E-02  0.000000E+00  
5.642291E+03  1.858352E-03  -1.522867E-03  1.313439E-06  1.000000E+00  1.026773E+01  6.925006E-28  2.338371E-22   5.000000E-01 NotAppl  5.812937E-05  0.000000E+00  
3.440853E+01  2.502983E+02  -2.497270E+02  1.665258E-09  1.000000E+00  4.637842E-03  8.480271E-43  1.252393E-23   5.000000E-01 NotAppl  1.591927E-17  3.300702E-15  
6.197004E+01  3.556491E+00  5.744549E+02  6.200626E-10  1.000000E+00  1.497338E-02  1.975086E-40  5.241159E-25   5.000000E-01 NotAppl  2.007369E-15  7.137467E-17  
9.953756E+01  6.860513E-02  2.728097E+00  3.744551E-08  1.000000E+00  5.095397E-03  1.235557E-24  7.251442E-22   5.000000E-01 NotAppl  6.755068E+00  0.000000E+00  
1.166084E+02  5.171410E-02  3.998854E+01  1.239566E+00  1.000000E+00  3.523634E-04  2.675735E-23  5.744425E-07   0.000000E+00 XENON1T_2018  1.244758E+02  0.000000E+00  
1.664266E+01  6.047116E-02  4.286460E-01  -5.577843E-02  1.000000E+00  1.381593E-03  5.622477E-28  6.071310E-08   0.000000E+00 XENON1T_2018  2.342199E-02  2.377820E-01  
1.719441E+03  4.192201E-01  6.835885E+02  3.856685E-09  1.000000E+00  6.262791E-05  8.307868E-23  2.264192E-26   5.000000E-01 NotAppl  2.382897E+01  0.000000E+00  
1.128534E+02  9.858176E+02  -9.858174E+02  4.885938E-01  1.000000E+00  4.711458E-04  1.315945E-23  9.544311E-08   0.000000E+00 XENON1T_2018  6.392672E+01  0.000000E+00  
3.220560E+01  1.151158E-03  5.197026E-01  -3.654526E-06  1.000000E+00  1.656210E-03  3.697954E-36  6.898026E-17   5.000000E-01 NotAppl  7.453449E-11  1.632367E-08  
6.441648E+02  1.886888E-01  5.476241E+01  9.510983E-06  1.000000E+00  5.973586E-03  7.924394E-25  1.021426E-18   5.000000E-01 NotAppl  6.214996E-01  0.000000E+00  
1.451531E+01  1.434416E+00  7.469818E+01  -4.400975E-07  1.000000E+00  3.677323E-02  3.359873E-38  4.962330E-18   5.000000E-01 NotAppl  1.636124E-12  2.674626E-10  
1.876649E+03  3.135290E+02  -3.009348E+02  -6.488964E-05  1.000000E+00  1.284680E-04  4.879349E-23  5.362853E-18   5.000000E-01 NotAppl  1.252241E+01  0.000000E+00  
3.725522E+02  1.621349E-04  4.732414E-05  -2.250517E-01  1.000000E+00  3.935886E-02  2.424345E-25  1.752651E-09   1.652483E-20 LZ5Tmedian  3.423670E-01  0.000000E+00  
3.717216E+01  9.057987E+01  -2.424463E+00  1.330089E-02  1.000000E+00  2.634322E+01  6.253565E-29  6.829882E-10   4.601545E-39 LZ5Tmedian  1.081399E-03  1.688978E-01  
1.550259E+03  8.385876E-02  1.700838E+02  -1.209102E-04  1.000000E+00  7.000984E-04  6.984874E-24  2.748615E-17   5.000000E-01 NotAppl  2.227790E+00  0.000000E+00  
8.218345E+01  1.118541E+02  -1.118539E+02  1.335365E-09  1.000000E+00  6.603556E-03  5.419014E-25  1.365669E-24   5.000000E-01 NotAppl  3.757026E+00  0.000000E+00  
2.632949E+02  1.786766E-03  7.462119E+00  -2.316440E-10  1.000000E+00  2.411035E-02  3.072562E-25  3.779392E-27   5.000000E-01 NotAppl  6.023608E-01  0.000000E+00  
1.208118E+01  3.165897E-04  5.351017E+02  8.315368E-07  1.000000E+00  5.508816E-04  1.130042E-37  2.546915E-17   5.000000E-01 NotAppl  6.808353E-12  9.690777E-10  
2.942757E+02  9.075318E-03  4.154754E-02  3.788522E-02  1.000000E+00  3.536532E-02  2.447842E-25  8.049611E-11   7.260229E-02 LZ5Tmedian  4.279533E-01  0.000000E+00  
5.124225E+01  1.198674E+01  -9.380238E+00  -5.158795E+00  1.000000E+00  8.928948E-04  3.399921E-24  5.346019E-05   0.000000E+00 XENON1T_2018  3.806224E+01  5.309387E-01  
1.282922E+02  5.152181E+01  -5.146677E+01  7.047278E-10  1.000000E+00  3.401652E-03  1.716785E-24  1.526630E-25   5.000000E-01 NotAppl  7.282721E+00  0.000000E+00  
6.814075E+03  8.936638E-01  3.866332E+02  3.829660E-03  1.000000E+00  1.346999E-04  3.828761E-23  1.354798E-15   5.000000E-01 NotAppl  2.697393E+00  0.000000E+00  
1.350640E+01  1.180464E-01  1.194775E+02  1.897881E-02  1.000000E+00  1.014111E-03  6.112581E-29  1.064520E-08   5.520792E-140 LZ5Tmedian  3.234694E-03  1.994774E-01  
5.060945E+03  2.339630E+01  3.528316E+01  5.660459E-05  1.000000E+00  5.080315E-03  1.241704E-24  5.417445E-19   5.000000E-01 NotAppl  1.176597E-01  0.000000E+00  
3.477498E+01  2.920143E-02  4.153960E+01  -5.810637E-01  1.000000E+00  7.836342E-04  1.048921E-25  1.492407E-06   0.000000E+00 XENON1T_2018  1.946893E+00  3.331929E-01  
5.592756E+02  4.198574E+01  -4.002555E+01  6.036801E-01  1.000000E+00  3.101898E-03  2.053951E-24  5.493135E-09   1.702187E-42 LZ5Tmedian  1.855329E+00  0.000000E+00  
5.769795E+02  1.201301E+00  7.431285E+00  -1.843573E-01  1.000000E+00  7.988248E-02  8.229317E-26  4.806807E-10   2.849669E-04 LZ5Tmedian  7.298785E-02  0.000000E+00  
2.222120E+03  2.892554E+02  -2.891850E+02  -5.924679E-01  1.000000E+00  1.736768E-04  4.194016E-23  3.168529E-10   2.423220E-01 NotAppl  9.050757E+00  0.000000E+00  
1.943091E+01  2.337144E+01  -2.335189E+01  -3.738262E-05  1.000000E+00  4.808846E-02  2.661865E-34  2.000366E-14   5.000000E-01 NotAppl  9.322795E-09  3.103071E-07  
1.736105E+01  1.150111E+02  -1.150028E+02  1.029895E-02  1.000000E+00  6.456140E-02  1.942492E-29  1.902324E-09   1.014914E-49 LZ5Tmedian  7.712140E-04  1.127392E-01  
2.453814E+03  3.894511E-04  -2.263016E-05  -1.452739E-03  1.000000E+00  2.055745E+00  3.650953E-27  1.556581E-15   5.000000E-01 NotAppl  7.149192E-04  0.000000E+00  
8.033023E+03  1.874383E-03  1.497809E-01  2.226831E-06  1.000000E+00  1.973507E+01  3.480208E-28  3.278976E-22   5.000000E-01 NotAppl  2.043354E-05  0.000000E+00  
1.073291E+02  1.512597E-03  7.020386E+02  -4.150825E-09  1.000000E+00  2.672961E-03  1.775332E-24  7.634857E-24   5.000000E-01 NotAppl  8.864262E+00  0.000000E+00  
2.891701E+03  6.560534E+01  -6.560503E+01  1.255349E-04  1.000000E+00  2.735747E-03  2.485350E-24  8.320080E-18   5.000000E-01 NotAppl  4.096756E-01  0.000000E+00  
7.511078E+03  1.833772E-02  -5.665021E-04  1.462814E-07  1.000000E+00  1.788349E+01  3.912163E-28  1.621835E-24   5.000000E-01 NotAppl  2.457780E-05  0.000000E+00  
3.047780E+03  3.630815E-02  -3.511978E-02  -9.248533E-08  1.000000E+00  3.117924E+00  2.369952E-27  4.057627E-24   5.000000E-01 NotAppl  3.720290E-04  0.000000E+00  
4.425888E+03  1.939324E+02  -1.939024E+02  2.970558E-05  1.000000E+00  3.393719E-04  2.124936E-23  1.959623E-19   5.000000E-01 NotAppl  2.269802E+00  0.000000E+00  
1.035867E+01  3.284780E+02  -3.227819E+02  4.329990E-05  1.000000E+00  1.468147E+02  2.865893E-34  9.338826E-14   5.000000E-01 NotAppl  2.068337E-08  2.547727E-06  
1.674310E+01  4.183836E+01  -3.599613E+01  2.344192E-01  1.000000E+00  2.435973E-01  9.948516E-27  1.059549E-06   0.000000E+00 XENON1T_2018  4.115140E-01  2.788869E-01  
3.048799E+03  1.292221E+02  -1.232011E+02  -1.265920E-09  1.000000E+00  7.128872E-04  9.454600E-24  7.597025E-28   5.000000E-01 NotAppl  1.476516E+00  0.000000E+00  
5.149037E+01  9.937469E+01  -9.928246E+01  3.704321E-09  1.000000E+00  1.747670E-03  1.935616E-41  2.729452E-23   5.000000E-01 NotAppl  2.375044E-16  1.111245E-14  
1.361115E+03  5.085961E-02  3.107777E-01  -2.348079E-05  1.000000E+00  6.624716E-01  1.184139E-26  1.351606E-18   5.000000E-01 NotAppl  4.241585E-03  0.000000E+00  
2.157263E+03  1.690597E+01  -1.685522E+01  -6.375180E-03  1.000000E+00  3.653027E-02  1.710696E-25  3.896894E-14   5.000000E-01 NotAppl  3.805987E-02  0.000000E+00  
4.487860E+03  9.108305E-04  3.039984E+00  3.650003E-04  1.000000E+00  1.297253E+00  3.591540E-27  2.876087E-17   5.000000E-01 NotAppl  3.846725E-04  0.000000E+00  
2.874154E+01  2.923807E+00  -2.861062E+00  3.955665E-03  1.000000E+00  9.802420E-03  3.797083E-30  1.017665E-10   6.672442E-06 LZ5Tmedian  8.650355E-05  1.543064E-02  
5.680876E+01  4.292750E+00  -3.409811E+00  -1.445646E-04  1.000000E+00  4.577466E-03  1.008631E-31  3.402017E-14   5.000000E-01 NotAppl  1.116565E-06  1.053069E-05  
9.812270E+02  1.587298E-03  8.107648E-02  -1.075674E-02  1.000000E+00  3.580444E-01  2.260354E-26  5.530856E-13   5.000000E-01 NotAppl  1.133110E-02  0.000000E+00  
4.765490E+02  3.903254E+01  -3.903188E+01  1.995343E-03  1.000000E+00  7.150933E-03  8.977179E-25  8.325367E-14   5.000000E-01 NotAppl  9.504731E-01  0.000000E+00  
6.532394E+02  8.310588E+01  -8.303114E+01  -5.673499E+00  1.000000E+00  3.269132E-04  2.089747E-23  3.532170E-07   0.000000E+00 XENON1T_2018  1.872460E+01  0.000000E+00  
2.290870E+01  1.344737E+02  -1.344731E+02  -6.728282E-06  1.000000E+00  2.967531E-02  9.293104E-36  4.654397E-16   5.000000E-01 NotAppl  2.715215E-10  6.018386E-08  
1.360731E+03  2.470922E+02  -2.470919E+02  1.649918E-02  1.000000E+00  2.433255E-04  2.979503E-23  6.677277E-13   5.000000E-01 NotAppl  1.063932E+01  0.000000E+00  
2.007466E+03  3.440993E-02  3.837306E-02  1.833599E-07  1.000000E+00  1.398282E+00  5.449807E-27  3.732671E-23   5.000000E-01 NotAppl  1.310526E-03  0.000000E+00  
8.064940E+03  9.252063E+02  -9.250169E+02  -8.113215E-10  1.000000E+00  1.735715E-05  4.496861E-22  4.317696E-29   5.000000E-01 NotAppl  2.614287E+01  0.000000E+00  
3.935667E+01  4.120681E+02  -2.641559E+02  -1.379065E-10  1.000000E+00  3.611412E+05  7.679544E-45  6.537633E-26   5.000000E-01 NotAppl  1.250286E-19  2.111005E-17  
4.317192E+02  2.760499E+02  -1.740832E+02  1.066900E+00  1.000000E+00  1.004926E-04  3.527214E-23  2.913309E-08   7.780605E-286 LZ5Tmedian  4.151927E+01  0.000000E+00  
3.220491E+03  3.380466E-04  3.237174E+01  -1.570243E-01  1.000000E+00  1.670373E-02  2.703516E-25  1.045534E-11   5.000000E-01 NotAppl  4.076811E-02  0.000000E+00  
4.766535E+01  4.299495E+00  1.327318E+01  3.1