MD1           DMP           DM3           l345          ld           Omegah2       sigV          protonSI      PvalDD        expName      CMB_ID        brH_DMDM      
6.851971E+03  2.667210E-04  2.331106E-04  -1.752896E-01  1.000000E+00  1.208828E+01  6.286112E-28  2.806581E-12   5.000000E-01 NotAppl  4.395708E-05  0.000000E+00  
1.974957E+02  1.245574E-04  5.268272E-02  5.543316E-02  1.000000E+00  1.623726E-02  5.434025E-25  3.901093E-10   9.582707E-09 LZ5Tmedian  1.442213E+00  0.000000E+00  
1.078572E+01  2.156434E+00  -2.155896E+00  -1.373071E-02  1.000000E+00  1.829079E-01  2.939804E-29  8.677312E-09   3.521556E-48 LZ5Tmedian  2.023501E-03  1.373057E-01  
1.231960E+03  1.376484E-04  3.401733E-03  -4.747797E-07  1.000000E+00  5.520175E-01  1.438763E-26  6.772226E-22   5.000000E-01 NotAppl  5.708357E-03  0.000000E+00  
8.257298E+03  2.343416E+00  5.132191E+02  2.564490E-07  1.000000E+00  7.762688E-05  6.738199E-23  4.112227E-24   5.000000E-01 NotAppl  3.906839E+00  0.000000E+00  
2.004335E+03  7.443788E+01  -7.366995E+01  -2.863877E-02  1.000000E+00  2.156362E-03  3.133307E-24  9.134841E-13   5.000000E-01 NotAppl  7.516251E-01  0.000000E+00  
3.648639E+02  1.009006E-02  6.422250E+01  4.398171E-08  1.000000E+00  4.622097E-03  1.056077E-24  6.985713E-23   5.000000E-01 NotAppl  1.481086E+00  0.000000E+00  
1.023440E+03  2.326826E-04  5.757661E-03  2.651511E-07  1.000000E+00  3.881921E-01  2.078203E-26  3.083731E-22   5.000000E-01 NotAppl  9.975375E-03  0.000000E+00  
1.400972E+01  3.086651E-04  3.253288E+02  4.429310E-08  1.000000E+00  7.134878E-04  3.367140E-40  5.392729E-20   5.000000E-01 NotAppl  1.707999E-14  2.731132E-12  
1.024157E+03  8.912240E+01  -8.911575E+01  1.808351E-04  1.000000E+00  1.604978E-03  4.276807E-24  1.432303E-16   5.000000E-01 NotAppl  2.046508E+00  0.000000E+00  
6.079685E+02  1.111059E+02  -1.111037E+02  2.343351E-03  1.000000E+00  1.152673E-03  5.953369E-24  6.978547E-14   5.000000E-01 NotAppl  4.889371E+00  0.000000E+00  
3.228880E+02  1.761711E-02  3.468770E-01  -1.906830E-03  1.000000E+00  4.294007E-02  1.974465E-25  1.686347E-13   5.000000E-01 NotAppl  3.129624E-01  0.000000E+00  
6.805827E+01  1.125689E+00  4.322053E+02  1.557685E-08  1.000000E+00  7.437615E-03  1.038866E-39  2.731696E-22   5.000000E-01 NotAppl  9.534365E-15  0.000000E+00  
3.674884E+01  2.762421E+01  -2.761843E+01  1.582510E-01  1.000000E+00  2.373734E-03  8.641285E-27  9.895749E-08   0.000000E+00 XENON1T_2018  1.512153E-01  4.914938E-01  
4.884426E+02  2.741716E-01  2.203317E+02  1.221981E-03  1.000000E+00  6.076058E-04  8.039083E-24  2.968932E-14   5.000000E-01 NotAppl  8.372329E+00  0.000000E+00  
2.756900E+01  1.392331E-03  2.869690E-01  -4.005727E-10  1.000000E+00  2.466484E-03  3.746014E-44  1.135320E-24   5.000000E-01 NotAppl  8.942921E-19  2.056249E-16  
1.546542E+01  1.030010E-04  2.686963E+02  1.285131E-04  1.000000E+00  8.477262E-04  2.919399E-33  3.730292E-13   5.000000E-01 NotAppl  1.321980E-07  2.285644E-05  
5.825773E+02  2.064058E+01  1.153305E+02  9.781545E-02  1.000000E+00  9.094319E-04  4.378781E-24  1.326719E-10   1.073256E-01 NotAppl  3.805557E+00  0.000000E+00  
4.113008E+02  4.209567E-02  1.714048E-02  2.014518E-05  1.000000E+00  6.836657E-02  1.241986E-25  1.146922E-17   5.000000E-01 NotAppl  1.530492E-01  0.000000E+00  
6.112241E+02  5.273440E+00  -5.266883E+00  1.932555E-09  1.000000E+00  9.909964E-02  7.361588E-26  4.694760E-26   5.000000E-01 NotAppl  6.014119E-02  0.000000E+00  
1.938591E+01  7.418977E-02  1.730780E+00  8.639866E-01  1.000000E+00  1.534790E-03  1.402729E-25  1.073503E-05   0.000000E+00 XENON1T_2018  4.929786E+00  2.502542E-01  
5.715276E+01  1.101710E-03  -8.086380E-04  -1.308629E-04  1.000000E+00  3.543369E-03  9.311935E-32  2.753576E-14   5.000000E-01 NotAppl  1.024251E-06  9.899811E-06  
2.314725E+01  4.658021E+01  -4.577602E+01  5.317280E-10  1.000000E+00  3.838856E-02  5.837144E-44  2.846897E-24   5.000000E-01 NotAppl  1.687496E-18  3.745202E-16  
2.186768E+01  2.505641E+00  5.727002E+01  9.604876E-03  1.000000E+00  5.559515E-02  1.849028E-29  1.041583E-09   5.232745E-41 LZ5Tmedian  5.686539E-04  7.682119E-02  
8.464136E+02  4.928239E-01  -4.923180E-01  1.414733E-10  1.000000E+00  2.671885E-01  3.040831E-26  1.293710E-28   5.000000E-01 NotAppl  1.775001E-02  0.000000E+00  
5.601554E+02  2.742084E+00  3.834157E+00  -1.960430E-05  1.000000E+00  8.178073E-02  8.433558E-26  5.774487E-18   5.000000E-01 NotAppl  7.555122E-02  0.000000E+00  
2.603819E+03  3.688579E+02  -1.957950E+02  -2.197896E+00  1.000000E+00  5.477196E-05  7.100152E-23  3.157440E-09   5.767667E-06 LZ5Tmedian  1.305384E+01  0.000000E+00  
2.418090E+03  4.563684E+00  -4.563263E+00  3.424747E-06  1.000000E+00  3.784401E-01  1.602433E-26  8.913016E-21   5.000000E-01 NotAppl  3.174532E-03  0.000000E+00  
8.617282E+02  7.566736E+02  -7.566700E+02  1.775567E-10  1.000000E+00  5.572168E-05  1.344486E-22  1.964529E-28   5.000000E-01 NotAppl  7.690078E+01  0.000000E+00  
7.309058E+01  1.637185E-02  3.594299E+00  -2.309472E-07  1.000000E+00  5.760836E-03  5.888902E-38  5.190744E-20   5.000000E-01 NotAppl  5.059231E-13  0.000000E+00  
1.349880E+02  1.949368E+01  4.860034E+01  5.462800E-02  1.000000E+00  1.554872E-03  1.991252E-24  8.264675E-10   1.502203E-24 LZ5Tmedian  7.892157E+00  0.000000E+00  
3.475337E+03  2.634794E-04  9.933532E-02  8.441264E-01  1.000000E+00  6.273432E-01  1.636636E-26  2.587694E-10   4.763967E-01 NotAppl  2.360962E-03  0.000000E+00  
5.349763E+03  2.417663E-02  7.647625E+01  1.955756E-02  1.000000E+00  3.121809E-03  1.560749E-24  5.777244E-14   5.000000E-01 NotAppl  1.405920E-01  0.000000E+00  
2.198455E+03  1.464716E+00  -1.378497E+00  -1.045682E-05  1.000000E+00  1.210513E+00  5.812849E-27  1.008787E-19   5.000000E-01 NotAppl  1.272456E-03  0.000000E+00  
3.124885E+03  4.019292E-01  -2.836054E-01  -7.888912E-03  1.000000E+00  3.123799E+00  2.334772E-27  2.805925E-14   5.000000E-01 NotAppl  3.572448E-04  0.000000E+00  
2.426788E+02  2.459405E-02  -2.442048E-02  -1.004398E-05  1.000000E+00  2.528188E-02  3.372420E-25  8.397081E-18   5.000000E-01 NotAppl  7.200085E-01  0.000000E+00  
1.047014E+02  2.671064E-01  -2.641352E-01  -4.320146E+00  1.000000E+00  4.836789E-05  2.571384E-22  8.701532E-06   0.000000E+00 XENON1T_2018  1.343490E+03  0.000000E+00  
1.033201E+01  1.386728E-04  1.577840E-05  -1.291890E-04  1.000000E+00  7.355519E-04  2.547763E-33  8.355183E-13   5.000000E-01 NotAppl  1.844311E-07  2.351031E-05  
6.139211E+03  2.497274E-02  1.871973E+02  3.751735E-09  1.000000E+00  5.485640E-04  9.179876E-24  1.607149E-27   5.000000E-01 NotAppl  7.189794E-01  0.000000E+00  
8.900631E+02  7.148269E-01  1.399263E+01  4.206368E-06  1.000000E+00  6.148267E-02  8.504293E-26  1.032065E-19   5.000000E-01 NotAppl  4.768307E-02  0.000000E+00  
3.833418E+01  2.020853E+02  1.499904E+02  3.149374E+00  1.000000E+00  9.665955E-04  3.077533E-24  3.596971E-05   0.000000E+00 XENON1T_2018  5.150839E+01  9.999107E-01  
9.108211E+02  4.639958E-04  1.132612E-02  -1.939783E-08  1.000000E+00  3.111078E-01  2.617512E-26  2.093895E-24   5.000000E-01 NotAppl  1.416676E-02  0.000000E+00  
1.786281E+03  1.553719E-04  7.629890E+00  1.610158E-08  1.000000E+00  2.190180E-01  2.252140E-26  3.651434E-25   5.000000E-01 NotAppl  6.179187E-03  0.000000E+00  
9.842425E+02  5.761986E+02  -5.761951E+02  2.439551E-06  1.000000E+00  7.130911E-05  1.049441E-22  2.827026E-20   5.000000E-01 NotAppl  5.231525E+01  0.000000E+00  
2.135131E+03  2.212885E+00  1.325357E+01  -1.979836E-06  1.000000E+00  7.026251E-02  7.179771E-26  3.838100E-21   5.000000E-01 NotAppl  1.645974E-02  0.000000E+00  
4.501535E+03  1.804387E-02  3.876139E+02  2.025972E-06  1.000000E+00  1.372376E-04  3.716557E-23  8.806338E-22   5.000000E-01 NotAppl  3.987968E+00  0.000000E+00  
1.215273E+02  5.253073E+01  -5.251961E+01  -9.081343E-06  1.000000E+00  3.326253E-03  1.759112E-24  2.832834E-17   5.000000E-01 NotAppl  7.885679E+00  0.000000E+00  
5.496173E+01  4.462235E+02  -4.455602E+02  -1.023760E-03  1.000000E+00  4.006150E-03  2.971647E-30  1.825098E-12   5.000000E-01 NotAppl  3.405431E-05  7.114846E-04  
1.827277E+03  1.129471E-02  4.480373E+00  6.276127E-08  1.000000E+00  4.633261E-01  1.200539E-26  5.296945E-24   5.000000E-01 NotAppl  3.204467E-03  0.000000E+00  
3.942414E+03  6.466094E-04  2.828124E-03  7.560995E-02  1.000000E+00  4.903552E+00  1.507875E-27  1.606333E-12   5.000000E-01 NotAppl  1.827688E-04  0.000000E+00  
7.193396E+02  1.092608E+02  -1.091619E+02  7.705482E-05  1.000000E+00  1.152930E-03  5.965242E-24  5.350564E-17   5.000000E-01 NotAppl  4.112937E+00  0.000000E+00  
2.853407E+03  5.169057E-03  1.005663E+02  -3.482641E-01  1.000000E+00  1.858608E-03  2.545819E-24  6.579641E-11   5.000000E-01 NotAppl  4.344992E-01  0.000000E+00  
5.585032E+01  7.055172E-04  6.201371E+00  3.963491E-06  1.000000E+00  3.173561E-03  5.641770E-35  2.647527E-17   5.000000E-01 NotAppl  6.382179E-10  9.105636E-09  
2.547811E+01  3.280855E+01  -3.277091E+01  -4.332888E-07  1.000000E+00  2.058881E-02  4.117615E-38  1.557819E-18   5.000000E-01 NotAppl  1.072596E-12  2.435013E-11  
1.036816E+01  1.114211E-01  2.217679E+00  5.674353E-01  1.000000E+00  6.930169E-04  4.913223E-26  1.600938E-05   0.000000E+00 XENON1T_2018  3.543030E+00  2.499069E-01  
4.311803E+03  5.569592E-01  -5.568550E-01  -6.824741E-04  1.000000E+00  5.038065E+00  1.366819E-27  1.090773E-16   5.000000E-01 NotAppl  1.506355E-04  0.000000E+00  
2.685392E+03  1.050279E+01  -1.025877E+01  -7.147209E-10  1.000000E+00  9.026577E-02  6.790094E-26  3.135570E-28   5.000000E-01 NotAppl  1.207404E-02  0.000000E+00  
1.140895E+01  2.465075E-04  1.782327E-02  9.374849E-02  1.000000E+00  8.229318E-04  1.404731E-27  3.623116E-07   0.000000E+00 XENON1T_2018  9.050799E-02  2.450183E-01  
3.711968E+01  7.570217E-04  3.613587E+02  -2.167108E-03  1.000000E+00  1.791792E-04  1.655307E-30  1.818275E-11   9.540615E-02 LZ5Tmedian  2.861872E-05  5.311333E-03  
1.160290E+02  1.173106E-04  1.527359E-01  -4.015757E-03  1.000000E+00  7.083362E-03  1.087552E-24  6.090832E-12   5.000000E-01 NotAppl  5.067725E+00  0.000000E+00  
2.272676E+03  1.248039E+01  -1.247962E+01  -2.381539E-06  1.000000E+00  6.432214E-02  9.561348E-26  4.890378E-21   5.000000E-01 NotAppl  2.016769E-02  0.000000E+00  
1.095865E+01  1.031129E-02  3.396904E+02  -1.760523E-06  1.000000E+00  4.917415E-04  4.868490E-37  1.382770E-16   5.000000E-01 NotAppl  3.288402E-11  4.358807E-09  
4.601327E+02  5.999709E+01  -5.999657E+01  -4.927782E-10  1.000000E+00  3.461374E-03  1.891970E-24  5.455225E-27   5.000000E-01 NotAppl  2.078111E+00  0.000000E+00  
3.490088E+01  2.518037E-04  4.283520E-04  1.873279E+00  1.000000E+00  7.151321E-04  7.937168E-25  1.539780E-05   0.000000E+00 XENON1T_2018  1.478560E+01  2.499852E-01  
6.364019E+03  7.122746E+00  -7.122486E+00  -1.759006E-04  1.000000E+00  1.944908E-01  3.047399E-26  3.283876E-18   5.000000E-01 NotAppl  2.252010E-03  0.000000E+00  
1.510338E+03  3.836795E-03  1.101764E+00  -2.753463E+00  1.000000E+00  1.461354E-02  8.368805E-25  1.503308E-08   1.337404E-43 LZ5Tmedian  2.876017E-01  0.000000E+00  
6.408043E+01  5.852870E+02  -5.797943E+02  1.373405E-06  1.000000E+00  5.129880E-02  1.055954E-34  2.401426E-18   5.000000E-01 NotAppl  1.036857E-09  0.000000E+00  
1.678905E+01  7.258616E-02  4.357966E+00  -4.668583E-06  1.000000E+00  1.220681E-03  3.949614E-36  4.179545E-16   5.000000E-01 NotAppl  1.629143E-10  2.871865E-08  
1.410072E+01  8.634116E-01  -8.577956E-01  -4.034823E-04  1.000000E+00  2.135552E-02  2.799572E-32  4.417836E-12   5.000000E-01 NotAppl  1.409157E-06  2.263225E-04  
8.682815E+01  2.177334E-02  4.003252E+00  -1.625259E-01  1.000000E+00  6.967130E-03  7.604550E-26  1.807437E-08   0.000000E+00 XENON1T_2018  4.927162E-01  0.000000E+00  
5.957871E+02  3.671609E-02  4.810619E-01  -4.132101E-08  1.000000E+00  1.376288E-01  6.047324E-26  2.261517E-23   5.000000E-01 NotAppl  5.073418E-02  0.000000E+00  
1.972562E+01  4.391417E-02  1.334250E-01  -1.401082E-04  1.000000E+00  2.085230E-03  3.760982E-33  2.726372E-13   5.000000E-01 NotAppl  1.295425E-07  2.660620E-05  
1.736140E+02  4.114927E+02  -4.110155E+02  -5.544340E-07  1.000000E+00  6.362788E-04  9.009960E-24  5.082339E-20   5.000000E-01 NotAppl  2.835401E+01  0.000000E+00  
5.071072E+03  1.436193E-03  1.750927E+01  8.067235E-09  1.000000E+00  5.405342E-02  8.337141E-26  1.095912E-26   5.000000E-01 NotAppl  7.927646E-03  0.000000E+00  
3.315464E+01  2.025756E+00  1.208623E+01  -2.824726E-02  1.000000E+00  1.936318E-03  2.302218E-28  3.885425E-09   6.725449E-213 LZ5Tmedian  4.497358E-03  2.862573E-01  
1.019894E+02  1.426399E+01  -1.426347E+01  -7.073944E-09  1.000000E+00  4.251987E-03  1.354149E-24  2.461988E-23   5.000000E-01 NotAppl  7.229593E+00  0.000000E+00  
6.589453E+03  1.258759E+00  -7.067908E-01  4.031739E-08  1.000000E+00  4.334493E+00  1.525908E-27  1.607376E-25   5.000000E-01 NotAppl  1.091775E-04  0.000000E+00  
2.075767E+03  9.546923E-01  1.043537E+00  -4.898641E-08  1.000000E+00  1.057955E+00  6.712913E-27  2.488613E-24   5.000000E-01 NotAppl  1.563742E-03  0.000000E+00  
3.307059E+01  3.531170E+00  -3.529050E+00  1.380737E-02  1.000000E+00  3.281711E-03  5.480391E-29  9.331323E-10   1.229305E-51 LZ5Tmedian  1.073557E-03  8.875936E-02  
3.885381E+02  1.594725E+00  2.158172E+02  6.675693E-09  1.000000E+00  6.809182E-04  6.895973E-24  1.415081E-24   5.000000E-01 NotAppl  9.076751E+00  0.000000E+00  
1.721846E+01  1.467525E-01  2.920475E+01  4.303571E-01  1.000000E+00  1.535160E-03  3.383970E-26  3.376861E-06   0.000000E+00 XENON1T_2018  1.356983E+00  2.551631E-01  
4.447151E+02  1.131192E-03  1.925770E+00  -3.887377E-09  1.000000E+00  7.614726E-02  1.079466E-25  3.640000E-25   5.000000E-01 NotAppl  1.226580E-01  0.000000E+00  
2.191904E+03  1.376128E+00  1.155220E+01  4.741316E-10  1.000000E+00  9.707945E-02  5.053687E-26  2.086594E-28   5.000000E-01 NotAppl  1.127788E-02  0.000000E+00  
7.966174E+03  4.079253E-04  2.569875E+00  -3.639733E-07  1.000000E+00  2.016298E+00  2.131137E-27  8.909927E-24   5.000000E-01 NotAppl  1.278158E-04  0.000000E+00  
4.203865E+03  1.915400E+01  6.325550E+02  9.687567E-06  1.000000E+00  5.154627E-05  9.795245E-23  2.314112E-20   5.000000E-01 NotAppl  1.126662E+01  0.000000E+00  
1.381462E+03  1.434677E+00  -1.434439E+00  -3.975964E-01  1.000000E+00  3.442998E-01  2.591830E-26  3.759814E-10   6.737042E-02 LZ5Tmedian  9.604433E-03  0.000000E+00  
4.556357E+01  7.621864E+00  -7.603013E+00  -4.259251E-05  1.000000E+00  5.135604E-05  1.206251E-33  4.629338E-15   5.000000E-01 NotAppl  1.685414E-08  8.935213E-07  
4.004476E+01  7.078308E-01  3.615708E+00  -1.650877E-08  1.000000E+00  8.247430E-05  1.152227E-40  9.044324E-22   5.000000E-01 NotAppl  1.838428E-15  2.567695E-13  
2.632274E+03  1.421400E+00  3.405435E+01  9.746750E-01  1.000000E+00  1.181453E-02  4.852037E-25  6.073368E-10   1.007213E-01 NotAppl  9.013303E-02  0.000000E+00  
3.654923E+03  3.377257E-01  9.267649E+02  8.728897E-10  1.000000E+00  2.969633E-05  1.781971E-22  2.497441E-28   5.000000E-01 NotAppl  2.362178E+01  0.000000E+00  
9.059676E+01  3.249953E-02  7.600920E+01  4.480787E-06  1.000000E+00  4.262770E-03  7.674578E-25  1.259247E-17   5.000000E-01 NotAppl  4.726834E+00  0.000000E+00  
7.591499E+01  1.100122E-04  2.081762E-05  -7.440789E-04  1.000000E+00  7.054527E-03  3.679298E-31  4.986623E-13   5.000000E-01 NotAppl  3.041837E-06  0.000000E+00  
4.656364E+03  9.259846E-01  -9.079996E-01  1.738428E-04  1.000000E+00  4.243880E+00  1.523457E-27  6.053090E-18   5.000000E-01 NotAppl  1.551144E-04  0.000000E+00  
3.174406E+03  8.066855E-02  -8.000643E-02  -3.238642E-08  1.000000E+00  3.365660E+00  2.188163E-27  4.580047E-25   5.000000E-01 NotAppl  3.295218E-04  0.000000E+00  
9.050278E+01  1.319748E-02  5.624944E+01  1.734486E-01  1.000000E+00  2.367665E-03  2.382687E-24  1.890896E-08   0.000000E+00 XENON1T_2018  1.469236E+01  0.000000E+00  
1.543884E+03  5.783515E+02  -5.783259E+02  -8.984450E-06  1.000000E+00  5.675870E-05  1.328550E-22  1.530453E-19   5.000000E-01 NotAppl  4.165913E+01  0.000000E+00  
1.943752E+02  2.028421E-04  4.614207E+01  5.010589E-07  1.000000E+00  6.258421E-03  9.182054E-25  3.293059E-20   5.000000E-01 NotAppl  2.458891E+00  0.000000E+00  
4.966177E+01  8.749398E-01  -8.500561E-01  -1.030007E+00  1.000000E+00  1.154252E-03  1.074235E-24  2.271655E-06   0.000000E+00 XENON1T_2018  1.378879E+01  2.546472E-01  
7.959740E+03  9.251270E-04  2.170521E-01  7.527666E-07  1.000000E+00  1.875564E+01  3.609601E-28  3.817408E-23   5.000000E-01 NotAppl  2.139630E-05  0.000000E+00  
1.357090E+01  7.259157E-04  2.364050E+01  -6.463596E-04  1.000000E+00  6.764534E-04  7.100351E-32  1.223119E-11   5.000000E-01 NotAppl  3.735797E-06  2.033108E-04  
9.719543E+03  2.304461E-01  2.844969E+02  3.259261E-04  1.000000E+00  2.443405E-04  2.125790E-23  4.770103E-18   5.000000E-01 NotAppl  1.045055E+00  0.000000E+00  
1.931780E+03  6.732263E-01  1.338304E-01  -9.748670E-08  1.000000E+00  1.189693E+00  6.325753E-27  1.141066E-23   5.000000E-01 NotAppl  1.582792E-03  0.000000E+00  
1.060083E+01  5.607466E-01  -5.445578E-01  -7.204246E-02  1.000000E+00  1.037857E-02  8.026202E-28  2.471011E-07   0.000000E+00 XENON1T_2018  5.637973E-02  2.432969E-01  
9.033721E+02  2.224727E-04  3.767633E-02  1.910725E-07  1.000000E+00  3.062565E-01  2.660426E-26  2.065984E-22   5.000000E-01 NotAppl  1.452141E-02  0.000000E+00  
6.853300E+01  5.350180E+02  -5.349047E+02  -5.665117E-08  1.000000E+00  1.367218E-02  1.158493E-38  3.562270E-21   5.000000E-01 NotAppl  1.062185E-13  0.000000E+00  
2.323965E+03  3.965187E+01  -3.961085E+01  3.745834E+00  1.000000E+00  3.247774E-03  2.634210E-24  1.156067E-08   3.301753E-22 LZ5Tmedian  5.507013E-01  0.000000E+00  
9.489174E+03  7.345913E-01  -6.112265E-01  -1.164063E-06  1.000000E+00  1.078845E+01  5.678571E-28  6.388421E-23   5.000000E-01 NotAppl  2.808035E-05  0.000000E+00  
1.262122E+01  5.434966E+00  2.549408E+02  -4.045069E-02  1.000000E+00  5.631994E+00  2.715893E-28  5.529142E-08   0.000000E+00 LZ5Tmedian  1.554872E-02  3.471316E-01  
3.670372E+01  1.591964E+00  -1.575141E+00  -3.950727E-06  1.000000E+00  2.055377E-04  5.374656E-36  6.182922E-17   5.000000E-01 NotAppl  9.404017E-11  1.739585E-08  
2.342414E+01  1.231855E-03  1.860237E-01  -4.469490E-09  1.000000E+00  2.311811E-03  4.152331E-42  1.963830E-22   5.000000E-01 NotAppl  1.185140E-16  2.645213E-14  
1.983098E+03  2.463807E+01  -2.463747E+01  6.075263E-05  1.000000E+00  1.784534E-02  3.589572E-25  4.200959E-18   5.000000E-01 NotAppl  8.705654E-02  0.000000E+00  
1.214876E+02  8.627969E+02  -8.627779E+02  -1.046642E-04  1.000000E+00  1.256013E-03  4.511848E-24  3.765378E-15   5.000000E-01 NotAppl  2.040079E+01  0.000000E+00  
7.249146E+01  1.231315E+01  -1.231265E+01  -1.143747E-03  1.000000E+00  1.720324E-02  1.634861E-30  1.294689E-12   5.000000E-01 NotAppl  1.416105E-05  0.000000E+00  
2.555892E+02  2.159883E+01  -2.158197E+01  -7.812714E-07  1.000000E+00  1.121229E-02  5.477755E-25  4.568852E-20   5.000000E-01 NotAppl  1.111934E+00  0.000000E+00  
2.003146E+01  1.041174E+00  4.766759E+02  -7.169297E-10  1.000000E+00  1.020851E-02  9.908119E-44  6.921536E-24   5.000000E-01 NotAppl  3.355160E-18  6.915059E-16  
1.306595E+02  6.200776E-01  -6.157629E-01  2.328720E-10  1.000000E+00  8.285675E-03  9.499633E-25  1.605634E-26   5.000000E-01 NotAppl  3.914445E+00  0.000000E+00  
1.415028E+02  1.726766E+00  4.046491E+01  -7.614121E-02  1.000000E+00  5.099862E-03  9.514142E-25  1.457710E-09   4.452242E-41 LZ5Tmedian  3.613708E+00  0.000000E+00  
9.730775E+01  9.867912E+01  -5.996687E+01  -3.177929E-04  1.000000E+00  1.489770E-03  1.947455E-24  5.471188E-14   5.000000E-01 NotAppl  1.096332E+01  0.000000E+00  
1.087816E+02  3.905956E+02  -3.905787E+02  -2.346388E-03  1.000000E+00  1.780852E-03  3.125312E-24  2.373364E-12   5.000000E-01 NotAppl  1.579105E+01  0.000000E+00  
7.583993E+03  2.510276E+02  -2.509218E+02  1.992291E-07  1.000000E+00  2.051106E-04  3.600362E-23  2.949924E-24   5.000000E-01 NotAppl  2.227387E+00  0.000000E+00  
2.280167E+03  4.473211E-02  1.309070E+02  5.880086E-02  1.000000E+00  1.105398E-03  4.396184E-24  2.961306E-12   5.000000E-01 NotAppl  9.440141E-01  0.000000E+00  
7.160296E+03  6.101293E-04  2.299264E-02  2.945429E+00  1.000000E+00  2.677053E-01  4.161262E-26  7.246386E-10   3.643862E-01 NotAppl  2.895111E-03  0.000000E+00  
1.309505E+02  9.584680E-01  -1.652019E-01  -5.007770E-10  1.000000E+00  7.532815E-03  9.515600E-25  7.391291E-26   5.000000E-01 NotAppl  3.911912E+00  0.000000E+00  
1.240051E+02  3.447364E-01  2.747318E+02  -5.793648E-09  1.000000E+00  2.197177E-03  2.161313E-24  1.106256E-23   5.000000E-01 NotAppl  9.225579E+00  0.000000E+00  
3.412541E+02  3.612736E-01  -3.607565E-01  -3.066206E+00  1.000000E+00  2.755961E-04  4.988918E-23  3.893490E-07   0.000000E+00 XENON1T_2018  8.660568E+01  0.000000E+00  
2.069856E+03  3.349968E+01  8.480810E+01  5.510439E-10  1.000000E+00  1.165253E-03  4.219825E-24  3.167390E-28   5.000000E-01 NotAppl  9.974164E-01  0.000000E+00  
3.180852E+01  8.520545E+02  -8.519220E+02  -1.077586E-02  1.000000E+00  7.435290E-03  3.162111E-29  6.150203E-10   9.007872E-34 LZ5Tmedian  6.458881E-04  1.117631E-01  
5.367494E+01  8.937545E+02  -8.148717E+02  -9.133484E-09  1.000000E+00  1.715937E+03  1.763531E-40  1.524554E-22   5.000000E-01 NotAppl  2.078454E-15  6.106608E-14  
2.412684E+03  4.812229E+02  -4.642695E+02  -2.732317E-09  1.000000E+00  5.694850E-05  1.111827E-22  5.699137E-27   5.000000E-01 NotAppl  2.205245E+01  0.000000E+00  
2.703470E+03  1.023164E+01  -7.402574E+00  4.602077E-01  1.000000E+00  7.248393E-02  1.076595E-25  1.282385E-10   5.000000E-01 NotAppl  1.911307E-02  0.000000E+00  
2.447103E+03  4.910421E-03  4.602134E-02  -6.026335E-10  1.000000E+00  2.044214E+00  3.671657E-27  2.693551E-28   5.000000E-01 NotAppl  7.209883E-04  0.000000E+00  
1.047418E+02  4.908946E+00  1.001512E+02  4.134373E-01  1.000000E+00  5.494152E-04  7.531698E-24  7.962962E-08   0.000000E+00 XENON1T_2018  3.903293E+01  0.000000E+00  
6.063984E+03  4.225665E-02  1.121598E+02  -3.816536E-06  1.000000E+00  1.485729E-03  3.337638E-24  1.705345E-21   5.000000E-01 NotAppl  2.647046E-01  0.000000E+00  
6.074720E+02  2.080586E+00  -2.006995E+00  -1.550569E-08  1.000000E+00  1.316600E-01  6.072680E-26  3.060540E-24   5.000000E-01 NotAppl  4.993172E-02  0.000000E+00  
5.799076E+02  4.146782E-03  -2.954730E-03  -2.544549E-04  1.000000E+00  1.317637E-01  6.365410E-26  9.062825E-16   5.000000E-01 NotAppl  5.491567E-02  0.000000E+00  
7.129360E+01  1.042900E-03  1.115382E-02  4.327954E-01  1.000000E+00  4.312393E-03  3.064485E-25  1.918006E-07   0.000000E+00 XENON1T_2018  2.696291E+00  0.000000E+00  
3.384194E+01  1.036612E+01  -1.036546E+01  -5.773714E-04  1.000000E+00  4.683019E-03  9.925249E-32  1.557111E-12   5.000000E-01 NotAppl  1.896683E-06  1.617807E-04  
3.677766E+01  2.102155E+02  -2.102056E+02  1.657155E-09  1.000000E+00  2.359237E-03  9.494189E-43  1.083405E-23   5.000000E-01 NotAppl  1.660454E-17  3.172640E-15  
2.999950E+01  6.827103E+02  -6.824580E+02  -7.069779E-07  1.000000E+00  1.040756E-02  1.268275E-37  2.980697E-18   5.000000E-01 NotAppl  2.757360E-12  6.263155E-10  
5.098981E+03  2.112652E+00  5.837659E+02  4.003509E-10  1.000000E+00  6.287082E-05  8.240517E-23  2.669080E-29   5.000000E-01 NotAppl  7.793868E+00  0.000000E+00  
3.146992E+01  1.989716E+02  -1.989616E+02  3.811979E-08  1.000000E+00  7.925590E-03  3.902781E-40  7.865142E-21   5.000000E-01 NotAppl  8.064514E-15  1.793913E-12  
4.023385E+03  1.692400E+00  -1.646607E+00  -5.862486E-05  1.000000E+00  2.021773E+00  3.051748E-27  9.265758E-19   5.000000E-01 NotAppl  3.600517E-04  0.000000E+00  
5.867012E+01  2.506220E-02  -2.020692E-02  -9.227041E-01  1.000000E+00  7.387983E-04  7.849284E-24  1.297700E-06   0.000000E+00 XENON1T_2018  8.510285E+01  2.503142E-01  
3.687197E+03  8.629144E-01  4.527607E+01  -5.262115E-04  1.000000E+00  8.378305E-03  5.696053E-25  8.915156E-17   5.000000E-01 NotAppl  7.482979E-02  0.000000E+00  
5.754550E+03  1.247259E-02  1.279753E+00  3.549833E-07  1.000000E+00  4.786802E+00  1.116752E-27  1.641041E-23   5.000000E-01 NotAppl  9.250843E-05  0.000000E+00  
6.483958E+03  1.443249E-02  3.837380E+02  -6.694256E-04  1.000000E+00  1.374195E-04  3.745377E-23  4.579094E-17   5.000000E-01 NotAppl  2.775061E+00  0.000000E+00  
9.683631E+03  3.094030E-04  4.386455E-01  -1.939825E-06  1.000000E+00  2.084454E+01  2.872874E-28  1.702468E-22   5.000000E-01 NotAppl  1.399903E-05  0.000000E+00  
1.840718E+03  1.111439E-03  9.058967E+02  -2.965417E-07  1.000000E+00  3.994744E-05  1.319511E-22  1.165002E-22   5.000000E-01 NotAppl  3.529440E+01  0.000000E+00  
3.586894E+02  5.479442E-02  4.005227E+00  2.600234E-02  1.000000E+00  4.627302E-02  1.718477E-25  2.528500E-11   5.000000E-01 NotAppl  2.443673E-01  0.000000E+00  
4.929784E+02  2.008393E+00  -1.988851E+00  2.022309E-02  1.000000E+00  8.838253E-02  9.204829E-26  7.979142E-12   5.000000E-01 NotAppl  9.401323E-02  0.000000E+00  
6.529658E+03  1.132469E-02  -1.108398E-02  -4.938181E-03  1.000000E+00  1.363158E+01  5.172499E-28  2.456466E-15   5.000000E-01 NotAppl  3.744847E-05  0.000000E+00  
1.354368E+02  1.739308E-01  -1.738172E-01  -1.089500E-06  1.000000E+00  8.968752E-03  8.993526E-25  3.265081E-19   5.000000E-01 NotAppl  3.572351E+00  0.000000E+00  
7.677728E+02  1.556657E-02  9.916133E-02  3.453344E-04  1.000000E+00  2.246441E-01  3.668436E-26  9.407340E-16   5.000000E-01 NotAppl  2.367785E-02  0.000000E+00  
3.024660E+03  2.119661E+02  -1.958751E+02  2.675934E-10  1.000000E+00  2.571376E-04  2.476771E-23  3.449918E-29   5.000000E-01 NotAppl  3.899620E+00  0.000000E+00  
1.507737E+01  2.360485E-02  7.890513E-02  -1.200608E-09  1.000000E+00  1.331976E-03  2.528888E-43  3.424577E-23   5.000000E-01 NotAppl  1.178933E-17  1.998207E-15  
3.848857E+01  9.430891E-03  9.757105E+00  1.623986E-03  1.000000E+00  5.539493E-05  1.008036E-30  9.486491E-12   2.920854E-01 NotAppl  1.680327E-05  1.600622E-03  
2.533328E+02  1.678137E-01  4.389476E+02  7.071726E+00  1.000000E+00  6.734016E-06  1.701539E-21  3.811912E-06   0.000000E+00 XENON1T_2018  4.143155E+03  0.000000E+00  
8.811807E+02  1.983787E+02  -1.982392E+02  -2.466786E-08  1.000000E+00  3.915794E-04  1.819343E-23  3.622847E-24   5.000000E-01 NotAppl  1.016874E+01  0.000000E+00  
2.810323E+03  9.831252E-03  5.083222E-01  5.855515E-06  1.000000E+00  2.543776E+00  2.858145E-27  1.918522E-20   5.000000E-01 NotAppl  4.875420E-04  0.000000E+00  
2.371740E+01  3.644842E-04  2.255324E-02  8.147139E-01  1.000000E+00  2.646373E-03  1.375820E-25  6.363684E-06   0.000000E+00 XENON1T_2018  3.865978E+00  2.499327E-01  
1.343032E+02  3.146538E+02  -3.146490E+02  -1.278538E-03  1.000000E+00  1.201013E-03  4.842604E-24  4.574573E-13   5.000000E-01 NotAppl  1.978917E+01  0.000000E+00  
1.033675E+02  1.020332E-04  3.140557E+02  5.755163E-05  1.000000E+00  3.039752E-03  1.601401E-24  1.585364E-15   5.000000E-01 NotAppl  8.347322E+00  0.000000E+00  
5.635779E+02  4.284664E-01  7.763882E+02  2.842234E-10  1.000000E+00  1.232525E-04  4.074093E-23  1.198732E-27   5.000000E-01 NotAppl  3.666424E+01  0.000000E+00  
8.164980E+03  1.847663E-03  3.856432E+02  1.618564E-01  1.000000E+00  1.354763E-04  3.835050E-23  1.675913E-12   5.000000E-01 NotAppl  2.249047E+00  0.000000E+00  
2.985736E+01  4.497243E-03  -3.784449E-03  2.422765E-05  1.000000E+00  2.589506E-03  1.481775E-34  3.534316E-15   5.000000E-01 NotAppl  3.241971E-09  7.366034E-07  
4.632347E+02  4.989628E+01  -4.892340E+01  -3.244347E-03  1.000000E+00  4.553270E-03  1.364626E-24  2.332359E-13   5.000000E-01 NotAppl  1.488339E+00  0.000000E+00  
2.583268E+02  7.572550E-03  1.887567E+00  6.616300E-10  1.000000E+00  2.709503E-02  3.023324E-25  3.205945E-26   5.000000E-01 NotAppl  6.046969E-01  0.000000E+00  
5.908394E+01  2.197671E-04  1.198200E-04  1.252562E-09  1.000000E+00  3.957745E-03  2.027290E-41  2.357326E-24   5.000000E-01 NotAppl  2.164005E-16  7.307754E-16  
6.287461E+02  2.413579E+01  -2.199528E+01  -2.074772E-07  1.000000E+00  1.591578E-02  3.805240E-25  5.107415E-22   5.000000E-01 NotAppl  3.017986E-01  0.000000E+00  
9.542472E+02  7.608918E-01  -5.224281E-01  -5.223194E+00  1.000000E+00  1.495869E-03  8.758230E-24  1.380455E-07   0.000000E+00 LZ5Tmedian  4.939613E+00  0.000000E+00  
9.100128E+01  2.059917E+01  -2.059620E+01  -8.495648E-06  1.000000E+00  4.876503E-03  9.023499E-25  4.485697E-17   5.000000E-01 NotAppl  5.532405E+00  0.000000E+00  
1.258716E+03  9.497536E+02  -9.497467E+02  6.047774E-01  1.000000E+00  3.098908E-05  2.465780E-22  1.051726E-09   2.547366E-04 LZ5Tmedian  9.537278E+01  0.000000E+00  
6.836673E+03  1.523883E+01  -1.523756E+01  -9.174866E-06  1.000000E+00  4.541671E-02  1.373349E-25  7.723819E-21   5.000000E-01 NotAppl  9.437181E-03  0.000000E+00  
4.976242E+01  4.924640E+01  -4.893019E+01  -9.626389E+00  1.000000E+00  9.759691E-04  7.831631E-25  1.976048E-04   0.000000E+00 XENON1T_2018  9.829434E+00  5.028435E-01  
6.300738E+02  2.256821E+02  -2.021241E+02  -2.547533E-05  1.000000E+00  2.110793E-04  2.034582E-23  7.667032E-18   5.000000E-01 NotAppl  1.611844E+01  0.000000E+00  
1.610546E+01  1.407035E+02  -1.407033E+02  1.862526E-05  1.000000E+00  7.772052E-02  6.206680E-35  7.227273E-15   5.000000E-01 NotAppl  2.683587E-09  4.789460E-07  
1.150519E+01  1.253537E+02  -1.253491E+02  2.752117E-07  1.000000E+00  1.657540E-01  1.214715E-38  3.071292E-18   5.000000E-01 NotAppl  7.748230E-13  1.063787E-10  
1.145490E+03  3.276183E+02  -3.276036E+02  1.603687E-08  1.000000E+00  1.573493E-04  4.668945E-23  8.963390E-25   5.000000E-01 NotAppl  1.990496E+01  0.000000E+00  
3.946422E+01  1.793825E+02  2.062819E+02  8.786328E-06  1.000000E+00  1.893553E+05  3.139301E-35  2.639104E-16   5.000000E-01 NotAppl  5.087289E-10  8.553692E-08  
1.500022E+02  1.321719E+00  -1.314825E+00  7.340623E-01  1.000000E+00  1.448693E-03  7.318819E-24  1.202171E-07   0.000000E+00 XENON1T_2018  2.707750E+01  0.000000E+00  
6.072817E+01  2.771968E-01  4.254715E+01  6.500718E-03  1.000000E+00  1.384594E-03  1.978833E-27  6.003719E-11   9.017238E-04 LZ5Tmedian  2.053425E-02  1.358472E-02  
7.726415E+01  4.819325E-04  1.318350E+00  1.378934E-03  1.000000E+00  6.491800E-03  1.026519E-30  1.652061E-12   5.000000E-01 NotAppl  8.336530E-06  0.000000E+00  
1.596233E+01  3.432539E-02  4.036838E-01  3.336105E-04  1.000000E+00  1.199538E-03  1.985985E-32  2.360346E-12   5.000000E-01 NotAppl  8.671567E-07  1.534846E-04  
3.153019E+03  8.825821E+02  -8.821181E+02  2.226875E+00  1.000000E+00  2.172419E-05  3.528354E-22  2.195387E-09   9.763139E-04 LZ5Tmedian  5.323880E+01  0.000000E+00  
1.488546E+03  2.443395E-02  6.894831E+01  4.713370E-03  1.000000E+00  3.827020E-03  1.235277E-24  4.537570E-14   5.000000E-01 NotAppl  4.107016E-01  0.000000E+00  
7.089269E+01  2.513134E-04  9.845124E-03  2.762087E+00  1.000000E+00  3.466646E-04  1.376101E-23  7.902437E-06   0.000000E+00 XENON1T_2018  1.216733E+02  0.000000E+00  
3.544734E+01  4.477969E+01  -4.465745E+01  -1.565425E-01  1.000000E+00  3.371880E-03  7.891825E-27  1.041890E-07   0.000000E+00 XENON1T_2018  1.435317E-01  4.927875E-01  
2.843796E+01  9.682809E-03  3.420610E+02  7.622901E-04  1.000000E+00  2.065546E-03  1.395662E-31  3.861333E-12   5.000000E-01 NotAppl  3.216812E-06  7.374580E-04  
5.590924E+02  4.499632E+01  7.775240E+02  -1.772914E-09  1.000000E+00  8.021622E-05  4.333472E-23  4.741028E-26   5.000000E-01 NotAppl  3.930470E+01  0.000000E+00  
5.529675E+02  3.542478E+02  -3.542472E+02  -7.215229E-10  1.000000E+00  1.957461E-04  3.664279E-23  8.031168E-27   5.000000E-01 NotAppl  3.321423E+01  0.000000E+00  
1.378486E+01  6.347435E+01  -6.338842E+01  2.722208E-05  1.000000E+00  1.124588E-01  1.265528E-34  2.103328E-14   5.000000E-01 NotAppl  6.540396E-09  1.032927E-06  
2.239860E+01  1.408271E-03  7.210319E-01  -6.500066E-03  1.000000E+00  1.791592E-03  8.570739E-30  4.545496E-10   6.984892E-19 LZ5Tmedian  2.566116E-04  4.666955E-02  
3.172360E+02  1.269732E+00  -8.500329E-01  2.058875E-04  1.000000E+00  3.925848E-02  2.057698E-25  2.038382E-15   5.000000E-01 NotAppl  3.322265E-01  0.000000E+00  
1.148986E+02  4.462047E-04  1.008705E+02  1.444024E-01  1.000000E+00  2.434009E-03  2.810806E-24  8.035399E-09   1.093555E-265 LZ5Tmedian  1.312731E+01  0.000000E+00  
2.818282E+02  1.217994E+02  -1.187655E+02  -4.930913E+00  1.000000E+00  1.281531E-05  4.704773E-22  1.489803E-06   0.000000E+00 XENON1T_2018  1.036226E+03  0.000000E+00  
1.825606E+03  2.316022E-04  2.258899E+02  5.305681E-09  1.000000E+00  4.083977E-04  1.212720E-23  3.792571E-26   5.000000E-01 NotAppl  3.271338E+00  0.000000E+00  
9.060810E+03  2.199191E+02  5.747034E+02  4.493857E-02  1.000000E+00  2.606938E-05  1.838775E-22  1.045716E-13   5.000000E-01 NotAppl  9.674227E+00  0.000000E+00  
2.750826E+02  4.481169E-01  4.513022E+02  -1.484058E+00  1.000000E+00  3.551580E-04  1.716610E-23  1.418156E-07   0.000000E+00 XENON1T_2018  3.615189E+01  0.000000E+00  
9.613800E+02  5.257445E-01  -1.486471E-01  1.597106E-05  1.000000E+00  3.369306E-01  2.373301E-26  1.271203E-18   5.000000E-01 NotAppl  1.214964E-02  0.000000E+00  
1.797483E+01  5.293714E-01  3.842085E-01  1.017046E-01  1.000000E+00  4.630863E-03  1.916257E-27  1.730649E-07   0.000000E+00 XENON1T_2018  7.320261E-02  2.433602E-01  
1.568659E+02  9.578134E-02  6.474577E+00  -7.381397E-01  1.000000E+00  6.238061E-04  1.635220E-23  1.109037E-07   0.000000E+00 XENON1T_2018  6.394276E+01  0.000000E+00  
9.570485E+02  3.533298E+01  4.056962E+02  -1.492246E-03  1.000000E+00  1.212456E-04  3.285920E-23  1.120036E-14   5.000000E-01 NotAppl  1.718799E+01  0.000000E+00  
2.079758E+01  7.518527E-01  5.618963E-02  3.506091E+00  1.000000E+00  4.637533E-03  5.102162E-25  1.535195E-04   0.000000E+00 XENON1T_2018  1.639838E+01  2.507628E-01  
1.082480E+02  1.002162E+00  -7.721588E-01  4.256481E-04  1.000000E+00  5.976857E-03  1.196410E-24  7.889395E-14   5.000000E-01 NotAppl  5.989653E+00  0.000000E+00  
1.639740E+02  4.957925E+02  -4.957916E+02  3.054843E-09  1.000000E+00  6.981319E-04  8.563040E-24  1.734582E-24   5.000000E-01 NotAppl  2.856454E+01  0.000000E+00  
6.631804E+02  1.011920E-04  4.663844E+00  -2.378742E+00  1.000000E+00  3.280270E-03  3.734997E-24  6.020459E-08   0.000000E+00 LZ5Tmedian  3.070299E+00  0.000000E+00  
2.867093E+02  1.001814E+00  -9.634069E-01  -5.172425E-04  1.000000E+00  3.341882E-02  2.481904E-25  1.582670E-14   5.000000E-01 NotAppl  4.452494E-01  0.000000E+00  
6.293833E+01  6.925730E+01  -6.919115E+01  -2.666825E-06  1.000000E+00  8.896857E-03  5.262778E-33  9.392960E-18   5.000000E-01 NotAppl  5.238141E-08  0.000000E+00  
1.463191E+01  1.780872E-02  4.927867E+02  -3.514515E-06  1.000000E+00  8.258590E-04  2.147789E-36  3.114714E-16   5.000000E-01 NotAppl  1.036310E-10  1.715360E-08  
5.548173E+03  5.090763E+02  2.739227E+02  -6.163120E-08  1.000000E+00  1.341390E-05  2.826065E-22  5.327751E-25   5.000000E-01 NotAppl  2.426790E+01  0.000000E+00  
5.786181E+02  3.973972E+01  -3.973676E+01  -7.466165E-03  1.000000E+00  7.153984E-03  9.053219E-25  7.838148E-13   5.000000E-01 NotAppl  7.827836E-01  0.000000E+00  
1.084591E+02  2.004395E-02  1.033851E+01  -3.317026E-05  1.000000E+00  5.175601E-03  1.230313E-24  4.772057E-16   5.000000E-01 NotAppl  6.137922E+00  0.000000E+00  
9.535135E+02  3.055423E-01  -3.052158E-01  2.460315E-03  1.000000E+00  3.370073E-01  2.398437E-26  3.067705E-14   5.000000E-01 NotAppl  1.238248E-02  0.000000E+00  
1.125354E+03  1.166745E-02  3.381354E-01  4.156873E-05  1.000000E+00  4.622472E-01  1.725335E-26  6.244290E-18   5.000000E-01 NotAppl  7.512104E-03  0.000000E+00  
5.319500E+03  9.830494E-04  6.702012E+01  -2.023572E-02  1.000000E+00  4.041017E-03  1.196451E-24  6.256580E-14   5.000000E-01 NotAppl  1.083995E-01  0.000000E+00  
5.454178E+01  2.857964E+01  -1.875097E+01  -8.287252E-09  1.000000E+00  1.951470E-01  1.759522E-40  1.214797E-22   5.000000E-01 NotAppl  2.032510E-15  4.791734E-14  
7.952347E+03  5.309385E+01  6.076476E+02  8.601703E-05  1.000000E+00  4.690906E-05  1.099925E-22  4.993862E-19   5.000000E-01 NotAppl  6.623129E+00  0.000000E+00  
1.175112E+03  4.508900E-01  1.193713E+02  7.493742E-05  1.000000E+00  1.374045E-03  3.498041E-24  1.857831E-17   5.000000E-01 NotAppl  1.482589E+00  0.000000E+00  
1.290465E+02  2.910135E-04  -1.237057E-04  1.116234E-09  1.000000E+00  8.338807E-03  9.637774E-25  3.784273E-25   5.000000E-01 NotAppl  4.021347E+00  0.000000E+00  
1.292758E+03  7.799624E-04  5.338636E-02  2.267188E-08  1.000000E+00  6.047787E-01  1.307627E-26  1.399729E-24   5.000000E-01 NotAppl  4.936209E-03  0.000000E+00  
5.058121E+03  6.777389E-04  3.033370E-02  -6.574689E+00  1.000000E+00  2.902875E-02  4.146796E-25  7.317023E-09   5.460448E-07 LZ5Tmedian  4.114818E-02  0.000000E+00  
2.153278E+01  7.154096E+02  -6.935240E+02  2.022261E-08  1.000000E+00  5.227481E+04  8.135789E-41  4.762838E-21   5.000000E-01 NotAppl  2.543052E-15  1.606221E-13  
6.483992E+03  3.447871E+01  -3.447855E+01  4.446329E+00  1.000000E+00  6.707643E-03  1.221476E-24  2.020102E-09   4.471987E-02 LZ5Tmedian  8.907827E-02  0.000000E+00  
5.023173E+02  1.626230E+00  -1.357032E+00  1.227569E-10  1.000000E+00  9.397547E-02  8.596584E-26  2.829335E-28   5.000000E-01 NotAppl  8.607414E-02  0.000000E+00  
1.180922E+01  4.357397E+01  -4.357364E+01  5.521771E-08  1.000000E+00  1.567830E-01  4.940425E-40  1.174554E-19   5.000000E-01 NotAppl  3.056916E-14  3.012165E-13  
3.227428E+01  2.084041E+01  -2.079705E+01  4.670643E+00  1.000000E+00  4.132238E-03  5.938035E-25  1.121865E-04   0.000000E+00 XENON1T_2018  1.144436E+01  3.064944E-01  
5.923284E+02  1.699690E-01  -1.695515E-01  -1.400870E-08  1.000000E+00  1.368038E-01  6.109502E-26  2.630403E-24   5.000000E-01 NotAppl  5.156464E-02  0.000000E+00  
1.645619E+01  2.539422E-04  1.407343E-03  -5.043457E-01  1.000000E+00  1.621153E-03  4.573182E-26  5.076566E-06   0.000000E+00 XENON1T_2018  1.929342E+00  2.498234E-01  
1.418771E+02  2.546203E+01  -2.030958E+01  -3.328560E-03  1.000000E+00  3.354242E-03  1.135188E-24  2.770719E-12   5.000000E-01 NotAppl  4.322874E+00  0.000000E+00  
8.383690E+02  7.065443E+02  -7.065344E+02  -3.563199E-06  1.000000E+00  6.164020E-05  1.212152E-22  8.368318E-20   5.000000E-01 NotAppl  7.133026E+01  0.000000E+00  
7.596298E+01  1.220684E-03  2.213730E-03  2.106543E-08  1.000000E+00  7.059583E-03  2.926263E-40  3.991616E-22   5.000000E-01 NotAppl  2.398029E-15  0.000000E+00  
2.547195E+02  5.789603E-01  6.268173E+02  -1.186866E-09  1.000000E+00  4.270423E-04  1.079015E-23  1.061792E-25   5.000000E-01 NotAppl  2.182562E+01  0.000000E+00  
6.653685E+03  1.131940E-01  7.073085E-01  -1.634971E-06  1.000000E+00  8.738829E+00  6.874786E-28  2.591749E-22   5.000000E-01 NotAppl  4.903563E-05  0.000000E+00  
1.831656E+03  5.159163E-04  1.213998E-01  2.016755E+00  1.000000E+00  3.941247E-02  2.994150E-25  5.442885E-09   1.527994E-13 LZ5Tmedian  8.352432E-02  0.000000E+00  
9.306698E+01  1.542442E-02  9.176355E+00  -9.217802E-03  1.000000E+00  4.692949E-03  1.012133E-24  5.043273E-11   1.098056E-02 LZ5Tmedian  5.959795E+00  0.000000E+00  
1.509023E+02  2.887706E+00  5.382925E+00  2.832362E-02  1.000000E+00  5.991972E-03  8.780418E-25  1.767958E-10   2.357879E-05 LZ5Tmedian  3.117152E+00  0.000000E+00  
2.233199E+01  6.354776E+02  -3.435713E+02  -5.464019E-07  1.000000E+00  4.351412E+06  6.046845E-38  3.231272E-18   5.000000E-01 NotAppl  1.817519E-12  3.984345E-10  
2.538164E+01  4.273940E+01  9.563814E+01  1.405770E-03  1.000000E+00  2.600994E+03  4.322714E-31  1.652405E-11   1.736275E-01 NotAppl  1.130790E-05  2.574363E-03  
8.412091E+03  2.130916E-04  1.873103E-04  -6.964322E-10  1.000000E+00  2.230850E+01  3.117075E-28  2.920461E-29   5.000000E-01 NotAppl  1.746242E-05  0.000000E+00  
2.554770E+02  1.044300E-02  -8.668984E-03  -2.439917E-08  1.000000E+00  2.782630E-02  3.066776E-25  4.460096E-23   5.000000E-01 NotAppl  6.205382E-01  0.000000E+00  
2.216293E+01  4.269761E-03  5.055862E-01  -3.302992E-08  1.000000E+00  1.873468E-03  2.201194E-40  1.198965E-20   5.000000E-01 NotAppl  6.666791E-15  1.455953E-12  
5.768690E+01  3.312477E-03  1.157396E+02  7.088002E-01  1.000000E+00  1.029722E-03  3.271507E-24  7.926304E-07   0.000000E+00 XENON1T_2018  3.565280E+01  3.329968E-01  
8.012571E+02  3.217730E-04  1.179273E+02  3.093581E-06  1.000000E+00  1.489305E-03  3.237028E-24  6.918967E-20   5.000000E-01 NotAppl  2.032114E+00  0.000000E+00  
4.182562E+01  7.099979E+00  -7.096901E+00  -6.144611E-02  1.000000E+00  1.937116E-04  1.814790E-27  1.146839E-08   0.000000E+00 XENON1T_2018  2.772157E-02  3.400945E-01  
3.866470E+03  2.605396E-04  8.341483E+01  3.379564E-04  1.000000E+00  2.628768E-03  1.839909E-24  3.338747E-17   5.000000E-01 NotAppl  2.303595E-01  0.000000E+00  
5.855343E+03  8.382712E-02  1.490426E+02  -4.015154E-07  1.000000E+00  8.535799E-04  5.854069E-24  2.026661E-23   5.000000E-01 NotAppl  4.810910E-01  0.000000E+00  
1.981123E+01  3.258682E-03  8.355610E-01  2.783331E-10  1.000000E+00  1.437292E-03  1.486775E-44  1.066630E-24   5.000000E-01 NotAppl  5.093832E-19  1.047652E-16  
2.336399E+03  1.499987E+02  -1.499924E+02  -1.672852E-01  1.000000E+00  5.759206E-04  1.225828E-23  2.280765E-11   5.000000E-01 NotAppl  2.512709E+00  0.000000E+00  
2.879026E+01  1.077056E-02  2.382335E+02  2.156168E-01  1.000000E+00  2.063166E-03  1.130424E-26  3.013305E-07   0.000000E+00 XENON1T_2018  2.574161E-01  3.314350E-01  
9.071539E+01  3.919408E-03  6.139168E-01  2.707075E-07  1.000000E+00  5.403516E-03  7.677774E-25  4.583932E-20   5.000000E-01 NotAppl  4.722437E+00  0.000000E+00  
1.050805E+02  5.755079E-02  -1.772246E-02  5.899614E-07  1.000000E+00  6.158143E-03  1.211436E-24  1.610752E-19   5.000000E-01 NotAppl  6.255669E+00  0.000000E+00  
7.851749E+03  5.786531E-04  2.103718E+01  2.034342E-08  1.000000E+00  3.835482E-02  1.195625E-25  2.866459E-26   5.000000E-01 NotAppl  7.294691E-03  0.000000E+00  
1.837018E+01  4.180898E+02  -4.179938E+02  2.086970E-04  1.000000E+00  5.619813E-02  8.128231E-33  6.976722E-13   5.000000E-01 NotAppl  3.030144E-07  5.947245E-05  
2.507620E+02  1.165582E-01  4.105688E-02  1.076153E-09  1.000000E+00  2.660156E-02  3.176282E-25  9.013924E-26   5.000000E-01 NotAppl  6.553090E-01  0.000000E+00  
7.689312E+01  1.379033E+02  -1.378544E+02  -7.462992E-01  1.000000E+00  7.720085E-03  3.177229E-25  4.886929E-07   0.000000E+00 XENON1T_2018  2.592473E+00  0.000000E+00  
4.988033E+01  4.771801E-01  -4.764285E-01  -4.277495E-10  1.000000E+00  1.521275E-03  2.021894E-43  3.882891E-25   5.000000E-01 NotAppl  2.564728E-18  1.567774E-16  
2.049075E+02  6.352235E-04  1.444815E-01  2.051803E-07  1.000000E+00  1.845579E-02  4.585198E-25  4.955985E-21   5.000000E-01 NotAppl  1.168041E+00  0.000000E+00  
2.417843E+03  2.602647E+01  -2.595232E+01  -6.700624E-04  1.000000E+00  1.610709E-02  3.989028E-25  3.412623E-16   5.000000E-01 NotAppl  7.894933E-02  0.000000E+00  
7.238201E+02  3.166624E+00  -2.243710E+00  -1.608965E-07  1.000000E+00  1.600131E-01  4.734219E-26  2.303476E-22   5.000000E-01 NotAppl  3.247284E-02  0.000000E+00  
2.647641E+01  3.855860E-01  1.241037E+01  3.974991E-08  1.000000E+00  3.362593E-03  3.566886E-40  1.213175E-20   5.000000E-01 NotAppl  8.904228E-15  1.067069E-12  
2.952335E+03  1.783775E+02  -1.783769E+02  1.238295E-09  1.000000E+00  4.042031E-04  1.766518E-23  7.760707E-28   5.000000E-01 NotAppl  2.850791E+00  0.000000E+00  
1.078372E+01  1.205332E-01  2.246017E+00  2.279817E-08  1.000000E+00  7.579256E-04  8.103933E-41  2.393076E-20   5.000000E-01 NotAppl  5.579256E-15  7.275037E-13  
1.113688E+03  1.029782E+00  -1.009672E+00  -1.587831E-06  1.000000E+00  4.304880E-01  1.820760E-26  9.306652E-21   5.000000E-01 NotAppl  8.011831E-03  0.000000E+00  
7.771140E+02  3.153781E+02  -3.153769E+02  2.072047E-05  1.000000E+00  1.927405E-04  3.774421E-23  3.304136E-18   5.000000E-01 NotAppl  2.402187E+01  0.000000E+00  
2.129286E+03  4.172633E+00  -4.171868E+00  5.825749E-03  1.000000E+00  4.078810E-01  1.529289E-26  3.341848E-14   5.000000E-01 NotAppl  3.452453E-03  0.000000E+00  
1.791707E+02  2.423140E-01  -2.389433E-01  7.826891E-10  1.000000E+00  1.444075E-02  5.695423E-25  9.495083E-26   5.000000E-01 NotAppl  1.696104E+00  0.000000E+00  
2.310161E+02  6.238527E+02  3.682229E+01  9.133797E-09  1.000000E+00  1.172484E-04  2.806937E-23  7.681398E-24   5.000000E-01 NotAppl  6.336464E+01  0.000000E+00  
1.663010E+01  1.127171E+00  1.004863E+00  -7.313235E-03  1.000000E+00  1.514994E-02  9.663252E-30  1.045257E-09   3.701889E-25 LZ5Tmedian  4.029019E-04  6.124050E-02  
3.149641E+03  4.627208E-02  -3.586860E-02  4.587450E-05  1.000000E+00  3.320932E+00  2.220032E-27  9.337046E-19   5.000000E-01 NotAppl  3.370035E-04  0.000000E+00  
1.023715E+03  3.497963E+01  -3.485326E+01  1.424651E-01  1.000000E+00  8.387536E-03  8.005422E-25  8.897518E-11   4.235575E-01 NotAppl  3.834151E-01  0.000000E+00  
6.014584E+03  1.627864E+00  -1.348932E+00  2.432664E+00  1.000000E+00  2.026043E-01  5.422186E-26  7.044617E-10   3.109844E-01 NotAppl  4.437216E-03  0.000000E+00  
3.930656E+01  1.962739E-01  -9.771327E-02  -6.240372E-04  1.000000E+00  3.279901E-05  1.567552E-31  1.342137E-12   5.000000E-01 NotAppl  2.555715E-06  4.322324E-04  
3.362962E+02  1.249182E+02  -1.236020E+02  -6.724685E-06  1.000000E+00  1.027537E-03  5.975103E-24  1.929708E-18   5.000000E-01 NotAppl  9.120106E+00  0.000000E+00  
1.995907E+03  7.902426E-01  -7.901095E-01  6.435918E-08  1.000000E+00  1.262687E+00  5.879654E-27  4.653095E-24   5.000000E-01 NotAppl  1.421919E-03  0.000000E+00  
1.577473E+03  3.350149E-03  2.832064E+00  -1.501279E-06  1.000000E+00  6.022969E-01  1.097327E-26  4.089799E-21   5.000000E-01 NotAppl  3.389882E-03  0.000000E+00  
2.833539E+01  6.857634E+00  -6.856043E+00  4.798455E-05  1.000000E+00  1.326554E-02  5.511344E-34  1.541255E-14   5.000000E-01 NotAppl  1.276749E-08  1.922907E-06  
1.026648E+01  4.384271E-01  -4.377559E-01  2.005246E-04  1.000000E+00  6.521000E-03  6.117740E-33  2.038157E-12   5.000000E-01 NotAppl  4.462587E-07  5.660915E-05  
1.537936E+01  7.231583E+00  -7.231382E+00  -1.645616E-09  1.000000E+00  8.674746E-02  4.779011E-43  6.184837E-23   5.000000E-01 NotAppl  2.177918E-17  3.038756E-15  
9.621417E+02  9.822999E+02  -2.398746E+02  -2.008706E-05  1.000000E+00  1.417999E-05  2.646409E-22  2.007603E-18   5.000000E-01 NotAppl  1.357232E+02  0.000000E+00  
1.824750E+02  1.299747E-04  5.724156E-05  -2.601116E-06  1.000000E+00  1.503732E-02  5.618892E-25  1.010121E-18   5.000000E-01 NotAppl  1.616039E+00  0.000000E+00  
7.633142E+01  1.568665E-03  2.159712E+00  1.281552E-08  1.000000E+00  6.261625E-03  1.021567E-40  1.462808E-22   5.000000E-01 NotAppl  8.399037E-16  0.000000E+00  
9.925864E+03  3.695664E-04  1.504734E+02  2.658577E-03  1.000000E+00  8.469247E-04  6.023094E-24  3.041355E-16   5.000000E-01 NotAppl  2.898714E-01  0.000000E+00  
1.573528E+02  1.662163E-03  6.641828E-04  -2.368287E-03  1.000000E+00  1.163175E-02  7.060965E-25  1.134432E-12   5.000000E-01 NotAppl  2.402010E+00  0.000000E+00  
2.016000E+03  1.137002E+00  -1.101352E+00  5.796565E-10  1.000000E+00  1.179366E+00  6.165243E-27  3.698271E-28   5.000000E-01 NotAppl  1.475399E-03  0.000000E+00  
2.663569E+02  2.032522E-01  -2.029516E-01  -8.778375E-03  1.000000E+00  2.999371E-02  2.825005E-25  5.300576E-12   5.000000E-01 NotAppl  5.473084E-01  0.000000E+00  
4.477787E+02  1.378932E+02  -1.231443E+02  -2.933252E-07  1.000000E+00  5.408019E-04  7.941221E-24  2.043559E-21   5.000000E-01 NotAppl  8.975198E+00  0.000000E+00  
2.626133E+01  1.529206E+02  -1.526683E+02  -8.953537E-02  1.000000E+00  1.874200E-02  1.798161E-27  6.257442E-08   0.000000E+00 XENON1T_2018  4.525544E-02  4.798383E-01  
1.078569E+03  2.021047E+01  1.636195E+02  1.635520E+00  1.000000E+00  4.381781E-04  1.095714E-23  1.054134E-08   1.055310E-42 LZ5Tmedian  5.074125E+00  0.000000E+00  
5.124532E+02  5.169874E+02  -5.169869E+02  -1.728433E-05  1.000000E+00  1.331984E-04  5.394420E-23  5.384616E-18   5.000000E-01 NotAppl  5.294095E+01  0.000000E+00  
2.088804E+03  5.407693E-01  -5.405245E-01  -6.203350E-07  1.000000E+00  1.437969E+00  5.206086E-27  3.940207E-22   5.000000E-01 NotAppl  1.201813E-03  0.000000E+00  
2.370127E+01  1.955385E+00  5.070993E+01  5.845289E-10  1.000000E+00  2.280193E-02  7.151019E-44  3.280243E-24   5.000000E-01 NotAppl  2.015230E-18  4.392044E-16  
4.154011E+02  1.602679E+01  4.081142E+02  -4.580493E-07  1.000000E+00  2.296434E-04  1.651945E-23  5.810333E-21   5.000000E-01 NotAppl  2.030274E+01  0.000000E+00  
6.109452E+01  8.386664E-02  -8.059972E-02  8.777998E-09  1.000000E+00  4.509666E-03  5.702731E-39  1.081330E-22   5.000000E-01 NotAppl  5.881525E-14  2.320908E-14  
1.231315E+01  9.535470E-02  3.484687E+02  -6.966867E+00  1.000000E+00  8.056511E-04  2.535003E-25  1.722069E-03   0.000000E+00 XENON1T_2018  1.502645E+01  3.334062E-01  
3.884883E+03  2.913875E-01  4.104749E+02  -7.253232E-08  1.000000E+00  1.247635E-04  4.088969E-23  1.523099E-24   5.000000E-01 NotAppl  5.094903E+00  0.000000E+00  
1.831675E+02  1.497094E+01  2.078516E+01  -4.458600E-01  1.000000E+00  1.662611E-03  2.042750E-24  2.944960E-08   0.000000E+00 LZ5Tmedian  6.743696E+00  0.000000E+00  
2.596330E+01  1.621535E+00  -1.351369E+00  -5.504828E-02  1.000000E+00  1.157110E-02  6.738546E-28  2.420512E-08   0.000000E+00 XENON1T_2018  1.718988E-02  2.499529E-01  
4.784406E+02  2.916010E-01  2.933749E-01  3.172380E-02  1.000000E+00  8.775431E-02  9.520669E-26  2.087467E-11   5.000000E-01 NotAppl  1.003583E-01  0.000000E+00  
4.101270E+03  2.404996E+01  -2.404780E+01  4.831528E-05  1.000000E+00  1.875676E-02  3.408420E-25  6.052703E-19   5.000000E-01 NotAppl  3.934132E-02  0.000000E+00  
1.263407E+02  6.634501E-04  3.948991E+02  2.929877E-10  1.000000E+00  1.986418E-03  2.366631E-24  2.722931E-26   5.000000E-01 NotAppl  9.885113E+00  0.000000E+00  
6.084962E+03  1.427027E-03  5.760794E-01  2.756453E-09  1.000000E+00  9.291059E+00  6.855624E-28  8.833374E-28   5.000000E-01 NotAppl  5.342686E-05  0.000000E+00  
2.467407E+03  1.139837E-02  1.235367E+02  -2.975896E-02  1.000000E+00  1.236593E-03  3.908163E-24  6.458715E-13   5.000000E-01 NotAppl  7.739928E-01  0.000000E+00  
1.747376E+03  1.264984E+01  -1.260982E+01  -3.371702E-03  1.000000E+00  6.172207E-02  1.003501E-25  1.674621E-14   5.000000E-01 NotAppl  2.771890E-02  0.000000E+00  
3.155586E+01  3.832350E+01  -3.832170E+01  -2.228667E-07  1.000000E+00  7.808568E-03  1.338620E-38  2.673594E-19   5.000000E-01 NotAppl  2.754707E-13  6.127116E-11  
7.186525E+03  1.067745E+00  -1.067420E+00  1.952128E-03  1.000000E+00  5.305605E+00  1.105426E-27  3.159475E-16   5.000000E-01 NotAppl  7.237215E-05  0.000000E+00  
5.881660E+02  3.707151E-01  2.855091E+01  8.476448E-02  1.000000E+00  1.678168E-02  3.139712E-25  9.770470E-11   1.962537E-01 NotAppl  2.700063E-01  0.000000E+00  
2.936612E+03  1.666946E-01  6.853576E+02  -4.621222E-07  1.000000E+00  5.243150E-05  9.952253E-23  1.092666E-22   5.000000E-01 NotAppl  1.649267E+01  0.000000E+00  
2.101585E+01  1.264039E-03  2.447578E+00  -1.696605E-02  1.000000E+00  1.453949E-03  5.663057E-29  3.520203E-09   2.756131E-129 LZ5Tmedian  1.817912E-03  1.617585E-01  
1.555858E+02  1.193110E+01  -1.171278E+01  -3.911001E+00  1.000000E+00  1.513496E-06  5.386665E-21  3.166208E-06   0.000000E+00 XENON1T_2018  2.177415E+04  0.000000E+00  
3.048518E+01  3.531926E+02  -3.321057E+02  -1.095168E-03  1.000000E+00  1.071735E+03  3.099345E-31  6.923753E-12   4.319714E-01 NotAppl  6.628895E-06  4.033974E-04  
1.566111E+01  1.121992E-02  -7.997832E-03  -6.178909E-06  1.000000E+00  1.587993E-03  6.774021E-36  8.410089E-16   5.000000E-01 NotAppl  3.022731E-10  5.279672E-08  
4.311862E+03  1.244823E+01  4.023170E+02  -7.255581E-08  1.000000E+00  1.195935E-04  4.219092E-23  1.232805E-24   5.000000E-01 NotAppl  4.729592E+00  0.000000E+00  
1.867104E+03  2.328534E-01  1.079140E+01  -1.782044E-01  1.000000E+00  1.310753E-01  3.246687E-26  4.086910E-11   5.000000E-01 NotAppl  8.556583E-03  0.000000E+00  
1.447058E+01  7.727258E+01  8.970633E+02  1.018987E-01  1.000000E+00  1.238295E+00  1.799494E-27  2.676616E-07   0.000000E+00 XENON1T_2018  8.793780E-02  9.352186E-01  
1.736169E+03  3.505025E-04  6.440435E-01  -2.068786E-01  1.000000E+00  8.122661E-01  1.023872E-26  6.387715E-11   5.000000E-01 NotAppl  2.913840E-03  0.000000E+00  
3.321232E+02  4.947045E-02  2.988656E+01  9.582563E-03  1.000000E+00  1.340975E-02  4.118819E-25  4.019872E-12   5.000000E-01 NotAppl  6.351606E-01  0.000000E+00  
1.848412E+02  2.129592E-02  -2.116130E-02  -1.503775E-05  1.000000E+00  1.538295E-02  5.495287E-25  3.288153E-17   5.000000E-01 NotAppl  1.559316E+00  0.000000E+00  
2.301161E+02  4.088388E-01  -4.063859E-01  8.272854E-09  1.000000E+00  2.262386E-02  3.722218E-25  6.352157E-24   5.000000E-01 NotAppl  8.400723E-01  0.000000E+00  
2.375527E+02  1.244720E-03  3.866063E+00  6.176836E-01  1.000000E+00  5.088394E-03  2.080842E-24  3.317749E-08   0.000000E+00 LZ5Tmedian  4.653343E+00  0.000000E+00  
3.083260E+02  4.235680E-03  1.313327E+01  1.101490E+00  1.000000E+00  2.865394E-03  3.498669E-24  6.184710E-08   0.000000E+00 XENON1T_2018  5.972476E+00  0.000000E+00  
4.471175E+02  4.884051E-03  8.610731E+02  -1.296515E-05  1.000000E+00  1.549657E-04  3.208571E-23  4.004574E-18   5.000000E-01 NotAppl  3.658305E+01  0.000000E+00  
3.256948E+03  1.621189E+00  8.708043E+01  3.629567E-01  1.000000E+00  2.302297E-03  2.153633E-24  5.459652E-11   5.000000E-01 NotAppl  3.210669E-01  0.000000E+00  
5.319628E+02  1.973709E-04  2.383940E-03  3.012138E-03  1.000000E+00  1.117296E-01  7.539633E-26  1.515013E-13   5.000000E-01 NotAppl  7.112864E-02  0.000000E+00  
1.040000E+03  2.157978E-04  2.132948E-03  -8.282097E-06  1.000000E+00  4.002046E-01  2.013159E-26  2.911666E-19   5.000000E-01 NotAppl  9.505069E-03  0.000000E+00  
1.289728E+02  2.023935E-02  1.657781E+00  3.909922E-05  1.000000E+00  7.737969E-03  9.712471E-25  4.648537E-16   5.000000E-01 NotAppl  4.053923E+00  0.000000E+00  
3.025773E+02  4.497052E-01  1.488147E+01  1.521512E-10  1.000000E+00  2.235266E-02  2.856438E-25  1.226438E-27   5.000000E-01 NotAppl  4.845674E-01  0.000000E+00  
9.143480E+02  2.659388E+01  -2.658750E+01  -3.647645E-01  1.000000E+00  1.964807E-02  2.879287E-25  7.345928E-10   3.595669E-04 LZ5Tmedian  1.563962E-01  0.000000E+00  
1.471866E+03  2.366980E-01  -3.956889E-02  -1.322493E-09  1.000000E+00  7.688485E-01  1.014835E-26  3.655329E-27   5.000000E-01 NotAppl  3.354496E-03  0.000000E+00  
1.045368E+02  1.079809E-03  -5.911164E-05  -1.428750E-02  1.000000E+00  6.382568E-03  1.121075E-24  9.548005E-11   4.025560E-04 LZ5Tmedian  5.820261E+00  0.000000E+00  
2.965361E+03  3.137230E-03  3.338288E+01  -8.536617E-10  1.000000E+00  1.545396E-02  3.000251E-25  3.655382E-28   5.000000E-01 NotAppl  4.921834E-02  0.000000E+00  
5.111554E+01  5.372537E-02  2.549429E-02  -3.723004E-06  1.000000E+00  1.993470E-03  1.841043E-35  2.798417E-17   5.000000E-01 NotAppl  2.275983E-10  1.139191E-08  
5.854553E+03  2.154629E-02  3.644623E+02  1.379872E-04  1.000000E+00  1.520704E-04  3.368035E-23  2.394273E-18   5.000000E-01 NotAppl  2.768246E+00  0.000000E+00  
7.275441E+03  1.655724E-02  4.918689E-03  3.763979E+00  1.000000E+00  1.728333E-01  6.563915E-26  1.145628E-09   2.078725E-01 NotAppl  4.493548E-03  0.000000E+00  
4.047898E+01  3.473799E+02  -3.472528E+02  -3.749793E-05  1.000000E+00  4.454160E-04  6.124545E-34  4.564960E-15   5.000000E-01 NotAppl  9.680766E-09  1.530639E-06  
4.326985E+02  1.230026E-04  3.805648E+00  1.250894E-04  1.000000E+00  6.758938E-02  1.168168E-25  3.986275E-16   5.000000E-01 NotAppl  1.365913E-01  0.000000E+00  
1.538600E+02  3.934088E-01  2.340762E+01  7.370489E-05  1.000000E+00  7.127269E-03  8.787487E-25  1.150498E-15   5.000000E-01 NotAppl  3.043964E+00  0.000000E+00  
3.616116E+03  8.847393E-02  2.910105E+02  7.374025E-08  1.000000E+00  2.383080E-04  2.107984E-23  1.821452E-24   5.000000E-01 NotAppl  2.824909E+00  0.000000E+00  
1.039706E+02  2.116170E-03  1.437595E+00  2.394676E-01  1.000000E+00  2.664790E-03  3.762965E-24  2.712241E-08   0.000000E+00 XENON1T_2018  1.968866E+01  0.000000E+00  
2.861670E+01  4.093938E-03  -2.553659E-03  7.293265E-06  1.000000E+00  2.820898E-03  1.285296E-35  3.490079E-16   5.000000E-01 NotAppl  2.942145E-10  6.754918E-08  
2.473082E+01  6.520284E+00  -6.477093E+00  9.316434E-07  1.000000E+00  2.279829E-02  1.865467E-37  7.648100E-18   5.000000E-01 NotAppl  5.016921E-12  8.230154E-10  
4.463107E+03  6.909941E-04  4.059479E-02  -8.015491E-02  1.000000E+00  6.227490E+00  1.178889E-27  1.402686E-12   5.000000E-01 NotAppl  1.260087E-04  0.000000E+00  
6.080450E+03  3.411065E+02  -3.410883E+02  -1.989080E-09  1.000000E+00  1.145291E-04  6.493288E-23  4.606642E-28   5.000000E-01 NotAppl  5.025004E+00  0.000000E+00  
3.708671E+03  6.945093E-01  -1.012694E-01  -9.385419E-02  1.000000E+00  4.007057E+00  1.713542E-27  2.802752E-12   5.000000E-01 NotAppl  2.213573E-04  0.000000E+00  
2.507263E+03  6.786949E-04  -5.702288E-04  2.222275E-06  1.000000E+00  2.142618E+00  3.497349E-27  3.486055E-21   5.000000E-01 NotAppl  6.699367E-04  0.000000E+00  
3.741987E+03  6.635204E-01  1.725860E+00  2.210745E-10  1.000000E+00  1.768868E+00  3.373782E-27  1.527048E-29   5.000000E-01 NotAppl  4.327314E-04  0.000000E+00  
1.594628E+01  1.285469E-03  1.080107E+01  -1.155151E-02  1.000000E+00  8.998379E-04  2.380348E-29  2.835593E-09   1.381033E-60 LZ5Tmedian  1.040892E-03  1.169978E-01  
1.736780E+01  1.953217E-02  9.335844E+01  3.257812E-01  1.000000E+00  1.109212E-03  1.944401E-26  1.902013E-06   0.000000E+00 XENON1T_2018  7.721110E-01  3.325592E-01  
9.705563E+02  4.688729E-02  3.855160E+01  7.146162E-10  1.000000E+00  1.150325E-02  4.081546E-25  2.496149E-27   5.000000E-01 NotAppl  2.103302E-01  0.000000E+00  
5.603021E+03  7.801999E+01  -7.559238E+01  -6.877428E-04  1.000000E+00  1.941291E-03  3.547463E-24  6.502958E-17   5.000000E-01 NotAppl  2.982744E-01  0.000000E+00  
2.120290E+02  6.086237E-03  1.522616E+01  -1.366080E-03  1.000000E+00  1.372054E-02  4.947444E-25  2.048361E-13   5.000000E-01 NotAppl  1.214713E+00  0.000000E+00  
2.550791E+01  1.361825E-02  -1.131357E-02  4.513938E-07  1.000000E+00  3.035022E-03  4.473044E-38  1.686741E-18   5.000000E-01 NotAppl  1.163761E-12  2.657115E-10  
4.763669E+01  6.310523E+01  -6.283316E+01  9.972465E-08  1.000000E+00  4.287950E-04  8.253730E-39  2.317948E-20   5.000000E-01 NotAppl  1.098455E-13  9.192348E-12  
4.687168E+01  1.495500E-04  1.581388E+00  1.837691E-05  1.000000E+00  7.668394E-04  2.572232E-34  8.135134E-16   5.000000E-01 NotAppl  3.490289E-09  3.116229E-07  
2.477649E+02  1.486223E+01  9.010331E+01  -9.252821E-03  1.000000E+00  1.621006E-03  2.134535E-24  6.829853E-12   5.000000E-01 NotAppl  4.446422E+00  0.000000E+00  
6.506951E+03  1.787784E-03  9.137011E-01  -9.437001E-04  1.000000E+00  7.542969E+00  7.460852E-28  9.034809E-17   5.000000E-01 NotAppl  5.447124E-05  0.000000E+00  
3.652615E+01  1.108278E-04  1.670626E+02  -9.751545E-06  1.000000E+00  2.720553E-04  3.242626E-35  3.804210E-16   5.000000E-01 NotAppl  5.712855E-10  1.102236E-07  
4.101921E+02  2.782366E-04  2.036950E+01  1.174002E-01  1.000000E+00  2.106700E-02  3.001284E-25  3.916771E-10   9.375079E-05 LZ5Tmedian  3.741341E-01  0.000000E+00  
1.870582E+01  5.106373E+02  -5.069076E+02  -8.648084E-01  1.000000E+00  1.984138E-02  1.400027E-25  1.155346E-05   0.000000E+00 XENON1T_2018  5.114763E+00  5.082934E-01  
5.986095E+03  4.312789E+01  2.718507E+02  -4.970932E-01  1.000000E+00  1.971536E-04  2.623143E-23  2.970020E-11   5.000000E-01 NotAppl  2.106104E+00  0.000000E+00  
1.662219E+02  8.547533E+02  -8.525527E+02  -6.071111E-08  1.000000E+00  4.752341E-04  9.938416E-24  6.662426E-22   5.000000E-01 NotAppl  3.270195E+01  0.000000E+00  
1.080714E+02  2.715607E-03  1.028411E-01  -2.883585E-02  1.000000E+00  6.811972E-03  1.024026E-24  3.632969E-10   2.605856E-13 LZ5Tmedian  5.134605E+00  0.000000E+00  
1.577637E+01  4.857212E-04  2.680616E+01  -1.931223E-10  1.000000E+00  8.796049E-04  6.631896E-45  8.096548E-25   5.000000E-01 NotAppl  2.935643E-19  1.296537E-17  
4.864587E+01  2.808880E-01  -2.804650E-01  2.983029E-08  1.000000E+00  1.092673E-03  8.344282E-40  1.987314E-21   5.000000E-01 NotAppl  1.089586E-14  7.968242E-13  
5.520312E+03  3.521327E-04  1.566070E-03  -1.793597E-03  1.000000E+00  9.841352E+00  7.234293E-28  4.558655E-16   5.000000E-01 NotAppl  6.208701E-05  0.000000E+00  
1.819202E+01  2.815722E-01  -1.034307E-01  -1.592932E-10  1.000000E+00  3.745450E-03  4.719644E-45  4.144623E-25   5.000000E-01 NotAppl  1.777974E-19  3.466236E-17  
1.090606E+02  8.973101E-02  -8.961606E-02  3.783033E-03  1.000000E+00  6.425647E-03  1.201257E-24  6.137111E-12   5.000000E-01 NotAppl  5.966636E+00  0.000000E+00  
6.095463E+01  1.498862E-02  1.803403E+02  2.721330E-08  1.000000E+00  4.001927E-03  4.543195E-38  1.044146E-21   5.000000E-01 NotAppl  4.696683E-13  2.337846E-13  
9.737613E+02  2.075796E+01  -2.074075E+01  -7.251246E-03  1.000000E+00  2.385075E-02  2.673092E-25  2.552862E-13   5.000000E-01 NotAppl  1.347672E-01  0.000000E+00  
1.086805E+02  4.688914E+00  -4.686092E+00  -1.592642E-03  1.000000E+00  5.310887E-03  1.208506E-24  1.095541E-12   5.000000E-01 NotAppl  6.028537E+00  0.000000E+00  
1.979695E+02  2.766365E-02  1.345800E+01  1.189078E+00  1.000000E+00  1.013603E-03  9.857704E-24  1.786220E-07   0.000000E+00 XENON1T_2018  2.699867E+01  0.000000E+00  
1.502468E+02  8.216360E+00  -8.143735E+00  -7.718788E-03  1.000000E+00  7.838022E-03  7.990138E-25  1.324793E-11   4.486646E-01 NotAppl  2.854461E+00  0.000000E+00  
1.911283E+02  2.617397E-03  -1.679204E-03  -7.192203E-09  1.000000E+00  1.633716E-02  5.183881E-25  7.023268E-24   5.000000E-01 NotAppl  1.420305E+00  0.000000E+00  
3.043549E+03  7.619950E+00  -7.392230E+00  -2.000732E-06  1.000000E+00  1.653416E-01  3.657520E-26  1.904287E-21   5.000000E-01 NotAppl  5.723851E-03  0.000000E+00  
1.267411E+03  4.902361E-02  -4.789041E-02  -1.119096E-01  1.000000E+00  5.323029E-01  1.540643E-26  3.550972E-11   5.000000E-01 NotAppl  5.981908E-03  0.000000E+00  
3.940886E+03  3.633182E-02  2.324764E-01  6.408080E-02  1.000000E+00  4.746377E+00  1.548169E-27  1.154718E-12   5.000000E-01 NotAppl  1.876336E-04  0.000000E+00  
2.716283E+01  3.407184E-01  -3.396062E-01  -2.094489E-09  1.000000E+00  4.630057E-03  1.011167E-42  3.198480E-23   5.000000E-01 NotAppl  2.453816E-17  5.637833E-15  
1.570913E+01  7.733214E-03  5.692546E+01  -2.458786E-09  1.000000E+00  9.002179E-04  1.073645E-42  1.323644E-22   5.000000E-01 NotAppl  4.774160E-17  8.358639E-15  
4.147009E+02  2.034855E+02  -2.034654E+02  5.089684E-07  1.000000E+00  4.951515E-04  1.392581E-23  7.198755E-21   5.000000E-01 NotAppl  1.705559E+01  0.000000E+00  
3.114317E+02  3.479854E-01  -3.478113E-01  -3.177586E-08  1.000000E+00  3.998821E-02  2.116948E-25  5.042436E-23   5.000000E-01 NotAppl  3.484121E-01  0.000000E+00  
1.889002E+02  5.606879E+00  -3.689761E+00  -4.856939E-03  1.000000E+00  1.075584E-02  5.511301E-25  3.280781E-12   5.000000E-01 NotAppl  1.529380E+00  0.000000E+00  
2.010453E+02  1.226214E-01  -1.223385E-01  4.468637E-05  1.000000E+00  1.783218E-02  4.743494E-25  2.444237E-16   5.000000E-01 NotAppl  1.232610E+00  0.000000E+00  
3.938959E+03  3.041377E-04  -1.698731E-04  2.579766E+00  1.000000E+00  1.081331E-01  1.053940E-25  1.873324E-09   8.756393E-03 LZ5Tmedian  1.345443E-02  0.000000E+00  
2.600966E+01  3.628852E-04  2.902325E-03  1.244102E-04  1.000000E+00  2.934688E-03  3.446618E-33  1.231875E-13   5.000000E-01 NotAppl  8.767155E-08  2.010224E-05  
1.066858E+02  3.153031E-01  -1.614600E-01  -9.069515E-09  1.000000E+00  6.153776E-03  1.201843E-24  3.690221E-23   5.000000E-01 NotAppl  6.108522E+00  0.000000E+00  
2.381257E+03  1.535685E-03  6.126147E+00  4.128271E-09  1.000000E+00  3.422045E-01  1.398775E-26  1.336227E-26   5.000000E-01 NotAppl  2.859538E-03  0.000000E+00  
5.421115E+03  5.814501E-03  5.982671E+01  1.285550E-01  1.000000E+00  5.011315E-03  9.680870E-25  2.429812E-12   5.000000E-01 NotAppl  8.603931E-02  0.000000E+00  
3.733456E+02  5.049035E+02  -5.048958E+02  -5.028999E-01  1.000000E+00  2.192067E-04  3.143833E-23  8.713713E-09   7.103776E-99 LZ5Tmedian  4.306664E+01  0.000000E+00  
2.233187E+03  1.498849E-01  4.535204E+02  1.415435E-05  1.000000E+00  1.138053E-04  4.499184E-23  1.790246E-19   5.000000E-01 NotAppl  9.870020E+00  0.000000E+00  
4.925050E+03  3.779501E+02  -3.772621E+02  -7.985002E-01  1.000000E+00  9.603579E-05  7.701920E-23  1.139396E-10   5.000000E-01 NotAppl  7.380813E+00  0.000000E+00  
2.027322E+01  1.567176E-01  -9.359629E-02  -2.566994E-09  1.000000E+00  3.365713E-03  1.276501E-42  8.662446E-23   5.000000E-01 NotAppl  4.263310E-17  8.902517E-15  
5.419535E+02  2.812629E-02  -1.601449E-02  -8.747655E-09  1.000000E+00  1.157913E-01  7.266700E-26  1.230062E-24   5.000000E-01 NotAppl  6.724389E-02  0.000000E+00  
2.155102E+02  1.632104E-03  9.842816E-02  4.577360E-03  1.000000E+00  2.020788E-02  4.209200E-25  2.224294E-12   5.000000E-01 NotAppl  1.017305E+00  0.000000E+00  
5.890110E+01  3.602644E+01  -3.224075E+01  1.606614E-06  1.000000E+00  2.034038E-02  3.013017E-35  3.902931E-18   5.000000E-01 NotAppl  3.225993E-10  1.233412E-09  
4.054346E+02  1.455590E-02  7.114728E+01  1.632561E-09  1.000000E+00  3.897114E-03  1.237807E-24  7.757040E-26   5.000000E-01 NotAppl  1.558702E+00  0.000000E+00  
8.182652E+01  4.907350E-02  -4.885001E-02  -3.017514E-05  1.000000E+00  6.175218E-03  4.514885E-25  7.035856E-16   5.000000E-01 NotAppl  3.149560E+00  0.000000E+00  
7.084407E+03  4.828890E+02  -1.864364E+00  -4.333486E-05  1.000000E+00  2.204844E-05  1.868630E-22  1.602877E-19   5.000000E-01 NotAppl  1.246906E+01  0.000000E+00  
1.770821E+01  3.139031E+02  -2.052128E+02  1.230283E-08  1.000000E+00  5.983440E+06  2.789872E-41  2.609275E-21   5.000000E-01 NotAppl  1.083684E-15  2.074114E-13  
1.307813E+01  5.938925E+01  -5.935436E+01  1.097478E-09  1.000000E+00  1.254588E-01  2.023007E-43  3.793948E-23   5.000000E-01 NotAppl  1.111264E-17  1.683274E-15  
1.510112E+01  1.172617E+01  1.537333E+02  5.651362E-08  1.000000E+00  3.474585E+03  5.605808E-40  7.563993E-20   5.000000E-01 NotAppl  2.607825E-14  2.565625E-12  
6.489635E+01  5.593044E-03  8.155321E-01  -1.266502E-02  1.000000E+00  4.745086E-03  3.861740E-27  1.990064E-10   1.739116E-10 LZ5Tmedian  3.744314E-02  0.000000E+00  
1.019498E+03  7.542477E-02  -7.472161E-02  7.936211E-08  1.000000E+00  3.851462E-01  2.094560E-26  2.784433E-23   5.000000E-01 NotAppl  1.009384E-02  0.000000E+00  
7.202306E+02  4.855165E+00  -4.851784E+00  -1.642194E-10  1.000000E+00  1.311859E-01  5.535076E-26  2.424099E-28   5.000000E-01 NotAppl  3.815277E-02  0.000000E+00  
1.558220E+03  3.938599E+00  4.264729E+02  2.540029E-10  1.000000E+00  1.336298E-04  3.743612E-23  1.200410E-28   5.000000E-01 NotAppl  1.187798E+01  0.000000E+00  
2.588776E+01  2.656225E+00  1.048250E+02  1.242932E-09  1.000000E+00  2.676571E-02  3.428124E-43  1.241280E-23   5.000000E-01 NotAppl  8.773817E-18  1.891640E-15  
7.389263E+03  8.400898E-01  5.745376E+01  1.040860E-07  1.000000E+00  5.378610E-03  9.112305E-25  8.488636E-25   5.000000E-01 NotAppl  5.912835E-02  0.000000E+00  
1.665591E+01  6.416155E-04  4.647375E-01  -2.773985E-08  1.000000E+00  1.125833E-03  1.390983E-40  1.499230E-20   5.000000E-01 NotAppl  5.787259E-15  1.059022E-12  
6.049492E+01  1.311105E-02  2.692196E+00  1.740357E-10  1.000000E+00  3.959546E-03  1.111512E-42  4.336953E-26   5.000000E-01 NotAppl  1.158033E-17  1.087102E-17  
4.901455E+03  1.011957E-04  6.907662E+00  -2.086361E-04  1.000000E+00  3.151065E-01  1.378253E-26  7.854962E-18   5.000000E-01 NotAppl  1.355288E-03  0.000000E+00  
1.357544E+03  8.367868E+01  -8.367454E+01  -6.792788E-06  1.000000E+00  1.769073E-03  3.877979E-24  1.137229E-19   5.000000E-01 NotAppl  1.388141E+00  0.000000E+00  
6.357884E+01  3.751427E+01  -3.751396E+01  -1.861585E-07  1.000000E+00  9.370383E-03  4.194145E-36  4.483360E-20   5.000000E-01 NotAppl  4.130831E-11  0.000000E+00  
3.254097E+01  3.973115E-04  1.011949E+02  1.705790E+00  1.000000E+00  1.424074E-03  7.187469E-25  1.471607E-05   0.000000E+00 XENON1T_2018  1.419735E+01  3.333019E-01  
2.492099E+01  3.008061E-04  -9.259684E-05  5.190695E-03  1.000000E+00  2.899905E-03  5.820348E-30  2.337723E-10   2.722683E-11 LZ5Tmedian  1.552528E-04  3.092724E-02  
6.350402E+01  2.612983E+02  -2.612982E+02  1.911852E-07  1.000000E+00  9.310690E-03  5.112856E-36  4.740130E-20   5.000000E-01 NotAppl  5.067061E-11  0.000000E+00  
1.194923E+01  3.826877E+01  -3.825637E+01  -1.097408E+00  1.000000E+00  2.606407E-02  1.923544E-25  4.532928E-05   0.000000E+00 XENON1T_2018  1.174238E+01  3.288574E-01  
4.174689E+03  9.913412E-02  2.040966E+01  -8.976826E-10  1.000000E+00  3.985345E-02  1.142850E-25  2.015359E-28   5.000000E-01 NotAppl  1.323440E-02  0.000000E+00  
3.929859E+01  4.036056E-02  1.515701E+02  3.298855E-05  1.000000E+00  3.568077E-05  4.378274E-34  3.752159E-15   5.000000E-01 NotAppl  7.139800E-09  1.208702E-06  
3.472723E+01  1.207133E-01  1.169961E+00  -6.052491E-06  1.000000E+00  7.196885E-04  1.137857E-35  1.623750E-16   5.000000E-01 NotAppl  2.115226E-10  4.301369E-08  
3.567005E+02  1.556119E-03  3.305950E-01  -1.233046E-01  1.000000E+00  4.654222E-02  1.887317E-25  5.750946E-10   1.703210E-07 LZ5Tmedian  2.733482E-01  0.000000E+00  
4.104840E+01  6.512459E+01  -4.919132E+01  -1.107647E-02  1.000000E+00  1.534158E+00  5.565042E-29  3.871565E-10   1.409244E-22 LZ5Tmedian  8.668443E-04  6.072147E-02  
1.331991E+01  4.353227E-03  4.991577E-01  -2.907556E+00  1.000000E+00  7.180693E-04  5.358466E-25  2.568162E-04   0.000000E+00 XENON1T_2018  2.878235E+01  2.501316E-01  
2.112796E+02  3.152485E-03  4.201563E-02  3.196113E-07  1.000000E+00  1.957127E-02  4.339669E-25  1.129405E-20   5.000000E-01 NotAppl  1.070662E+00  0.000000E+00  
2.498778E+02  6.168135E-02  6.795904E+00  2.230356E-03  1.000000E+00  2.218387E-02  3.359204E-25  3.899929E-13   5.000000E-01 NotAppl  6.954802E-01  0.000000E+00  
3.781403E+01  5.054260E-01  -5.048532E-01  1.734487E-04  1.000000E+00  7.750897E-05  1.103934E-32  1.121727E-13   5.000000E-01 NotAppl  1.874883E-07  3.404415E-05  
4.256162E+02  1.204248E-02  1.452327E+01  2.897190E-01  1.000000E+00  2.110992E-02  3.729868E-25  2.211789E-09   1.130739E-22 LZ5Tmedian  4.538457E-01  0.000000E+00  
4.918419E+02  5.667645E-03  6.833497E+00  1.114402E-05  1.000000E+00  7.173381E-02  1.005586E-25  2.434416E-18   5.000000E-01 NotAppl  1.030489E-01  0.000000E+00  
1.845320E+02  2.756773E-02  7.061110E+00  3.810543E-03  1.000000E+00  1.274335E-02  5.760447E-25  2.118604E-12   5.000000E-01 NotAppl  1.636646E+00  0.000000E+00  
8.560579E+02  5.591271E-02  2.102819E+02  3.331667E-04  1.000000E+00  5.377895E-04  9.211222E-24  7.010717E-16   5.000000E-01 NotAppl  5.404315E+00  0.000000E+00  
4.630499E+01  2.662997E-01  8.725815E+02  -1.660739E-01  1.000000E+00  8.037552E-04  1.977658E-26  6.810531E-08   0.000000E+00 XENON1T_2018  2.717698E-01  3.329345E-01  
9.523355E+02  5.459584E-04  3.670368E-02  5.448908E-01  1.000000E+00  1.020407E-01  1.047203E-25  1.508506E-09   1.607002E-07 LZ5Tmedian  5.667735E-02  0.000000E+00  
6.360651E+03  1.500418E-02  -1.311380E-02  8.440263E-07  1.000000E+00  1.295281E+01  5.451516E-28  7.568872E-23   5.000000E-01 NotAppl  4.053234E-05  0.000000E+00  
1.341627E+01  4.482504E-03  1.781976E+00  -9.411477E-05  1.000000E+00  6.795567E-04  1.499974E-33  2.652698E-13   5.000000E-01 NotAppl  7.997412E-08  1.231084E-05  
1.580333E+01  1.221737E-03  1.745085E+02  1.471681E-09  1.000000E+00  8.855236E-04  3.853201E-43  4.685817E-23   5.000000E-01 NotAppl  1.701752E-17  2.993265E-15  
5.528502E+02  6.660180E-02  2.429011E-01  4.950285E-06  1.000000E+00  1.196517E-01  6.994172E-26  3.782051E-19   5.000000E-01 NotAppl  6.340150E-02  0.000000E+00  
1.883245E+01  8.752513E+00  2.499869E+02  6.405329E-04  1.000000E+00  1.585351E+01  7.724728E-32  6.252957E-12   5.000000E-01 NotAppl  2.801030E-06  3.630434E-04  
1.832303E+03  1.583305E+01  -4.122016E+00  -4.144190E-05  1.000000E+00  3.575092E-02  1.897384E-25  2.296624E-18   5.000000E-01 NotAppl  5.012227E-02  0.000000E+00  
6.723759E+02  2.471456E-04  5.635658E+01  -1.021843E-02  1.000000E+00  5.731892E-03  8.219053E-25  1.080144E-12   5.000000E-01 NotAppl  6.170159E-01  0.000000E+00  
3.431751E+01  6.898975E+01  4.912855E+02  -1.742118E-04  1.000000E+00  4.585648E+04  9.240560E-33  1.378056E-13   5.000000E-01 NotAppl  1.739552E-07  3.624371E-05  
3.321631E+02  9.231585E+01  -8.087199E+01  5.309666E-04  1.000000E+00  1.104279E-03  3.732435E-24  1.233890E-14   5.000000E-01 NotAppl  5.772064E+00  0.000000E+00  
3.065168E+03  7.206489E+02  -7.206487E+02  1.264726E-05  1.000000E+00  3.175982E-05  2.400907E-22  7.500507E-20   5.000000E-01 NotAppl  3.728768E+01  0.000000E+00  
2.111195E+02  8.586985E-02  -8.432510E-02  3.353529E-05  1.000000E+00  1.951749E-02  4.346359E-25  1.245329E-16   5.000000E-01 NotAppl  1.073166E+00  0.000000E+00  
2.321881E+03  6.077933E-04  4.589689E-03  3.712001E-08  1.000000E+00  1.848863E+00  4.076242E-27  1.137353E-24   5.000000E-01 NotAppl  8.446009E-04  0.000000E+00  
1.850840E+03  7.133731E-04  9.956468E-03  -1.117317E+00  1.000000E+00  1.158421E-01  9.619648E-26  1.635514E-09   1.544121E-04 LZ5Tmedian  2.660031E-02  0.000000E+00  
1.131327E+01  1.954387E+01  -2.440620E+00  9.113937E-05  1.000000E+00  1.725539E+05  1.322958E-33  3.481353E-13   5.000000E-01 NotAppl  8.608506E-08  3.184769E-06  
8.807651E+01  2.650087E-01  -2.077533E-01  -5.838094E-01  1.000000E+00  2.882749E-03  2.648830E-24  2.264933E-07  