MD1           DMP           DM3           l345          ld           Omegah2       sigV          protonSI      PvalDD        expName      CMB_ID        brH_DMDM      
2.500829E+03  6.876246E-02  -6.862346E-02  2.080314E-10  1.000000E+00  2.129574E+00  3.518156E-27  3.070959E-29   5.000000E-01 NotAppl  6.756902E-04  0.000000E+00  
4.178203E+02  1.989388E-04  1.478841E-02  3.782970E-10  1.000000E+00  7.051643E-02  1.204675E-25  3.916359E-27   5.000000E-01 NotAppl  1.460293E-01  0.000000E+00  
1.891926E+03  1.931523E+00  5.771150E-01  -1.506881E-05  1.000000E+00  7.193606E-01  1.002810E-26  2.844640E-19   5.000000E-01 NotAppl  2.567956E-03  0.000000E+00  
2.841514E+01  2.396609E-04  1.755395E+00  -3.400893E-10  1.000000E+00  2.070657E-03  2.775829E-44  7.698182E-25   5.000000E-01 NotAppl  6.410605E-19  1.449226E-16  
1.307731E+03  8.333079E-01  -8.024898E-01  7.108204E-09  1.000000E+00  5.884691E-01  1.319211E-26  1.343962E-25   5.000000E-01 NotAppl  4.922703E-03  0.000000E+00  
1.101056E+01  4.457929E+02  -4.457503E+02  -1.305117E-07  1.000000E+00  1.823133E-01  2.681187E-39  7.529081E-19   5.000000E-01 NotAppl  1.801272E-13  2.395772E-11  
5.181580E+03  4.157643E-01  6.191740E+00  -1.329689E-09  1.000000E+00  3.582974E-01  1.269799E-26  2.849655E-28   5.000000E-01 NotAppl  1.180047E-03  0.000000E+00  
1.420669E+03  1.815815E-01  -1.805491E-01  -1.487332E-09  1.000000E+00  7.212650E-01  1.086033E-26  4.969470E-27   5.000000E-01 NotAppl  3.722660E-03  0.000000E+00  
3.909225E+01  3.243282E+01  -2.166872E+01  -9.043061E-05  1.000000E+00  1.853419E-02  3.246114E-33  2.849926E-14   5.000000E-01 NotAppl  5.322442E-08  4.764630E-06  
3.704804E+01  6.906625E+02  -6.891835E+02  1.069667E+00  1.000000E+00  2.146346E-03  3.972068E-25  4.447333E-06   0.000000E+00 XENON1T_2018  6.893066E+00  5.036685E-01  
8.552914E+02  3.236652E-01  -1.227307E-01  2.484616E-10  1.000000E+00  2.733708E-01  2.972096E-26  3.906179E-28   5.000000E-01 NotAppl  1.716348E-02  0.000000E+00  
8.329525E+02  1.243451E-04  7.955394E+02  1.102776E-02  1.000000E+00  8.158089E-05  6.343464E-23  8.122349E-13   5.000000E-01 NotAppl  3.827754E+01  0.000000E+00  
6.414297E+01  2.783408E+02  -2.783353E+02  -2.018190E-01  1.000000E+00  3.542609E-03  2.108045E-24  5.175250E-08   0.000000E+00 XENON1T_2018  2.067889E+01  0.000000E+00  
1.124132E+02  5.319471E+00  -5.304321E+00  5.468076E-03  1.000000E+00  5.262838E-03  1.218102E-24  1.205027E-11   3.940507E-01 NotAppl  5.869096E+00  0.000000E+00  
1.795600E+02  7.035346E+00  -6.763037E+00  -5.029962E-05  1.000000E+00  1.067108E-02  6.026172E-25  3.904071E-16   5.000000E-01 NotAppl  1.793138E+00  0.000000E+00  
1.249162E+01  1.930124E-02  2.741489E-01  2.222958E-09  1.000000E+00  7.793878E-04  8.173008E-43  1.704172E-22   5.000000E-01 NotAppl  4.735771E-17  6.915693E-15  
1.664699E+02  8.011057E-03  2.321335E+00  9.703167E-08  1.000000E+00  1.184016E-02  6.513174E-25  1.696664E-21   5.000000E-01 NotAppl  2.090783E+00  0.000000E+00  
9.538272E+02  4.308095E-01  -4.209151E-01  7.676864E-05  1.000000E+00  3.358094E-01  2.400722E-26  2.984750E-17   5.000000E-01 NotAppl  1.238998E-02  0.000000E+00  
1.118339E+01  2.527972E+02  -2.526424E+02  -3.939040E-01  1.000000E+00  9.766708E-02  2.459098E-26  6.652088E-06   0.000000E+00 XENON1T_2018  1.622103E+00  4.991215E-01  
8.030241E+01  2.004655E+00  -1.325410E+00  1.608835E-09  1.000000E+00  8.558129E-03  9.278622E-43  2.078444E-24   5.000000E-01 NotAppl  7.246528E-18  0.000000E+00  
5.657380E+01  1.651708E-04  4.121580E+01  -7.057132E-09  1.000000E+00  3.314869E-03  2.225536E-40  8.175991E-23   5.000000E-01 NotAppl  2.484358E-15  3.023692E-14  
9.150163E+01  2.609802E+01  -2.580829E+01  2.623650E-06  1.000000E+00  4.268571E-03  1.078508E-24  4.230272E-18   5.000000E-01 NotAppl  6.532630E+00  0.000000E+00  
7.096640E+02  3.636233E-03  5.192983E+00  -1.321898E-09  1.000000E+00  1.424409E-01  5.013948E-26  1.618871E-26   5.000000E-01 NotAppl  3.518264E-02  0.000000E+00  
6.849139E+03  2.018924E+02  -1.996651E+02  -1.023289E-04  1.000000E+00  3.091722E-04  2.337480E-23  9.572413E-19   5.000000E-01 NotAppl  1.603292E+00  0.000000E+00  
2.940236E+01  5.311466E-03  1.634668E-01  -4.153382E-05  1.000000E+00  2.457614E-03  4.283778E-34  1.071492E-14   5.000000E-01 NotAppl  9.519464E-09  2.174202E-06  
1.000139E+02  2.475250E+02  -2.475242E+02  6.177520E-05  1.000000E+00  2.293417E-03  2.387815E-24  1.954354E-15   5.000000E-01 NotAppl  1.311631E+01  0.000000E+00  
5.070739E+01  8.348386E-04  7.989938E-01  -4.034368E-01  1.000000E+00  1.872498E-03  2.028885E-25  3.340201E-07   0.000000E+00 XENON1T_2018  2.525889E+00  2.523447E-01  
1.502742E+03  3.188348E-02  3.351675E+00  -8.098344E-09  1.000000E+00  5.040137E-01  1.278417E-26  1.313855E-25   5.000000E-01 NotAppl  4.154311E-03  0.000000E+00  
1.400607E+01  7.252787E+01  -7.246829E+01  -7.233604E-10  1.000000E+00  1.078809E-01  8.979571E-44  1.439031E-23   5.000000E-01 NotAppl  4.555176E-18  7.287174E-16  
3.126826E+02  4.716390E+00  7.064676E+02  7.536882E-01  1.000000E+00  2.081314E-04  2.254160E-23  2.813614E-08   0.000000E+00 LZ5Tmedian  3.710925E+01  0.000000E+00  
3.764039E+02  8.496541E-03  -7.471597E-03  -5.773562E-01  1.000000E+00  1.374086E-02  8.338721E-25  1.129474E-08   5.986028E-127 LZ5Tmedian  1.213920E+00  0.000000E+00  
9.235249E+02  1.727098E-02  4.029590E+01  -1.601130E-08  1.000000E+00  1.058896E-02  4.436705E-25  1.386818E-24   5.000000E-01 NotAppl  2.405926E-01  0.000000E+00  
9.586219E+01  1.284101E-04  2.097825E-02  3.798321E-10  1.000000E+00  5.632657E-03  1.187273E-24  8.059345E-26   5.000000E-01 NotAppl  6.763218E+00  0.000000E+00  
4.129873E+01  1.874581E+00  -1.800040E+00  1.370046E-01  1.000000E+00  2.826603E-04  8.673813E-27  5.850374E-08   0.000000E+00 XENON1T_2018  1.342761E-01  2.419579E-01  
5.642855E+02  2.032189E+02  -1.984897E+02  -7.234806E-04  1.000000E+00  3.618507E-04  1.628026E-23  7.747150E-15   5.000000E-01 NotAppl  1.444897E+01  0.000000E+00  
1.729224E+03  2.241256E-01  -2.131936E-01  -3.795970E-04  1.000000E+00  1.045713E+00  7.361566E-27  2.168242E-16   5.000000E-01 NotAppl  2.062557E-03  0.000000E+00  
3.694094E+01  5.625501E-03  1.306367E+02  3.973280E-08  1.000000E+00  2.006919E-04  5.508526E-40  6.172413E-21   5.000000E-01 NotAppl  9.572608E-15  1.819022E-12  
1.920396E+03  8.335506E+02  -8.327720E+02  2.891645E-02  1.000000E+00  2.906239E-05  2.597301E-22  1.016110E-12   5.000000E-01 NotAppl  6.509809E+01  0.000000E+00  
1.857446E+03  1.674439E+02  -1.363293E+02  -3.258521E-02  1.000000E+00  3.404416E-04  1.527807E-23  1.380985E-12   5.000000E-01 NotAppl  3.963994E+00  0.000000E+00  
3.252355E+03  1.136954E-02  3.764003E-02  4.040871E-09  1.000000E+00  3.533688E+00  2.081791E-27  6.786604E-27   5.000000E-01 NotAppl  3.058479E-04  0.000000E+00  
4.413817E+01  6.622510E+01  -6.622489E+01  -8.517901E-02  1.000000E+00  3.822307E-05  4.219829E-27  1.975235E-08   0.000000E+00 XENON1T_2018  6.093738E-02  4.681143E-01  
1.028716E+03  2.517739E+00  -2.506939E+00  -7.739785E-07  1.000000E+00  3.083925E-01  2.430217E-26  2.600095E-21   5.000000E-01 NotAppl  1.159940E-02  0.000000E+00  
4.632666E+03  1.143513E-03  1.676914E+00  2.148104E-05  1.000000E+00  2.977661E+00  1.787115E-27  9.338575E-20   5.000000E-01 NotAppl  1.845259E-04  0.000000E+00  
3.307428E+03  4.616023E-01  -2.555117E-01  -8.692158E-10  1.000000E+00  3.386859E+00  2.149880E-27  3.034709E-28   5.000000E-01 NotAppl  3.104261E-04  0.000000E+00  
5.344359E+01  1.159497E-03  6.629719E+02  4.410037E-08  1.000000E+00  2.763561E-03  3.920322E-39  3.585744E-21   5.000000E-01 NotAppl  4.641815E-14  1.440359E-12  
1.758859E+03  1.130271E+02  -1.124793E+02  -1.727041E-09  1.000000E+00  9.785023E-04  7.056342E-24  4.335363E-27   5.000000E-01 NotAppl  1.935537E+00  0.000000E+00  
1.097422E+03  2.714690E-02  4.058523E+02  -3.426390E-08  1.000000E+00  1.699035E-04  3.005022E-23  4.465795E-24   5.000000E-01 NotAppl  1.366402E+01  0.000000E+00  
1.852317E+03  6.116384E-02  1.032361E+02  9.138293E-07  1.000000E+00  1.758423E-03  2.726441E-24  1.092258E-21   5.000000E-01 NotAppl  7.245493E-01  0.000000E+00  
4.345392E+01  3.507831E+02  -3.504039E+02  4.685578E-03  1.000000E+00  5.225160E-05  1.202981E-29  6.170074E-11   3.393220E-04 LZ5Tmedian  1.761895E-04  2.133210E-02  
9.726681E+03  3.911579E+00  -3.908066E+00  -3.712082E-10  1.000000E+00  6.198813E-01  9.268163E-27  6.178427E-30   5.000000E-01 NotAppl  4.459272E-04  0.000000E+00  
8.289963E+01  9.647144E+00  -9.644473E+00  1.359496E-02  1.000000E+00  6.503004E-03  6.607076E-25  1.390528E-10   1.357776E-06 LZ5Tmedian  4.515955E+00  0.000000E+00  
2.151183E+02  1.598298E-04  1.694055E+00  6.027427E-09  1.000000E+00  1.930402E-02  4.223289E-25  3.871202E-24   5.000000E-01 NotAppl  1.022496E+00  0.000000E+00  
1.412086E+03  4.064641E+00  -3.696062E+00  -1.750289E-06  1.000000E+00  3.272258E-01  2.071265E-26  6.967557E-21   5.000000E-01 NotAppl  7.132979E-03  0.000000E+00  
1.658947E+03  8.242822E-02  3.058345E+01  -1.238090E-05  1.000000E+00  1.805421E-02  2.569427E-25  2.510131E-19   5.000000E-01 NotAppl  7.640723E-02  0.000000E+00  
2.701840E+01  4.813184E+01  -4.807076E+01  -8.090187E-04  1.000000E+00  1.640597E-02  1.501804E-31  4.823747E-12   5.000000E-01 NotAppl  3.665724E-06  8.421877E-04  
1.931858E+01  3.613390E+00  -3.603656E+00  -2.118916E-09  1.000000E+00  4.775277E-02  8.533261E-43  6.501991E-23   5.000000E-01 NotAppl  3.006389E-17  5.689338E-15  
1.017396E+02  2.271055E+00  6.507147E+01  8.570781E-01  1.000000E+00  2.791356E-04  2.035167E-23  3.632341E-07   0.000000E+00 XENON1T_2018  1.091092E+02  0.000000E+00  
5.200347E+02  7.711586E+02  -4.364469E+02  -3.837366E+00  1.000000E+00  6.262685E-05  5.619896E-23  2.575567E-07   0.000000E+00 XENON1T_2018  5.704312E+01  0.000000E+00  
1.913278E+01  1.775770E+02  -1.753674E+02  1.224372E-04  1.000000E+00  2.393901E-01  2.838763E-33  2.213401E-13   5.000000E-01 NotAppl  1.011416E-07  2.011958E-05  
1.044868E+01  2.532929E-02  6.168575E+02  -2.329265E+00  1.000000E+00  4.736664E-04  6.038298E-25  2.657131E-04   0.000000E+00 XENON1T_2018  4.315185E+01  3.333376E-01  
1.990762E+02  3.454126E+02  -3.263688E+02  -3.027600E-04  1.000000E+00  3.017609E-04  1.102439E-23  1.144854E-14   5.000000E-01 NotAppl  2.924662E+01  0.000000E+00  
1.401975E+02  3.049310E+02  -3.049262E+02  4.644450E-08  1.000000E+00  1.118470E-03  5.238162E-24  5.527783E-22   5.000000E-01 NotAppl  2.048438E+01  0.000000E+00  
1.209572E+02  1.034815E-04  1.130752E+02  9.110166E-05  1.000000E+00  3.208395E-03  1.691662E-24  2.878459E-15   5.000000E-01 NotAppl  7.462197E+00  0.000000E+00  
2.010509E+03  2.282999E+01  -2.235183E+01  2.281127E+00  1.000000E+00  8.347313E-03  1.068558E-24  5.759300E-09   4.354802E-13 LZ5Tmedian  2.601041E-01  0.000000E+00  
2.907454E+02  3.601915E+01  3.331329E+01  -2.341160E-06  1.000000E+00  1.743859E-03  1.833475E-24  3.150874E-19   5.000000E-01 NotAppl  3.249029E+00  0.000000E+00  
1.457466E+02  6.362917E-04  1.528100E+01  -9.008813E-01  1.000000E+00  2.499884E-04  4.062275E-23  1.920693E-07   0.000000E+00 XENON1T_2018  1.728070E+02  0.000000E+00  
1.119980E+03  3.438040E+01  4.028623E+01  6.931079E-04  1.000000E+00  2.150484E-03  2.092711E-24  1.753047E-15   5.000000E-01 NotAppl  9.256925E-01  0.000000E+00  
1.925868E+02  5.457223E+01  -5.388447E+01  -2.210381E-05  1.000000E+00  3.510294E-03  1.643448E-24  6.531053E-17   5.000000E-01 NotAppl  4.502576E+00  0.000000E+00  
2.354845E+03  1.606398E-04  2.603870E-01  -2.830572E-08  1.000000E+00  1.882218E+00  3.981764E-27  6.426258E-25   5.000000E-01 NotAppl  8.132492E-04  0.000000E+00  
1.228222E+01  9.169106E-02  8.293566E+02  -2.257329E-09  1.000000E+00  8.111851E-04  8.377631E-43  1.816845E-22   5.000000E-01 NotAppl  4.950039E-17  7.136657E-15  
6.168013E+03  2.007917E-04  2.617651E+02  -4.663798E-09  1.000000E+00  2.866277E-04  1.772800E-23  2.460029E-27   5.000000E-01 NotAppl  1.381890E+00  0.000000E+00  
8.753802E+01  1.165034E-03  6.173030E-03  -4.097526E-05  1.000000E+00  5.813220E-03  7.371724E-25  1.129834E-15   5.000000E-01 NotAppl  4.700241E+00  0.000000E+00  
3.269221E+01  1.459217E+01  -1.457935E+01  8.425058E-09  1.000000E+00  6.289563E-03  2.006775E-41  3.556337E-22   5.000000E-01 NotAppl  3.979953E-16  2.182719E-14  
5.875778E+03  1.177493E-01  9.168124E+02  -1.512257E-09  1.000000E+00  2.752511E-05  1.933287E-22  2.854648E-28   5.000000E-01 NotAppl  1.583170E+01  0.000000E+00  
2.763378E+02  6.810354E-03  -5.905614E-03  1.231190E+00  1.000000E+00  2.730198E-03  4.648054E-24  9.669920E-08   0.000000E+00 XENON1T_2018  8.875601E+00  0.000000E+00  
1.198483E+02  9.717643E+02  -9.717401E+02  1.230219E-04  1.000000E+00  1.288741E-03  4.381231E-24  5.349000E-15   5.000000E-01 NotAppl  2.009270E+01  0.000000E+00  
2.458316E+02  8.829495E-03  1.498434E+00  2.931206E-10  1.000000E+00  2.492403E-02  3.307993E-25  6.965062E-27   5.000000E-01 NotAppl  6.967788E-01  0.000000E+00  
1.761016E+03  7.264280E+00  -7.261970E+00  -1.738966E-02  1.000000E+00  1.648568E-01  3.682389E-26  4.384473E-13   5.000000E-01 NotAppl  1.009610E-02  0.000000E+00  
1.303366E+03  2.023326E-03  2.538009E-01  1.471919E-08  1.000000E+00  6.120556E-01  1.288347E-26  5.802259E-25   5.000000E-01 NotAppl  4.824646E-03  0.000000E+00  
9.676151E+02  3.193178E+02  -3.164960E+02  2.537595E-06  1.000000E+00  1.616867E-04  4.219373E-23  3.167090E-20   5.000000E-01 NotAppl  2.140705E+01  0.000000E+00  
1.694658E+03  9.099200E-04  4.324069E+00  -1.445802E-09  1.000000E+00  4.549716E-01  1.267296E-26  3.277592E-27   5.000000E-01 NotAppl  3.650522E-03  0.000000E+00  
5.479704E+02  4.726323E-03  -4.194444E-03  -2.875811E-04  1.000000E+00  1.182732E-01  7.111059E-26  1.299751E-15   5.000000E-01 NotAppl  6.505545E-02  0.000000E+00  
9.374899E+02  4.845788E-02  1.137290E+02  -2.536028E-02  1.000000E+00  1.559826E-03  3.072562E-24  3.374167E-12   5.000000E-01 NotAppl  1.642040E+00  0.000000E+00  
5.282371E+03  1.046066E-04  1.618117E-01  -1.573365E-10  1.000000E+00  8.886712E+00  7.970750E-28  3.836562E-30   5.000000E-01 NotAppl  7.154481E-05  0.000000E+00  
4.195293E+01  4.487167E+01  -4.486897E+01  8.899239E-02  1.000000E+00  1.785818E-04  3.843061E-27  2.390750E-08   0.000000E+00 XENON1T_2018  5.850922E-02  4.718493E-01  
1.602007E+02  3.121475E-02  1.579095E+01  -1.384943E-10  1.000000E+00  8.770080E-03  7.654349E-25  3.739435E-27   5.000000E-01 NotAppl  2.548585E+00  0.000000E+00  
2.688208E+01  2.901323E+01  -2.901211E+01  -1.821755E-03  1.000000E+00  1.677870E-02  7.583487E-31  2.471082E-11   6.359737E-02 LZ5Tmedian  1.861429E-05  4.649377E-04  
5.834009E+01  4.956373E-02  1.971178E+02  -2.270444E-07  1.000000E+00  3.677756E-03  4.544612E-37  7.948206E-20   5.000000E-01 NotAppl  4.892881E-12  2.641419E-11  
2.879165E+02  1.301140E-04  6.623123E+00  9.460677E-08  1.000000E+00  2.904357E-02  2.587269E-25  5.249395E-22   5.000000E-01 NotAppl  4.621005E-01  0.000000E+00  
2.281473E+02  6.520471E-03  1.670357E-03  -9.493740E-07  1.000000E+00  2.255725E-02  3.776269E-25  8.513940E-20   5.000000E-01 NotAppl  8.599393E-01  0.000000E+00  
7.476156E+01  6.785346E-04  8.457595E-04  8.821748E-02  1.000000E+00  6.748925E-03  6.276046E-27  7.232039E-09   0.000000E+00 LZ5Tmedian  5.268168E-02  0.000000E+00  
8.866701E+03  1.908918E+02  -1.908903E+02  1.908037E+00  1.000000E+00  3.393178E-04  2.178116E-23  1.969914E-10   5.000000E-01 NotAppl  1.150623E+00  0.000000E+00  
3.525985E+01  1.200763E+02  -1.099655E+02  2.589691E-03  1.000000E+00  1.076207E-01  2.139043E-30  2.882231E-11   2.499170E-02 LZ5Tmedian  3.912134E-05  4.130404E-03  
1.333652E+02  1.297925E+00  -1.297667E+00  -2.586937E+00  1.000000E+00  5.497159E-06  2.268927E-21  1.899918E-06   0.000000E+00 XENON1T_2018  1.069414E+04  0.000000E+00  
1.236426E+02  2.112954E+01  5.292247E+02  -1.717862E-09  1.000000E+00  1.147340E-03  2.571751E-24  9.784394E-25   5.000000E-01 NotAppl  1.104053E+01  0.000000E+00  
5.017205E+01  3.456471E-01  -3.058199E-01  -3.837099E-06  1.000000E+00  1.666835E-03  1.695986E-35  3.087602E-17   5.000000E-01 NotAppl  2.144956E-10  1.251174E-08  
1.581680E+03  3.857640E+01  -3.801579E+01  1.702988E-07  1.000000E+00  7.580689E-03  8.635418E-25  5.234123E-23   5.000000E-01 NotAppl  2.641341E-01  0.000000E+00  
1.112416E+02  1.557605E+02  -1.557583E+02  -5.125546E-04  1.000000E+00  2.111692E-03  2.696801E-24  1.081772E-13   5.000000E-01 NotAppl  1.329961E+01  0.000000E+00  
2.381233E+01  8.040143E+00  -7.816635E+00  2.308892E-10  1.000000E+00  2.676740E-02  1.118859E-44  5.070008E-25   5.000000E-01 NotAppl  3.134535E-19  4.476384E-17  
2.865535E+01  3.229176E-03  2.207352E+00  -2.446077E-05  1.000000E+00  2.061049E-03  1.447670E-34  3.915122E-15   5.000000E-01 NotAppl  3.312632E-09  7.412220E-07  
5.032480E+02  1.066329E+00  -1.060654E+00  -8.130718E-04  1.000000E+00  9.759831E-02  8.467176E-26  1.236534E-14   5.000000E-01 NotAppl  8.461423E-02  0.000000E+00  
1.226008E+02  2.217575E+01  -2.217488E+01  -9.455488E-08  1.000000E+00  4.618442E-03  1.268833E-24  3.016191E-21   5.000000E-01 NotAppl  5.606091E+00  0.000000E+00  
4.480436E+02  1.867564E-01  -1.864545E-01  -1.156430E-06  1.000000E+00  8.025331E-02  1.052788E-25  3.172500E-20   5.000000E-01 NotAppl  1.186926E-01  0.000000E+00  
1.221596E+02  1.104170E-01  -1.044180E-01  -3.044319E+00  1.000000E+00  2.879981E-05  8.948621E-23  3.149788E-06   0.000000E+00 XENON1T_2018  3.983565E+02  0.000000E+00  
3.908074E+03  5.654340E+00  -1.882305E+00  5.179673E-05  1.000000E+00  2.949271E-01  2.413304E-26  7.673815E-19   5.000000E-01 NotAppl  2.936730E-03  0.000000E+00  
1.149475E+03  2.910843E-01  1.368759E+01  5.866576E-03  1.000000E+00  7.221503E-02  6.920566E-26  1.191035E-13   5.000000E-01 NotAppl  2.987988E-02  0.000000E+00  
4.729143E+01  1.327896E+02  -1.327802E+02  -2.847216E-06  1.000000E+00  2.972308E-04  6.467672E-36  1.917671E-17   5.000000E-01 NotAppl  8.672786E-11  7.573216E-09  
5.363769E+03  7.382897E+01  -7.382746E+01  1.989023E-04  1.000000E+00  2.168858E-03  3.175911E-24  5.943781E-18   5.000000E-01 NotAppl  2.791163E-01  0.000000E+00  
2.077221E+02  1.438241E+00  -1.438051E+00  3.015335E-03  1.000000E+00  1.786226E-02  4.521034E-25  1.040851E-12   5.000000E-01 NotAppl  1.135507E+00  0.000000E+00  
1.690089E+02  1.230919E+02  -1.230913E+02  4.537142E-06  1.000000E+00  1.627526E-03  3.693858E-24  3.596326E-18   5.000000E-01 NotAppl  1.191901E+01  0.000000E+00  
1.596286E+01  4.910369E-01  -4.905171E-01  -3.692827E-01  1.000000E+00  7.478076E-03  2.433127E-26  2.891914E-06   0.000000E+00 XENON1T_2018  1.062613E+00  2.503087E-01  
7.331836E+02  7.216611E-02  -3.649323E-02  7.480209E-03  1.000000E+00  2.056293E-01  4.023619E-26  4.849682E-13   5.000000E-01 NotAppl  2.723742E-02  0.000000E+00  
1.631209E+01  1.180651E+00  1.802808E-01  -4.259953E-10  1.000000E+00  1.863028E-02  3.259486E-44  3.685881E-24   5.000000E-01 NotAppl  1.389081E-18  2.481299E-16  
9.693622E+03  6.855320E-03  1.856697E+02  2.312497E-07  1.000000E+00  5.618836E-04  9.133441E-24  2.414386E-24   5.000000E-01 NotAppl  4.502226E-01  0.000000E+00  
2.537588E+02  1.671488E+00  1.972175E+02  1.664427E-09  1.000000E+00  1.011348E-03  4.462691E-24  2.104394E-25   5.000000E-01 NotAppl  9.063107E+00  0.000000E+00  
5.485590E+02  2.640010E+02  4.728813E+02  2.440917E-04  1.000000E+00  5.635686E-05  6.170131E-23  9.343124E-16   5.000000E-01 NotAppl  5.681336E+01  0.000000E+00  
1.633812E+02  2.161355E+01  -2.161298E+01  2.087575E-05  1.000000E+00  6.593372E-03  8.948569E-25  8.160651E-17   5.000000E-01 NotAppl  2.947585E+00  0.000000E+00  
8.575228E+03  7.920582E-04  1.752097E+02  2.173594E-05  1.000000E+00  6.274949E-04  8.122302E-24  2.735957E-20   5.000000E-01 NotAppl  4.532593E-01  0.000000E+00  
6.656447E+02  7.806092E-02  -7.776681E-02  -2.644737E-02  1.000000E+00  1.706399E-01  4.879876E-26  7.385982E-12   5.000000E-01 NotAppl  3.652223E-02  0.000000E+00  
2.357463E+01  2.272669E-03  -2.115732E-03  8.654358E-07  1.000000E+00  2.797975E-03  1.562633E-37  7.268638E-18   5.000000E-01 NotAppl  4.425615E-12  9.908512E-10  
1.003134E+02  2.598830E-01  5.350637E+02  9.012371E+00  1.000000E+00  7.163901E-06  1.440273E-21  4.134193E-05   0.000000E+00 XENON1T_2018  7.861918E+03  0.000000E+00  
1.647271E+01  4.935183E+01  1.977448E+02  -3.846103E-05  1.000000E+00  1.138799E+06  2.664774E-34  2.946361E-14   5.000000E-01 NotAppl  1.123047E-08  2.039646E-06  
3.032913E+02  1.599515E-01  -1.522099E-01  4.055624E+00  1.000000E+00  2.166117E-04  6.532366E-23  8.671897E-07   0.000000E+00 XENON1T_2018  1.223885E+02  0.000000E+00  
1.821001E+03  1.142441E+00  -1.141995E+00  -1.388824E+00  1.000000E+00  8.152474E-02  1.361717E-25  2.612050E-09   6.514209E-07 LZ5Tmedian  3.859632E-02  0.000000E+00  
5.418541E+02  5.913564E-03  1.631163E-02  9.238161E-06  1.000000E+00  1.157553E-01  7.269172E-26  1.372390E-18   5.000000E-01 NotAppl  6.727954E-02  0.000000E+00  
2.008188E+01  2.416971E+01  -2.088532E+01  -4.742004E-02  1.000000E+00  4.360660E-01  4.339149E-28  3.012881E-08   0.000000E+00 XENON1T_2018  1.465279E-02  4.676577E-01  
1.021915E+01  1.732901E-01  -1.646634E-01  4.560041E-03  1.000000E+00  1.856510E-03  3.155900E-30  1.063553E-09   3.086016E-05 LZ5Tmedian  2.314273E-04  2.615280E-02  
6.566456E+01  1.804549E-04  3.689607E-01  9.756537E-10  1.000000E+00  4.986828E-03  1.299772E-41  1.152957E-24   5.000000E-01 NotAppl  1.245133E-16  0.000000E+00  
1.127157E+01  5.723292E+00  -5.041676E+00  1.252168E-07  1.000000E+00  3.086478E-01  2.493338E-39  6.619259E-19   5.000000E-01 NotAppl  1.629467E-13  2.032018E-11  
3.435994E+02  1.923906E-04  1.069234E+02  3.513072E-03  1.000000E+00  2.094491E-03  2.307411E-24  5.039892E-13   5.000000E-01 NotAppl  3.441515E+00  0.000000E+00  
2.239058E+03  1.901897E-03  3.746692E+02  1.270417E-01  1.000000E+00  1.588095E-04  3.202792E-23  1.434508E-11   5.000000E-01 NotAppl  7.007204E+00  0.000000E+00  
1.484326E+02  3.442505E-03  1.498633E+00  6.806755E-07  1.000000E+00  9.906852E-03  7.844166E-25  1.056199E-19   5.000000E-01 NotAppl  2.833418E+00  0.000000E+00  
1.432789E+02  1.870639E-04  4.763387E+01  -1.085108E-10  1.000000E+00  5.097205E-03  1.186872E-24  2.885839E-27   5.000000E-01 NotAppl  4.408626E+00  0.000000E+00  
3.328150E+02  3.473030E+02  -3.473028E+02  2.094452E-09  1.000000E+00  3.034432E-04  2.252135E-23  1.912228E-25   5.000000E-01 NotAppl  3.475781E+01  0.000000E+00  
2.451064E+01  1.738985E-04  3.965748E+01  3.438577E-07  1.000000E+00  1.808052E-03  2.526460E-38  1.060833E-18   5.000000E-01 NotAppl  6.866531E-13  1.553673E-10  
1.754285E+01  2.119124E-03  3.212663E-02  5.451830E-02  1.000000E+00  1.723684E-03  5.461938E-28  5.220844E-08   0.000000E+00 XENON1T_2018  2.144212E-02  2.354600E-01  
1.393717E+01  1.208165E+01  6.778480E+02  -1.954359E-01  1.000000E+00  3.693868E-01  6.544707E-27  1.060755E-06   0.000000E+00 XENON1T_2018  3.339685E-01  3.871195E-01  
2.593049E+03  4.401756E-02  -4.373616E-02  3.525023E-06  1.000000E+00  2.284512E+00  3.271556E-27  8.190498E-21   5.000000E-01 NotAppl  6.055316E-04  0.000000E+00  
1.729490E+02  3.211257E+01  -3.196614E+01  -8.604435E-06  1.000000E+00  5.563078E-03  1.045688E-24  1.233742E-17   5.000000E-01 NotAppl  3.262620E+00  0.000000E+00  
2.324752E+02  1.312804E+01  -1.308007E+01  -1.697791E-02  1.000000E+00  1.418268E-02  4.430927E-25  2.620016E-11   3.442856E-01 NotAppl  9.914165E-01  0.000000E+00  
3.230622E+02  2.374917E+00  2.765091E+01  -2.127096E-07  1.000000E+00  1.228172E-02  4.192587E-25  2.096126E-21   5.000000E-01 NotAppl  6.652127E-01  0.000000E+00  
2.050996E+01  4.892846E-02  2.289398E-01  -3.942269E-07  1.000000E+00  2.090559E-03  3.025372E-38  1.995990E-18   5.000000E-01 NotAppl  9.975659E-13  2.096623E-10  
7.221449E+01  3.971296E-01  -3.968950E-01  3.266835E-05  1.000000E+00  7.483388E-03  1.416085E-33  1.064523E-15   5.000000E-01 NotAppl  1.231525E-08  0.000000E+00  
4.927452E+03  2.981856E-04  1.421069E+02  -1.444222E-05  1.000000E+00  9.355123E-04  5.297846E-24  3.723591E-20   5.000000E-01 NotAppl  5.187415E-01  0.000000E+00  
7.533044E+01  4.174391E-02  -3.557684E-02  3.797955E-04  1.000000E+00  7.103972E-03  1.055365E-31  1.319854E-13   5.000000E-01 NotAppl  8.793733E-07  0.000000E+00  
1.297209E+03  2.512551E-03  1.767976E-02  4.452111E-03  1.000000E+00  6.086925E-01  1.299163E-26  5.359895E-14   5.000000E-01 NotAppl  4.888792E-03  0.000000E+00  
1.707854E+01  1.358346E+00  -1.340851E+00  -6.701169E-01  1.000000E+00  2.489270E-02  8.140577E-26  8.322137E-06   0.000000E+00 XENON1T_2018  3.293170E+00  2.513612E-01  
7.393137E+02  5.594975E+02  -5.594887E+02  5.376594E-06  1.000000E+00  8.967256E-05  8.237960E-23  2.463274E-19   5.000000E-01 NotAppl  5.520528E+01  0.000000E+00  
6.504090E+02  6.425340E-02  4.066178E+02  2.029507E-03  1.000000E+00  2.209048E-04  2.284555E-23  4.560107E-14   5.000000E-01 NotAppl  1.775733E+01  0.000000E+00  
2.169655E+02  7.653897E-01  1.255891E+01  -4.811561E-05  1.000000E+00  1.395305E-02  4.660192E-25  2.424070E-16   5.000000E-01 NotAppl  1.117425E+00  0.000000E+00  
4.012814E+01  2.075514E+00  1.703467E+02  -9.422965E-07  1.000000E+00  3.560474E-04  3.775328E-37  2.934170E-18   5.000000E-01 NotAppl  6.022776E-12  9.074720E-10  
2.932570E+02  1.344258E-03  8.481166E-01  5.420149E-08  1.000000E+00  3.539433E-02  2.374407E-25  1.659365E-22   5.000000E-01 NotAppl  4.160408E-01  0.000000E+00  
5.886960E+01  1.867028E+02  -1.120862E+02  2.062896E-02  1.000000E+00  7.912911E-04  4.883823E-27  6.441640E-10   7.140670E-34 LZ5Tmedian  5.231756E-02  1.695865E-01  
1.573218E+03  2.511486E-03  1.093275E+01  -2.910784E-07  1.000000E+00  1.173984E-01  4.089313E-26  1.545934E-22   5.000000E-01 NotAppl  1.279909E-02  0.000000E+00  
2.816025E+01  1.991478E+00  8.294986E+00  -9.685956E-08  1.000000E+00  1.006441E-02  2.232608E-39  6.359213E-20   5.000000E-01 NotAppl  5.207269E-14  7.232970E-12  
1.383690E+02  5.979323E-01  6.023730E+01  -3.185920E-01  1.000000E+00  2.673956E-03  2.394667E-24  2.672023E-08   0.000000E+00 LZ5Tmedian  1.036535E+01  0.000000E+00  
1.068164E+02  1.567169E-02  2.158751E-01  -2.986034E-02  1.000000E+00  6.682406E-03  1.023216E-24  3.990104E-10   1.123018E-14 LZ5Tmedian  5.193461E+00  0.000000E+00  
3.356274E+03  1.149021E+01  3.209585E+02  9.000984E-05  1.000000E+00  1.838728E-04  2.703966E-23  3.158531E-18   5.000000E-01 NotAppl  3.910062E+00  0.000000E+00  
3.472676E+01  4.161243E+00  -4.046363E+00  4.039227E-08  1.000000E+00  1.469388E-03  5.067695E-40  7.232017E-21   5.000000E-01 NotAppl  9.420829E-15  1.557394E-12  
3.794181E+01  1.820649E+01  -1.809207E+01  -2.363559E-02  1.000000E+00  1.571361E-03  2.065396E-28  2.068717E-09   3.932515E-117 LZ5Tmedian  3.489104E-03  1.682301E-01  
1.800980E+03  2.749518E-04  4.216830E-02  -5.307622E-09  1.000000E+00  1.137086E+00  6.762757E-27  3.901864E-26   5.000000E-01 NotAppl  1.817525E-03  0.000000E+00  
8.721802E+02  8.660523E+01  -7.911809E+01  -3.691882E+00  1.000000E+00  1.827010E-03  2.927712E-24  8.286811E-08   0.000000E+00 LZ5Tmedian  1.916133E+00  0.000000E+00  
4.794946E+02  5.156935E+01  -5.156103E+01  -3.537113E-10  1.000000E+00  4.480304E-03  1.452836E-24  2.583404E-27   5.000000E-01 NotAppl  1.528411E+00  0.000000E+00  
1.361853E+01  1.514030E+02  -1.257305E+02  -1.404382E-07  1.000000E+00  7.166051E+05  3.355600E-39  5.734264E-19   5.000000E-01 NotAppl  1.758405E-13  8.127033E-12  
8.754691E+01  1.248087E-03  4.189546E+02  -8.587130E-09  1.000000E+00  4.217783E-03  7.375964E-25  4.961090E-23   5.000000E-01 NotAppl  4.702463E+00  0.000000E+00  
3.539001E+01  4.074570E+02  -9.781724E+01  2.684506E-01  1.000000E+00  1.026567E-01  2.313825E-26  3.074065E-07   0.000000E+00 XENON1T_2018  4.215236E-01  9.883551E-01  
1.162775E+03  4.000000E-02  2.750299E+02  1.720161E-01  1.000000E+00  3.123448E-04  1.621809E-23  1.000228E-10   4.268456E-01 NotAppl  6.949327E+00  0.000000E+00  
1.698981E+01  9.448868E+00  -2.921706E+00  1.055351E-08  1.000000E+00  1.234999E+01  2.025792E-41  2.085668E-21   5.000000E-01 NotAppl  8.244618E-16  9.482353E-14  
8.819216E+02  2.154027E-02  -2.144027E-02  -1.308279E-06  1.000000E+00  2.926169E-01  2.789825E-26  1.017285E-20   5.000000E-01 NotAppl  1.560975E-02  0.000000E+00  
1.411350E+01  5.916093E+02  -5.916030E+02  2.409928E+00  1.000000E+00  7.095380E-03  8.337442E-25  1.573216E-04   0.000000E+00 XENON1T_2018  4.193323E+01  4.999738E-01  
4.263543E+02  9.061041E-04  -4.014721E-04  -5.861052E-01  1.000000E+00  1.760028E-02  6.486647E-25  9.019892E-09   4.464796E-90 LZ5Tmedian  8.257789E-01  0.000000E+00  
6.740437E+01  5.077946E+00  6.192074E+01  -1.634574E-07  1.000000E+00  2.720504E-02  1.482454E-37  3.067919E-20   5.000000E-01 NotAppl  1.374267E-12  0.000000E+00  
1.170561E+03  1.753687E+02  -1.709331E+02  3.272069E+00  1.000000E+00  2.625447E-04  2.519920E-23  3.570195E-08   7.927299E-132 LZ5Tmedian  1.054821E+01  0.000000E+00  
3.238495E+02  6.350421E+00  -1.709219E+00  1.124410E-05  1.000000E+00  2.622301E-02  2.271111E-25  5.828121E-18   5.000000E-01 NotAppl  3.591141E-01  0.000000E+00  
3.563034E+03  7.554319E+01  -4.026746E+01  2.438501E-02  1.000000E+00  1.717737E-03  3.643183E-24  2.052682E-13   5.000000E-01 NotAppl  4.861889E-01  0.000000E+00  
3.163925E+01  2.010955E+02  -1.882339E+02  9.007424E-03  1.000000E+00  1.911868E+00  2.194113E-29  4.343935E-10   5.179949E-24 LZ5Tmedian  4.507571E-04  3.442820E-02  
1.049914E+03  5.886345E+02  -4.841152E+02  1.048139E-05  1.000000E+00  3.315792E-05  1.151849E-22  4.573933E-19   5.000000E-01 NotAppl  5.374649E+01  0.000000E+00  
1.752464E+03  2.252190E-04  5.700246E-04  6.202036E-08  1.000000E+00  1.079533E+00  7.140035E-27  5.632657E-24   5.000000E-01 NotAppl  1.973341E-03  0.000000E+00  
1.829413E+02  7.717917E-03  -6.668328E-03  -4.669903E-01  1.000000E+00  3.776358E-03  2.958460E-24  3.238904E-08   0.000000E+00 LZ5Tmedian  9.545255E+00  0.000000E+00  
2.019568E+01  1.307622E+00  -4.039760E-01  3.738338E-02  1.000000E+00  1.801372E-02  2.703049E-28  1.851351E-08   0.000000E+00 XENON1T_2018  9.071371E-03  2.092193E-01  
1.182913E+01  2.153511E+00  1.930460E-03  1.465266E-05  1.000000E+00  3.413291E-01  3.481190E-35  8.243466E-15   5.000000E-01 NotAppl  2.149768E-09  2.966176E-07  
1.395169E+02  7.671735E+02  -7.671345E+02  -3.031250E-06  1.000000E+00  9.067995E-04  6.389452E-24  2.378254E-18   5.000000E-01 NotAppl  2.512952E+01  0.000000E+00  
1.904500E+01  3.134124E+01  -3.129938E+01  1.420120E-04  1.000000E+00  5.077192E-02  3.812601E-33  3.005286E-13   5.000000E-01 NotAppl  1.364723E-07  2.652504E-06  
3.110485E+03  8.076071E+00  -6.223730E+00  1.239580E-07  1.000000E+00  1.556358E-01  4.159942E-26  6.993166E-24   5.000000E-01 NotAppl  6.369597E-03  0.000000E+00  
3.896042E+03  4.597200E-02  6.717358E-01  -1.302419E-05  1.000000E+00  4.278877E+00  1.591526E-27  4.882390E-20   5.000000E-01 NotAppl  1.948514E-04  0.000000E+00  
1.948197E+02  5.998984E-04  -3.647599E-04  4.734252E-01  1.000000E+00  5.843097E-03  1.946759E-24  2.926116E-08   0.000000E+00 LZ5Tmedian  5.298847E+00  0.000000E+00  
3.141535E+03  1.365731E-04  3.089821E-01  1.576423E-01  1.000000E+00  2.628429E+00  2.993899E-27  1.108383E-11   5.000000E-01 NotAppl  4.615016E-04  0.000000E+00  
8.028868E+03  6.776369E+01  -1.306738E+01  2.448235E+00  1.000000E+00  1.907737E-03  4.003103E-24  3.967588E-10   5.000000E-01 NotAppl  2.350302E-01  0.000000E+00  
4.801593E+01  1.049912E-01  1.269485E+01  -1.706582E-06  1.000000E+00  1.413850E-03  2.527887E-36  6.679407E-18   5.000000E-01 NotAppl  3.336067E-11  1.527488E-09  
7.357136E+01  1.067296E-01  -1.063312E-01  -2.061462E-06  1.000000E+00  6.993090E-03  4.267485E-36  4.080738E-18   5.000000E-01 NotAppl  3.641966E-11  0.000000E+00  
1.261603E+02  2.161872E+01  3.959932E+00  -3.067018E-02  1.000000E+00  2.559022E-03  1.196632E-24  2.992561E-10   7.339324E-10 LZ5Tmedian  5.109203E+00  0.000000E+00  
5.159337E+01  2.715881E-02  1.508819E+02  -5.887623E-07  1.000000E+00  2.401583E-03  4.974454E-37  6.867032E-19   5.000000E-01 NotAppl  6.110210E-12  2.794693E-10  
1.935200E+03  7.256167E-04  3.350526E-02  -2.082427E-04  1.000000E+00  1.304188E+00  5.860620E-27  5.187937E-17   5.000000E-01 NotAppl  1.463275E-03  0.000000E+00  
3.932197E+01  4.011856E-03  6.709396E-02  1.742629E-04  1.000000E+00  3.278853E-05  1.223618E-32  1.045778E-13   5.000000E-01 NotAppl  1.994147E-07  3.370867E-05  
1.136498E+02  5.192059E-03  9.836178E+02  -2.060144E-01  1.000000E+00  3.028803E-03  1.012694E-24  1.672564E-08   0.000000E+00 LZ5Tmedian  4.772414E+00  0.000000E+00  
1.416260E+02  3.913079E-02  -3.010863E-02  -9.084667E-08  1.000000E+00  9.694079E-03  8.399331E-25  2.071450E-21   5.000000E-01 NotAppl  3.186865E+00  0.000000E+00  
1.034150E+03  7.164602E+01  -7.164585E+01  1.981886E-02  1.000000E+00  2.388236E-03  2.845264E-24  1.686626E-12   5.000000E-01 NotAppl  1.347920E+00  0.000000E+00  
2.556974E+03  5.905977E+00  -5.905459E+00  4.944210E+00  1.000000E+00  1.056560E-02  1.114433E-24  1.657945E-08   9.741154E-29 LZ5Tmedian  2.183247E-01  0.000000E+00  
2.158290E+02  1.356553E-01  -1.351918E-01  -6.187915E-03  1.000000E+00  2.035384E-02  4.152806E-25  4.052617E-12   5.000000E-01 NotAppl  1.002140E+00  0.000000E+00  
1.020217E+03  1.083485E-04  3.644188E+02  1.785841E-10  1.000000E+00  2.070657E-04  2.453958E-23  1.407897E-28   5.000000E-01 NotAppl  1.202587E+01  0.000000E+00  
3.267845E+02  1.004265E-01  -9.291716E-02  4.104081E-05  1.000000E+00  4.411636E-02  1.930697E-25  7.622355E-17   5.000000E-01 NotAppl  3.022286E-01  0.000000E+00  
2.207922E+01  1.629693E+02  -1.689795E+01  8.436851E-07  1.000000E+00  4.271521E+06  1.433390E-37  7.882409E-18   5.000000E-01 NotAppl  4.359434E-12  9.515097E-10  
2.810399E+01  2.874978E-04  1.970224E-03  4.032844E-05  1.000000E+00  2.856774E-03  3.863167E-34  1.106873E-14   5.000000E-01 NotAppl  9.030099E-09  2.075063E-06  
6.966011E+03  7.630336E+02  -7.630314E+02  -2.255097E-03  1.000000E+00  2.509933E-05  3.074920E-22  4.491859E-16   5.000000E-01 NotAppl  2.073232E+01  0.000000E+00  
3.091821E+01  2.886837E-01  -2.880355E-01  -2.052102E-07  1.000000E+00  2.767038E-03  1.106590E-38  2.362483E-19   5.000000E-01 NotAppl  2.327958E-13  5.222925E-11  
2.970628E+03  3.139243E+02  -3.139104E+02  1.137806E-10  1.000000E+00  1.403464E-04  5.220929E-23  6.470368E-30   5.000000E-01 NotAppl  8.372420E+00  0.000000E+00  
9.703660E+01  7.325828E-03  1.016997E-01  -2.961501E-02  1.000000E+00  6.164060E-03  9.845439E-25  4.778604E-10   1.012428E-18 LZ5Tmedian  5.533051E+00  0.000000E+00  
6.802599E+03  9.573741E+00  -5.564446E+00  -1.449837E-09  1.000000E+00  1.196533E-01  5.887855E-26  1.948406E-28   5.000000E-01 NotAppl  4.072751E-03  0.000000E+00  
1.105401E+01  6.626212E+02  -6.626197E+02  -5.084256E-09  1.000000E+00  1.806062E-01  4.076083E-42  1.133821E-21   5.000000E-01 NotAppl  2.725745E-16  3.635351E-14  
1.101753E+03  1.227006E-03  -2.973445E-04  1.807655E-08  1.000000E+00  4.465168E-01  1.795688E-26  1.233007E-24   5.000000E-01 NotAppl  7.990443E-03  0.000000E+00  
2.632722E+03  1.766833E-04  7.884222E+00  1.708203E-07  1.000000E+00  2.293701E-01  1.990546E-26  1.864825E-23   5.000000E-01 NotAppl  3.679161E-03  0.000000E+00  
1.004482E+01  1.695565E+01  -1.695207E+01  -3.941771E-05  1.000000E+00  2.210294E-01  2.335985E-34  8.218382E-14   5.000000E-01 NotAppl  1.748346E-08  1.005779E-06  
4.800058E+01  2.818171E+00  2.383514E+01  -3.621980E-08  1.000000E+00  5.919685E-03  1.136564E-39  3.010637E-21   5.000000E-01 NotAppl  1.504723E-14  1.043624E-12  
4.322493E+02  1.724560E+00  4.051887E+02  5.386239E-06  1.000000E+00  2.916209E-04  1.632439E-23  7.406623E-19   5.000000E-01 NotAppl  1.926640E+01  0.000000E+00  
1.410480E+01  3.321451E-03  6.461197E-02  4.758032E-06  1.000000E+00  1.119384E-03  3.893457E-36  6.139969E-16   5.000000E-01 NotAppl  1.959108E-10  3.150398E-08  
4.776225E+02  2.046642E+02  -2.035017E+02  3.223659E-02  1.000000E+00  4.297286E-04  1.539007E-23  2.163055E-11   5.000000E-01 NotAppl  1.625756E+01  0.000000E+00  
2.279752E+03  3.418227E-01  4.553564E+01  5.052425E-06  1.000000E+00  8.384326E-03  5.609311E-25  2.187142E-20   5.000000E-01 NotAppl  1.204581E-01  0.000000E+00  
2.032364E+01  2.529517E-01  -2.512828E-01  -5.268327E-02  1.000000E+00  4.573815E-03  5.382068E-28  3.630533E-08   0.000000E+00 XENON1T_2018  1.793544E-02  2.360214E-01  
1.122032E+03  7.280155E-01  -6.279872E-01  2.188974E-08  1.000000E+00  4.479946E-01  1.763915E-26  1.742013E-24   5.000000E-01 NotAppl  7.702816E-03  0.000000E+00  
9.630775E+02  1.061231E-04  5.320120E+01  -1.869147E-08  1.000000E+00  6.319724E-03  7.431901E-25  1.734882E-24   5.000000E-01 NotAppl  3.861932E-01  0.000000E+00  
5.550311E+01  3.859827E+00  -3.767161E+00  -4.336839E-01  1.000000E+00  2.389956E-03  6.143125E-25  3.210369E-07   0.000000E+00 XENON1T_2018  7.011484E+00  3.060032E-01  
3.525322E+03  3.066821E-03  2.778054E+01  1.034004E+00  1.000000E+00  1.898153E-02  2.937357E-25  3.771575E-10   3.445658E-01 NotAppl  4.050641E-02  0.000000E+00  
4.503095E+02  3.240355E-03  7.742344E-02  5.179620E-03  1.000000E+00  8.119071E-02  1.043821E-25  6.299080E-13   5.000000E-01 NotAppl  1.170701E-01  0.000000E+00  
3.376697E+03  1.731657E-01  -1.711139E-01  -4.572835E-02  1.000000E+00  3.746679E+00  1.952135E-27  8.052201E-13   5.000000E-01 NotAppl  2.764204E-04  0.000000E+00  
8.729355E+03  8.046575E+00  -8.022961E+00  -5.645252E-09  1.000000E+00  1.560891E-01  3.850238E-26  1.779952E-27   5.000000E-01 NotAppl  2.066145E-03  0.000000E+00  
4.521883E+02  3.097115E-04  1.072318E-03  2.699535E-03  1.000000E+00  8.195563E-02  1.034427E-25  1.696525E-13   5.000000E-01 NotAppl  1.155138E-01  0.000000E+00  
1.283312E+02  2.113852E+00  -2.093171E+00  -9.465117E-08  1.000000E+00  7.413810E-03  9.831845E-25  2.752150E-21   5.000000E-01 NotAppl  4.126592E+00  0.000000E+00  
4.175487E+01  3.136833E+00  -2.896626E+00  6.224663E-10  1.000000E+00  2.107375E-04  1.852341E-43  1.180977E-24   5.000000E-01 NotAppl  2.834487E-18  3.516120E-16  
1.513757E+02  5.627269E-01  -5.523531E-01  7.128496E-01  1.000000E+00  1.761072E-03  6.550691E-24  1.112708E-07   0.000000E+00 XENON1T_2018  2.388509E+01  0.000000E+00  
9.286954E+03  3.630430E+00  -3.598178E+00  2.279188E-03  1.000000E+00  7.133370E-01  8.054440E-27  2.558564E-16   5.000000E-01 NotAppl  4.060901E-04  0.000000E+00  
2.735031E+01  1.257378E-03  3.745366E-02  -1.681945E-04  1.000000E+00  2.823627E-03  6.558878E-33  2.034099E-13   5.000000E-01 NotAppl  1.579619E-07  3.633101E-05  
3.861925E+02  1.799526E-04  2.836678E+00  2.939984E-06  1.000000E+00  5.665612E-02  1.427605E-25  2.778819E-19   5.000000E-01 NotAppl  1.878812E-01  0.000000E+00  
8.611408E+01  2.686387E-04  -1.212152E-04  2.515325E-01  1.000000E+00  2.521244E-03  3.546989E-24  4.403075E-08   0.000000E+00 XENON1T_2018  2.299741E+01  0.000000E+00  
7.654444E+01  8.825234E+01  -8.795125E+01  -1.491884E-01  1.000000E+00  2.082435E-02  1.338918E-26  1.971118E-08   0.000000E+00 XENON1T_2018  1.097428E-01  0.000000E+00  
5.098509E+02  1.572231E-03  3.716504E-02  5.953201E+00  1.000000E+00  5.026404E-04  2.804621E-23  6.454639E-07   0.000000E+00 XENON1T_2018  2.830566E+01  0.000000E+00  
6.257191E+01  8.414162E+01  -8.153176E+01  -1.798299E-10  1.000000E+00  1.697061E-02  8.937144E-40  4.322283E-26   5.000000E-01 NotAppl  8.992418E-15  0.000000E+00  
7.934204E+01  2.434157E+01  -2.433974E+01  -6.247707E-08  1.000000E+00  1.512032E-02  1.580266E-39  3.212425E-21   5.000000E-01 NotAppl  1.249060E-14  0.000000E+00  
1.732432E+03  2.450295E-03  8.370350E-03  -6.216989E-01  1.000000E+00  2.662744E-01  3.889420E-26  5.794047E-10   3.614731E-02 LZ5Tmedian  1.142442E-02  0.000000E+00  
1.231579E+03  7.214531E+00  4.513989E+02  5.031355E-07  1.000000E+00  1.270002E-04  3.832589E-23  7.610117E-22   5.000000E-01 NotAppl  1.547870E+01  0.000000E+00  
2.622432E+03  1.284628E-04  1.872983E-03  5.300332E-02  1.000000E+00  2.284267E+00  3.298808E-27  1.809792E-12   5.000000E-01 NotAppl  6.046736E-04  0.000000E+00  
1.147220E+01  1.277512E+02  4.324520E+02  1.057415E-02  1.000000E+00  9.015379E+01  1.791121E-29  4.559626E-09   2.511855E-33 LZ5Tmedian  1.146351E-03  1.357384E-01  
6.771992E+03  3.850552E+00  -2.775699E+00  1.169201E-07  1.000000E+00  6.743287E-01  9.545786E-27  1.278788E-24   5.000000E-01 NotAppl  6.629419E-04  0.000000E+00  
6.269441E+02  1.319665E+02  -1.319663E+02  -9.608334E-05  1.000000E+00  8.528597E-04  8.128503E-24  1.101803E-16   5.000000E-01 NotAppl  6.465575E+00  0.000000E+00  
8.083536E+01  4.772165E-01  1.523936E+01  -9.695279E-01  1.000000E+00  7.861276E-04  5.737729E-24  7.446735E-07   0.000000E+00 XENON1T_2018  4.099665E+01  0.000000E+00  
7.906549E+02  1.070866E-02  1.623441E+00  1.316749E-10  1.000000E+00  2.261682E-01  3.535888E-26  1.288072E-28   5.000000E-01 NotAppl  2.214907E-02  0.000000E+00  
6.535021E+03  5.416593E-02  -5.401288E-02  -4.275104E-03  1.000000E+00  1.360216E+01  5.175617E-28  1.838001E-15   5.000000E-01 NotAppl  3.743927E-05  0.000000E+00  
2.874524E+03  1.021948E-03  9.160891E-01  7.447480E-05  1.000000E+00  2.401205E+00  2.890176E-27  2.964044E-18   5.000000E-01 NotAppl  4.822527E-04  0.000000E+00  
7.702141E+01  1.230282E+01  -1.230072E+01  2.080995E-07  1.000000E+00  2.003892E-02  2.423292E-38  3.786807E-20   5.000000E-01 NotAppl  1.958033E-13  0.000000E+00  
2.531502E+02  1.966269E-01  -1.949205E-01  -5.599609E-08  1.000000E+00  2.720293E-02  3.120778E-25  2.393585E-22   5.000000E-01 NotAppl  6.375285E-01  0.000000E+00  
1.444343E+03  5.381799E+01  -2.705448E+01  3.390771E-06  1.000000E+00  2.870858E-03  1.840709E-24  2.497205E-20   5.000000E-01 NotAppl  6.195443E-01  0.000000E+00  
1.121237E+03  4.615565E-04  8.177637E+00  2.958390E-03  1.000000E+00  1.568511E-01  3.544153E-26  3.186466E-14   5.000000E-01 NotAppl  1.562928E-02  0.000000E+00  
1.374087E+03  3.671373E-03  -3.363739E-03  -6.707451E-07  1.000000E+00  6.792930E-01  1.158278E-26  1.081778E-21   5.000000E-01 NotAppl  4.108535E-03  0.000000E+00  
1.951303E+03  8.131645E-01  -5.348659E-01  5.805653E-07  1.000000E+00  1.214950E+00  6.176400E-27  3.964820E-22   5.000000E-01 NotAppl  1.528785E-03  0.000000E+00  
1.195848E+01  2.372866E+00  -2.372560E+00  -2.892778E-05  1.000000E+00  1.481220E-01  1.362433E-34  3.144931E-14   5.000000E-01 NotAppl  8.307081E-09  1.159051E-06  
1.296936E+02  5.998596E+00  5.815251E+02  -1.535447E-08  1.000000E+00  1.288094E-03  2.651824E-24  7.087422E-23   5.000000E-01 NotAppl  1.077536E+01  0.000000E+00  
4.472068E+01  7.381266E-03  -7.248780E-03  -1.047443E-02  1.000000E+00  9.071999E-05  6.729334E-29  2.908195E-10   5.091206E-17 LZ5Tmedian  9.586762E-04  7.619141E-02  
1.940410E+02  5.345925E+00  5.326037E+01  3.682936E+00  1.000000E+00  9.228135E-06  6.314722E-22  1.785425E-06   0.000000E+00 XENON1T_2018  2.010731E+03  0.000000E+00  
3.232486E+02  8.061894E+01  -8.061700E+01  2.578506E-04  1.000000E+00  2.202420E-03  2.953160E-24  3.076569E-15   5.000000E-01 NotAppl  4.699223E+00  0.000000E+00  
3.943998E+02  2.261401E-02  -2.163646E-02  -2.109875E-03  1.000000E+00  6.319725E-02  1.345756E-25  1.370863E-13   5.000000E-01 NotAppl  1.732579E-01  0.000000E+00  
2.823908E+02  2.236698E-04  1.064469E-02  -8.166319E-08  1.000000E+00  3.356380E-02  2.543870E-25  4.069613E-22   5.000000E-01 NotAppl  4.636357E-01  0.000000E+00  
2.301925E+03  2.932986E+02  1.344191E+02  -1.512722E-05  1.000000E+00  4.229009E-05  8.525117E-23  1.922353E-19   5.000000E-01 NotAppl  1.792812E+01  0.000000E+00  
2.742650E+01  6.286726E+02  -6.140730E+02  -3.957604E+00  1.000000E+00  1.983010E-03  1.525131E-24  1.119878E-04   0.000000E+00 XENON1T_2018  3.661701E+01  5.526580E-01  
2.515344E+02  1.411402E+00  1.552361E+00  -9.184136E-03  1.000000E+00  2.275087E-02  3.182332E-25  6.523888E-12   5.000000E-01 NotAppl  6.545160E-01  0.000000E+00  
6.283385E+02  3.616239E+01  -3.522088E+01  -1.087133E-06  1.000000E+00  8.178309E-03  7.688463E-25  1.404110E-20   5.000000E-01 NotAppl  6.101317E-01  0.000000E+00  
2.828934E+01  1.615874E-02  8.357612E+00  5.431571E-07  1.000000E+00  2.086572E-03  7.050722E-38  1.981305E-18   5.000000E-01 NotAppl  1.636255E-12  2.687940E-10  
1.280407E+02  2.686856E+01  -2.681530E+01  4.110406E-07  1.000000E+00  4.541040E-03  1.284372E-24  5.214441E-20   5.000000E-01 NotAppl  5.433421E+00  0.000000E+00  
9.175648E+02  1.353698E-01  -1.295211E-01  1.655784E-08  1.000000E+00  3.149933E-01  2.580876E-26  1.502848E-24   5.000000E-01 NotAppl  1.386268E-02  0.000000E+00  
1.479009E+03  1.710176E+01  -1.710013E+01  1.051848E+00  1.000000E+00  1.670040E-02  5.114222E-25  2.289591E-09   2.152169E-07 LZ5Tmedian  1.701534E-01  0.000000E+00  
2.564497E+01  3.130885E+02  -3.127518E+02  -2.552190E-08  1.000000E+00  2.115489E-02  1.435386E-40  5.334144E-21   5.000000E-01 NotAppl  3.712143E-15  8.483763E-13  
4.824133E+01  4.187617E-02  -4.175317E-02  5.480508E-09  1.000000E+00  9.934181E-04  2.678888E-41  6.823101E-23   5.000000E-01 NotAppl  3.518172E-16  2.727758E-14  
1.378305E+02  4.190411E+02  -4.188346E+02  -4.152292E-08  1.000000E+00  1.018330E-03  5.582453E-24  4.575281E-22   5.000000E-01 NotAppl  2.222299E+01  0.000000E+00  
2.749795E+03  1.462869E-01  -1.461623E-01  -1.713388E-09  1.000000E+00  2.543010E+00  2.921766E-27  1.717113E-27   5.000000E-01 NotAppl  5.093572E-04  0.000000E+00  
1.062925E+02  9.944079E+01  -9.861531E+01  -1.100193E-05  1.000000E+00  2.281034E-03  2.187213E-24  5.471552E-17   5.000000E-01 NotAppl  1.127117E+01  0.000000E+00  
1.922072E+03  1.680709E-02  -1.404493E-02  3.708135E-02  1.000000E+00  1.272265E+00  6.040161E-27  1.667976E-12   5.000000E-01 NotAppl  1.520036E-03  0.000000E+00  
2.243560E+01  3.116392E-04  8.886910E+00  2.007226E-01  1.000000E+00  1.595034E-03  8.181583E-27  4.320114E-07   0.000000E+00 XENON1T_2018  2.447345E-01  2.437584E-01  
5.988673E+03  8.724820E+01  -8.724472E+01  1.218786E-03  1.000000E+00  1.572001E-03  4.431843E-24  1.783850E-16   5.000000E-01 NotAppl  3.483038E-01  0.000000E+00  
1.364570E+02  1.693712E-02  1.336641E+00  -2.606638E-06  1.000000E+00  8.608853E-03  8.933152E-25  1.840434E-18   5.000000E-01 NotAppl  3.520687E+00  0.000000E+00  
3.052911E+03  4.518080E+00  8.998337E+01  3.494114E-01  1.000000E+00  2.048908E-03  2.447619E-24  5.771832E-11   5.000000E-01 NotAppl  3.897616E-01  0.000000E+00  
7.896021E+03  1.942077E-03  1.176320E+01  3.673344E-02  1.000000E+00  1.169598E-01  3.811797E-26  9.239765E-14   5.000000E-01 NotAppl  2.312115E-03  0.000000E+00  
3.532313E+01  1.014186E-02  -9.667638E-03  -2.682472E-08  1.000000E+00  5.842930E-04  2.302674E-40  3.081219E-21   5.000000E-01 NotAppl  4.196783E-15  8.479595E-13  
4.233999E+03  3.458659E-01  -3.349243E-01  -2.458922E-09  1.000000E+00  5.462031E+00  1.299723E-27  1.469384E-27   5.000000E-01 NotAppl  1.459774E-04  0.000000E+00  
2.576112E+01  3.616506E-01  6.691773E+02  -8.250110E-06  1.000000E+00  3.301457E-03  1.504911E-35  5.523259E-16   5.000000E-01 NotAppl  3.869110E-10  8.849132E-08  
7.208720E+02  1.409425E+01  8.682713E+00  2.898532E-04  1.000000E+00  1.802505E-02  2.903536E-25  7.538203E-16   5.000000E-01 NotAppl  2.013761E-01  0.000000E+00  
3.165594E+01  1.837181E-04  5.667537E-03  -4.738842E-01  1.000000E+00  2.012108E-03  6.066736E-26  1.201053E-06   0.000000E+00 XENON1T_2018  1.244376E+00  2.497823E-01  
2.291505E+01  8.012844E+02  -8.012841E+02  4.240884E-05  1.000000E+00  2.964996E-02  3.692596E-34  1.848100E-14   5.000000E-01 NotAppl  1.078558E-08  2.390866E-06  
3.364029E+03  1.547689E-04  3.865669E+01  -3.736318E-06  1.000000E+00  1.166180E-02  4.007696E-25  5.416925E-21   5.000000E-01 NotAppl  5.780334E-02  0.000000E+00  
1.139865E+01  5.024322E+01  2.307170E+02  2.327490E-06  1.000000E+00  4.109082E+06  8.654724E-37  2.237176E-16   5.000000E-01 NotAppl  5.582003E-11  9.070098E-10  
1.389949E+01  1.351012E-01  2.172440E+02  -7.068187E-02  1.000000E+00  1.113350E-03  8.553583E-28  1.394932E-07   0.000000E+00 XENON1T_2018  4.378495E-02  3.189423E-01  
1.139733E+02  3.122068E+00  -2.518926E+00  -2.329016E-01  1.000000E+00  7.907739E-03  5.852421E-25  2.125211E-08   0.000000E+00 LZ5Tmedian  2.794196E+00  0.000000E+00  
2.413193E+01  9.797128E-03  1.679015E+02  2.258639E-07  1.000000E+00  1.817279E-03  1.079395E-38  4.723038E-19   5.000000E-01 NotAppl  2.980756E-13  6.722055E-11  
2.026334E+03  3.164067E-01  -3.054910E-01  -6.150496E-07  1.000000E+00  1.401526E+00  5.406439E-27  4.120531E-22   5.000000E-01 NotAppl  1.287634E-03  0.000000E+00  
2.559835E+03  5.294736E+00  -5.254851E+00  -5.631193E-04  1.000000E+00  3.032169E-01  1.984346E-26  2.145792E-16   5.000000E-01 NotAppl  3.707587E-03  0.000000E+00  
2.299653E+03  2.182960E+00  -2.083668E+00  1.703089E+00  1.000000E+00  6.664752E-02  1.682299E-25  2.441536E-09   2.603560E-05 LZ5Tmedian  3.678352E-02  0.000000E+00  
2.987866E+03  1.962702E+01  -1.958322E+01  -3.697355E-02  1.000000E+00  2.789594E-02  2.241673E-25  6.752422E-13   5.000000E-01 NotAppl  3.573756E-02  0.000000E+00  
3.511529E+01  3.792579E-04  8.807867E-02  1.598164E-08  1.000000E+00  6.465474E-04  8.087932E-41  1.106872E-21   5.000000E-01 NotAppl  1.485807E-15  3.017987E-13  
6.570079E+01  8.829967E+01  -8.805227E+01  3.338822E-08  1.000000E+00  1.135006E-02  1.486707E-38  1.348712E-21   5.000000E-01 NotAppl  1.415441E-13  0.000000E+00  
2.338844E+03  3.273938E+02  -3.146245E+02  2.488854E-02  1.000000E+00  1.174048E-04  5.484996E-23  5.037785E-13   5.000000E-01 NotAppl  1.123105E+01  0.000000E+00  
1.666085E+01  1.530678E+02  -1.529511E+02  -2.133738E-05  1.000000E+00  7.239250E-02  8.230497E-35  8.865132E-15   5.000000E-01 NotAppl  3.424426E-09  6.270012E-07  
1.430196E+01  4.252528E-03  -3.715104E-03  -2.250691E+00  1.000000E+00  1.254517E-03  5.456843E-25  1.336546E-04   0.000000E+00 XENON1T_2018  2.704071E+01  2.499937E-01  
1.268617E+01  1.365672E-02  7.584212E+00  -2.456711E-10  1.000000E+00  6.385308E-04  1.003535E-44  2.018895E-24   5.000000E-01 NotAppl  5.709907E-19  7.684151E-17  
2.681777E+02  1.430131E+00  -1.429459E+00  -2.955893E-07  1.000000E+00  2.897219E-02  2.821622E-25  5.926688E-21   5.000000E-01 NotAppl  5.427751E-01  0.000000E+00  
9.027400E+01  1.539528E-03  -1.120182E-04  4.425091E-07  1.000000E+00  5.789236E-03  7.655778E-25  1.237153E-19   5.000000E-01 NotAppl  4.732172E+00  0.000000E+00  
1.524307E+02  1.414878E+00  -1.408035E+00  2.579588E-03  1.000000E+00  1.022132E-02  7.572862E-25  1.436492E-12   5.000000E-01 NotAppl  2.662103E+00  0.000000E+00  
1.192157E+01  2.420829E-03  7.943341E-01  1.187613E-03  1.000000E+00  5.681013E-04  2.293664E-31  5.333026E-11   3.585934E-01 NotAppl  1.403571E-05  1.956640E-03  
1.334745E+01  4.049993E-01  1.347130E+02  -8.873132E+00  1.000000E+00  2.315263E-03  1.641153E-25  2.382019E-03   0.000000E+00 XENON1T_2018  8.914362E+00  3.336784E-01  
2.823627E+03  1.836616E-03  1.081962E-02  3.281242E-04  1.000000E+00  2.692535E+00  2.759348E-27  5.966742E-17   5.000000E-01 NotAppl  4.682306E-04  0.000000E+00  
1.017297E+02  8.555167E+02  -8.555147E+02  -5.776142E-01  1.000000E+00  7.121741E-03  6.293142E-25  1.650090E-07   0.000000E+00 XENON1T_2018  3.341263E+00  0.000000E+00  
3.195422E+02  2.556818E+01  -2.556792E+01  -2.157916E-04  1.000000E+00  1.147324E-02  5.406922E-25  2.206244E-15   5.000000E-01 NotAppl  8.693926E-01  0.000000E+00  
1.463820E+02  2.664693E-04  1.252217E-03  1.073459E-08  1.000000E+00  1.025620E-02  7.975037E-25  2.702845E-23   5.000000E-01 NotAppl  2.923331E+00  0.000000E+00  
3.370353E+03  5.404876E+00  -5.357421E+00  -3.438014E-09  1.000000E+00  3.090168E-01  1.915687E-26  4.568997E-27   5.000000E-01 NotAppl  2.701862E-03  0.000000E+00  
1.192436E+01  1.235464E-01  3.723298E+00  -2.924329E-04  1.000000E+00  8.727052E-04  1.390817E-32  3.232038E-12   5.000000E-01 NotAppl  8.507028E-07  1.180652E-04  
8.930669E+02  1.065643E+01  1.326363E+01  3.601514E-08  1.000000E+00  2.261421E-02  2.428162E-25  7.514064E-24   5.000000E-01 NotAppl  1.354648E-01  0.000000E+00  
1.208607E+02  1.011763E-02  -6.494516E-03  1.396119E-02  1.000000E+00  7.319811E-03  1.111864E-24  6.771160E-11   7.211213E-03 LZ5Tmedian  4.967187E+00  0.000000E+00  
2.140145E+01  2.176926E-04  3.895737E-01  -7.275108E-03  1.000000E+00  1.816108E-03  1.049957E-29  6.240407E-10   3.883742E-24 LZ5Tmedian  3.305949E-04  5.579323E-02  
1.846682E+01  7.759690E-01  2.605497E+01  1.861906E-08  1.000000E+00  6.577461E-03  6.481629E-41  5.495057E-21   5.000000E-01 NotAppl  2.401130E-15  1.086818E-13  
7.592920E+03  5.022947E-04  1.504190E+02  -3.164481E-05  1.000000E+00  8.425944E-04  5.990233E-24  7.424595E-20   5.000000E-01 NotAppl  3.781136E-01  0.000000E+00  
1.165223E+01  3.763433E-02  3.908238E+02  9.153469E-08  1.000000E+00  6.113984E-04  1.350585E-39  3.313742E-19   5.000000E-01 NotAppl  8.488987E-14  1.175853E-11  
3.878058E+02  1.959395E-02  8.170466E+02  1.144903E-07  1.000000E+00  1.959593E-04  2.503212E-23  4.178328E-22   5.000000E-01 NotAppl  3.301494E+01  0.000000E+00  
4.566875E+01  4.081890E+00  -3.187415E+00  1.819421E-08  1.000000E+00  1.556669E-04  2.224251E-40  8.407748E-22   5.000000E-01 NotAppl  3.100441E-15  2.459384E-13  
8.219998E+01  7.399936E-01  -7.340235E-01  -8.305639E-03  1.000000E+00  7.017727E-03  4.524418E-25  5.280951E-11   5.738714E-03 LZ5Tmedian  3.133573E+00  0.000000E+00  
8.040325E+03  2.223896E+02  -2.223811E+02  -6.418010E-09  1.000000E+00  2.588878E-04  2.841409E-23  2.718712E-27   5.000000E-01 NotAppl  1.657028E+00  0.000000E+00  
2.792444E+02  8.483237E+00  -8.476139E+00  -3.250632E-10  1.000000E+00  2.257108E-02  3.020304E-25  6.597837E-27   5.000000E-01 NotAppl  5.575279E-01  0.000000E+00  
1.965263E+03  5.084202E-02  2.884396E-02  5.026901E-10  1.000000E+00  1.342329E+00  5.686491E-27  2.929635E-28   5.000000E-01 NotAppl  1.397547E-03  0.000000E+00  
1.125005E+03  4.467911E-03  5.028459E-02  7.417906E-05  1.000000E+00  4.644708E-01  1.722971E-26  1.989698E-17   5.000000E-01 NotAppl  7.503936E-03  0.000000E+00  
1.018149E+03  1.727413E+02  -1.727390E+02  -4.679646E-07  1.000000E+00  4.843973E-04  1.467716E-23  9.707568E-22   5.000000E-01 NotAppl  7.065530E+00  0.000000E+00  
1.561042E+02  5.904213E-01  1.596670E+02  -8.382580E-07  1.000000E+00  2.029427E-03  2.347310E-24  1.444633E-19   5.000000E-01 NotAppl  7.879467E+00  0.000000E+00  
6.592297E+02  2.185692E+00  -2.178712E+00  1.006323E-06  1.000000E+00  1.516237E-01  5.235415E-26  1.090719E-20   5.000000E-01 NotAppl  3.955432E-02  0.000000E+00  
1.919249E+02  3.530437E-02  -3.500531E-02  1.030069E-02  1.000000E+00  1.631082E-02  5.224880E-25  1.428385E-11   4.995899E-01 NotAppl  1.425482E+00  0.000000E+00  
2.205586E+01  1.571848E-01  -1.565461E-01  -6.180637E-09  1.000000E+00  3.874185E-03  7.688766E-42  4.239259E-22   5.000000E-01 NotAppl  2.342616E-16  5.104872E-14  
3.438750E+01  3.082941E-03  5.855568E-02  -5.282279E-01  1.000000E+00  9.252781E-04  8.502230E-26  1.261708E-06   0.000000E+00 XENON1T_2018  1.596993E+00  2.499036E-01  
6.260904E+03  4.730407E-03  2.658084E+01  1.597958E-05  1.000000E+00  2.429118E-02  1.906221E-25  2.801556E-20   5.000000E-01 NotAppl  1.463417E-02  0.000000E+00  
2.117461E+01  4.535399E-01  -4.534190E-01  -8.180770E-09  1.000000E+00  6.922702E-03  1.321163E-41  8.061678E-22   5.000000E-01 NotAppl  4.206138E-16  8.983933E-14  
1.274614E+02  1.619844E+00  3.442321E+01  -2.073355E-05  1.000000E+00  4.275576E-03  1.217255E-24  1.339130E-16   5.000000E-01 NotAppl  5.110205E+00  0.000000E+00  
2.972697E+01  2.612156E-04  8.534240E+01  -1.857831E-02  1.000000E+00  1.988330E-03  8.671542E-29  2.096736E-09   1.330324E-109 LZ5Tmedian  1.906273E-03  1.884872E-01  
5.336487E+02  2.406203E-02  -2.118790E-02  -3.639115E-01  1.000000E+00  5.297529E-02  1.948282E-25  2.197093E-09   3.232122E-18 LZ5Tmedian  1.919749E-01  0.000000E+00  
1.298785E+02  1.222317E+02  -1.222313E+02  6.848303E-06  1.000000E+00  1.999287E-03  2.928573E-24  1.405773E-17   5.000000E-01 NotAppl  1.234705E+01  0.000000E+00  
7.894976E+03  8.195837E+00  -2.545326E+00  1.234859E-01  1.000000E+00  1.471013E-01  5.158674E-26  1.044454E-12   5.000000E-01 NotAppl  3.076453E-03  0.000000E+00  
2.856033E+01  8.817946E+01  -8.815177E+01  -1.940016E-01  1.000000E+00  1.269345E-02  9.076621E-27  2.479332E-07   0.000000E+00 XENON1T_2018  2.082287E-01  4.950261E-01  
3.701042E+02  5.311118E-01  -3.993181E-01  6.372841E-09  1.000000E+00  5.488492E-02  1.524675E-25  1.424482E-24   5.000000E-01 NotAppl  2.096987E-01  0.000000E+00  
6.124910E+03  2.090559E-01  -2.053813E-01  5.012576E-03  1.000000E+00  1.132571E+01  6.167277E-28  2.882518E-15   5.000000E-01 NotAppl  4.762973E-05  0.000000E+00  
8.433120E+03  2.915154E-02  -2.896039E-02  -2.963546E-10  1.000000E+00  2.236697E+01  3.106581E-28  5.261566E-30   5.000000E-01 NotAppl  1.735960E-05  0.000000E+00  
5.347267E+03  7.657118E-01  2.432555E+02  3.720114E-07  1.000000E+00  3.286953E-04  1.535587E-23  2.092261E-23   5.000000E-01 NotAppl  1.383897E+00  0.000000E+00  
1.138320E+02  5.004511E+02  -5.004509E+02  -4.738400E-03  1.000000E+00  1.567196E-03  3.581932E-24  8.819120E-12   5.000000E-01 NotAppl  1.729782E+01  0.000000E+00  
3.623646E+03  1.906127E-03  6.739595E-01  -6.493457E-07  1.000000E+00  3.829589E+00  1.800541E-27  1.406444E-22   5.000000E-01 NotAppl  2.372122E-04  0.000000E+00  
1.494192E+02  1.182914E+01  1.298504E+02  -2.847431E-10  1.000000E+00  1.471931E-03  2.195362E-24  1.823364E-26   5.000000E-01 NotAppl  7.736055E+00  0.000000E+00  
1.343895E+01  2.308922E+01  -2.268235E+01  -9.289324E-05  1.000000E+00  1.448263E-01  1.462081E-33  2.575660E-13   5.000000E-01 NotAppl  7.782108E-08  2.633120E-06  
4.435351E+01  4.920805E-03  1.830029E+02  4.780517E-06  1.000000E+00  1.999293E-04  1.355294E-35  6.160284E-17   5.000000E-01 NotAppl  1.942644E-10  2.299983E-08  
6.495184E+03  1.433873E-03  7.276325E+02  -5.264081E-09  1.000000E+00  4.137567E-05  1.274922E-22  2.821587E-27   5.000000E-01 NotAppl  9.429690E+00  0.000000E+00  
8.215006E+01  2.598709E-03  -1.975335E-03  3.662064E-08  1.000000E+00  6.045145E-03  4.898367E-25  1.027918E-21   5.000000E-01 NotAppl  3.395892E+00  0.000000E+00  
2.716193E+03  1.955198E-03  7.963045E-02  1.779409E-06  1.000000E+00  2.496047E+00  2.983131E-27  1.898936E-21   5.000000E-01 NotAppl  5.266312E-04  0.000000E+00  
1.939102E+03  1.775758E+01  -1.775698E+01  -2.869994E-04  1.000000E+00  3.307778E-02  1.899428E-25  9.813734E-17   5.000000E-01 NotAppl  4.714472E-02  0.000000E+00  
2.865699E+01  6.145552E+00  -6.115838E+00  -2.852146E+00  1.000000E+00  5.060342E-03  7.265508E-25  5.322287E-05   0.000000E+00 XENON1T_2018  1.674499E+01  2.596252E-01  
4.869410E+03  1.534017E+02  -1.533995E+02  -3.426211E-09  1.000000E+00  5.310158E-04  1.346433E-23  2.146769E-27   5.000000E-01 NotAppl  1.305279E+00  0.000000E+00  
7.125072E+02  1.247272E+01  -1.245913E+01  -2.281184E-04  1.000000E+00  4.921697E-02  1.315632E-25  4.781772E-16   5.000000E-01 NotAppl  9.165894E-02  0.000000E+00  
2.419272E+02  2.085321E+02  -1.796347E+02  3.763642E-08  1.000000E+00  3.508770E-04  9.506916E-24  1.186569E-22   5.000000E-01 NotAppl  2.052922E+01  0.000000E+00  
1.095384E+01  5.041827E-02  3.473751E-02  -1.548098E-02  1.000000E+00  9.140179E-04  3.763742E-29  1.070130E-08   1.885096E-63 LZ5Tmedian  2.543954E-03  1.439239E-01  
2.599993E+03  2.196191E-03  2.869209E-01  1.453944E-01  1.000000E+00  1.898926E+00  4.171204E-27  1.385851E-11   5.000000E-01 NotAppl  7.787023E-04  0.000000E+00  
1.756134E+01  3.016342E-04  4.158705E-01  1.264708E-02  1.000000E+00  1.263701E-03  2.940229E-29  2.803639E-09   9.789593E-75 LZ5Tmedian  1.152867E-03  1.157383E-01  
2.526547E+02  2.062445E-02  2.175425E+00  -2.147781E-09  1.000000E+00  2.575923E-02  3.155103E-25  3.535544E-25   5.000000E-01 NotAppl  6.458378E-01  0.000000E+00  
1.902346E+03  8.731044E-03  8.781079E+01  4.234611E-01  1.000000E+00  2.308067E-03  2.154832E-24  2.221445E-10   3.135177E-01 NotAppl  5.573407E-01  0.000000E+00  
1.911160E+02  4.787956E-01  2.740340E+01  1.274954E-09  1.000000E+00  8.675817E-03  7.009204E-25  2.207300E-25   5.000000E-01 NotAppl  1.914632E+00  0.000000E+00  
1.086801E+01  3.490392E-03  2.512422E-01  -1.396325E-03  1.000000E+00  5.676677E-04  3.050981E-31  8.841104E-11   3.159588E-01 NotAppl  2.080989E-05  2.714853E-03  
4.935508E+01  4.461693E-03  7.734900E+01  4.666895E-09  1.000000E+00  1.772798E-03  2.239467E-41  4.722809E-23   5.000000E-01 NotAppl  2.881246E-16  1.908743E-14  
1.053200E+03  4.461516E+01  -4.461168E+01  -4.576831E-08  1.000000E+00  5.829516E-03  1.137195E-24  8.665851E-24   5.000000E-01 NotAppl  5.287086E-01  0.000000E+00  
7.418478E+03  4.083465E+00  -3.066118E+00  3.181184E-07  1.000000E+00  6.071758E-01  1.052460E-26  7.865929E-24   5.000000E-01 NotAppl  6.663308E-04  0.000000E+00  
1.204361E+03  2.277116E-02  1.456291E+00  -2.594448E-06  1.000000E+00  4.894841E-01  1.564613E-26  2.117936E-20   5.000000E-01 NotAppl  6.358183E-03  0.000000E+00  
2.586018E+02  6.143038E+02  -3.059225E+02  8.849101E-09  1.000000E+00  1.104637E-04  3.030694E-23  5.722388E-24   5.000000E-01 NotAppl  6.088140E+01  0.000000E+00  
1.209306E+01  6.696037E-03  5.381158E-02  -4.039386E-03  1.000000E+00  8.782694E-04  2.667589E-30  5.998480E-10   5.054820E-06 LZ5Tmedian  1.605339E-04  2.096461E-02  
1.383047E+01  1.646051E+01  2.924852E+02  -1.507700E-05  1.000000E+00  1.071661E+05  3.886084E-35  6.409897E-15   5.000000E-01 NotAppl  2.000222E-09  1.251041E-07  
1.724120E+01  8.635573E-01  -8.547514E-01  1.944922E-02  1.000000E+00  1.684397E-02  6.912396E-29  6.878828E-09   3.164805E-175 LZ5Tmedian  2.765794E-03  1.629432E-01  
3.623123E+02  6.179899E-03  7.069504E-02  -1.450332E-01  1.000000E+00  4.591828E-02  1.951484E-25  7.706189E-10   1.162280E-09 LZ5Tmedian  2.792373E-01  0.000000E+00  
1.556024E+03  3.165400E+01  -3.165246E+01  -4.101104E-07  1.000000E+00  1.109897E-02  5.868312E-25  3.138359E-22   5.000000E-01 NotAppl  1.825497E-01  0.000000E+00  
5.160841E+02  3.809182E+01  -3.807959E+01  -3.209741E-10  1.000000E+00  7.545977E-03  8.529608E-25  1.830286E-27   5.000000E-01 NotAppl  8.308962E-01  0.000000E+00  
2.664503E+02  4.764530E-01  -4.623887E-01  2.721428E-10  1.000000E+00  2.967072E-02  2.840212E-25  5.090690E-27   5.000000E-01 NotAppl  5.500206E-01  0.000000E+00  
9.887152E+03  2.734433E+02  -2.423167E+02  -7.670167E-02  1.000000E+00  1.628302E-04  4.318234E-23  2.551665E-13   5.000000E-01 NotAppl  2.043596E+00  0.000000E+00  
5.840730E+01  1.072439E-04  3.882038E-02  -2.175905E-07  1.000000E+00  3.789722E-03  4.307676E-37  7.282948E-20   5.000000E-01 NotAppl  4.632231E-12  2.407080E-11  
2.348120E+01  2.349944E-04  8.218829E-01  3.955300E-09  1.000000E+00  1.883478E-03  3.256447E-42  1.530446E-22   5.000000E-01 NotAppl  9.269979E-17  2.066131E-14  
1.501104E+02  7.336747E-03  3.287046E+02  -3.324565E-04  1.000000E+00  1.487924E-03  3.115743E-24  2.462225E-14   5.000000E-01 NotAppl  1.086372E+01  0.000000E+00  
6.001469E+01  8.486263E-04  5.298165E-02  8.640219E-04  1.000000E+00  4.068593E-03  1.796324E-29  1.086477E-12   5.000000E-01 NotAppl  1.877924E-04  2.973247E-04  
2.035018E+02  1.697750E-04  1.066662E-03  9.118120E-01  1.000000E+00  2.537925E-03  4.879923E-24  9.926488E-08   0.000000E+00 XENON1T_2018  1.274006E+01  0.000000E+00  
3.860599E+01  1.548610E+01  4.407859E+01  2.167391E-03  1.000000E+00  2.106942E+00  1.808474E-30  1.679293E-11   1.131435E-01 NotAppl  2.999439E-05  1.112026E-03  
7.909041E+02  4.471122E-03  4.992378E+00  -2.883793E-02  1.000000E+00  1.732933E-01  4.017263E-26  6.174231E-12   5.000000E-01 NotAppl  2.521603E-02  0.000000E+00  
8.394453E+03  7.659973E-04  5.684144E+01  -1.921375E-03  1.000000E+00  5.609493E-03  8.668672E-25  2.232383E-16   5.000000E-01 NotAppl  4.943016E-02  0.000000E+00  
7.977778E+03  3.037679E+02  1.284558E+01  2.324278E-05  1.000000E+00  6.229269E-05  7.846514E-23  3.622659E-20   5.000000E-01 NotAppl  4.644780E+00  0.000000E+00  
3.669409E+02  1.270012E-03  2.204840E+00  7.387984E-03  1.000000E+00  5.222874E-02  1.571935E-25  1.948376E-12   5.000000E-01 NotAppl  2.181600E-01  0.000000E+00  
5.666749E+01  2.723182E-02  1.723582E+01  -1.000564E-09  1.000000E+00  3.376354E-03  4.611562E-42  1.637976E-24   5.000000E-01 NotAppl  5.117672E-17  6.032195E-16  
9.137277E+02  1.655055E+00  6.540463E+01  -2.586393E-04  1.000000E+00  4.095907E-03  1.149044E-24  3.698389E-16   5.000000E-01 NotAppl  6.303031E-01  0.000000E+00  
3.146046E+02  6.014281E-04  5.385391E+01  -1.797315E-09  1.000000E+00  6.009032E-03  8.394712E-25  1.580084E-25   5.000000E-01 NotAppl  1.369198E+00  0.000000E+00  
5.800975E+02  1.037840E-03  3.777472E-03  2.952033E-03  1.000000E+00  1.318034E-01  6.364710E-26  1.218972E-13   5.000000E-01 NotAppl  5.489145E-02  0.000000E+00  
5.099932E+03  4.370835E-02  1.679173E+00  1.072512E-07  1.000000E+00  3.139419E+00  1.649985E-27  1.914786E-24   5.000000E-01 NotAppl  1.546991E-04  0.000000E+00  
1.901390E+01  2.943770E-02  7.826969E-02  8.094162E-08  1.000000E+00  2.005378E-03  1.237821E-39  9.794946E-20   5.000000E-01 NotAppl  4.438559E-14  8.914689E-12  
2.789301E+01  5.656820E+02  -5.637512E+02  -1.229363E-06  1.000000E+00  3.303159E-02  3.565030E-37  1.044370E-17   5.000000E-01 NotAppl  8.402054E-12  1.898111E-09  
1.286874E+03  7.109615E-01  6.620183E+02  -2.077520E-10  1.000000E+00  7.512700E-05  6.880272E-23  1.186317E-28   5.000000E-01 NotAppl  2.656916E+01  0.000000E+00  
4.702691E+02  1.751853E-04  7.825773E-04  -1.811799E-08  1.000000E+00  8.835220E-02  9.579697E-26  7.052973E-24   5.000000E-01 NotAppl  1.027094E-01  0.000000E+00  
5.790410E+01  5.600148E+02  -5.599864E+02  -1.298788E-06  1.000000E+00  5.250188E-03  1.226509E-35  2.641008E-18   5.000000E-01 NotAppl  1.336466E-10  9.071746E-10  
1.226418E+01  6.024621E-02  1.806444E+01  -3.245748E-08  1.000000E+00  7.222675E-04  1.731142E-40  3.767181E-20   5.000000E-01 NotAppl  1.024627E-14  7.901161E-13  
1.202314E+01  1.242352E+01  -1.125667E+01  -7.148287E-06  1.000000E+00  4.698591E-01  8.336125E-36  1.900090E-15   5.000000E-01 NotAppl  5.049813E-10  4.398046E-08  
3.436715E+03  1.813190E+00  -1.743750E+00  -3.589871E-05  1.000000E+00  1.658226E+00  3.805391E-27  4.787748E-19   5.000000E-01 NotAppl  5.272018E-04  0.000000E+00  
2.153774E+03  1.335520E-03  -1.091798E-03  4.567863E-03  1.000000E+00  1.600461E+00  4.736379E-27  2.007207E-14   5.000000E-01 NotAppl  1.059793E-03  0.000000E+00  
1.788199E+01  1.470996E-02  1.310307E+01  -3.502596E-03  1.000000E+00  1.149450E-03  2.268666E-30  2.073993E-10   2.059384E-06 LZ5Tmedian  8.716438E-05  1.143612E-02  
6.444912E+03  2.238120E-01  3.317588E+00  5.067891E+00  1.000000E+00  6.319987E-02  1.789696E-25  2.656806E-09   1.638391E-02 LZ5Tmedian  1.377045E-02  0.000000E+00  
1.179018E+01  1.639730E-02  2.269512E-02  -2.899592E+00  1.000000E+00  8.982291E-04  5.171345E-25  3.249141E-04   0.000000E+00 XENON1T_2018  3.207717E+01  2.500112E-01  
6.248861E+02  4.091287E+01  -3.526226E+01  -7.533438E-08  1.000000E+00  5.682991E-03  9.698716E-25  6.818880E-23   5.000000E-01 NotAppl  7.741711E-01  0.000000E+00  
2.293430E+01  1.495834E-04  1.228165E+02  -2.035779E-05  1.000000E+00  1.647946E-03  8.513258E-35  4.251473E-15   5.000000E-01 NotAppl  2.484250E-09  5.507076E-07  
1.332610E+02  1.339296E-02  3.177658E+00  -4.135655E-10  1.000000E+00  7.824522E-03  9.326200E-25  4.863486E-26   5.000000E-01 NotAppl  3.764564E+00  0.000000E+00  
1.045370E+02  3.982667E-01  -3.619624E-01  -1.333269E-02  1.000000E+00  6.312716E-03  1.129743E-24  8.314458E-11   1.105268E-03 LZ5Tmedian  5.865528E+00  0.000000E+00  
1.427860E+01  1.124596E-04  3.201030E-03  -1.719833E-07  1.000000E+00  1.269289E-03  5.105735E-39  7.829485E-19   5.000000E-01 NotAppl  2.533087E-13  4.113366E-11  
3.724340E+01  1.193959E+01  -1.006150E+01  -3.186872E-05  1.000000E+00  2.860283E-03  3.604983E-34  3.905635E-15   5.000000E-01 NotAppl  6.210779E-09  3.634760E-07  
4.841256E+02  1.302396E-03  1.169933E-02  -5.337809E-07  1.000000E+00  9.337885E-02  9.054023E-26  5.768763E-21   5.000000E-01 NotAppl  9.419113E-02  0.000000E+00  
4.904955E+02  3.348089E-02  1.743365E-03  5.684672E-01  1.000000E+00  2.642208E-02  4.275839E-25  6.370252E-09   8.659965E-56 LZ5Tmedian  4.588089E-01  0.000000E+00  
3.462097E+03  4.553857E+01  -4.553641E+01  4.203685E-08  1.000000E+00  5.503599E-03  1.209999E-24  6.467423E-25   5.000000E-01 NotAppl  1.659555E-01  0.000000E+00  
5.495929E+01  6.417343E+01  -4.556298E+01  8.044876E-01  1.000000E+00  1.096760E-03  1.828440E-24  1.127114E-06   0.000000E+00 XENON1T_2018  2.102211E+01  9.977351E-01  
2.980944E+02  4.442773E+00  2.217658E+02  1.045541E-06  1.000000E+00  7.128786E-04  5.954296E-24  5.971059E-20   5.000000E-01 NotAppl  1.026394E+01  0.000000E+00  
4.034283E+01  1.962877E+02  -1.962873E+02  -1.137543E-05  1.000000E+00  5.011989E-04  5.583141E-35  4.229933E-16   5.000000E-01 NotAppl  8.856254E-10  1.412189E-07  
5.928629E+02  4.156633E-02  2.107140E+00  -5.766648E-04  1.000000E+00  1.296917E-01  6.226621E-26  4.449109E-15   5.000000E-01 NotAppl  5.251883E-02  0.000000E+00  
7.467940E+03  1.569312E-01  6.715855E+02  -6.161077E-01  1.000000E+00  4.751815E-05  1.107647E-22  2.910871E-11   5.000000E-01 NotAppl  7.110360E+00  0.000000E+00  
3.857609E+03  1.500037E-03  7.728168E+00  -1.724571E-03  1.000000E+00  2.505248E-01  1.755372E-26  8.734770E-16   5.000000E-01 NotAppl  2.199978E-03  0.000000E+00  
6.463408E+03  1.247158E-02  2.460614E-01  1.071189E+00  1.000000E+00  1.338667E+00  7.599718E-27  1.180073E-10   5.000000E-01 NotAppl  5.837495E-04  0.000000E+00  
1.458855E+02  1.852079E-03  1.070398E+00  6.123799E-01  1.000000E+00  2.129360E-03  5.397404E-24  8.857618E-08   0.000000E+00 XENON1T_2018  2.026420E+01  0.000000E+00  
6.659687E+03  3.047839E-01  3.288446E+01  -2.581254E-07  1.000000E+00  1.594277E-02  2.965405E-25  6.448197E-24   5.000000E-01 NotAppl  2.138248E-02  0.000000E+00  
5.559580E+01  2.289309E+00  3.875317E+00  4.718436E-05  1.000000E+00  6.810241E-03  7.447831E-33  3.787272E-15   5.000000E-01 NotAppl  8.464873E-08  1.191650E-06  
7.883251E+01  5.953107E+01  5.806579E+02  4.091165E-09  1.000000E+00  2.301442E-02  7.247180E-42  1.395733E-23   5.000000E-01 NotAppl  5.765186E-17  0.000000E+00  
3.862741E+03  9.000318E-04  1.501556E-02  -1.201309E-08  1.000000E+00  4.928577E+00  1.476285E-27  4.226924E-26   5.000000E-01 NotAppl  1.820683E-04  0.000000E+00  
8.265681E+03  3.033851E-01  -4.075880E-02  -1.142293E-08  1.000000E+00  1.743586E+01  3.958484E-28  8.142072E-27   5.000000E-01 NotAppl  2.257286E-05  0.000000E+00  
1.587994E+02  8.620408E+01  -8.616631E+01  -3.810302E-09  1.000000E+00  2.345192E-03  2.534521E-24  2.881921E-24   5.000000E-01 NotAppl  8.694825E+00  0.000000E+00  
5.938575E+01  2.632301E+02  -2.601394E+02  -2.749352E+00  1.000000E+00  5.138486E-05  5.939079E-23  1.124003E-05   0.000000E+00 XENON1T_2018  6.277548E+02  9.195179E-01  
7.158293E+03  1.160613E-02  9.949800E-01  6.081854E-09  1.000000E+00  7.577693E+00  7.040805E-28  3.091315E-27   5.000000E-01 NotAppl  4.672713E-05  0.000000E+00  
1.831922E+01  3.494953E+02  4.634089E+02  1.990361E-08  1.000000E+00  6.010328E+06  7.385998E-41  6.381131E-21   5.000000E-01 NotAppl  2.762008E-15  5.411921E-13  
2.517909E+01  2.856588E+02  -2.856327E+02  -2.049193E-05  1.000000E+00  2.149206E-02  9.134526E-35  3.568430E-15   5.000000E-01 NotAppl  2.411003E-09  5.491652E-07  
4.009846E+02  8.801699E-02  7.278467E+02  -4.857239E-01  1.000000E+00  2.098794E-04  2.215037E-23  7.023351E-09   1.466555E-74 LZ5Tmedian  2.827520E+01  0.000000E+00  
3.177670E+01  9.161147E-02  1.248588E+01  -2.459956E-06  1.000000E+00  1.819315E-03  1.645854E-36  3.211597E-17   5.000000E-01 NotAppl  3.365632E-11  3.590599E-09  
4.137243E+03  3.580966E+01  -3.579327E+01  -1.739412E-01  1.000000E+00  8.902430E-03  7.263991E-25  7.706742E-12   5.000000E-01 NotAppl  8.310538E-02  0.000000E+00  
6.254043E+01  1.806917E-01  -1.798108E-01  -1.296215E-09  1.000000E+00  4.985698E-03  1.469528E-37  2.247962E-24   5.000000E-01 NotAppl  1.471920E-12  0.000000E+00  
7.789884E+01  2.978581E+02  -2.978579E+02  -6.808679E+00  1.000000E+00  1.032953E-04  2.283989E-23  3.961011E-05   0.000000E+00 XENON1T_2018  1.839928E+02  0.000000E+00  
5.429637E+01  8.434094E-02  2.235893E+02  3.377131E-01  1.000000E+00  2.711846E-03  2.760443E-25  2.035974E-07   0.000000E+00 XENON1T_2018  3.214352E+00  3.326144E-01  
1.478690E+02  7.452651E-04  9.445058E-03  4.189427E-09  1.000000E+00  1.043016E-02  7.848390E-25  4.032382E-24   5.000000E-01 NotAppl  2.846713E+00  0.000000E+00  
3.179762E+01  5.799529E-01  4.068493E-01  -6.379438E-10  1.000000E+00  2.193765E-03  1.107837E-43  2.157009E-24   5.000000E-01 NotAppl  2.263826E-18  4.956771E-16  
8.115935E+03  2.385101E+01  9.259763E+01  1.261185E-07  1.000000E+00  1.459528E-03  3.945118E-24  1.030064E-24   5.000000E-01 NotAppl  2.323602E-01  0.000000E+00  
1.317898E+03  7.256504E-01  1.626309E+01  -1.889332E-06  1.000000E+00  5.392319E-02  8.972338E-26  9.345955E-21   5.000000E-01 NotAppl  3.372451E-02  0.000000E+00  
3.507155E+03  9.366401E-04  1.474157E-02  -4.511671E-06  1.000000E+00  4.089348E+00  1.790227E-27  7.256360E-21   5.000000E-01 NotAppl  2.435548E-04  0.000000E+00  
7.858018E+01  8.020508E-04  7.724760E+01  8.194606E-03  1.000000E+00  6.055011E-03  3.009277E-29  5.636499E-11   3.425284E-03 LZ5Tmedian  2.381496E-04  0.000000E+00  
1.324574E+03  1.473641E+00  7.947178E+01  -4.199203E+00  1.000000E+00  2.465832E-03  2.273358E-24  4.569459E-08   3.582397E-149 LZ5Tmedian  9.076783E-01  0.000000E+00  
9.429491E+03  1.355042E-03  3.325245E-01  -4.310663E-10  1.000000E+00  2.276551E+01  2.782054E-28  8.873449E-30   5.000000E-01 NotAppl  1.391022E-05  0.000000E+00  
5.365325E+02  5.286391E-01  5.990901E+01  -9.960468E-02  1.000000E+00  5.257662E-03  8.647488E-25  1.627910E-10   5.138888E-02 LZ5Tmedian  8.179973E-01  0.000000E+00  
2.105573E+01  1.117504E-03  3.751078E-02  -8.036348E+00  1.000000E+00  2.229158E-03  1.242222E-25  7.868090E-04   0.000000E+00 XENON1T_2018  4.100671E+00  2.500155E-01  
1.883387E+03  8.373750E+00  -8.372935E+00  2.902327E-04  1.000000E+00  1.293089E-01  4.735360E-26  1.065039E-16   5.000000E-01 NotAppl  1.211511E-02  0.000000E+00  
4.569409E+02  3.913386E-02  1.035668E+01  -2.161683E-04  1.000000E+00  5.109947E-02  1.301699E-25  1.064824E-15   5.000000E-01 NotAppl  1.440904E-01  0.000000E+00  
2.033842E+02  5.157119E-04  1.067806E-03  1.138064E-09  1.000000E+00  1.827867E-02  4.644949E-25  1.548220E-25   5.000000E-01 NotAppl  1.192533E+00  0.000000E+00  
2.578407E+01  7.969022E-03  -1.600202E-03  1.482608E-01  1.000000E+00  2.986262E-03  4.864153E-27  1.780523E-07   0.000000E+00 XENON1T_2018  1.250664E-01  2.478098E-01  
8.835387E+01  3.304715E-03  3.294186E-02  -1.826247E-03  1.000000E+00  5.826123E-03  7.367310E-25  2.202084E-12   5.000000E-01 NotAppl  4.653585E+00  0.000000E+00  
3.555535E+01  5.542399E-03  4.668635E+01  -1.395122E-09  1.000000E+00  5.247610E-04  6.303138E-43  8.224293E-24   5.000000E-01 NotAppl  1.142685E-17  2.286550E-15  
2.533856E+03  1.515455E-02  4.478809E+01  -1.651066E-06  1.000000E+00  8.748231E-03  5.356833E-25  1.883376E-21   5.000000E-01 NotAppl  1.032282E-01  0.000000E+00  
1.529526E+02  2.471648E-01  1.865818E+01  4.681524E-01  1.000000E+00  2.467875E-03  3.461034E-24  4.698225E-08   0.000000E+00 XENON1T_2018  1.212396E+01  0.000000E+00  
9.751332E+01  6.816557E-01  7.343227E+02  1.275378E-01  1.000000E+00  2.026549E-03  2.788264E-24  8.773900E-09   0.000000E+00 LZ5Tmedian  1.556723E+01  0.000000E+00  
1.701144E+01  2.932641E+00  -2.932144E+00  1.162349E-07  1.000000E+00  6.559631E-02  2.458365E-39  2.523606E-19   5.000000E-01 NotAppl  9.990723E-14  1.790768E-11  
6.301341E+03  3.550705E+00  -3.255719E+00  -5.068743E-02  1.000000E+00  7.643149E-01  7.523838E-27  2.782194E-13   5.000000E-01 NotAppl  5.618821E-04  0.000000E+00  
2.934159E+01  2.380796E-01  -2.378877E-01  -2.462634E-10  1.000000E+00  3.407321E-03  1.502744E-44  3.782718E-25   5.000000E-01 NotAppl  3.346974E-19  7.644511E-17  
2.713499E+01  2.338089E+01  -2.335400E+01  4.813538E-03  1.000000E+00  1.612619E-02  5.335956E-30  1.692842E-10   5.507284E-09 LZ5Tmedian  1.295074E-04  3.486979E-03  
1.554401E+03  2.672053E-02  -2.480703E-02  1.098055E-05  1.000000E+00  8.588351E-01  9.065111E-27  2.254621E-19   5.000000E-01 NotAppl  2.833146E-03  0.000000E+00  
1.537209E+01  4.989396E+01  -4.989385E+01  2.922570E-07  1.000000E+00  8.684480E-02  1.507064E-38  1.952585E-18   5.000000E-01 NotAppl  6.869848E-13  1.183426E-10  
3.169774E+03  6.924624E-04  4.707009E+02  1.003744E-05  1.000000E+00  9.989393E-05  5.133556E-23  4.412464E-20   5.000000E-01 NotAppl  7.868169E+00  0.000000E+00  
4.963055E+01  1.157832E+02  -1.157826E+02  6.529476E-09  1.000000E+00  9.761770E-04  4.549798E-41  9.140620E-23   5.000000E-01 NotAppl  5.819413E-16  3.702618E-14  
4.878402E+03  1.527610E+02  -1.493597E+02  -2.191031E-01  1.000000E+00  5.291901E-04  1.324012E-23  8.746317E-12   5.000000E-01 NotAppl  1.281149E+00  0.000000E+00  
1.119126E+03  3.693149E-04  2.055096E+00  -2.300709E-10  1.000000E+00  4.058558E-01  1.855719E-26  1.934603E-28   5.000000E-01 NotAppl  8.134592E-03  0.000000E+00  
8.782287E+01  2.108533E+01  -2.103992E+01  -4.940404E-08  1.000000E+00  5.708016E-03  8.444282E-25  1.631567E-21   5.000000E-01 NotAppl  5.365883E+00  0.000000E+00  
3.261983E+03  8.304032E-01  -8.301449E-01  4.299863E-04  1.000000E+00  2.798472E+00  2.477914E-27  7.638341E-17   5.000000E-01 NotAppl  3.626821E-04  0.000000E+00  
1.324011E+02  5.517703E+00  6.008479E+00  5.191975E-04  1.000000E+00  4.009630E-03  1.021721E-24  7.767619E-14   5.000000E-01 NotAppl  4.149351E+00  0.000000E+00  
3.414859E+01  8.201765E-01  -6.028869E-01  -1.425781E-07  1.000000E+00  1.054864E-03  6.140361E-39  9.323217E-20   5.000000E-01 NotAppl  1.162131E-13  2.409980E-11  
8.416399E+02  1.779713E-03  -2.268371E-04  1.848632E-09  1.000000E+00  2.677601E-01  3.059692E-26  2.234628E-26   5.000000E-01 NotAppl  1.796461E-02  0.000000E+00  
1.142712E+01  6.372701E+02  -6.372677E+02  1.054464E-10  1.000000E+00  1.682310E-01  1.778270E-45  4.569404E-25   5.000000E-01 NotAppl  1.143396E-19  1.561970E-17  
4.868154E+01  4.465266E+02  -4.247175E+02  8.393733E-06  1.000000E+00  1.140329E+01  6.635314E-35  1.571134E-16   5.000000E-01 NotAppl  8.656791E-10  6.313470E-08  
1.053537E+01  1.335862E-01  -1.334732E-01  1.558865E-07  1.000000E+00  1.604824E-03  3.746548E-39  1.171052E-18   5.000000E-01 NotAppl  2.651024E-13  3.421452E-11  
6.787598E+02  1.210200E-01  5.935495E+02  -2.778661E-02  1.000000E+00  1.345480E-04  3.779455E-23  7.834266E-12   5.000000E-01 NotAppl  2.812295E+01  0.000000E+00  
5.425033E+02  3.803876E-01  -3.610119E-01  -5.418611E-02  1.000000E+00  1.134756E-01  7.396844E-26  4.709982E-11   4.275956E-01 NotAppl  6.854174E-02  0.000000E+00  
6.925471E+02  7.515176E+00  6.355853E+02  -6.952527E+00  1.000000E+00  1.015207E-04  4.965410E-23  4.707250E-07   0.000000E+00 XENON1T_2018  3.952318E+01  0.000000E+00  
1.833743E+01  4.175462E+01  4.639173E+02  -6.643563E-06  1.000000E+00  1.651616E+06  8.231500E-36  7.095328E-16   5.000000E-01 NotAppl  3.074659E-10  5.584415E-09  
7.574745E+03  3.907337E-01  -3.384161E-01  -2.188746E-09  1.000000E+00  1.399415E+01  4.753213E-28  3.569215E-28   5.000000E-01 NotAppl  2.957701E-05  0.000000E+00  
3.221304E+03  1.288284E+01  -1.193089E+01  5.766405E-02  1.000000E+00  6.143394E-02  1.041385E-25  1.409262E-12   5.000000E-01 NotAppl  1.537655E-02  0.000000E+00  
3.766048E+03  1.509362E-01  -1.463865E-01  4.630376E-02  1.000000E+00  4.498570E+00  1.635985E-27  6.612188E-13   5.000000E-01 NotAppl  2.072525E-04  0.000000E+00  
1.031398E+01  6.774616E-02  -5.530934E-02  -1.127007E-05  1.000000E+00  1.078587E-03  1.937159E-35  6.380288E-15   5.000000E-01 NotAppl  1.405404E-09  1.789455E-07  
1.904154E+01  4.101732E+02  -4.101719E+02  1.027795E-02  1.000000E+00  5.083623E-02  1.996859E-29  1.574731E-09   1.627650E-49 LZ5Tmedian  7.149333E-04  1.116556E-01  
2.657262E+01  1.189524E-03  5.226405E-01  6.515097E-06  1.000000E+00  2.284709E-03  9.609559E-36  3.235268E-16   5.000000E-01 NotAppl  2.389277E-10  5.481388E-08  
8.112207E+03  2.586671E-04  4.521523E+02  3.940602E-02  1.000000E+00  9.989526E-05  5.219830E-23  1.006553E-13   5.000000E-01 NotAppl  3.081307E+00  0.000000E+00  
1.651098E+01  2.284089E-03  3.778309E-01  2.594625E-10  1.000000E+00  1.155393E-03  1.213654E-44  1.334697E-24   5.000000E-01 NotAppl  5.099735E-19  9.272411E-17  
8.386622E+01  3.141593E-01  -3.727690E-02  3.842190E-07  1.000000E+00  6.024234E-03  6.230149E-25  1.084589E-19   5.000000E-01 NotAppl  4.179796E+00  0.000000E+00  
6.896350E+01  6.987846E-01  1.224259E+01  -4.837294E-01  1.000000E+00  3.135398E-03  7.336632E-25  2.564252E-07   0.000000E+00 XENON1T_2018  6.699388E+00  0.000000E+00  
3.703795E+01  5.059715E+00  5.462953E+01  1.307664E-02  1.000000E+00  5.304829E-04  5.999439E-29  6.650211E-10   4.902043E-38 LZ5Tmedian  1.041528E-03  7.271758E-02  
4.575614E+02  2.558535E-01  1.736910E+02  -2.794639E-04  1.000000E+00  8.936697E-04  5.418972E-24  1.774759E-15   5.000000E-01 NotAppl  6.033493E+00  0.000000E+00  
9.712962E+01  2.407484E-04  3.272777E+00  -3.456239E-06  1.000000E+00  4.945593E-03  1.216158E-24  6.495789E-18   5.000000E-01 NotAppl  6.827924E+00  0.000000E+00  
1.902051E+02  2.932529E-02  1.736369E+00  8.466457E+00  1.000000E+00  6.677721E-07  2.294904E-20  9.829422E-06   0.000000E+00 XENON1T_2018  7.562812E+04  0.000000E+00  
8.571090E+02  5.245699E-03  2.773346E-01  4.947990E-02  1.000000E+00  2.694629E-01  3.059262E-26  1.542441E-11   5.000000E-01 NotAppl  1.766066E-02  0.000000E+00  
2.862024E+03  8.118787E-02  -5.735581E-02  8.683231E+00  1.000000E+00  5.813495E-03  2.186954E-24  4.065200E-08   4.075077E-62 LZ5Tmedian  3.854554E-01  0.000000E+00  
4.571290E+01  1.482725E+01  -1.020232E+01  -8.416042E-10  1.000000E+00  4.227064E-03  4.779139E-43  1.795456E-24   5.000000E-01 NotAppl  6.639429E-18  2.127703E-16  
1.632754E+02  1.550131E+00  -5.577094E-01  -3.293224E-03  1.000000E+00  1.057385E-02  6.696944E-25  2.033576E-12   5.000000E-01 NotAppl  2.193652E+00  0.000000E+00  
2.957731E+01  2.368020E+00  1.227074E+01  -8.966620E-01  1.000000E+00  5.899384E-03  1.978424E-25  4.934315E-06   0.000000E+00 XENON1T_2018  4.373692E+00  2.725921E-01  
2.828711E+01  3.969208E-03  2.351028E-03  6.734591E-09  1.000000E+00  2.850203E-03  1.083859E-41  3.046438E-22   5.000000E-01 NotAppl  2.515521E-16  5.777156E-14  
5.649697E+01  6.472013E-02  1.171168E-02  -8.212354E-05  1.000000E+00  3.444791E-03  2.940805E-32  1.110256E-14   5.000000E-01 NotAppl  3.273817E-07  4.119509E-06  
4.044797E+01  8.671709E-01  4.703741E+02  -1.695758E-09  1.000000E+00  1.593089E-04  1.249974E-42  9.350330E-24   5.000000E-01 NotAppl  1.973439E-17  3.092675E-15  
6.970086E+03  2.154490E+01  6.827717E+01  -7.542588E-02  1.000000E+00  2.416308E-03  2.412947E-24  5.019038E-13   5.000000E-01 NotAppl  1.657274E-01  0.000000E+00  
6.364321E+03  1.347335E-04  6.900054E-02  -2.865539E-07  1.000000E+00  1.291467E+01  5.456822E-28  8.714107E-24   5.000000E-01 NotAppl  4.054969E-05  0.000000E+00  
1.850438E+01  4.341983E+00  3.709988E+02  1.286955E-05  1.000000E+00  7.713076E-01  3.098888E-35  2.614666E-15   5.000000E-01 NotAppl  1.145916E-09  2.054075E-07  
3.403802E+03  6.963880E+02  -6.893046E+02  1.209486E-02  1.000000E+00  3.106723E-05  2.316727E-22  5.542165E-14   5.000000E-01 NotAppl  3.232840E+01  0.000000E+00  
3.778387E+03  2.906534E-02  -2.816478E-02  1.126333E-09  1.000000E+00  4.720422E+00  1.543262E-27  3.886480E-28   5.000000E-01 NotAppl  1.946317E-04  0.000000E+00  
1.052237E+03  2.056277E-01  3.843368E+00  1.469261E-10  1.000000E+00  2.861255E-01  2.412349E-26  8.947260E-29   5.000000E-01 NotAppl  1.129028E-02  0.000000E+00  
2.041073E+03  1.061037E+00  2.646098E+01  -1.208464E-08  1.000000E+00  2.268664E-02  2.075813E-25  1.567429E-25   5.000000E-01 NotAppl  4.991626E-02  0.000000E+00  
5.655011E+02  7.676107E-01  -7.647627E-01  -4.636269E-10  1.000000E+00  1.230958E-01  6.725693E-26  3.167487E-27   5.000000E-01 NotAppl  5.955588E-02  0.000000E+00  
3.683376E+02  3.567398E-04  1.152392E+01  9.230143E-01  1.000000E+00  5.302433E-03  1.898696E-24  3.017594E-08   0.000000E+00 LZ5Tmedian  2.716311E+00  0.000000E+00  
3.654098E+01  1.370619E-02  1.528652E+02  2.962135E-06  1.000000E+00  2.669432E-04  2.994419E-36  3.507269E-17   5.000000E-01 NotAppl  5.273295E-11  1.016821E-08  
7.157813E+02  1.503533E+01  5.332378E+00  1.307513E-10  1.000000E+00  1.888433E-02  2.795272E-25  1.556295E-28   5.000000E-01 NotAppl  1.950377E-01  0.000000E+00  
3.648204E+03  1.001378E-01  1.437463E-01  4.132064E-10  1.000000E+00  4.337997E+00  1.676683E-27  5.617411E-29   5.000000E-01 NotAppl  2.191722E-04  0.000000E+00  
3.142118E+02  9.444996E-03  2.607754E+00  -8.485666E-01  1.000000E+00  4.284266E-03  2.686666E-24  3.531138E-08   0.000000E+00 LZ5Tmedian  4.842212E+00  0.000000E+00  
2.892281E+03  1.052472E+02  -1.050875E+02  -2.246200E-01  1.000000E+00  1.124297E-03  6.166449E-24  2.662676E-11   5.000000E-01 NotAppl  1.016255E+00  0.000000E+00  
3.585636E+02  7.112173E-01  3.179090E+02  -1.340569E-10  1.000000E+00  4.593974E-04  1.040047E-23  6.725554E-28   5.000000E-01 NotAppl  1.485731E+01  0.000000E+00  
3.198168E+03  1.004821E-01  -8.396559E-02  -2.528761E-07  1.000000E+00  3.410420E+00  2.158094E-27  2.750223E-23   5.000000E-01 NotAppl  3.225308E-04  0.000000E+00  
1.479330E+03  2.274772E-02  -2.252763E-02  1.010577E-09  1.000000E+00  7.816188E-01  1.000275E-26  2.112509E-27   5.000000E-01 NotAppl  3.289215E-03  0.000000E+00  
1.508643E+01  2.241879E-02  4.139660E-01  -2.129250E-01  1.000000E+00  1.036296E-03  7.954718E-27  1.075817E-06   0.000000E+00 XENON1T_2018  3.704970E-01  2.494270E-01  
5.345517E+02  1.983372E-04  6.170164E-04  -3.200620E-07  1.000000E+00  1.128084E-01  7.464140E-26  1.693651E-21   5.000000E-01 NotAppl  7.006237E-02  0.000000E+00  
1.254297E+01  1.558502E-04  1.633990E-03  4.102703E-10  1.000000E+00  1.019744E-03  2.787898E-44  5.758061E-24   5.000000E-01 NotAppl  1.607715E-18  2.355474E-16  
1.222687E+01  1.148994E-04  1.746261E+00  -5.608223E-08  1.000000E+00  5.638189E-04  5.162715E-40  1.131475E-19   5.000000E-01 NotAppl  3.067199E-14  4.391086E-12  
7.124826E+02  3.562698E+01  -2.998618E+01  4.237626E-05  1.000000E+00  7.523839E-03  7.524831E-25  1.650229E-17   5.000000E-01 NotAppl  5.241547E-01  0.000000E+00  
9.212019E+03  4.022944E+00  8.264015E+01  -3.429580E-09  1.000000E+00  2.540230E-03  2.019087E-24  5.889278E-28   5.000000E-01 NotAppl  1.047852E-01  0.000000E+00  
6.588090E+03  4.743831E-04  2.121356E-01  -1.096535E-03  1.000000E+00  1.328482E+01  5.199988E-28  1.189488E-16   5.000000E-01 NotAppl  3.732234E-05  0.000000E+00  
9.336178E+01  1.773990E-04  5.989707E+00  4.671818E-08  1.000000E+00  4.640548E-03  1.101896E-24  1.287106E-21   5.000000E-01 NotAppl  6.464656E+00  0.000000E+00  
1.007948E+01  2.539070E-01  -2.461182E-01  -5.557912E+00  1.000000E+00  2.600499E-03  2.043653E-25  1.622964E-03   0.000000E+00 XENON1T_2018  1.526661E+01  2.500930E-01  
9.502358E+01  2.914556E-03  7.906551E+02  6.935169E-09  1.000000E+00  3.450647E-03  1.258536E-24  2.735597E-23   5.000000E-01 NotAppl  7.224460E+00  0.000000E+00  
5.081132E+01  7.028850E-01  5.281816E+02  2.108192E-05  1.000000E+00  2.983449E-03  5.630282E-34  9.083007E-16   5.000000E-01 NotAppl  7.027064E-09  3.660570E-07  
2.606815E+02  2.067332E+02  -2.067322E+02  2.147277E+00  1.000000E+00  1.558398E-04  4.497357E-23  3.314591E-07   0.000000E+00 XENON1T_2018  9.149463E+01  0.000000E+00  
6.983186E+01  6.594726E-03  -6.416502E-03  8.203223E-03  1.000000E+00  6.006105E-03  1.616848E-28  7.188322E-11   4.133058E-04 LZ5Tmedian  1.454779E-03  0.000000E+00  
1.065524E+03  3.637224E-04  1.928035E+01  7.423559E-05  1.000000E+00  4.085443E-02  1.175596E-25  2.226350E-17   5.000000E-01 NotAppl  5.494211E-02  0.000000E+00  
9.842249E+03  3.284141E-02  -3.270321E-02  8.623653E-05  1.000000E+00  3.016220E+01  2.283732E-28  3.255443E-19   5.000000E-01 NotAppl  1.091636E-05  0.000000E+00  
9.787072E+03  1.435372E+00  1.601603E+01  -6.080943E-05  1.000000E+00  5.830856E-02  8.354845E-26  1.637293E-19   5.000000E-01 NotAppl  4.077198E-03  0.000000E+00  
5.605382E+03  3.337487E-03  -3.000516E-03  2.810996E-09  1.000000E+00  1.013771E+01  7.016467E-28  1.085444E-27   5.000000E-01 NotAppl  5.929101E-05  0.000000E+00  
4.765262E+02  2.760769E-02  -2.743494E-02  -2.286601E-03  1.000000E+00  9.061366E-02  9.333295E-26  1.093432E-13   5.000000E-01 NotAppl  9.870433E-02  0.000000E+00  
8.308751E+03  7.541906E+02  -4.362705E+02  -1.353299E-02  1.000000E+00  1.351357E-05  3.325747E-22  1.130793E-14   5.000000E-01 NotAppl  1.879251E+01  0.000000E+00  
8.811850E+02  6.225847E+00  4.813589E+01  2.988901E-10  1.000000E+00  5.956316E-03  7.964306E-25  5.318701E-28   5.000000E-01 NotAppl  4.531178E-01  0.000000E+00  
1.145668E+02  6.419480E-02  1.725627E-03  -2.284423E-03  1.000000E+00  6.934374E-03  1.111099E-24  2.022953E-12   5.000000E-01 NotAppl  5.245345E+00  0.000000E+00  
6.713923E+03  3.889073E-02  -3.197525E-02  -7.502076E-07  1.000000E+00  1.435750E+01  4.901154E-28  5.357752E-23   5.000000E-01 NotAppl  3.449655E-05  0.000000E+00  
2.322426E+03  1.784517E+00  -8.085298E-01  -2.110871E-05  1.000000E+00  1.157732E+00  6.209918E-27  3.676166E-19   5.000000E-01 NotAppl  1.285656E-03  0.000000E+00  
1.273226E+03  9.197289E-02  6.741113E+01  2.343079E-09  1.000000E+00  4.010520E-03  1.176813E-24  1.542163E-26   5.000000E-01 NotAppl  4.593151E-01  0.000000E+00  
3.201353E+02  9.143415E+00  -9.142854E+00  7.859026E-03  1.000000E+00  2.694050E-02  2.531590E-25  2.915234E-12   5.000000E-01 NotAppl  4.053574E-01  0.000000E+00  
3.457188E+03  3.574808E-04  6.548770E-02  2.025365E-05  1.000000E+00  3.973066E+00  1.843372E-27  1.505676E-19   5.000000E-01 NotAppl  2.544846E-04  0.000000E+00  
2.175824E+02  1.349328E-04  1.528851E+02  -2.034706E-06  1.000000E+00  1.625304E-03  2.968353E-24  4.309728E-19   5.000000E-01 NotAppl  7.053184E+00  0.000000E+00  
4.543405E+02  3.438906E+01  -1.292955