MD1           DMP           DM3           l345          ld           Omegah2       sigV          protonSI      PvalDD        expName      CMB_ID        brH_DMDM      
2.149409E+02  1.914013E-04  1.198418E+02  1.907593E-10  1.000000E+00  2.163309E-03  2.270934E-24  3.884124E-27   5.000000E-01 NotAppl  5.465865E+00  0.000000E+00  
8.811998E+02  3.224358E+00  3.771351E+02  3.557271E-05  1.000000E+00  1.992951E-04  2.465443E-23  7.533583E-18   5.000000E-01 NotAppl  1.404217E+01  0.000000E+00  
1.097521E+02  4.330966E-04  4.512465E+01  -1.957186E-09  1.000000E+00  4.368474E-03  1.380863E-24  1.621516E-24   5.000000E-01 NotAppl  6.776529E+00  0.000000E+00  
2.441409E+01  5.008838E+01  -4.724514E+01  -1.253580E-04  1.000000E+00  1.235791E-01  3.349134E-33  1.421184E-13   5.000000E-01 NotAppl  9.133877E-08  2.005743E-05  
2.535834E+03  1.486839E-01  -1.478829E-01  -2.412269E-05  1.000000E+00  2.177774E+00  3.432327E-27  4.013927E-19   5.000000E-01 NotAppl  6.499093E-04  0.000000E+00  
5.116178E+01  1.456406E+01  -1.446030E+01  -7.782431E-09  1.000000E+00  1.608485E-03  8.102212E-41  1.220550E-22   5.000000E-01 NotAppl  1.000873E-15  4.970184E-14  
8.899479E+03  2.844115E+02  -2.844084E+02  -1.395912E-02  1.000000E+00  1.611652E-04  4.626441E-23  1.046491E-14   5.000000E-01 NotAppl  2.434808E+00  0.000000E+00  
5.165214E+01  3.154761E-01  -2.663248E-01  5.941985E-03  1.000000E+00  2.199102E-03  5.116446E-29  6.978215E-11   1.666616E-04 LZ5Tmedian  6.277104E-04  2.496537E-02  
4.650031E+03  4.695659E-01  3.786867E+01  7.053320E-04  1.000000E+00  1.200176E-02  3.948210E-25  9.992006E-17   5.000000E-01 NotAppl  4.099211E-02  0.000000E+00  
5.562224E+03  6.067033E+01  -6.055609E+01  -1.064389E-09  1.000000E+00  3.167669E-03  2.151086E-24  1.580922E-28   5.000000E-01 NotAppl  1.822091E-01  0.000000E+00  
9.410668E+03  2.944476E-02  6.402441E-01  -6.819277E-02  1.000000E+00  1.562999E+01  3.413515E-28  2.229683E-13   5.000000E-01 NotAppl  1.717390E-05  0.000000E+00  
1.281133E+01  3.135217E-02  5.778371E-01  1.511657E-01  1.000000E+00  7.587417E-04  3.812323E-27  7.497102E-07   0.000000E+00 XENON1T_2018  2.145045E-01  2.477136E-01  
1.373395E+03  1.409076E-01  1.960228E+01  -2.064248E-07  1.000000E+00  4.075767E-02  1.152071E-25  1.025635E-22   5.000000E-01 NotAppl  4.153926E-02  0.000000E+00  
3.095918E+02  1.372284E-03  4.058314E+01  5.525535E-07  1.000000E+00  8.894945E-03  5.917128E-25  1.543345E-20   5.000000E-01 NotAppl  9.808885E-01  0.000000E+00  
3.339998E+02  2.478034E+01  8.825323E+01  1.388801E-05  1.000000E+00  1.209985E-03  2.802951E-24  8.346789E-18   5.000000E-01 NotAppl  4.304078E+00  0.000000E+00  
2.897180E+02  3.504448E-03  7.860446E-03  3.104700E-02  1.000000E+00  3.457866E-02  2.497423E-25  5.581575E-11   1.578954E-01 NotAppl  4.435891E-01  0.000000E+00  
1.449022E+02  2.555815E+02  -2.555807E+02  -2.467254E-10  1.000000E+00  1.141780E-03  5.165485E-24  1.457888E-26   5.000000E-01 NotAppl  1.952652E+01  0.000000E+00  
6.072297E+03  6.110837E+02  -6.110280E+02  -6.278579E-06  1.000000E+00  3.829270E-05  1.990409E-22  4.602429E-21   5.000000E-01 NotAppl  1.542409E+01  0.000000E+00  
4.789428E+01  1.851109E-03  1.592626E+02  1.460271E-09  1.000000E+00  1.268980E-03  1.824259E-42  4.915804E-24   5.000000E-01 NotAppl  2.413844E-17  1.956979E-15  
3.648186E+01  2.297495E-01  -2.221908E-01  -9.500673E-07  1.000000E+00  2.496606E-04  3.070488E-37  3.619900E-18   5.000000E-01 NotAppl  5.416545E-12  1.046114E-09  
6.694162E+02  2.987315E-01  -2.978893E-01  -6.645140E-02  1.000000E+00  1.678928E-01  4.978470E-26  4.609323E-11   5.000000E-01 NotAppl  3.714903E-02  0.000000E+00  
6.297099E+02  5.302021E+02  -5.302020E+02  -5.403551E-01  1.000000E+00  1.161102E-04  6.270593E-23  3.453497E-09   4.186155E-24 LZ5Tmedian  4.971539E+01  0.000000E+00  
2.421713E+03  9.177715E-03  3.989814E+01  2.257656E-08  1.000000E+00  1.093360E-02  4.265282E-25  3.861526E-25   5.000000E-01 NotAppl  8.609116E-02  0.000000E+00  
3.216759E+03  8.520475E+01  -8.520283E+01  -2.967535E-07  1.000000E+00  1.653481E-03  4.174619E-24  3.743010E-23   5.000000E-01 NotAppl  6.171745E-01  0.000000E+00  
7.223426E+02  1.526968E-01  1.473150E-01  -6.590291E-06  1.000000E+00  1.988489E-01  4.140883E-26  3.880723E-19   5.000000E-01 NotAppl  2.846526E-02  0.000000E+00  
6.423546E+02  7.090867E+00  2.607213E+02  -3.137719E-03  1.000000E+00  3.668720E-04  1.237539E-23  1.118103E-13   5.000000E-01 NotAppl  9.741831E+00  0.000000E+00  
6.912363E+01  2.272722E-01  -2.255108E-01  3.026742E+00  1.000000E+00  2.433754E-04  2.720880E-23  9.991939E-06   0.000000E+00 XENON1T_2018  2.472338E+02  0.000000E+00  
8.711135E+03  1.209285E-04  2.478294E+02  9.051295E-01  1.000000E+00  3.176025E-04  1.632245E-23  4.595213E-11   5.000000E-01 NotAppl  8.964927E-01  0.000000E+00  
2.481523E+03  3.820039E+01  -3.819840E+01  -7.682340E-03  1.000000E+00  7.741246E-03  8.491579E-25  4.254535E-14   5.000000E-01 NotAppl  1.636529E-01  0.000000E+00  
1.579593E+02  1.094894E-01  7.786991E-01  -1.927275E-03  1.000000E+00  1.119684E-02  7.046201E-25  7.453710E-13   5.000000E-01 NotAppl  2.387350E+00  0.000000E+00  
4.357461E+03  2.615508E-03  -1.955266E-03  -6.154131E-03  1.000000E+00  6.221489E+00  1.160836E-27  8.681440E-15   5.000000E-01 NotAppl  1.266656E-04  0.000000E+00  
4.629649E+02  7.136598E+02  -7.135956E+02  2.239366E-01  1.000000E+00  1.067888E-04  6.682731E-23  1.112521E-09   6.717182E-11 LZ5Tmedian  7.294118E+01  0.000000E+00  
1.768970E+01  1.876021E+01  -1.873995E+01  -6.597138E-09  1.000000E+00  6.155286E-02  8.019556E-42  7.518461E-22   5.000000E-01 NotAppl  3.118826E-16  1.575629E-14  
7.030752E+01  4.831059E-03  -3.092056E-03  -4.746679E-08  1.000000E+00  6.085781E-03  4.744280E-39  2.373655E-21   5.000000E-01 NotAppl  4.210432E-14  0.000000E+00  
1.766135E+01  9.081692E+02  -9.081690E+02  -3.285111E-04  1.000000E+00  6.187621E-02  1.987448E-32  1.870298E-12   5.000000E-01 NotAppl  7.739822E-07  1.478743E-04  
1.874254E+03  4.696969E+00  -4.696815E+00  -5.670534E-08  1.000000E+00  3.255738E-01  1.922005E-26  4.106039E-24   5.000000E-01 NotAppl  4.945658E-03  0.000000E+00  
1.165821E+03  2.570295E-03  1.452936E-01  2.274844E-04  1.000000E+00  4.964197E-01  1.605979E-26  1.739988E-16   5.000000E-01 NotAppl  6.743265E-03  0.000000E+00  
3.039699E+01  3.373825E-02  7.584422E-01  1.515827E-01  1.000000E+00  2.101457E-03  5.919529E-27  1.334222E-07   0.000000E+00 XENON1T_2018  1.270381E-01  2.469294E-01  
1.663255E+02  3.251328E+00  -1.946752E+00  -9.046059E-01  1.000000E+00  3.551874E-04  2.375227E-23  1.477272E-07   0.000000E+00 XENON1T_2018  8.768699E+01  0.000000E+00  
1.819535E+03  1.354774E-04  9.115813E-04  2.295342E-08  1.000000E+00  1.159767E+00  6.625594E-27  7.146523E-25   5.000000E-01 NotAppl  1.762061E-03  0.000000E+00  
1.469112E+02  1.230071E-04  2.764508E-03  -1.224845E-07  1.000000E+00  1.031847E-02  7.929623E-25  3.493008E-21   5.000000E-01 NotAppl  2.895747E+00  0.000000E+00  
2.530346E+03  2.049366E-03  4.334691E+02  -3.977541E-05  1.000000E+00  1.202064E-04  4.249107E-23  1.096133E-18   5.000000E-01 NotAppl  8.200942E+00  0.000000E+00  
3.939126E+01  4.128837E-01  8.992449E+00  3.529958E-07  1.000000E+00  3.314254E-05  5.043541E-38  4.275772E-19   5.000000E-01 NotAppl  8.204312E-13  8.048957E-11  
7.330948E+01  4.849903E+01  -4.239251E+01  1.308568E-06  1.000000E+00  7.553530E-02  1.809275E-36  1.656318E-18   5.000000E-01 NotAppl  1.549265E-11  0.000000E+00  
3.588130E+02  5.840296E-03  -5.704827E-03  7.540022E+00  1.000000E+00  5.999941E-05  2.496234E-22  2.124600E-06   0.000000E+00 XENON1T_2018  4.088723E+02  0.000000E+00  
5.914267E+03  1.039288E+02  -1.039287E+02  4.902703E-02  1.000000E+00  1.120345E-03  6.283554E-24  2.960804E-13   5.000000E-01 NotAppl  5.001313E-01  0.000000E+00  
4.644490E+01  1.625055E-01  4.154436E+01  -5.930103E-01  1.000000E+00  7.579261E-04  2.553622E-25  8.630466E-07   0.000000E+00 XENON1T_2018  3.501217E+00  3.343523E-01  
1.781822E+01  4.208553E-03  -3.869052E-03  -4.534967E-10  1.000000E+00  1.911986E-03  3.798591E-44  3.501700E-24   5.000000E-01 NotAppl  1.465317E-18  2.815822E-16  
5.684221E+02  4.088619E-03  1.076468E+00  4.975335E-01  1.000000E+00  4.043542E-02  2.672269E-25  3.609506E-09   9.686349E-28 LZ5Tmedian  2.456531E-01  0.000000E+00  
4.969122E+03  1.219870E+00  5.965319E+00  -5.252030E-06  1.000000E+00  3.186734E-01  1.569251E-26  4.840752E-21   5.000000E-01 NotAppl  1.520207E-03  0.000000E+00  
1.599902E+01  5.071529E-04  5.891719E+00  1.889838E-08  1.000000E+00  9.015775E-04  6.377422E-41  7.539778E-21   5.000000E-01 NotAppl  2.778316E-15  4.576741E-13  
1.025561E+03  1.190767E-04  1.729145E-04  -7.684308E-10  1.000000E+00  3.897230E-01  2.069692E-26  2.579073E-27   5.000000E-01 NotAppl  9.913405E-03  0.000000E+00  
3.711615E+03  2.005691E+02  -1.999742E+02  -4.406632E-07  1.000000E+00  3.186902E-04  2.248836E-23  6.168644E-23   5.000000E-01 NotAppl  2.872933E+00  0.000000E+00  
1.918649E+02  1.589295E+01  -1.501572E+01  3.331701E-02  1.000000E+00  7.893417E-03  7.259519E-25  1.495283E-10   6.983648E-04 LZ5Tmedian  1.988149E+00  0.000000E+00  
7.395540E+02  4.156516E-04  -3.072361E-04  -1.664887E-06  1.000000E+00  2.093990E-01  3.948498E-26  2.360368E-20   5.000000E-01 NotAppl  2.648972E-02  0.000000E+00  
4.566958E+03  4.851729E-04  5.924462E+02  3.053019E-03  1.000000E+00  6.265421E-05  8.296500E-23  1.941979E-15   5.000000E-01 NotAppl  8.773151E+00  0.000000E+00  
1.548552E+02  3.455033E+00  2.593152E+01  -1.222849E-02  1.000000E+00  5.118342E-03  9.022418E-25  3.125356E-11   1.586170E-01 NotAppl  3.102246E+00  0.000000E+00  
9.211605E+03  1.733872E+01  -6.533152E-01  4.907488E-06  1.000000E+00  3.091850E-02  2.525696E-25  1.205975E-21   5.000000E-01 NotAppl  1.291804E-02  0.000000E+00  
3.017678E+03  2.386706E+02  -2.386512E+02  -1.886866E-04  1.000000E+00  2.331990E-04  3.102295E-23  1.723386E-17   5.000000E-01 NotAppl  4.895738E+00  0.000000E+00  
9.421994E+02  3.580919E+01  -3.579353E+01  1.845872E-07  1.000000E+00  8.770040E-03  7.463800E-25  1.769370E-22   5.000000E-01 NotAppl  3.892614E-01  0.000000E+00  
1.840843E+01  8.135286E+01  -8.130306E+01  3.014445E-10  1.000000E+00  5.558308E-02  1.697033E-44  1.449523E-24   5.000000E-01 NotAppl  6.311695E-19  1.240877E-16  
2.028798E+03  7.232031E+02  -7.232022E+02  1.453280E-04  1.000000E+00  3.589028E-05  2.121979E-22  2.294859E-17   5.000000E-01 NotAppl  5.026987E+01  0.000000E+00  
2.923738E+03  8.564465E-04  2.027234E-03  -2.112939E-08  1.000000E+00  2.879439E+00  2.573976E-27  2.304793E-25   5.000000E-01 NotAppl  4.215808E-04  0.000000E+00  
6.781704E+03  1.376535E+00  5.216101E+02  1.271550E-03  1.000000E+00  7.618729E-05  6.829338E-23  1.508075E-16   5.000000E-01 NotAppl  4.834636E+00  0.000000E+00  
1.441048E+02  4.118106E-01  3.802136E-01  5.053912E-01  1.000000E+00  2.633378E-03  4.010098E-24  6.186779E-08   0.000000E+00 XENON1T_2018  1.508010E+01  0.000000E+00  
2.412424E+01  3.956146E-02  5.318780E+00  3.282971E-04  1.000000E+00  1.929665E-03  2.280004E-32  9.984839E-13   5.000000E-01 NotAppl  6.298408E-07  1.257257E-04  
8.270076E+03  5.077175E-01  -3.936693E-01  7.079331E-04  1.000000E+00  1.360356E+01  4.791207E-28  3.123888E-17   5.000000E-01 NotAppl  2.726161E-05  0.000000E+00  
2.759774E+02  7.732158E-04  1.652506E+00  3.151456E-01  1.000000E+00  1.542440E-02  6.595824E-25  6.352664E-09   2.854967E-96 LZ5Tmedian  1.266912E+00  0.000000E+00  
3.079664E+01  1.278620E-01  9.487437E+02  -3.285501E-10  1.000000E+00  2.094737E-03  2.823170E-44  6.104362E-25   5.000000E-01 NotAppl  5.972286E-19  1.341513E-16  
4.210094E+01  1.607850E-02  2.918420E+00  -1.135174E-10  1.000000E+00  2.801417E-04  6.326362E-45  3.862260E-26   5.000000E-01 NotAppl  9.576294E-20  1.265160E-17  
7.115458E+01  7.564050E-01  -3.099916E-01  -8.671409E-08  1.000000E+00  7.740461E-03  1.274351E-38  7.730279E-21   5.000000E-01 NotAppl  1.117096E-13  0.000000E+00  
1.624116E+02  6.020098E+02  -5.990792E+02  -3.199300E-06  1.000000E+00  5.013576E-04  8.831987E-24  1.940215E-18   5.000000E-01 NotAppl  2.975155E+01  0.000000E+00  
4.915612E+01  2.297870E-04  3.736586E+02  3.190236E-06  1.000000E+00  1.710879E-03  1.019199E-35  2.225176E-17   5.000000E-01 NotAppl  1.316763E-10  8.978684E-09  
4.841220E+02  1.078469E-03  5.669496E-01  2.905571E-02  1.000000E+00  9.140572E-02  9.237626E-26  1.709332E-11   5.000000E-01 NotAppl  9.617523E-02  0.000000E+00  
1.583138E+02  1.948716E-02  -1.637950E-02  4.825676E-03  1.000000E+00  1.165943E-02  7.096587E-25  4.651637E-12   5.000000E-01 NotAppl  2.399141E+00  0.000000E+00  
6.032621E+01  1.709092E+00  -1.708967E+00  3.149100E-02  1.000000E+00  3.139430E-04  3.103239E-26  1.428092E-09   2.196260E-73 LZ5Tmedian  3.241625E-01  1.639395E-01  
1.137802E+01  1.893163E-03  1.745729E-02  1.812769E-10  1.000000E+00  8.300349E-04  5.246278E-45  1.361928E-24   5.000000E-01 NotAppl  3.390946E-19  4.615630E-17  
6.043767E+02  4.030255E+02  4.760038E+02  1.778568E-10  1.000000E+00  3.718781E-05  9.547854E-23  4.069037E-28   5.000000E-01 NotAppl  7.946146E+01  0.000000E+00  
1.601964E+02  1.725963E-01  -1.722648E-01  2.670203E-09  1.000000E+00  1.190108E-02  6.892363E-25  1.390126E-24   5.000000E-01 NotAppl  2.301992E+00  0.000000E+00  
2.827289E+02  2.064871E+02  -2.064784E+02  5.375276E-10  1.000000E+00  6.209510E-04  1.070239E-23  1.758886E-26   5.000000E-01 NotAppl  1.961249E+01  0.000000E+00  
1.379887E+01  8.705169E-02  -3.022543E-02  9.595514E-02  1.000000E+00  1.632689E-03  1.572990E-27  2.608114E-07   0.000000E+00 XENON1T_2018  8.120243E-02  2.449960E-01  
1.888152E+01  4.364318E-01  -3.475881E-01  4.000686E-06  1.000000E+00  6.145928E-03  3.016304E-36  2.426651E-16   5.000000E-01 NotAppl  1.090556E-10  2.177484E-08  
3.814033E+01  7.424906E-04  1.605529E+00  2.037548E-03  1.000000E+00  6.509188E-05  1.553434E-30  1.521172E-11   1.391901E-01 NotAppl  2.614468E-05  4.440849E-03  
7.463644E+02  6.304341E-04  1.804809E+00  6.420308E-07  1.000000E+00  2.016007E-01  3.969042E-26  3.444996E-21   5.000000E-01 NotAppl  2.638615E-02  0.000000E+00  
7.806402E+02  1.333763E-04  4.571097E+01  8.745563E-07  1.000000E+00  8.357389E-03  5.640792E-25  5.832007E-21   5.000000E-01 NotAppl  3.633871E-01  0.000000E+00  
6.528014E+03  2.102377E-03  4.555004E-03  -1.995078E-08  1.000000E+00  1.362691E+01  5.174631E-28  4.011609E-26   5.000000E-01 NotAppl  3.747288E-05  0.000000E+00  
9.563480E+01  6.834907E-03  2.524724E+00  -5.510162E-05  1.000000E+00  4.973756E-03  1.186195E-24  1.704352E-15   5.000000E-01 NotAppl  6.773999E+00  0.000000E+00  
2.171807E+02  4.861151E+01  -4.861131E+01  -1.255900E+00  1.000000E+00  3.460907E-04  1.937012E-23  1.648167E-07   0.000000E+00 XENON1T_2018  5.462987E+01  0.000000E+00  
2.403609E+02  2.657298E-04  -6.744075E-05  2.466565E-04  1.000000E+00  2.484012E-02  3.433010E-25  5.164644E-15   5.000000E-01 NotAppl  7.403299E-01  0.000000E+00  
1.320708E+03  6.281356E+00  1.086396E+00  2.085883E-07  1.000000E+00  1.377071E-01  5.021072E-26  1.134227E-22   5.000000E-01 NotAppl  1.861791E-02  0.000000E+00  
1.331757E+01  4.176869E+02  -4.176697E+02  1.448934E-03  1.000000E+00  1.204362E-01  3.546850E-31  6.379911E-11   1.597103E-01 NotAppl  1.907350E-05  2.913632E-03  
1.081183E+03  3.297382E+01  4.283880E+01  1.101034E-10  1.000000E+00  2.152013E-03  2.077081E-24  4.753793E-29   5.000000E-01 NotAppl  9.531538E-01  0.000000E+00  
1.403301E+01  7.197336E-03  6.929436E-05  6.959560E+00  1.000000E+00  1.266713E-03  1.504216E-25  1.326995E-03   0.000000E+00 XENON1T_2018  7.710108E+00  2.500036E-01  
2.309332E+03  7.344967E-04  3.859718E+01  -7.871829E+00  1.000000E+00  3.979918E-03  2.324777E-24  5.171597E-08   1.989852E-97 LZ5Tmedian  5.232895E-01  0.000000E+00  
1.407674E+03  1.072017E-02  -1.049197E-02  -7.288337E-07  1.000000E+00  7.112051E-01  1.104011E-26  1.215878E-21   5.000000E-01 NotAppl  3.820168E-03  0.000000E+00  
7.886021E+02  1.815598E-01  -1.813794E-01  3.859439E-02  1.000000E+00  2.320208E-01  3.566072E-26  1.112471E-11   5.000000E-01 NotAppl  2.241497E-02  0.000000E+00  
1.035175E+02  3.834087E-02  1.212359E+01  2.573861E-08  1.000000E+00  4.831805E-03  1.267296E-24  3.161502E-22   5.000000E-01 NotAppl  6.639763E+00  0.000000E+00  
1.356126E+02  2.246382E-02  -2.235106E-02  -1.042340E-07  1.000000E+00  9.032171E-03  8.969719E-25  2.980603E-21   5.000000E-01 NotAppl  3.558122E+00  0.000000E+00  
1.080842E+01  7.330395E-03  5.920787E-01  2.455148E+00  1.000000E+00  4.965162E-04  5.135055E-25  2.762909E-04   0.000000E+00 XENON1T_2018  3.529748E+01  2.500812E-01  
3.767836E+02  2.850446E-04  1.546437E-05  6.950444E-01  1.000000E+00  1.189175E-02  9.919830E-25  1.633494E-08   4.252865E-183 LZ5Tmedian  1.396266E+00  0.000000E+00  
1.501250E+01  1.893580E-04  1.775361E-03  6.036097E-02  1.000000E+00  1.391557E-03  6.384038E-28  8.730504E-08   0.000000E+00 XENON1T_2018  2.990960E-02  2.382029E-01  
4.052432E+02  1.570480E+01  -1.569777E+01  -5.875012E-10  1.000000E+00  2.423541E-02  2.641027E-25  1.005529E-26   5.000000E-01 NotAppl  3.310134E-01  0.000000E+00  
1.359107E+01  2.375700E+02  -2.374517E+02  -1.805759E-04  1.000000E+00  1.172725E-01  5.544299E-33  9.518370E-13   5.000000E-01 NotAppl  2.912120E-07  4.547510E-05  
9.428566E+02  1.091343E-03  2.152743E+02  1.053036E-06  1.000000E+00  5.044190E-04  9.835486E-24  5.750208E-21   5.000000E-01 NotAppl  5.226242E+00  0.000000E+00  
3.445355E+01  5.470114E+00  -2.810223E+00  -3.120108E+00  1.000000E+00  1.337204E-03  8.159434E-25  4.384944E-05   0.000000E+00 XENON1T_2018  1.550199E+01  2.639638E-01  
5.370662E+02  5.114668E-03  -4.978830E-03  -1.750551E-04  1.000000E+00  1.138241E-01  7.395898E-26  5.018080E-16   5.000000E-01 NotAppl  6.908497E-02  0.000000E+00  
5.510540E+03  8.439427E+00  -6.660275E+00  8.941219E-02  1.000000E+00  1.443141E-01  4.624493E-26  1.136958E-12   5.000000E-01 NotAppl  3.957021E-03  0.000000E+00  
1.645400E+02  2.759034E+00  -1.978529E+00  -1.886761E-08  1.000000E+00  1.017997E-02  6.703512E-25  6.570270E-23   5.000000E-01 NotAppl  2.178973E+00  0.000000E+00  
7.549022E+02  9.900694E+00  -9.900027E+00  -2.136224E-05  1.000000E+00  6.959548E-02  9.444730E-26  3.726313E-18   5.000000E-01 NotAppl  6.198210E-02  0.000000E+00  
1.146817E+03  1.152965E+01  -8.840869E+00  -1.887602E-06  1.000000E+00  6.748852E-02  9.582668E-26  1.238877E-20   5.000000E-01 NotAppl  4.084362E-02  0.000000E+00  
9.894882E+03  2.466189E+01  -2.466160E+01  2.395878E-05  1.000000E+00  1.808648E-02  3.586267E-25  2.485733E-20   5.000000E-01 NotAppl  1.695648E-02  0.000000E+00  
1.144916E+01  2.824145E-03  1.355260E+01  -2.367661E-01  1.000000E+00  5.096734E-04  8.972210E-27  2.295049E-06   0.000000E+00 XENON1T_2018  5.756740E-01  2.619922E-01  
7.982908E+01  4.637445E+02  -4.629651E+02  -3.622060E-10  1.000000E+00  1.072575E-02  4.988017E-44  1.066283E-25   5.000000E-01 NotAppl  3.917453E-19  0.000000E+00  
1.285877E+02  1.560352E-02  6.242692E+00  -6.430244E+00  1.000000E+00  1.756445E-07  6.984700E-20  1.265019E-05   0.000000E+00 XENON1T_2018  3.433395E+05  0.000000E+00  
4.745414E+03  7.282040E-01  6.747095E+00  6.079991E-04  1.000000E+00  2.876008E-01  1.636704E-26  7.124272E-17   5.000000E-01 NotAppl  1.662517E-03  0.000000E+00  
3.485283E+01  7.483429E+00  -7.459504E+00  1.454210E-07  1.000000E+00  2.702112E-03  6.609500E-39  9.305146E-20   5.000000E-01 NotAppl  1.223967E-13  1.381097E-11  
1.533425E+03  4.831348E+01  -4.831323E+01  -7.389878E-06  1.000000E+00  4.979575E-03  1.339943E-24  1.049859E-19   5.000000E-01 NotAppl  4.231244E-01  0.000000E+00  
4.370488E+02  4.966467E+01  -4.612379E+01  2.373928E-01  1.000000E+00  2.977001E-03  1.881963E-24  1.406607E-09   2.496489E-14 LZ5Tmedian  2.187139E+00  0.000000E+00  
3.208126E+02  1.161606E+00  4.174117E+01  -2.370173E-05  1.000000E+00  8.085843E-03  6.219621E-25  2.640077E-17   5.000000E-01 NotAppl  9.941727E-01  0.000000E+00  
3.684383E+03  9.874341E-02  4.097243E+01  7.750170E-07  1.000000E+00  1.040153E-02  4.520068E-25  1.936892E-22   5.000000E-01 NotAppl  5.942692E-02  0.000000E+00  
2.256836E+03  1.069745E-01  2.172979E+02  -7.381088E-06  1.000000E+00  4.273359E-04  1.156301E-23  4.764913E-20   5.000000E-01 NotAppl  2.509377E+00  0.000000E+00  
3.682374E+02  4.269240E+00  -4.268303E+00  1.679579E-05  1.000000E+00  4.609686E-02  1.647268E-25  9.997385E-18   5.000000E-01 NotAppl  2.278033E-01  0.000000E+00  
1.901534E+02  1.358384E+00  -1.348170E+00  1.698942E-06  1.000000E+00  1.527361E-02  5.262249E-25  3.960260E-19   5.000000E-01 NotAppl  1.449636E+00  0.000000E+00  
1.544878E+03  1.648492E-04  2.278465E-03  2.637316E-07  1.000000E+00  8.489174E-01  9.176095E-27  1.317017E-22   5.000000E-01 NotAppl  2.886086E-03  0.000000E+00  
1.418385E+01  1.482918E+02  2.635565E+01  2.168004E+00  1.000000E+00  3.974580E-03  7.842099E-25  1.260718E-04   0.000000E+00 XENON1T_2018  3.920834E+01  9.998473E-01  
1.383762E+02  9.437474E+00  -9.400149E+00  5.819997E-08  1.000000E+00  6.549465E-03  9.388905E-25  8.915987E-22   5.000000E-01 NotAppl  3.654868E+00  0.000000E+00  
1.455484E+03  5.854823E+02  -5.793337E+02  -8.369965E-06  1.000000E+00  5.138575E-05  1.321463E-22  1.497957E-19   5.000000E-01 NotAppl  4.402896E+01  0.000000E+00  
2.398844E+01  1.092911E-03  -5.134918E-04  -1.296331E-10  1.000000E+00  2.826989E-03  3.542647E-45  1.574643E-25   5.000000E-01 NotAppl  9.854559E-20  2.216620E-17  
5.650041E+02  6.970164E+00  -5.367838E+00  8.643122E-09  1.000000E+00  7.160877E-02  9.581256E-26  1.102807E-24   5.000000E-01 NotAppl  8.471947E-02  0.000000E+00  
9.030695E+03  1.602270E+00  -1.599455E+00  6.053263E+00  1.000000E+00  8.955042E-02  1.294679E-25  1.910251E-09   1.211345E-01 NotAppl  7.059636E-03  0.000000E+00  
3.583145E+02  4.353595E-03  1.077372E+02  -9.615217E-10  1.000000E+00  2.048975E-03  2.352769E-24  3.464863E-26   5.000000E-01 NotAppl  3.362476E+00  0.000000E+00  
2.536486E+03  3.398253E+01  5.862600E+00  4.978949E+00  1.000000E+00  1.988317E-03  3.777879E-24  1.709093E-08   7.801981E-30 LZ5Tmedian  7.265719E-01  0.000000E+00  
1.426365E+01  1.693924E+02  2.062574E+02  -4.762717E-05  1.000000E+00  8.719629E+05  3.914277E-34  6.016905E-14   5.000000E-01 NotAppl  1.944350E-08  3.155677E-06  
1.446523E+02  1.084724E+02  -1.039873E+02  2.540005E-09  1.000000E+00  1.323344E-03  2.961439E-24  1.550609E-24   5.000000E-01 NotAppl  1.118019E+01  0.000000E+00  
1.057680E+03  3.618584E-04  5.460417E+01  -2.878728E+00  1.000000E+00  4.117799E-03  1.610129E-24  3.398756E-08   1.030938E-138 LZ5Tmedian  8.141608E-01  0.000000E+00  
9.704992E+03  6.682317E-03  7.187397E-01  7.700116E-06  1.000000E+00  1.403401E+01  3.763613E-28  2.670577E-21   5.000000E-01 NotAppl  1.835405E-05  0.000000E+00  
3.936239E+02  1.111184E+01  -5.508624E+00  2.736361E-09  1.000000E+00  2.582072E-02  2.137057E-25  2.315140E-25   5.000000E-01 NotAppl  2.760628E-01  0.000000E+00  
2.009668E+03  2.312681E-03  2.791367E+02  -1.001948E-06  1.000000E+00  2.744327E-04  1.822707E-23  1.112069E-21   5.000000E-01 NotAppl  4.455683E+00  0.000000E+00  
4.785151E+03  2.158755E+00  -2.152800E+00  -7.973028E-07  1.000000E+00  1.573626E+00  3.713573E-27  1.204529E-22   5.000000E-01 NotAppl  3.669588E-04  0.000000E+00  
2.037846E+03  3.430035E-03  -1.326456E-04  7.347280E-03  1.000000E+00  1.439115E+00  5.290859E-27  5.812637E-14   5.000000E-01 NotAppl  1.252915E-03  0.000000E+00  
1.080889E+02  5.798627E-04  3.666475E+01  -1.696716E-06  1.000000E+00  4.509687E-03  1.349904E-24  1.257391E-18   5.000000E-01 NotAppl  6.739010E+00  0.000000E+00  
1.726594E+03  1.315346E-03  3.283391E+00  9.741240E-07  1.000000E+00  6.028381E-01  1.026485E-26  1.432314E-21   5.000000E-01 NotAppl  2.894997E-03  0.000000E+00  
1.854908E+01  6.346848E+01  -6.346809E+01  -2.795096E-08  1.000000E+00  5.450991E-02  1.462935E-40  1.227396E-20   5.000000E-01 NotAppl  5.394956E-15  1.066146E-12  
4.387730E+01  5.603761E-01  -4.770245E-01  -1.367246E-09  1.000000E+00  8.745637E-05  1.062573E-42  5.150943E-24   5.000000E-01 NotAppl  1.540337E-17  1.890678E-15  
2.202722E+03  1.575688E-04  1.140273E+01  -2.940334E-01  1.000000E+00  1.261926E-01  3.177520E-26  7.944709E-11   5.000000E-01 NotAppl  7.092922E-03  0.000000E+00  
1.703614E+01  4.264411E+01  -4.264374E+01  -4.205327E-08  1.000000E+00  6.774032E-02  3.219193E-40  3.293743E-20   5.000000E-01 NotAppl  1.305665E-14  2.102593E-13  
2.429866E+03  2.952515E+00  -2.925412E+00  6.772724E-02  1.000000E+00  6.438811E-01  1.048125E-26  3.451416E-12   5.000000E-01 NotAppl  2.069653E-03  0.000000E+00  
1.571270E+03  2.242462E-02  5.477708E+02  9.197502E-04  1.000000E+00  9.216168E-05  5.612398E-23  1.547417E-15   5.000000E-01 NotAppl  1.765448E+01  0.000000E+00  
9.457633E+01  1.849983E-01  -1.360877E-02  3.800141E-08  1.000000E+00  5.526226E-03  1.153385E-24  8.293483E-22   5.000000E-01 NotAppl  6.668625E+00  0.000000E+00  
1.130297E+03  2.287602E+00  2.226912E+01  2.160138E-02  1.000000E+00  2.717761E-02  1.836267E-25  1.671202E-12   5.000000E-01 NotAppl  8.083957E-02  0.000000E+00  
4.167248E+03  1.508697E+02  -1.191571E+02  1.227979E+00  1.000000E+00  4.448444E-04  1.408013E-23  3.784992E-10   4.045454E-01 NotAppl  1.600025E+00  0.000000E+00  
8.708844E+02  5.126990E+00  6.099742E+00  -4.317868E+00  1.000000E+00  1.546208E-03  6.455993E-24  1.136971E-07   0.000000E+00 LZ5Tmedian  4.038201E+00  0.000000E+00  
7.585358E+03  4.503760E-01  1.279802E+00  1.707254E-09  1.000000E+00  4.145518E+00  1.311411E-27  2.165424E-28   5.000000E-01 NotAppl  8.232512E-05  0.000000E+00  
1.677701E+02  1.894722E-04  1.362420E-01  3.858468E-06  1.000000E+00  1.290984E-02  6.375114E-25  2.640419E-18   5.000000E-01 NotAppl  2.030710E+00  0.000000E+00  
1.748709E+01  7.466377E+00  1.459231E+02  1.423376E-09  1.000000E+00  5.484176E+00  3.719122E-43  3.581451E-23   5.000000E-01 NotAppl  1.465227E-17  2.127541E-15  
2.262752E+01  3.900386E-03  1.239295E+01  4.156150E-07  1.000000E+00  1.634681E-03  3.522691E-38  1.820698E-18   5.000000E-01 NotAppl  1.043102E-12  1.350732E-10  
2.856854E+02  2.141107E+01  -2.140804E+01  -8.502939E-07  1.000000E+00  1.264750E-02  4.889183E-25  4.308459E-20   5.000000E-01 NotAppl  8.833694E-01  0.000000E+00  
2.434925E+01  2.659976E+02  -2.659975E+02  1.231498E-03  1.000000E+00  2.423509E-02  3.226802E-31  1.378934E-11   2.464263E-01 NotAppl  8.832292E-06  1.987860E-03  
9.789064E+03  4.698912E+01  -4.698765E+01  1.978617E-09  1.000000E+00  5.208246E-03  1.298326E-24  1.732720E-28   5.000000E-01 NotAppl  6.205787E-02  0.000000E+00  
6.849422E+01  1.186190E-04  1.147583E-03  1.571822E-06  1.000000E+00  5.742036E-03  9.041947E-36  2.745477E-18   5.000000E-01 NotAppl  8.297423E-11  0.000000E+00  
5.288612E+02  4.478317E+01  -4.478282E+01  -7.116445E-07  1.000000E+00  5.731595E-03  1.133054E-24  8.558267E-21   5.000000E-01 NotAppl  1.075940E+00  0.000000E+00  
3.527695E+01  1.082461E+00  2.046823E-02  -1.289419E-05  1.000000E+00  4.494422E-04  5.308010E-35  7.138278E-16   5.000000E-01 NotAppl  9.703615E-10  1.913660E-07  
5.241267E+03  5.859524E-02  -5.476957E-02  2.150532E-03  1.000000E+00  8.865684E+00  8.049227E-28  7.282362E-16   5.000000E-01 NotAppl  7.281231E-05  0.000000E+00  
5.623462E+02  5.352497E-03  1.227875E+00  1.173625E-09  1.000000E+00  1.213025E-01  6.807242E-26  2.053069E-26   5.000000E-01 NotAppl  6.063337E-02  0.000000E+00  
4.864732E+01  1.871697E+00  2.233483E+02  2.184847E-08  1.000000E+00  4.000432E-03  4.477053E-40  1.066024E-21   5.000000E-01 NotAppl  5.845873E-15  4.010740E-13  
1.191513E+01  5.231981E+00  -5.228326E+00  2.543347E-06  1.000000E+00  1.537284E-01  1.051727E-36  2.448480E-16   5.000000E-01 NotAppl  6.439951E-11  8.445799E-09  
6.520457E+02  2.000774E+01  -2.000489E+01  2.343739E-08  1.000000E+00  2.314099E-02  2.760038E-25  6.050366E-24   5.000000E-01 NotAppl  2.107789E-01  0.000000E+00  
4.720607E+02  1.133295E+02  -7.845269E+01  3.351268E-02  1.000000E+00  5.803275E-04  6.215012E-24  2.394379E-11   5.000000E-01 NotAppl  6.649269E+00  0.000000E+00  
5.876471E+01  1.967406E-04  1.362796E-03  -5.767961E-09  1.000000E+00  3.889585E-03  3.613559E-40  5.054365E-23   5.000000E-01 NotAppl  3.878823E-15  1.618299E-14  
3.243912E+03  2.888383E-04  7.037659E-02  2.960385E-03  1.000000E+00  3.512656E+00  2.093988E-27  3.661814E-15   5.000000E-01 NotAppl  3.084609E-04  0.000000E+00  
3.256706E+02  3.575543E+00  -3.564908E+00  3.207998E-10  1.000000E+00  3.807419E-02  2.024855E-25  4.689875E-27   5.000000E-01 NotAppl  3.181717E-01  0.000000E+00  
3.210868E+02  1.148121E-01  1.087057E+01  6.608248E-04  1.000000E+00  2.959375E-02  2.329008E-25  2.048659E-14   5.000000E-01 NotAppl  3.714557E-01  0.000000E+00  
2.300507E+01  2.049484E-02  2.328286E-02  -1.377477E-10  1.000000E+00  2.731230E-03  3.904240E-45  1.934425E-25   5.000000E-01 NotAppl  1.136327E-19  2.520090E-17  
6.002116E+02  1.602525E+02  -2.130483E+01  -1.741704E-10  1.000000E+00  2.269870E-04  1.527783E-23  3.957659E-28   5.000000E-01 NotAppl  1.276167E+01  0.000000E+00  
9.072094E+02  3.065623E+00  -3.065343E+00  2.277453E-09  1.000000E+00  2.341566E-01  3.190246E-26  2.909851E-26   5.000000E-01 NotAppl  1.733149E-02  0.000000E+00  
4.698439E+01  4.170045E+00  -4.167934E+00  -7.875112E-10  1.000000E+00  2.491026E-04  4.782266E-43  1.486649E-24   5.000000E-01 NotAppl  6.472920E-18  4.426823E-16  
4.029743E+03  8.849432E-04  1.329408E+01  -1.041196E-04  1.000000E+00  9.086421E-02  4.892376E-26  2.913315E-18   5.000000E-01 NotAppl  5.870971E-03  0.000000E+00  
2.157395E+03  4.179868E+00  7.708644E+02  -1.746057E-06  1.000000E+00  4.621828E-05  1.112188E-22  2.922782E-21   5.000000E-01 NotAppl  2.527791E+01  0.000000E+00  
6.495193E+02  2.142427E+00  8.117307E+00  2.618937E+00  1.000000E+00  2.536442E-03  4.110404E-24  7.614803E-08   0.000000E+00 LZ5Tmedian  3.263214E+00  0.000000E+00  
1.533070E+03  1.047156E+00  6.726855E+01  3.526227E+00  1.000000E+00  1.998627E-03  3.714495E-24  2.391563E-08   6.277404E-68 LZ5Tmedian  1.212281E+00  0.000000E+00  
3.683232E+03  6.463679E-03  1.572759E+00  -7.906927E-10  1.000000E+00  2.549455E+00  2.296745E-27  2.017318E-28   5.000000E-01 NotAppl  2.986769E-04  0.000000E+00  
1.477564E+03  1.006934E-03  1.554433E+01  3.290786E-02  1.000000E+00  6.198617E-02  7.737666E-26  2.245520E-12   5.000000E-01 NotAppl  2.586991E-02  0.000000E+00  
2.947170E+03  2.922412E+01  2.035931E+02  2.121129E+00  1.000000E+00  3.217993E-04  1.576468E-23  2.285258E-09   4.449327E-04 LZ5Tmedian  2.600768E+00  0.000000E+00  
2.343506E+02  2.145204E-02  1.536716E+00  1.389183E-01  1.000000E+00  1.806601E-02  5.025081E-25  1.725463E-09   5.381919E-31 LZ5Tmedian  1.125690E+00  0.000000E+00  
8.990000E+03  2.065675E-04  1.407307E-01  1.957981E-10  1.000000E+00  2.449388E+01  2.783020E-28  2.017022E-30   5.000000E-01 NotAppl  1.458270E-05  0.000000E+00  
1.551991E+02  1.006669E-01  1.505193E+00  -2.429967E-10  1.000000E+00  1.056420E-02  7.303159E-25  1.228512E-26   5.000000E-01 NotAppl  2.519380E+00  0.000000E+00  
4.775130E+02  3.991446E-04  1.097351E-02  1.140112E-10  1.000000E+00  9.096208E-02  9.299396E-26  2.706876E-28   5.000000E-01 NotAppl  9.813456E-02  0.000000E+00  
1.336580E+02  1.507824E+02  -1.507813E+02  5.561290E-02  1.000000E+00  1.480121E-03  4.011144E-24  8.741020E-10   3.889769E-26 LZ5Tmedian  1.644446E+01  0.000000E+00  
5.865278E+03  3.809491E+02  -3.798755E+02  2.801279E-05  1.000000E+00  9.244213E-05  8.025482E-23  9.830890E-20   5.000000E-01 NotAppl  6.441829E+00  0.000000E+00  
3.498203E+02  1.053681E-02  6.279069E+01  1.065294E-02  1.000000E+00  4.757655E-03  1.038488E-24  4.467192E-12   5.000000E-01 NotAppl  1.520265E+00  0.000000E+00  
9.513129E+02  4.864355E-04  2.651207E+01  6.091242E-02  1.000000E+00  2.214168E-02  2.222635E-25  1.889263E-11   5.000000E-01 NotAppl  1.168387E-01  0.000000E+00  
2.534665E+03  3.498287E-01  -3.459099E-01  1.270698E-02  1.000000E+00  2.109035E+00  3.531728E-27  1.114835E-13   5.000000E-01 NotAppl  6.690391E-04  0.000000E+00  
6.136828E+01  5.401167E+02  -4.828044E+02  2.155047E-09  1.000000E+00  1.064822E+02  5.277895E-40  6.458300E-24   5.000000E-01 NotAppl  5.417326E-15  1.257112E-15  
3.043349E+03  3.324443E+02  -3.324442E+02  -3.429984E-10  1.000000E+00  1.259651E-04  5.833754E-23  5.597533E-29   5.000000E-01 NotAppl  9.126825E+00  0.000000E+00  
2.492197E+03  1.963668E+02  6.382889E+02  -1.108685E-02  1.000000E+00  2.388825E-05  1.533562E-22  8.783854E-14   5.000000E-01 NotAppl  2.997528E+01  0.000000E+00  
2.831411E+02  1.679515E+02  -1.679513E+02  1.075451E-10  1.000000E+00  8.015521E-04  8.251771E-24  7.019743E-28   5.000000E-01 NotAppl  1.509763E+01  0.000000E+00  
1.779196E+03  6.339614E+02  -6.339609E+02  7.785336E-10  1.000000E+00  4.647452E-05  1.629520E-22  8.605948E-28   5.000000E-01 NotAppl  4.417131E+01  0.000000E+00  
4.999008E+03  1.919206E-02  1.272122E+00  1.025904E-02  1.000000E+00  4.173476E+00  1.355167E-27  1.824640E-14   5.000000E-01 NotAppl  1.293689E-04  0.000000E+00  
9.377006E+01  5.359020E-02  6.714476E+00  2.560534E+00  1.000000E+00  7.221881E-05  1.431895E-22  3.831948E-06   0.000000E+00 XENON1T_2018  8.404502E+02  0.000000E+00  
2.715621E+03  6.620417E+02  -5.223399E+02  -2.865823E+00  1.000000E+00  2.143795E-05  1.941929E-22  4.927697E-09   1.441982E-08 LZ5Tmedian  3.414680E+01  0.000000E+00  
6.020696E+03  1.985946E+00  8.666456E+01  -7.509581E+00  1.000000E+00  2.673979E-03  1.562764E-24  6.699277E-09   1.516851E-05 LZ5Tmedian  1.261464E-01  0.000000E+00  
5.534072E+02  6.242471E-02  1.399060E+02  -6.726770E-03  1.000000E+00  1.194812E-03  4.050035E-24  6.969248E-13   5.000000E-01 NotAppl  3.712346E+00  0.000000E+00  
4.391658E+03  2.882434E-02  6.044049E+00  4.352347E-01  1.000000E+00  3.142090E-01  1.829029E-26  4.273670E-11   5.000000E-01 NotAppl  2.020767E-03  0.000000E+00  
1.963820E+03  1.481348E+02  -1.481322E+02  -1.247906E-10  1.000000E+00  5.892155E-04  1.198302E-23  1.808116E-29   5.000000E-01 NotAppl  2.935376E+00  0.000000E+00  
6.195421E+03  5.367258E+00  -5.305557E+00  1.110143E-01  1.000000E+00  3.175307E-01  1.932816E-26  1.381357E-12   5.000000E-01 NotAppl  1.468244E-03  0.000000E+00  
1.082617E+02  1.057607E-01  3.765456E+01  -5.235883E-08  1.000000E+00  4.437733E-03  1.354683E-24  1.193464E-21   5.000000E-01 NotAppl  6.750709E+00  0.000000E+00  
1.746366E+03  1.108713E-03  1.067160E+02  -5.135129E-10  1.000000E+00  1.657180E-03  2.893961E-24  3.888956E-28   5.000000E-01 NotAppl  8.168971E-01  0.000000E+00  
3.544915E+03  1.763740E-03  1.750539E-01  -3.742815E-02  1.000000E+00  4.119550E+00  1.772567E-27  4.886271E-13   5.000000E-01 NotAppl  2.387366E-04  0.000000E+00  
3.362428E+01  1.824919E+00  -1.824096E+00  3.141082E-04  1.000000E+00  1.761141E-03  2.908127E-32  4.669313E-13   5.000000E-01 NotAppl  5.587416E-07  1.131104E-04  
1.049712E+01  2.305802E+00  -2.103890E+00  -5.297805E+00  1.000000E+00  2.007409E-02  2.288033E-25  1.362196E-03   0.000000E+00 XENON1T_2018  1.620900E+01  2.510145E-01  
2.771593E+02  9.568655E-04  3.581469E+00  2.342395E-02  1.000000E+00  2.904226E-02  2.761485E-25  3.478988E-11   3.012127E-01 NotAppl  5.134826E-01  0.000000E+00  
2.622478E+02  3.719080E-03  -1.477926E-03  8.272719E-06  1.000000E+00  2.921977E-02  2.921271E-25  4.859833E-18   5.000000E-01 NotAppl  5.751737E-01  0.000000E+00  
2.090819E+02  1.315261E-04  1.493460E+00  5.682477E-04  1.000000E+00  1.840395E-02  4.444587E-25  3.647423E-14   5.000000E-01 NotAppl  1.108542E+00  0.000000E+00  
9.610439E+02  1.143016E-03  3.505602E+01  -4.669342E-01  1.000000E+00  1.524657E-02  2.693852E-25  1.087348E-09   1.401776E-05 LZ5Tmedian  1.416639E-01  0.000000E+00  
5.181767E+02  1.267020E-02  2.469905E-01  -5.651938E-09  1.000000E+00  1.059375E-01  7.934922E-26  5.628334E-25   5.000000E-01 NotAppl  7.692306E-02  0.000000E+00  
1.718888E+01  9.226642E+00  2.082421E+01  -1.276308E+00  1.000000E+00  1.023721E-02  2.838370E-25  2.980287E-05   0.000000E+00 XENON1T_2018  1.140224E+01  2.892009E-01  
1.872433E+03  1.661277E-04  9.204693E-05  -1.049932E+00  1.000000E+00  1.320661E-01  8.370397E-26  1.410450E-09   5.634359E-04 LZ5Tmedian  2.285684E-02  0.000000E+00  
2.878518E+03  1.468203E+02  -1.468194E+02  4.534406E-09  1.000000E+00  5.856510E-04  1.208380E-23  1.095669E-26   5.000000E-01 NotAppl  2.001138E+00  0.000000E+00  
5.588105E+02  1.476627E-01  -1.461728E-01  -1.969617E-02  1.000000E+00  1.223849E-01  6.850455E-26  5.857454E-12   5.000000E-01 NotAppl  6.143151E-02  0.000000E+00  
2.212739E+03  7.543683E+01  1.414810E+02  -4.069260E+00  1.000000E+00  3.981381E-04  1.021810E-23  1.507654E-08   3.841494E-30 LZ5Tmedian  2.267161E+00  0.000000E+00  
2.252293E+03  1.039271E-03  6.110519E-03  2.102181E-01  1.000000E+00  1.293424E+00  6.470410E-27  3.880941E-11   5.000000E-01 NotAppl  1.410055E-03  0.000000E+00  
1.873135E+02  2.836453E-02  7.616806E-01  -8.142593E-01  1.000000E+00  1.092825E-03  1.119069E-23  9.381779E-08   0.000000E+00 XENON1T_2018  3.609127E+01  0.000000E+00  
2.670496E+02  5.616505E+02  -2.249133E+02  -1.244585E-06  1.000000E+00  1.068081E-04  3.144416E-23  1.059823E-19   5.000000E-01 NotAppl  6.106397E+01  0.000000E+00  
3.391989E+03  3.010850E-02  -2.418319E-02  1.081946E-06  1.000000E+00  3.832899E+00  1.914104E-27  4.466442E-22   5.000000E-01 NotAppl  2.694176E-04  0.000000E+00  
1.627465E+02  8.489507E-01  5.366313E+01  -1.380709E-02  1.000000E+00  4.759971E-03  1.116525E-24  3.598410E-11   1.315111E-01 NotAppl  3.623824E+00  0.000000E+00  
5.255343E+02  2.961592E-02  1.112338E+00  1.567195E+00  1.000000E+00  5.857086E-03  2.126308E-24  4.204457E-08   0.000000E+00 LZ5Tmedian  2.115477E+00  0.000000E+00  
4.290386E+02  6.926105E-03  -6.606558E-03  7.655682E-05  1.000000E+00  7.417218E-02  1.144529E-25  1.519292E-16   5.000000E-01 NotAppl  1.349702E-01  0.000000E+00  
5.738196E+03  4.293184E-03  1.574407E+02  -6.917414E-06  1.000000E+00  7.675941E-04  6.512306E-24  6.267624E-21   5.000000E-01 NotAppl  5.462853E-01  0.000000E+00  
2.284797E+03  4.607964E+02  -4.607289E+02  -2.235416E-05  1.000000E+00  7.345225E-05  1.016132E-22  4.262244E-19   5.000000E-01 NotAppl  2.131148E+01  0.000000E+00  
2.135197E+03  8.623084E-01  7.549071E+01  -8.952288E-05  1.000000E+00  3.132475E-03  1.522540E-24  7.846907E-18   5.000000E-01 NotAppl  3.497111E-01  0.000000E+00  
4.182627E+01  1.083743E-01  -1.078537E-01  -1.134797E-10  1.000000E+00  2.292602E-04  6.189908E-45  3.911438E-26   5.000000E-01 NotAppl  9.454992E-20  1.366592E-17  
3.365808E+03  1.589559E+00  -1.557461E+00  7.377546E-10  1.000000E+00  1.865467E+00  3.434941E-27  2.109705E-28   5.000000E-01 NotAppl  4.862892E-04  0.000000E+00  
7.156339E+01  5.798939E+02  -5.798691E+02  3.371542E-02  1.000000E+00  1.633978E-02  1.746716E-27  1.155026E-09   2.595355E-54 LZ5Tmedian  1.522713E-02  0.000000E+00  
4.267830E+03  8.628904E-03  -8.514199E-03  1.916935E-02  1.000000E+00  5.957351E+00  1.215321E-27  8.786799E-14   5.000000E-01 NotAppl  1.354687E-04  0.000000E+00  
2.215740E+02  6.890600E-01  7.906203E+00  8.666158E-08  1.000000E+00  1.624965E-02  4.233907E-25  7.532224E-22   5.000000E-01 NotAppl  9.936317E-01  0.000000E+00  
3.746265E+01  2.537051E+00  6.131703E+01  -1.770311E-03  1.000000E+00  9.586396E-05  1.126581E-30  1.190920E-11   2.142100E-01 NotAppl  1.932326E-05  3.390216E-03  
1.291792E+02  4.691056E-03  -4.247119E-03  -8.306498E-08  1.000000E+00  8.353269E-03  9.624033E-25  2.091183E-21   5.000000E-01 NotAppl  4.011453E+00  0.000000E+00  
1.960655E+01  1.606208E-02  1.145584E+02  1.283982E-02  1.000000E+00  1.345636E-03  3.151146E-29  2.317661E-09   2.242793E-76 LZ5Tmedian  1.092105E-03  1.337065E-01  
6.814833E+03  1.524128E+01  -6.859415E+00  1.178838E-09  1.000000E+00  4.738213E-02  1.563306E-25  1.283405E-28   5.000000E-01 NotAppl  1.080547E-02  0.000000E+00  
2.727561E+02  1.384657E-03  4.009069E-02  -1.499603E+00  1.000000E+00  8.298517E-04  1.601732E-23  1.473430E-07   0.000000E+00 XENON1T_2018  3.458636E+01  0.000000E+00  
2.403272E+01  3.542124E+02  -3.540064E+02  -4.693714E-02  1.000000E+00  2.578920E-02  4.649440E-28  2.056689E-08   0.000000E+00 XENON1T_2018  1.289725E-02  4.295060E-01  
1.665172E+03  1.449425E-04  8.352453E-02  -3.989725E-10  1.000000E+00  9.786895E-01  7.906434E-27  2.586797E-28   5.000000E-01 NotAppl  2.302628E-03  0.000000E+00  
1.695390E+01  3.813959E+02  -3.813845E+02  -3.486806E-06  1.000000E+00  6.850272E-02  2.209818E-36  2.286349E-16   5.000000E-01 NotAppl  9.011589E-11  1.672061E-08  
4.746323E+02  7.320710E-03  1.247909E+01  8.727572E-03  1.000000E+00  4.604752E-02  1.373558E-25  1.605962E-12   5.000000E-01 NotAppl  1.463259E-01  0.000000E+00  
2.486639E+02  3.819301E-02  1.341196E-01  -1.610083E-03  1.000000E+00  2.633665E-02  3.221530E-25  2.052757E-13   5.000000E-01 NotAppl  6.704987E-01  0.000000E+00  
4.777578E+02  3.387744E+00  5.000944E+01  -2.996142E-09  1.000000E+00  5.996227E-03  7.752033E-25  1.867423E-25   5.000000E-01 NotAppl  8.248933E-01  0.000000E+00  
1.697919E+03  2.657551E-04  4.248873E-05  6.563804E-01  1.000000E+00  2.374989E-01  4.403863E-26  6.728936E-10   1.957020E-02 LZ5Tmedian  1.319153E-02  0.000000E+00  
3.753922E+03  5.016748E+02  -2.455354E+02  -6.266485E-05  1.000000E+00  2.689661E-05  1.460804E-22  1.219018E-18   5.000000E-01 NotAppl  1.849265E+01  0.000000E+00  
8.135485E+03  2.915154E-02  1.572250E-01  -5.381630E-05  1.000000E+00  1.995030E+01  3.431267E-28  1.866430E-19   5.000000E-01 NotAppl  1.989244E-05  0.000000E+00  
4.369585E+03  5.702744E+01  -2.455624E+01  -5.168233E-08  1.000000E+00  3.112678E-03  2.179179E-24  6.088193E-25   5.000000E-01 NotAppl  2.364922E-01  0.000000E+00  
3.371079E+02  3.265083E-04  2.035103E+00  -4.586405E-08  1.000000E+00  4.480524E-02  1.834820E-25  8.932007E-23   5.000000E-01 NotAppl  2.780825E-01  0.000000E+00  
6.487404E+01  5.239174E-01  1.668065E+02  1.304131E-05  1.000000E+00  5.547531E-03  4.172901E-33  2.111553E-16   5.000000E-01 NotAppl  4.047153E-08  0.000000E+00  
1.174749E+01  6.690989E+01  -6.643160E+01  -3.453244E-10  1.000000E+00  2.178935E-01  1.928335E-44  4.641391E-24   5.000000E-01 NotAppl  1.200337E-18  1.673445E-16  
1.796447E+02  4.562806E+02  -4.562805E+02  -3.139727E-08  1.000000E+00  6.028485E-04  1.004658E-23  1.519681E-22   5.000000E-01 NotAppl  3.053764E+01  0.000000E+00  
3.975625E+02  1.337636E-02  1.117962E+00  1.737879E-04  1.000000E+00  6.279782E-02  1.331069E-25  9.150005E-16   5.000000E-01 NotAppl  1.699528E-01  0.000000E+00  
1.996322E+01  1.456680E+02  -1.456147E+02  -2.374588E-05  1.000000E+00  4.466812E-02  1.085434E-34  7.645403E-15   5.000000E-01 NotAppl  3.689361E-09  7.634975E-07  
8.104365E+02  5.981780E-02  8.006272E-01  -1.124738E-06  1.000000E+00  2.447402E-01  3.318286E-26  8.935449E-21   5.000000E-01 NotAppl  2.025847E-02  0.000000E+00  
2.583247E+03  4.541151E-01  1.977920E+02  -5.308289E-04  1.000000E+00  5.015966E-04  9.813557E-24  1.871737E-16   5.000000E-01 NotAppl  1.854339E+00  0.000000E+00  
1.241337E+02  1.035542E+01  -1.022806E+01  -8.048329E-02  1.000000E+00  7.008232E-03  7.964226E-25  2.130297E-09   1.228488E-66 LZ5Tmedian  3.460575E+00  0.000000E+00  
3.002662E+02  1.442320E-02  2.119355E+01  1.155562E-03  1.000000E+00  1.782970E-02  3.408792E-25  7.186208E-14   5.000000E-01 NotAppl  5.869325E-01  0.000000E+00  
9.199324E+03  1.668751E-04  4.176789E+02  -2.254993E-10  1.000000E+00  1.161706E-04  4.500136E-23  2.553213E-30   5.000000E-01 NotAppl  2.338947E+00  0.000000E+00  
3.462004E+02  4.672626E+00  2.397228E+02  -1.257919E-04  1.000000E+00  5.839919E-04  7.401881E-24  6.362800E-16   5.000000E-01 NotAppl  1.095792E+01  0.000000E+00  
1.598909E+02  5.921712E-01  4.548441E+02  -4.983255E-02  1.000000E+00  1.185164E-03  3.603352E-24  4.860615E-10   8.139738E-13 LZ5Tmedian  1.176298E+01  0.000000E+00  
9.087491E+01  2.355225E+01  -2.353669E+01  1.164869E-05  1.000000E+00  4.856248E-03  9.179232E-25  8.457227E-17   5.000000E-01 NotAppl  5.635703E+00  0.000000E+00  
5.935870E+03  1.218941E+00  -1.217207E+00  -1.637277E-05  1.000000E+00  3.958774E+00  1.503157E-27  3.277664E-20   5.000000E-01 NotAppl  1.194753E-04  0.000000E+00  
9.117973E+03  1.056782E+02  -7.567699E+01  -8.938181E-07  1.000000E+00  1.061491E-03  6.763629E-24  4.084394E-23   5.000000E-01 NotAppl  3.476063E-01  0.000000E+00  
1.877421E+02  1.407211E+01  -1.401755E+01  -2.124784E-07  1.000000E+00  9.520445E-03  6.477516E-25  6.358508E-21   5.000000E-01 NotAppl  1.812115E+00  0.000000E+00  
1.858816E+02  1.528449E+02  4.594254E+02  4.442260E-02  1.000000E+00  2.885500E-04  1.096110E-23  2.836599E-10   6.882825E-07 LZ5Tmedian  3.088781E+01  0.000000E+00  
3.734493E+02  1.440677E+01  -1.438791E+01  -5.052141E-03  1.000000E+00  2.458938E-02  2.610514E-25  8.789095E-13   5.000000E-01 NotAppl  3.562775E-01  0.000000E+00  
2.224588E+01  3.658789E+01  -3.639985E+01  1.420003E-10  1.000000E+00  3.317567E-02  4.075756E-45  2.199401E-25   5.000000E-01 NotAppl  1.230158E-19  2.477103E-18  
6.094799E+03  2.976183E-02  1.493919E+00  -8.628168E-03  1.000000E+00  4.159864E+00  1.203605E-27  8.626546E-15   5.000000E-01 NotAppl  9.421720E-05  0.000000E+00  
1.639465E+01  4.403824E-04  1.185644E+00  1.717538E-01  1.000000E+00  9.718427E-04  5.307133E-27  5.931591E-07   0.000000E+00 XENON1T_2018  2.248984E-01  2.478278E-01  
6.662894E+03  8.907484E-03  1.050633E+00  1.373436E-03  1.000000E+00  6.716119E+00  8.016958E-28  1.823766E-16   5.000000E-01 NotAppl  5.721366E-05  0.000000E+00  
4.290421E+03  1.936072E+01  -1.882800E+01  1.000733E-09  1.000000E+00  2.870254E-02  2.216165E-25  2.369133E-28   5.000000E-01 NotAppl  2.443286E-02  0.000000E+00  
9.026218E+01  3.962629E-02  6.235293E+01  2.044739E-01  1.000000E+00  2.133269E-03  2.785636E-24  2.642235E-08   0.000000E+00 XENON1T_2018  1.722356E+01  0.000000E+00  
3.842166E+02  2.066477E+01  -1.758663E+01  1.175552E-08  1.000000E+00  1.461549E-02  3.753405E-25  4.489654E-24   5.000000E-01 NotAppl  4.976096E-01  0.000000E+00  
9.227536E+02  2.950033E+02  -2.943852E+02  2.116622E-10  1.000000E+00  1.966668E-04  3.637513E-23  2.427693E-28   5.000000E-01 NotAppl  1.938238E+01  0.000000E+00  
6.153082E+01  1.858087E-02  -1.787119E-02  9.116949E-09  1.000000E+00  4.492262E-03  1.285208E-38  1.149634E-22   5.000000E-01 NotAppl  1.309213E-13  2.082814E-14  
7.644511E+03  3.190646E+01  -3.174909E+01  -2.009577E-09  1.000000E+00  1.097929E-02  5.992279E-25  2.953270E-28   5.000000E-01 NotAppl  3.677509E-02  0.000000E+00  
2.073905E+01  7.860195E-02  1.305896E+02  -7.373314E-08  1.000000E+00  1.704125E-03  1.063367E-39  6.828129E-20   5.000000E-01 NotAppl  3.465642E-14  7.325617E-12  
7.834832E+03  4.956558E+02  -4.930082E+02  -3.983403E-04  1.000000E+00  5.513919E-05  1.361152E-22  1.103846E-17   5.000000E-01 NotAppl  8.148252E+00  0.000000E+00  
2.721298E+02  1.758787E-02  1.517579E-02  3.044706E-07  1.000000E+00  3.129658E-02  2.726719E-25  6.102563E-21   5.000000E-01 NotAppl  5.165391E-01  0.000000E+00  
4.391741E+02  2.638152E+01  -2.637666E+01  1.984354E-10  1.000000E+00  1.304777E-02  4.837642E-25  9.731190E-28   5.000000E-01 NotAppl  5.577325E-01  0.000000E+00  
6.481158E+01  2.918243E-02  -4.442066E-04  -1.476671E-08  1.000000E+00  5.120567E-03  5.648283E-39  2.712573E-22   5.000000E-01 NotAppl  5.483518E-14  0.000000E+00  
3.873737E+02  2.969815E-02  7.661523E+02  -6.069943E-01  1.000000E+00  2.161876E-04  2.117077E-23  1.177132E-08   1.123147E-128 LZ5Tmedian  2.803490E+01  0.000000E+00  
2.022182E+01  4.382711E-04  1.277761E-02  -1.061523E-02  1.000000E+00  2.224100E-03  2.180574E-29  1.488891E-09   6.467500E-52 LZ5Tmedian  7.307189E-04  9.468295E-02  
4.910561E+02  3.823721E+02  -3.760248E+02  -1.153417E-02  1.000000E+00  1.498264E-04  3.670560E-23  2.616398E-12   5.000000E-01 NotAppl  3.766620E+01  0.000000E+00  
7.216425E+01  5.207667E+00  -5.207430E+00  5.317886E-02  1.000000E+00  1.486801E-02  3.793076E-27  2.824855E-09   4.026722E-131 LZ5Tmedian  3.300364E-02  0.000000E+00  
1.291266E+02  2.243690E-03  9.397389E-01  -1.268715E-07  1.000000E+00  7.988628E-03  9.664834E-25  4.882561E-21   5.000000E-01 NotAppl  4.029605E+00  0.000000E+00  
6.085974E+02  1.488861E+02  -1.461320E+02  -1.031894E-07  1.000000E+00  6.333219E-04  9.953368E-24  1.350338E-22   5.000000E-01 NotAppl  8.165774E+00  0.000000E+00  
3.122307E+03  2.125856E-01  2.244935E+00  -1.190902E-05  1.000000E+00  1.451864E+00  3.914181E-27  6.405060E-20   5.000000E-01 NotAppl  6.035643E-04  0.000000E+00  
3.546360E+02  2.620326E+02  -2.612881E+02  -6.583418E-01  1.000000E+00  4.902238E-04  1.315447E-23  1.658990E-08   4.433518E-197 LZ5Tmedian  1.913276E+01  0.000000E+00  
7.051025E+01  4.822018E-02  6.765224E+01  2.330904E-04  1.000000E+00  5.390666E-03  1.083967E-31  5.690271E-14   5.000000E-01 NotAppl  9.658087E-07  0.000000E+00  
4.983661E+02  6.089709E-03  -2.188150E-04  8.022438E-01  1.000000E+00  1.650597E-02  7.183106E-25  1.228059E-08   3.057727E-105 LZ5Tmedian  7.596501E-01  0.000000E+00  
1.373293E+01  8.489543E+02  -8.489538E+02  4.096253E-04  1.000000E+00  1.125537E-01  2.862203E-32  4.798276E-12   5.000000E-01 NotAppl  1.485696E-06  2.337853E-04  
1.338230E+02  2.876915E-03  2.374137E-01  4.993874E-09  1.000000E+00  8.746109E-03  9.154909E-25  7.030525E-24   5.000000E-01 NotAppl  3.681078E+00  0.000000E+00  
1.865467E+03  7.744690E+01  -7.488621E+01  1.654991E-03  1.000000E+00  1.954658E-03  3.398091E-24  3.531224E-15   5.000000E-01 NotAppl  8.774701E-01  0.000000E+00  
1.877699E+01  2.019117E+02  -2.008834E+02  8.390725E-03  1.000000E+00  9.291537E-02  1.324106E-29  1.079363E-09   2.613362E-33 LZ5Tmedian  4.816948E-04  7.835263E-02  
2.496006E+02  3.087177E+02  -3.087171E+02  -7.162544E-01  1.000000E+00  6.400021E-04  1.002208E-23  4.031166E-08   0.000000E+00 LZ5Tmedian  2.170030E+01  0.000000E+00  
1.115807E+03  1.126621E+02  -1.126610E+02  2.110861E-05  1.000000E+00  1.033509E-03  6.729309E-24  1.638399E-18   5.000000E-01 NotAppl  2.947575E+00  0.000000E+00  
1.424778E+01  7.376650E+02  -7.374574E+02  -3.486631E-04  1.000000E+00  1.093654E-01  2.097051E-32  3.231729E-12   5.000000E-01 NotAppl  1.043010E-06  1.690946E-04  
1.678902E+01  4.375404E-01  4.146847E+01  6.750544E-05  1.000000E+00  3.077602E-03  8.257756E-34  8.738520E-14   5.000000E-01 NotAppl  3.406178E-08  9.331534E-07  
7.460316E+03  1.600665E-02  2.367441E-02  4.891866E-03  1.000000E+00  1.761394E+01  3.973393E-28  1.838907E-15   5.000000E-01 NotAppl  2.513522E-05  0.000000E+00  
1.209041E+01  5.622358E+00  -4.043062E+00  -3.562720E-07  1.000000E+00  7.803569E-01  2.074999E-38  4.668331E-18   5.000000E-01 NotAppl  1.248806E-12  1.628747E-10  
9.128044E+01  2.915655E-04  5.329080E-03  -1.037270E-06  1.000000E+00  5.656569E-03  8.452745E-25  6.644985E-19   5.000000E-01 NotAppl  5.144710E+00  0.000000E+00  
2.739391E+01  5.549268E-04  3.494050E-03  -2.862411E-10  1.000000E+00  2.909878E-03  1.902238E-44  5.872378E-25   5.000000E-01 NotAppl  4.568570E-19  1.051974E-16  
1.383527E+03  2.728595E-02  -2.714190E-02  2.623566E-05  1.000000E+00  6.881351E-01  1.142681E-26  1.632085E-18   5.000000E-01 NotAppl  4.024826E-03  0.000000E+00  
7.115805E+02  6.884520E-03  -6.761662E-03  -1.061125E-01  1.000000E+00  1.788704E-01  4.782557E-26  1.037424E-10   2.383411E-01 NotAppl  3.365570E-02  0.000000E+00  
4.247522E+02  4.438463E-02  -4.349753E-02  -4.176374E+00  1.000000E+00  2.673518E-04  5.268516E-23  4.615238E-07   0.000000E+00 XENON1T_2018  7.253449E+01  0.000000E+00  
3.187149E+03  3.889813E+02  -3.857557E+02  9.176311E-05  1.000000E+00  9.116922E-05  7.881727E-23  3.647030E-18   5.000000E-01 NotAppl  1.176260E+01  0.000000E+00  
7.960287E+03  1.908170E+01  -1.726551E+01  9.115895E-09  1.000000E+00  3.050303E-02  2.158082E-25  5.597394E-27   5.000000E-01 NotAppl  1.271435E-02  0.000000E+00  
8.329099E+03  3.465873E-02  -2.485524E-02  1.800109E-03  1.000000E+00  2.181348E+01  3.188421E-28  1.990838E-16   5.000000E-01 NotAppl  1.804190E-05  0.000000E+00  
9.506314E+01  2.616446E+02  -2.616444E+02  1.405949E-09  1.000000E+00  2.627779E-03  2.011004E-24  1.123328E-24   5.000000E-01 NotAppl  1.162434E+01  0.000000E+00  
3.166441E+02  5.786169E+02  -5.785799E+02  1.791053E-06  1.000000E+00  2.124849E-04  3.202245E-23  1.548470E-19   5.000000E-01 NotAppl  5.208263E+01  0.000000E+00  
3.650190E+01  2.453130E-04  2.258142E+01  4.631660E+00  1.000000E+00  2.735109E-04  6.254221E-25  8.593632E-05   0.000000E+00 XENON1T_2018  1.040938E+01  2.928568E-01  
1.552560E+03  1.262733E-03  2.383490E+02  3.216325E-04  1.000000E+00  3.801509E-04  1.308052E-23  1.939073E-16   5.000000E-01 NotAppl  4.165789E+00  0.000000E+00  
2.287045E+02  2.454083E-02  1.862828E-03  -1.386574E-04  1.000000E+00  2.264443E-02  3.759365E-25  1.807058E-15   5.000000E-01 NotAppl  8.539127E-01  0.000000E+00  
3.735483E+02  1.760074E-04  2.807512E+02  -4.173708E-08  1.000000E+00  5.220574E-04  9.322145E-24  5.995172E-23   5.000000E-01 NotAppl  1.277316E+01  0.000000E+00  
5.524391E+02  8.754236E-04  3.416494E-04  2.068975E-05  1.000000E+00  1.201164E-01  6.999382E-26  6.616647E-18   5.000000E-01 NotAppl  6.349715E-02  0.000000E+00  
6.000927E+01  4.164961E-04  1.392668E-01  -4.132963E-04  1.000000E+00  4.059076E-03  4.092675E-30  2.486419E-13   5.000000E-01 NotAppl  4.278952E-05  6.818075E-05  
3.220013E+03  4.969492E+01  -4.571322E+01  -3.183011E-09  1.000000E+00  4.612427E-03  1.441689E-24  4.297460E-27   5.000000E-01 NotAppl  2.129334E-01  0.000000E+00  
7.590936E+02  2.079077E-02  -9.370847E-03  5.769918E-03  1.000000E+00  2.199060E-01  3.754308E-26  2.687896E-13   5.000000E-01 NotAppl  2.451869E-02  0.000000E+00  
4.535134E+03  8.634004E+02  -8.634002E+02  3.773436E-10  1.000000E+00  2.132852E-05  3.615783E-22  3.009088E-29   5.000000E-01 NotAppl  3.767571E+01  0.000000E+00  
6.546306E+02  1.946183E+01  -1.946142E+01  1.607528E-04  1.000000E+00  2.421490E-02  2.638132E-25  2.823374E-16   5.000000E-01 NotAppl  2.006447E-01  0.000000E+00  
9.488712E+01  5.636076E-04  7.790412E+00  -4.484207E-03  1.000000E+00  4.674877E-03  1.135950E-24  1.147066E-11   3.636800E-01 NotAppl  6.542059E+00  0.000000E+00  
3.516802E+01  1.518132E+01  1.564100E+01  -1.075430E-06  1.000000E+00  3.210642E+00  3.671999E-37  4.996848E-18   5.000000E-01 NotAppl  6.724135E-12  3.163118E-10  
1.434848E+02  1.867057E-01  -1.848782E-01  5.609367E-10  1.000000E+00  9.860025E-03  8.236322E-25  7.689100E-26   5.000000E-01 NotAppl  3.082842E+00  0.000000E+00  
8.926145E+01  4.860021E+00  -4.797726E+00  -1.907533E-08  1.000000E+00  6.263973E-03  7.881241E-25  2.352681E-22   5.000000E-01 NotAppl  4.927089E+00  0.000000E+00  
2.062077E+01  2.982561E-01  -2.958159E-01  -1.014779E-02  1.000000E+00  5.086958E-03  2.009210E-29  1.308305E-09   3.915324E-47 LZ5Tmedian  6.585857E-04  9.063001E-02  
5.648085E+01  1.993051E+01  -1.968832E+01  1.316876E-07  1.000000E+00  4.486081E-03  7.521884E-38  2.856474E-20   5.000000E-01 NotAppl  8.409862E-13  1.060351E-11  
1.389753E+01  4.437433E+00  -4.382965E+00  3.901454E-09  1.000000E+00  1.095819E-01  2.606017E-42  4.251200E-22   5.000000E-01 NotAppl  1.333886E-16  1.990441E-14  
1.817421E+01  3.158333E+02  -1.595515E+02  1.439946E-04  1.000000E+00  1.538364E+05  3.855240E-33  3.393397E-13   5.000000E-01 NotAppl  1.454548E-07  2.834586E-05  
5.676159E+01  6.215490E-03  -6.060570E-03  -1.943656E-07  1.000000E+00  3.463769E-03  1.794996E-37  6.160089E-20   5.000000E-01 NotAppl  1.988552E-12  2.258756E-11  
1.930736E+01  1.735964E+01  5.843624E+02  -8.970202E-07  1.000000E+00  2.108363E+04  1.528976E-37  1.166620E-17   5.000000E-01 NotAppl  5.393058E-12  3.087669E-10  
3.368235E+01  1.565009E+00  9.616070E+01  -1.821987E-02  1.000000E+00  1.323221E-03  9.810612E-29  1.565542E-09   1.145224E-86 LZ5Tmedian  1.881482E-03  2.104290E-01  
5.632517E+02  2.357564E+00  -1.997625E+00  -3.895438E+00  1.000000E+00  7.025647E-04  1.765117E-23  2.254389E-07   0.000000E+00 XENON1T_2018  1.764814E+01  0.000000E+00  
2.370735E+03  6.348060E-04  2.434801E+00  -2.966092E-01  1.000000E+00  9.669092E-01  6.915841E-27  6.960334E-11   5.000000E-01 NotAppl  1.446228E-03  0.000000E+00  
2.060309E+03  7.637159E-03  3.365993E+01  3.432336E-09  1.000000E+00  1.513934E-02  3.060548E-25  1.240508E-26   5.000000E-01 NotAppl  7.290407E-02  0.000000E+00  
1.117774E+02  2.251875E+02  -2.251286E+02  5.374844E-07  1.000000E+00  1.848741E-03  3.037223E-24  1.177903E-19   5.000000E-01 NotAppl  1.492120E+01  0.000000E+00  
1.214299E+03  2.008866E-01  -2.004761E-01  4.258768E+00  1.000000E+00  4.555862E-03  2.835759E-24  5.611890E-08   1.913361E-199 LZ5Tmedian  1.196560E+00  0.000000E+00  
2.192436E+02  7.471846E+01  -7.380937E+01  2.206557E-08  1.000000E+00  2.401415E-03  2.418547E-24  4.990096E-23   5.000000E-01 NotAppl  5.788715E+00  0.000000E+00  
8.900650E+01  1.598862E+02  -8.678596E+01  3.062205E+00  1.000000E+00  1.863366E-05  1.864070E-22  6.098641E-06   0.000000E+00 XENON1T_2018  1.169497E+03  0.000000E+00  
2.520238E+03  2.055607E+00  -2.055308E+00  6.095836E-02  1.000000E+00  9.958925E-01  6.957683E-27  2.595617E-12   5.000000E-01 NotAppl  1.324586E-03  0.000000E+00  
6.125472E+03  2.449715E-03  -2.152269E-03  2.515353E-01  1.000000E+00  8.060400E+00  9.999151E-28  7.257164E-12   5.000000E-01 NotAppl  7.902122E-05  0.000000E+00  
4.184910E+01  2.997069E-04  2.161413E+01  -7.794642E-06  1.000000E+00  3.025110E-04  2.925478E-35  1.843360E-16   5.000000E-01 NotAppl  4.466076E-10  6.446008E-08  
2.012293E+01  1.215336E-02  2.605506E+02  -3.730916E+00  1.000000E+00  1.245199E-03  7.280538E-25  1.857415E-04   0.000000E+00 XENON1T_2018  2.438866E+01  3.333446E-01  
4.452176E+03  2.823918E+00  3.707369E+01  2.107653E+00  1.000000E+00  9.308877E-03  6.582167E-25  9.746855E-10   1.128489E-01 NotAppl  7.158773E-02  0.000000E+00  
1.095471E+01  2.259052E+01  3.677049E+01  3.040082E-04  1.000000E+00  4.873815E+04  1.451487E-32  4.126128E-12   5.000000E-01 NotAppl  9.809918E-07  3.346590E-05  
2.158665E+03  3.628139E+00  -3.625395E+00  7.306259E-10  1.000000E+00  5.027653E-01  1.246568E-26  5.111512E-28   5.000000E-01 NotAppl  2.775606E-03  0.000000E+00  
1.028918E+01  2.662746E+01  -2.661877E+01  -2.695556E-05  1.000000E+00  2.100501E-01  1.106780E-34  3.667129E-14   5.000000E-01 NotAppl  8.051161E-09  1.957200E-07  
2.481351E+01  8.972157E-03  8.472056E-01  5.038045E-01  1.000000E+00  2.055693E-03  5.462026E-26  2.221537E-06   0.000000E+00 XENON1T_2018  1.465954E+00  2.498603E-01  
1.045950E+01  9.210763E+02  -9.210745E+02  -1.050406E-08  1.000000E+00  2.030437E-01  1.694936E-41  5.392767E-21   5.000000E-01 NotAppl  1.209555E-15  1.554313E-13  
2.646886E+01  4.379651E+01  1.080070E+01  -6.269295E-08  1.000000E+00  8.893486E+05  8.869928E-40  3.019529E-20   5.000000E-01 NotAppl  2.214791E-14  5.088516E-12  
1.880914E+03  4.783337E+02  -4.783336E+02  -7.188734E-02  1.000000E+00  7.251720E-05  1.031689E-22  6.551498E-12   5.000000E-01 NotAppl  2.641491E+01  0.000000E+00  
6.690787E+02  3.363522E-02  1.233054E-01  1.890962E-08  1.000000E+00  1.727622E-01  4.809757E-26  3.736304E-24   5.000000E-01 NotAppl  3.578701E-02  0.000000E+00  
4.028600E+02  5.330251E+01  6.950873E+02  6.144647E-01  1.000000E+00  1.040086E-04  3.206233E-23  1.113301E-08   3.093616E-117 LZ5Tmedian  4.069153E+01  0.000000E+00  
2.673873E+02  4.027525E+02  -4.027510E+02  -1.620707E-01  1.000000E+00  3.760407E-04  1.758848E-23  1.792541E-09   1.663411E-28 LZ5Tmedian  3.420575E+01  0.000000E+00  
1.421076E+01  2.032750E-04  6.683674E+01  -4.343296E+00  1.000000E+00  6.999344E-04  5.715074E-25  5.040844E-04   0.000000E+00 XENON1T_2018  2.859749E+01  3.333290E-01  
1.116130E+01  3.993489E-02  2.572096E+01  2.750152E-07  1.000000E+00  5.766494E-04  1.197681E-38  3.255181E-18   5.000000E-01 NotAppl  7.918733E-13  3.477804E-11  
1.207428E+01  1.430099E+00  -1.422713E+00  -8.746993E-09  1.000000E+00  8.810063E-02  1.250138E-41  2.821355E-21   5.000000E-01 NotAppl  7.536950E-16  1.067672E-13  
1.645125E+01  3.840878E+00  -3.262086E+00  1.438415E-05  1.000000E+00  9.581827E-02  3.725915E-35  4.131822E-15   5.000000E-01 NotAppl  1.572063E-09  2.680728E-07  
1.711682E+03  2.789710E-04  9.931307E-03  4.288647E-01  1.000000E+00  4.250392E-01  2.285733E-26  2.825718E-10   1.942283E-01 NotAppl  6.731866E-03  0.000000E+00  
3.393174E+01  2.602817E-03  5.428450E+01  -4.333723E-08  1.000000E+00  1.103926E-03  5.615265E-40  8.725619E-21   5.000000E-01 NotAppl  1.070013E-14  2.252988E-12  
9.321047E+02  5.972120E-02  -5.003649E-02  -7.948737E-04  1.000000E+00  3.249701E-01  2.500744E-26  3.353999E-15   5.000000E-01 NotAppl  1.321640E-02  0.000000E+00  
5.654620E+01  3.402273E-01  9.824284E+02  5.500871E-07  1.000000E+00  3.820408E-03  1.340286E-36  4.972548E-19   5.000000E-01 NotAppl  1.496903E-11  1.837451E-10  
8.605403E+01  2.278128E-04  3.432737E+02  -1.181945E-09  1.000000E+00  4.344501E-03  7.063774E-25  9.736055E-25   5.000000E-01 NotAppl  4.582282E+00  0.000000E+00  
2.140853E+01  3.581041E+00  1.491132E+01  9.351895E-09  1.000000E+00  1.671549E-01  1.735254E-41  1.030492E-21   5.000000E-01 NotAppl  5.458275E-16  4.302982E-14  
4.612943E+01  5.561761E-02  -5.060841E-02  2.019874E-09  1.000000E+00  2.660837E-04  2.872350E-42  1.015280E-23   5.000000E-01 NotAppl  3.962448E-17  3.931998E-15  
2.267088E+01  6.257500E+00  -6.239876E+00  -2.188226E-10  1.000000E+00  3.054236E-02  9.775086E-45  5.027656E-25   5.000000E-01 NotAppl  2.888454E-19  4.876439E-17  
4.805739E+02  1.443912E+00  -1.345612E+00  8.154346E-10  1.000000E+00  8.778962E-02  9.319648E-26  1.366708E-26   5.000000E-01 NotAppl  9.770112E-02  0.000000E+00  
1.460230E+01  4.632353E-04  1.292970E+00  -2.032409E-09  1.000000E+00  7.831342E-04  7.178286E-43  1.045820E-22   5.000000E-01 NotAppl  3.470602E-17  5.722863E-15  
6.057504E+03  3.607727E-02  -3.452863E-02  -2.410356E+00  1.000000E+00  2.838215E-01  3.894150E-26  6.816782E-10   3.255484E-01 NotAppl  3.213229E-03  0.000000E+00  
6.346066E+01  6.295475E+02  -6.280995E+02  6.439831E-04  1.000000E+00  1.249692E-02  6.340432E-29  5.385627E-13   5.000000E-01 NotAppl  6.288015E-04  0.000000E+00  
2.092729E+03  4.884108E-03  -4.764398E-03  -1.759749E-02  1.000000E+00  1.511697E+00  5.029919E-27  3.158690E-13   5.000000E-01 NotAppl  1.159311E-03  0.000000E+00  
2.451788E+01  8.794099E-04  1.096571E-01  6.291868E-10  1.000000E+00  2.563162E-03  8.460514E-44  3.549686E-24   5.000000E-01 NotAppl  2.296689E-18  5.201378E-16  
2.495239E+02  1.199513E-04  4.654186E+00  -2.579868E-01  1.000000E+00  1.512857E-02  5.717647E-25  5.233167E-09   2.750478E-87 LZ5Tmedian  1.250032E+00  0.000000E+00  
1.774475E+03  4.326418E+02  1.921424E+01  -1.045244E-10  1.000000E+00  2.868150E-05  1.277693E-22  1.559663E-29   5.000000E-01 NotAppl  3.497839E+01  0.000000E+00  
1.617608E+01  7.105467E-03  3.000214E-02  2.408141E-09  1.000000E+00  1.535546E-03  1.038964E-42  1.197694E-22   5.000000E-01 NotAppl  4.468422E-17  8.001498E-15  
8.563969E+01  3.546747E-01  -3.541980E-01  -6.273700E-05  1.000000E+00  6.192046E-03  6.957472E-25  2.770331E-15   5.000000E-01 NotAppl  4.535371E+00  0.000000E+00  
1.404939E+03  5.649724E+00  1.823491E+01  -4.444434E-03  1.000000E+00  2.973556E-02  1.801129E-25  4.539297E-14   5.000000E-01 NotAppl  6.335331E-02  0.000000E+00  
3.578222E+02  9.956953E+01  -3.485770E+01  -2.417263E-07  1.000000E+00  6.405040E-04  5.179533E-24  2.196027E-21   5.000000E-01 NotAppl  7.408242E+00  0.000000E+00  
5.108231E+03  8.485115E-02  -6.778919E-02  2.676089E-07  1.000000E+00  8.412554E+00  8.490478E-28  1.188176E-23   5.000000E-01 NotAppl  7.883380E-05  0.000000E+00  
3.337208E+01  1.717840E-02  -1.061294E-02  -1.659655E-03  1.000000E+00  1.379817E-03  8.025810E-31  1.323619E-11   1.886205E-01 NotAppl  1.556897E-05  3.284297E-03  
6.082317E+01  2.309927E-03  2.793481E+02  -6.005999E-06  1.000000E+00  3.957790E-03  1.883308E-33  5.108377E-17   5.000000E-01 NotAppl  1.951255E-08  1.185556E-08  
1.378662E+01  3.760099E+02  1.370605E+01  1.952748E-01  1.000000E+00  3.713614E-01  6.512407E-27  1.082048E-06   0.000000E+00 XENON1T_2018  3.365209E-01  9.815312E-01  
2.545360E+02  1.034863E+02  -1.030247E+02  2.815024E-04  1.000000E+00  1.565115E-03  3.977879E-24  5.981928E-15   5.000000E-01 NotAppl  8.144220E+00  0.000000E+00  
4.530684E+01  1.920541E+01  -1.907884E+01  6.052783E-03  1.000000E+00  4.151686E-05  2.375142E-29  9.457125E-11   5.156141E-06 LZ5Tmedian  3.337762E-04  3.349202E-02  
1.787722E+03  4.584907E+02  -4.584899E+02  5.411667E-05  1.000000E+00  7.878549E-05  9.479302E-23  4.117889E-18   5.000000E-01 NotAppl  2.557030E+01  0.000000E+00  
2.052406E+02  5.112381E-03  7.646050E+01  1.153210E-06  1.000000E+00  3.725331E-03  1.396538E-24  1.560378E-19   5.000000E-01 NotAppl  3.528382E+00  0.000000E+00  
3.094434E+02  5.113370E+02  -5.104490E+02  2.850372E-04  1.000000E+00  2.245194E-04  2.848331E-23  4.110967E-15   5.000000E-01 NotAppl  4.746261E+01  0.000000E+00  
9.895620E+03  1.776535E-01  3.041433E-01  -4.827114E-04  1.000000E+00  2.078929E+01  3.062833E-28  1.008868E-17   5.000000E-01 NotAppl  1.460193E-05  0.000000E+00  
1.294741E+02  7.247639E-02  1.129359E-01  1.259904E-03  1.000000E+00  8.239448E-03  9.643229E-25  4.788520E-13   5.000000E-01 NotAppl  4.010166E+00  0.000000E+00  
1.444044E+01  6.171614E-04  6.274358E-02  -6.019146E-09  1.000000E+00  1.152833E-03  6.275140E-42  9.378127E-22   5.000000E-01 NotAppl  3.073974E-16  5.035230E-14  
2.104416E+01  5.371102E-03  -4.749143E-03  -3.051959E-07  1.000000E+00  2.471993E-03  1.833640E-38  1.136028E-18   5.000000E-01 NotAppl  5.881038E-13  1.252832E-10  
8.013447E+02  4.974302E+00  -4.130808E+00  -1.116641E-06  1.000000E+00  1.477343E-01  4.835366E-26  9.012564E-21   5.000000E-01 NotAppl  2.985051E-02  0.000000E+00  
6.171631E+03  6.364060E+02  -6.363867E+02  1.935130E-06  1.000000E+00  3.547305E-05  2.153245E-22  4.230228E-22   5.000000E-01 NotAppl  1.641368E+01  0.000000E+00  
5.489899E+03  2.810278E-01  9.466574E+01  5.749684E-06  1.000000E+00  2.056348E-03  2.393181E-24  4.737528E-21   5.000000E-01 NotAppl  2.099832E-01  0.000000E+00  
2.424382E+02  4.680302E+01  3.065401E+01  5.578938E-03  1.000000E+00  1.313743E-03  2.392506E-24  2.595984E-12   5.000000E-01 NotAppl  5.120457E+00  0.000000E+00  
2.886283E+02  7.434107E+02  -6.909272E+02  1.810852E-05  1.000000E+00  1.066035E-04  3.192183E-23  1.913529E-17   5.000000E-01 NotAppl  5.723918E+01  0.000000E+00  
8.645018E+03  9.188638E+02  -9.069517E+02  3.244882E-08  1.000000E+00  1.674945E-05  4.474981E-22  5.997932E-26   5.000000E-01 NotAppl  2.425104E+01  0.000000E+00  
1.335868E+01  1.225916E+01  1.848777E+02  1.668286E-08  1.000000E+00  1.723892E+04  4.706735E-41  8.406400E-21   5.000000E-01 NotAppl  2.522656E-15  2.295335E-13  
6.334817E+01  5.376054E-01  -5.359538E-01  1.987601E-10  1.000000E+00  5.732090E-03  7.763154E-42  5.148948E-26   5.000000E-01 NotAppl  7.673122E-17  0.000000E+00  
4.909787E+02  3.529246E-01  8.218141E-02  2.554792E+00  1.000000E+00  2.207030E-03  5.813893E-24  1.284051E-07   0.000000E+00 XENON1T_2018  6.119450E+00  0.000000E+00  
7.202489E+03  1.425703E+02  -1.229305E+02  7.640712E-02  1.000000E+00  5.843830E-04  1.190230E-23  4.818459E-13   5.000000E-01 NotAppl  7.760014E-01  0.000000E+00  
2.405376E+02  9.204024E-03  3.342047E+01  6.977294E-09  1.000000E+00  9.702854E-03  5.977785E-25  4.126440E-24   5.000000E-01 NotAppl  1.285292E+00  0.000000E+00  
6.330723E+01  6.240745E-03  -4.871420E-03  6.863844E-07  1.000000E+00  4.805596E-03  1.022710E-34  6.148483E-19   5.000000E-01 NotAppl  1.011511E-09  0.000000E+00  
1.485753E+02  1.735781E-04  1.651980E-04  1.016342E-03  1.000000E+00  1.050423E-02  7.807595E-25  2.350116E-13   5.000000E-01 NotAppl  2.817831E+00  0.000000E+00  
6.810504E+01  7.943701E-01  -7.928231E-01  -4.554774E-09  1.000000E+00  7.371676E-03  8.729353E-41  2.332372E-23   5.000000E-01 NotAppl  8.057055E-16  0.000000E+00  
3.900708E+01  1.281753E-04  4.009184E+00  -5.796326E-06  1.000000E+00  4.090624E-05  1.326599E-35  1.176071E-16   5.000000E-01 NotAppl  2.176147E-10  3.317810E-08  
6.473124E+02  4.846066E+00  -4.830751E+00  1.242881E-05  1.000000E+00  1.129849E-01  6.501382E-26  1.726984E-18   5.000000E-01 NotAppl  5.004907E-02  0.000000E+00  
2.286417E+01  5.518606E+01  -3.912081E+01  -1.190746E-09  1.000000E+00  1.874555E+03  2.907537E-43  1.463506E-23   5.000000E-01 NotAppl  8.518495E-18  8.266076E-16  
5.418990E+03  1.706944E-03  2.848204E-02  7.104950E-09  1.000000E+00  9.488489E+00  7.509409E-28  7.427845E-27   5.000000E-01 NotAppl  6.567108E-05  0.000000E+00  
1.285668E+03  1.779064E-01  -1.752896E-01  1.978607E-02  1.000000E+00  5.933056E-01  1.335118E-26  1.078104E-12   5.000000E-01 NotAppl  5.069826E-03  0.000000E+00  
3.300827E+03  2.484838E-04  1.487056E-02  3.890687E-05  1.000000E+00  3.637763E+00  2.020563E-27  6.104922E-19   5.000000E-01 NotAppl  2.924083E-04  0.000000E+00  
2.434395E+02  2.790038E-03  4.596907E-01  1.435461E+00  1.000000E+00  1.546590E-03  8.262769E-24  1.704178E-07   0.000000E+00 XENON1T_2018  1.811930E+01  0.000000E+00  
7.409623E+03  1.158550E+01  -1.017644E+01  8.243615E-10  1.000000E+00  8.049383E-02  8.009972E-26  5.294944E-29   5.000000E-01 NotAppl  5.074069E-03  0.000000E+00  
1.470627E+01  5.240185E-02  2.112057E+02  -1.866129E-07  1.000000E+00  9.335272E-04  6.064556E-39  8.693569E-19   5.000000E-01 NotAppl  2.909159E-13  4.834776E-11  
1.009345E+01  9.459519E+00  -9.253585E+00  -4.261170E-02  1.000000E+00  2.361136E-01  2.737222E-28  9.514147E-08   0.000000E+00 LZ5Tmedian  2.037015E-02  2.823957E-01  
8.416668E+02  2.573798E-04  5.259708E-03  -1.626975E-01  1.000000E+00  2.212584E-01  3.966374E-26  1.730762E-10   1.316357E-01 NotAppl  2.365341E-02  0.000000E+00  
1.021153E+01  6.117037E+00  1.