MD1           DMP           DM3           l345          ld           Omegah2       sigV          protonSI      PvalDD        expName      CMB_ID        brH_DMDM      
1.645805E+03  3.793837E+01  -3.793792E+01  -2.466251E-02  1.000000E+00  7.934368E-03  8.264498E-25  1.012309E-12   5.000000E-01 NotAppl  2.426829E-01  0.000000E+00  
5.275538E+01  1.493002E-03  1.125934E+01  3.565143E-03  1.000000E+00  2.625726E-03  2.239198E-29  2.406161E-11   5.086252E-02 LZ5Tmedian  2.687330E-04  9.458673E-03  
1.312807E+03  2.918614E-02  5.481644E+00  3.714943E-07  1.000000E+00  2.825748E-01  2.085264E-26  3.641999E-22   5.000000E-01 NotAppl  7.805157E-03  0.000000E+00  
9.906526E+01  6.757225E-04  2.649275E-02  -5.583580E-07  1.000000E+00  5.782713E-03  1.224750E-24  1.628112E-19   5.000000E-01 NotAppl  6.731916E+00  0.000000E+00  
4.351933E+02  1.153281E+01  -1.153156E+01  3.095071E-06  1.000000E+00  3.552707E-02  1.863380E-25  2.411898E-19   5.000000E-01 NotAppl  2.167112E-01  0.000000E+00  
2.373598E+02  4.322269E+01  -4.015525E+01  -1.189053E-02  1.000000E+00  4.265723E-03  1.154917E-24  1.231506E-11   5.000000E-01 NotAppl  2.539470E+00  0.000000E+00  
1.146638E+01  6.797844E-01  -1.575768E-01  -2.078973E-04  1.000000E+00  8.299169E-03  6.922235E-33  1.764282E-12   5.000000E-01 NotAppl  4.432947E-07  6.066431E-05  
7.622524E+01  2.958454E-02  1.562025E+01  4.844405E-07  1.000000E+00  6.103463E-03  1.484306E-37  2.096192E-19   5.000000E-01 NotAppl  1.222077E-12  0.000000E+00  
1.931416E+02  1.127898E+01  -4.817531E+00  -5.070634E-02  1.000000E+00  8.000219E-03  5.337352E-25  3.416749E-10   6.795730E-08 LZ5Tmedian  1.451310E+00  0.000000E+00  
1.084409E+01  1.162547E-01  2.339579E+02  2.124072E-05  1.000000E+00  7.501566E-04  7.052834E-35  2.054692E-14   5.000000E-01 NotAppl  4.823850E-09  6.346744E-07  
5.644276E+01  2.186626E+02  -2.186598E+02  1.952807E-03  1.000000E+00  4.306933E-03  1.634260E-29  6.290088E-12   4.681547E-01 NotAppl  1.821573E-04  2.329144E-03  
7.030616E+02  1.146354E+02  -1.144469E+02  -2.614345E-03  1.000000E+00  1.060171E-03  6.475386E-24  6.454109E-14   5.000000E-01 NotAppl  4.572018E+00  0.000000E+00  
4.036401E+01  8.611709E-03  -5.043000E-03  1.886449E-06  1.000000E+00  6.819058E-05  1.537888E-36  1.162049E-17   5.000000E-01 NotAppl  2.438327E-11  3.881104E-09  
2.445748E+03  1.549032E-04  1.555699E+01  -2.959449E-10  1.000000E+00  6.594333E-02  6.858913E-26  6.503250E-29   5.000000E-01 NotAppl  1.369486E-02  0.000000E+00  
1.698941E+01  5.859320E+02  -5.634346E+02  -6.317575E-10  1.000000E+00  2.592896E+05  7.259175E-44  7.474341E-24   5.000000E-01 NotAppl  2.953283E-18  1.782222E-16  
4.654558E+02  2.688624E+01  -2.651053E+01  -3.062810E-09  1.000000E+00  1.276789E-02  4.884828E-25  2.058409E-25   5.000000E-01 NotAppl  5.300162E-01  0.000000E+00  
9.659256E+03  1.034719E+01  -1.034699E+01  2.285922E-09  1.000000E+00  9.644533E-02  6.341582E-26  2.376287E-28   5.000000E-01 NotAppl  3.072284E-03  0.000000E+00  
1.290367E+03  5.326863E+01  7.865316E+02  6.632828E-10  1.000000E+00  4.049700E-05  9.759864E-23  1.202559E-27   5.000000E-01 NotAppl  3.757145E+01  0.000000E+00  
9.781854E+02  4.113456E-02  -1.242752E-02  1.487112E-09  1.000000E+00  3.561915E-01  2.273091E-26  1.063825E-26   5.000000E-01 NotAppl  1.143053E-02  0.000000E+00  
1.657711E+03  5.885559E+00  -5.884696E+00  2.604301E-08  1.000000E+00  2.211190E-01  2.831206E-26  1.112332E-24   5.000000E-01 NotAppl  8.261632E-03  0.000000E+00  
3.386075E+01  8.088469E-01  -8.068280E-01  3.499530E-07  1.000000E+00  1.290152E-03  3.649454E-38  5.713984E-19   5.000000E-01 NotAppl  6.959233E-13  1.457997E-10  
5.993254E+01  3.018604E-01  -3.013765E-01  -3.915661E+00  1.000000E+00  1.311704E-03  6.365293E-24  2.237665E-05   0.000000E+00 XENON1T_2018  7.312586E+01  2.577338E-01  
4.997986E+01  2.260823E+01  -1.691055E+01  -4.367968E+00  1.000000E+00  7.374895E-04  4.098712E-24  4.032468E-05   0.000000E+00 XENON1T_2018  5.261144E+01  5.715532E-01  
2.563359E+03  6.934370E+02  -6.619915E+02  4.327271E-09  1.000000E+00  2.719545E-05  2.142478E-22  1.263567E-26   5.000000E-01 NotAppl  3.994145E+01  0.000000E+00  
3.803611E+03  1.545423E-01  2.977654E-01  5.613475E-07  1.000000E+00  4.502485E+00  1.591835E-27  9.523732E-23   5.000000E-01 NotAppl  1.995082E-04  0.000000E+00  
7.697411E+02  4.542551E+02  -4.542550E+02  5.733457E-06  1.000000E+00  1.142361E-04  6.445457E-23  2.579579E-19   5.000000E-01 NotAppl  4.142776E+01  0.000000E+00  
5.315417E+01  3.745646E+02  4.883137E+02  4.814382E-01  1.000000E+00  4.637230E-03  4.408017E-25  4.320998E-07   0.000000E+00 XENON1T_2018  5.231183E+00  9.942927E-01  
8.691564E+01  6.494892E+00  -6.451098E+00  -1.075641E-05  1.000000E+00  6.440530E-03  7.574523E-25  7.900532E-17   5.000000E-01 NotAppl  4.864222E+00  0.000000E+00  
1.049507E+02  3.210401E+00  -3.206802E+00  -1.237678E+00  1.000000E+00  4.898905E-04  1.591154E-23  7.107182E-07   0.000000E+00 XENON1T_2018  8.306748E+01  0.000000E+00  
3.705553E+01  5.735252E+01  1.261219E+02  5.785000E-04  1.000000E+00  6.121647E+03  1.175161E-31  1.300262E-12   5.000000E-01 NotAppl  2.038911E-06  3.849431E-04  
1.350920E+01  7.003897E+01  -7.003866E+01  -3.227056E-10  1.000000E+00  1.167828E-01  1.767328E-44  3.076459E-24   5.000000E-01 NotAppl  9.348006E-19  1.453013E-16  
1.712052E+02  2.299892E-03  9.573808E+02  -3.368473E+00  1.000000E+00  6.536893E-06  1.788484E-21  1.930486E-06   0.000000E+00 XENON1T_2018  6.559183E+03  0.000000E+00  
1.948246E+02  5.330761E+00  1.820834E+02  1.377193E-09  1.000000E+00  1.176583E-03  3.293333E-24  2.476030E-25   5.000000E-01 NotAppl  8.759982E+00  0.000000E+00  
2.133225E+03  1.368822E+01  2.077745E+01  -3.898433E-09  1.000000E+00  1.370489E-02  4.299890E-25  1.490829E-26   5.000000E-01 NotAppl  9.830447E-02  0.000000E+00  
5.564660E+01  2.871711E-01  3.274552E+01  -4.477893E-05  1.000000E+00  3.574202E-03  6.802205E-33  3.404621E-15   5.000000E-01 NotAppl  7.724006E-08  1.302237E-06  
1.311569E+03  4.196789E+00  -4.174159E+00  9.758854E-04  1.000000E+00  2.923287E-01  2.309745E-26  2.518078E-15   5.000000E-01 NotAppl  8.581491E-03  0.000000E+00  
7.135387E+03  3.235121E+00  -3.038722E+00  2.042678E-08  1.000000E+00  8.828124E-01  6.623013E-27  3.509932E-26   5.000000E-01 NotAppl  4.360024E-04  0.000000E+00  
3.549038E+02  1.067854E-01  -3.889091E-02  3.362004E-01  1.000000E+00  2.527977E-02  4.147167E-25  4.319827E-09   8.107974E-52 LZ5Tmedian  6.160612E-01  0.000000E+00  
1.215518E+02  4.047434E+02  -4.041280E+02  1.025072E-06  1.000000E+00  1.255508E-03  4.154603E-24  3.607868E-19   5.000000E-01 NotAppl  1.876584E+01  0.000000E+00  
8.601315E+02  1.731138E-04  3.151398E-04  1.161796E-08  1.000000E+00  2.790488E-01  2.931131E-26  8.442841E-25   5.000000E-01 NotAppl  1.682869E-02  0.000000E+00  
5.358126E+01  6.176297E+00  -2.563976E-01  5.094211E-09  1.000000E+00  1.814864E-02  5.380456E-41  4.759603E-23   5.000000E-01 NotAppl  6.353117E-16  1.119540E-14  
3.859042E+01  1.450396E+01  3.669238E+01  -5.234830E-07  1.000000E+00  1.045795E+00  1.053975E-37  9.804223E-19   5.000000E-01 NotAppl  1.751945E-12  7.511186E-11  
2.254324E+02  2.405009E-01  7.521874E+02  -3.543057E-05  1.000000E+00  5.035885E-04  9.096648E-24  1.215246E-16   5.000000E-01 NotAppl  2.083423E+01  0.000000E+00  
3.776686E+01  1.167084E-01  3.629065E+02  2.976793E+00  1.000000E+00  9.062153E-05  1.306415E-24  3.312411E-05   0.000000E+00 XENON1T_2018  2.261917E+01  3.336729E-01  
2.567814E+03  5.123149E+02  -3.251206E+02  -2.389340E-08  1.000000E+00  2.896685E-05  1.347273E-22  3.838756E-25   5.000000E-01 NotAppl  2.510709E+01  0.000000E+00  
6.052956E+01  8.423054E+02  -8.422997E+02  -4.763135E-06  1.000000E+00  7.050547E-03  8.614147E-34  3.244791E-17   5.000000E-01 NotAppl  8.928251E-09  8.075769E-09  
2.060538E+02  1.637821E+00  -1.637235E+00  -9.291634E-04  1.000000E+00  1.750008E-02  4.567432E-25  1.004796E-13   5.000000E-01 NotAppl  1.156858E+00  0.000000E+00  
6.230525E+01  1.609612E-02  2.332481E-02  2.081408E-01  1.000000E+00  1.127965E-05  1.626297E-22  5.841025E-08   0.000000E+00 XENON1T_2018  1.638045E+03  2.489968E-01  
1.338753E+03  5.250103E-01  -5.045467E-01  9.593356E-06  1.000000E+00  6.322215E-01  1.236284E-26  2.333671E-19   5.000000E-01 NotAppl  4.503855E-03  0.000000E+00  
3.190707E+03  1.532351E+02  1.952642E+01  1.931736E-05  1.000000E+00  2.095981E-04  2.083262E-23  1.612547E-19   5.000000E-01 NotAppl  3.129746E+00  0.000000E+00  
3.385856E+03  1.058406E+00  -9.400141E-01  1.299960E+00  1.000000E+00  2.357626E-01  4.578382E-26  6.471567E-10   1.490791E-01 NotAppl  6.741029E-03  0.000000E+00  
9.241857E+02  9.987187E+02  -7.687828E+02  -8.881705E-07  1.000000E+00  1.845306E-05  2.049088E-22  4.261131E-21   5.000000E-01 NotAppl  1.091247E+02  0.000000E+00  
1.005060E+02  2.538092E-02  5.332431E+02  1.246785E-05  1.000000E+00  3.101587E-03  1.518517E-24  7.881135E-17   5.000000E-01 NotAppl  8.168171E+00  0.000000E+00  
6.072473E+02  9.118170E+00  1.903308E+01  -4.775938E-02  1.000000E+00  1.723684E-02  2.809855E-25  2.905772E-11   5.000000E-01 NotAppl  2.333068E-01  0.000000E+00  
7.531286E+02  5.238590E+00  -5.221083E+00  -1.046366E-06  1.000000E+00  1.321517E-01  5.408973E-26  8.983381E-21   5.000000E-01 NotAppl  3.559713E-02  0.000000E+00  
2.089743E+03  3.409922E+01  -3.409368E+01  1.526511E-04  1.000000E+00  9.618870E-03  6.794152E-25  2.383792E-17   5.000000E-01 NotAppl  1.561451E-01  0.000000E+00  
1.544427E+03  3.577312E-01  -3.568197E-01  5.200815E-08  1.000000E+00  8.369408E-01  9.257851E-27  5.124700E-24   5.000000E-01 NotAppl  2.912588E-03  0.000000E+00  
1.477948E+01  5.850827E+01  -5.850293E+01  1.055244E-02  1.000000E+00  9.511595E-02  1.942005E-29  2.752553E-09   3.897217E-48 LZ5Tmedian  9.262560E-04  1.180926E-01  
6.567057E+02  1.247170E-02  -1.214790E-02  -1.494449E-02  1.000000E+00  1.668590E-01  4.993080E-26  2.424403E-12   5.000000E-01 NotAppl  3.788117E-02  0.000000E+00  
4.059304E+02  1.344819E-03  1.438163E-01  -2.463890E-09  1.000000E+00  6.660990E-02  1.273971E-25  1.762437E-25   5.000000E-01 NotAppl  1.591543E-01  0.000000E+00  
5.273448E+01  3.818675E+02  -3.416152E+02  -7.184554E-01  1.000000E+00  2.542308E-03  9.056423E-25  9.779604E-07   0.000000E+00 XENON1T_2018  1.083723E+01  9.974802E-01  
3.150148E+01  2.196053E-02  6.360658E+00  9.737197E+00  1.000000E+00  1.774225E-03  1.151030E-25  5.121431E-04   0.000000E+00 XENON1T_2018  2.654094E+00  2.548877E-01  
5.568636E+01  1.030943E-03  3.506887E-01  2.800348E-07  1.000000E+00  3.137259E-03  2.689661E-37  1.329574E-19   5.000000E-01 NotAppl  3.039748E-12  5.080293E-11  
1.821987E+03  1.246481E-01  -1.237342E-01  3.044689E-06  1.000000E+00  1.160124E+00  6.617249E-27  1.253989E-20   5.000000E-01 NotAppl  1.757407E-03  0.000000E+00  
3.981075E+03  1.749805E+00  7.144036E+00  -7.982944E-09  1.000000E+00  2.107107E-01  2.450839E-26  1.755427E-26   5.000000E-01 NotAppl  2.971555E-03  0.000000E+00  
2.241002E+02  2.137956E-01  -1.919616E-01  4.943190E-02  1.000000E+00  2.060961E-02  4.225192E-25  2.394401E-10   4.175631E-05 LZ5Tmedian  9.825199E-01  0.000000E+00  
2.410005E+02  9.948776E-04  1.301457E+01  5.503524E-03  1.000000E+00  1.759325E-02  3.929572E-25  2.557246E-12   5.000000E-01 NotAppl  8.445474E-01  0.000000E+00  
7.586155E+02  9.823636E-02  -9.805122E-02  1.857325E-01  1.000000E+00  1.694304E-01  5.342570E-26  2.788739E-10   2.679489E-02 LZ5Tmedian  3.554290E-02  0.000000E+00  
1.292679E+01  8.546667E-01  8.150093E+02  2.636960E+00  1.000000E+00  3.731529E-03  7.147025E-25  2.241284E-04   0.000000E+00 XENON1T_2018  3.987133E+01  3.338706E-01  
7.984921E+01  1.204890E-02  4.132109E-02  -1.878981E-07  1.000000E+00  6.893398E-03  1.339527E-38  2.868022E-20   5.000000E-01 NotAppl  1.052205E-13  0.000000E+00  
2.463917E+03  1.357886E-02  2.120153E+02  -4.862294E-08  1.000000E+00  4.440878E-04  1.111730E-23  1.729199E-24   5.000000E-01 NotAppl  2.204982E+00  0.000000E+00  
1.698572E+01  4.792719E+02  -4.683120E+02  -2.619996E-01  1.000000E+00  1.977449E-01  1.248413E-26  1.286063E-06   0.000000E+00 XENON1T_2018  5.082090E-01  5.480310E-01  
3.396331E+02  1.260963E+02  8.539210E+02  -2.895655E-09  1.000000E+00  1.185964E-04  2.767641E-23  3.506412E-25   5.000000E-01 NotAppl  4.178896E+01  0.000000E+00  
1.280345E+03  1.184505E+02  -1.176140E+02  9.733184E-09  1.000000E+00  9.118277E-04  7.511864E-24  2.631037E-25   5.000000E-01 NotAppl  2.854959E+00  0.000000E+00  
1.617853E+02  2.784493E+01  -1.210330E+01  -3.446859E-07  1.000000E+00  2.880866E-03  1.097428E-24  2.270003E-20   5.000000E-01 NotAppl  3.649056E+00  0.000000E+00  
1.173346E+03  6.882937E+00  -4.734934E+00  -2.633440E-09  1.000000E+00  1.512086E-01  4.478713E-26  2.301376E-26   5.000000E-01 NotAppl  1.865799E-02  0.000000E+00  
5.616611E+03  1.369049E+02  -1.367961E+02  -1.546608E-06  1.000000E+00  6.600480E-04  1.080285E-23  3.272508E-22   5.000000E-01 NotAppl  9.060744E-01  0.000000E+00  
1.082118E+03  1.899754E+02  -1.899532E+02  -2.431887E-07  1.000000E+00  4.048778E-04  1.765360E-23  2.315044E-22   5.000000E-01 NotAppl  7.981093E+00  0.000000E+00  
3.752254E+01  2.284569E+02  -2.284551E+02  -4.396664E-09  1.000000E+00  1.857198E-03  6.972231E-42  7.321840E-23   5.000000E-01 NotAppl  1.193775E-16  2.208934E-14  
8.643389E+01  1.771516E+02  -1.771515E+02  9.248229E-04  1.000000E+00  4.601362E-03  9.931422E-25  5.907256E-13   5.000000E-01 NotAppl  6.411849E+00  0.000000E+00  
3.920309E+01  8.490415E-03  6.696537E-02  -2.113803E-03  1.000000E+00  3.380305E-05  1.786571E-30  1.548217E-11   1.338690E-01 NotAppl  2.920891E-05  4.879336E-03  
1.577788E+03  2.571137E+00  -2.539573E+00  -6.365689E-03  1.000000E+00  5.529341E-01  1.251471E-26  7.350096E-14   5.000000E-01 NotAppl  3.847704E-03  0.000000E+00  
2.874034E+02  7.520650E-03  1.258680E+00  -9.360197E-10  1.000000E+00  3.371876E-02  2.470150E-25  5.157286E-26   5.000000E-01 NotAppl  4.420085E-01  0.000000E+00  
7.957444E+03  1.536814E+00  7.869382E+02  9.071501E+00  1.000000E+00  3.420035E-05  1.588353E-22  5.547032E-09   9.538887E-04 LZ5Tmedian  9.562508E+00  0.000000E+00  
7.571908E+01  2.851270E-01  2.144350E+02  -3.321305E-03  1.000000E+00  6.625361E-03  7.567517E-30  9.987997E-12   3.568888E-01 NotAppl  6.272822E-05  0.000000E+00  
1.451390E+01  3.107914E+01  -2.999613E+01  -1.695977E-03  1.000000E+00  2.280706E-01  4.989457E-31  7.370736E-11   6.239720E-02 LZ5Tmedian  2.429941E-05  4.691480E-04  
4.255615E+01  7.604514E-03  3.384224E+02  -1.987329E-08  1.000000E+00  3.365564E-04  2.009824E-40  1.158121E-21   5.000000E-01 NotAppl  3.015023E-15  4.131799E-13  
6.253003E+02  2.978871E-02  7.455676E+01  -5.685790E-03  1.000000E+00  3.476333E-03  1.364570E-24  3.879002E-13   5.000000E-01 NotAppl  1.103643E+00  0.000000E+00  
4.417494E+02  1.239367E-01  6.472009E+02  9.565593E-07  1.000000E+00  1.915420E-04  2.585044E-23  2.234378E-20   5.000000E-01 NotAppl  2.983971E+01  0.000000E+00  
1.527384E+01  5.125288E-04  5.245671E+02  2.747129E-06  1.000000E+00  8.311751E-04  1.329080E-36  1.747346E-16   5.000000E-01 NotAppl  6.104832E-11  1.045324E-08  
7.385381E+03  2.384953E-02  1.904255E+02  -8.561583E-02  1.000000E+00  5.323804E-04  9.527420E-24  5.749437E-13   5.000000E-01 NotAppl  6.185295E-01  0.000000E+00  
5.528408E+02  2.524873E+02  -2.509847E+02  6.936235E+00  1.000000E+00  7.233010E-05  9.663948E-23  7.425565E-07   0.000000E+00 XENON1T_2018  8.825859E+01  0.000000E+00  
5.777319E+01  3.700652E-02  -3.098136E-02  7.313908E+00  1.000000E+00  2.817181E-03  1.120895E-24  8.413910E-05   0.000000E+00 XENON1T_2018  1.437483E+01  2.505021E-01  
2.452700E+02  3.145602E+01  -3.143161E+01  -1.419670E-02  1.000000E+00  7.847348E-03  7.785125E-25  1.641505E-11   5.000000E-01 NotAppl  1.652242E+00  0.000000E+00  
1.374677E+01  8.993074E+01  -8.992884E+01  6.842945E+00  1.000000E+00  9.982141E-03  5.769269E-25  1.336383E-03   0.000000E+00 XENON1T_2018  2.990939E+01  4.999977E-01  
4.311512E+02  3.654292E-04  3.717001E-05  2.492825E-09  1.000000E+00  7.487101E-02  1.133670E-25  1.594750E-25   5.000000E-01 NotAppl  1.330098E-01  0.000000E+00  
2.950086E+02  1.685805E-01  1.604160E-02  -3.452632E-07  1.000000E+00  3.599479E-02  2.344671E-25  6.651563E-21   5.000000E-01 NotAppl  4.082891E-01  0.000000E+00  
6.854677E+01  5.962943E+02  -5.962898E+02  -2.381348E-09  1.000000E+00  1.360587E-02  2.037325E-41  6.291827E-24   5.000000E-01 NotAppl  1.867575E-16  0.000000E+00  
4.628466E+01  8.031918E-04  2.774488E-01  -2.988473E-07  1.000000E+00  3.723747E-04  6.389630E-38  2.207319E-19   5.000000E-01 NotAppl  8.760656E-13  8.566616E-11  
2.748766E+02  3.759748E+02  -3.759743E+02  -4.531290E-08  1.000000E+00  3.504101E-04  1.905099E-23  1.324135E-22   5.000000E-01 NotAppl  3.596826E+01  0.000000E+00  
3.367692E+03  1.169655E+02  -1.169650E+02  5.564769E-01  1.000000E+00  8.702437E-04  8.135479E-24  1.198941E-10   5.000000E-01 NotAppl  1.147781E+00  0.000000E+00  
1.702807E+01  9.822007E-01  5.803862E+02  6.711004E-10  1.000000E+00  1.051781E-02  8.197497E-44  8.396070E-24   5.000000E-01 NotAppl  3.327765E-18  6.166723E-16  
1.905314E+01  3.748633E+00  -3.182466E+00  -2.786977E-10  1.000000E+00  6.098526E-02  1.468628E-44  1.156459E-24   5.000000E-01 NotAppl  5.254395E-19  9.811981E-17  
3.744165E+03  7.416096E+01  -7.416084E+01  -7.135485E-03  1.000000E+00  2.155349E-03  3.182296E-24  1.588943E-14   5.000000E-01 NotAppl  4.029519E-01  0.000000E+00  
2.515741E+01  1.625441E-02  7.986639E+01  5.145322E-02  1.000000E+00  1.937333E-03  5.756158E-28  2.253677E-08   0.000000E+00 XENON1T_2018  1.520897E-02  3.038693E-01  
3.002426E+01  5.461522E-04  1.314519E+01  1.539640E+00  1.000000E+00  1.832787E-03  5.256700E-25  1.411298E-05   0.000000E+00 XENON1T_2018  1.148337E+01  2.590443E-01  
8.283028E+03  5.254898E-04  3.555939E+01  -2.583038E-09  1.000000E+00  1.392116E-02  3.403505E-25  4.145648E-28   5.000000E-01 NotAppl  1.967122E-02  0.000000E+00  
1.088510E+03  9.833881E-04  7.776318E+00  -2.280958E-07  1.000000E+00  1.640138E-01  3.460986E-26  2.012273E-22   5.000000E-01 NotAppl  1.572277E-02  0.000000E+00  
2.096800E+03  1.480184E+01  4.990722E+02  -1.923346E-07  1.000000E+00  8.784620E-05  5.532015E-23  3.758380E-23   5.000000E-01 NotAppl  1.294768E+01  0.000000E+00  
9.942175E+03  1.494192E-03  -5.821177E-04  7.584779E-08  1.000000E+00  3.087980E+01  2.231790E-28  2.467212E-25   5.000000E-01 NotAppl  1.055987E-05  0.000000E+00  
3.575067E+03  9.721604E-04  1.104791E+00  2.716171E-02  1.000000E+00  3.051470E+00  2.134013E-27  2.529359E-13   5.000000E-01 NotAppl  2.856788E-04  0.000000E+00  
1.284807E+02  9.423616E+01  3.293167E+01  -1.792610E-09  1.000000E+00  9.084911E-04  3.318130E-24  9.848170E-25   5.000000E-01 NotAppl  1.393957E+01  0.000000E+00  
2.480554E+03  3.274773E-04  2.970420E-03  3.326293E-09  1.000000E+00  2.098988E+00  3.572855E-27  7.982363E-27   5.000000E-01 NotAppl  6.919249E-04  0.000000E+00  
1.085924E+02  7.777677E-03  1.368619E-03  -1.173744E+00  1.000000E+00  7.361381E-04  1.352533E-23  5.960193E-07   0.000000E+00 XENON1T_2018  6.815526E+01  0.000000E+00  
5.706684E+02  5.304704E+01  -4.926065E+01  2.545404E-09  1.000000E+00  3.725782E-03  1.543909E-24  9.371621E-26   5.000000E-01 NotAppl  1.354355E+00  0.000000E+00  
7.206906E+03  6.356366E-01  -6.239152E-01  -1.146891E-04  1.000000E+00  9.445106E+00  6.631252E-28  1.084286E-18   5.000000E-01 NotAppl  4.335242E-05  0.000000E+00  
4.700501E+02  3.852777E+02  -3.782987E+02  -9.691652E-04  1.000000E+00  1.491157E-04  3.574167E-23  2.020048E-14   5.000000E-01 NotAppl  3.839316E+01  0.000000E+00  
2.377296E+02  3.408947E-01  -7.780300E-02  4.579352E-04  1.000000E+00  2.370836E-02  3.509457E-25  1.820778E-14   5.000000E-01 NotAppl  7.655767E-01  0.000000E+00  
6.421256E+02  7.989480E-04  5.673010E+00  8.340528E-03  1.000000E+00  1.167674E-01  6.151909E-26  7.906009E-13   5.000000E-01 NotAppl  4.786723E-02  0.000000E+00  
2.834360E+03  1.421945E-03  8.542966E+02  -1.973301E-08  1.000000E+00  3.664541E-05  1.437720E-22  2.141377E-25   5.000000E-01 NotAppl  2.470570E+01  0.000000E+00  
5.211191E+03  6.051585E+00  -6.051432E+00  3.162800E-08  1.000000E+00  2.617010E-01  2.241543E-26  1.593693E-25   5.000000E-01 NotAppl  2.028923E-03  0.000000E+00  
2.902527E+01  3.853241E-01  2.439823E+01  4.186980E-04  1.000000E+00  2.969958E-03  4.295955E-32  1.117723E-12   5.000000E-01 NotAppl  9.682237E-07  4.812773E-05  
9.212581E+01  1.123207E-04  6.304251E-01  3.671263E-09  1.000000E+00  5.305425E-03  1.000632E-24  8.168382E-24   5.000000E-01 NotAppl  5.974658E+00  0.000000E+00  
3.418446E+01  2.017816E-01  3.174292E+00  6.786046E-02  1.000000E+00  9.454346E-04  1.393497E-27  2.107506E-08   0.000000E+00 XENON1T_2018  2.634594E-02  2.269766E-01  
5.719142E+01  7.646936E-03  3.331412E+02  9.408211E-10  1.000000E+00  3.427672E-03  4.880375E-42  1.421279E-24   5.000000E-01 NotAppl  5.387248E-17  5.099400E-16  
9.031127E+02  1.751359E+01  -1.750766E+01  -2.060066E-01  1.000000E+00  3.822297E-02  1.475168E-25  2.402967E-10   7.236018E-02 LZ5Tmedian  8.089398E-02  0.000000E+00  
2.429721E+02  6.831670E-01  -1.716213E-01  1.521046E-09  1.000000E+00  2.407417E-02  3.376711E-25  1.920997E-25   5.000000E-01 NotAppl  7.200303E-01  0.000000E+00  
1.867926E+03  3.147857E+00  -9.696527E-01  -1.038504E-09  1.000000E+00  5.361040E-01  1.340362E-26  1.386706E-27   5.000000E-01 NotAppl  3.470090E-03  0.000000E+00  
4.625494E+01  8.794799E+01  -8.794750E+01  3.080868E-01  1.000000E+00  1.217919E-04  6.768157E-26  2.348987E-07   0.000000E+00 XENON1T_2018  9.309106E-01  4.972751E-01  
5.316131E+01  3.956824E+02  -3.956604E+02  -5.001327E-04  1.000000E+00  2.502034E-03  4.763762E-31  4.661809E-13   5.000000E-01 NotAppl  5.670791E-06  1.878797E-04  
2.587143E+01  9.740332E-04  1.401324E+02  -6.320151E-10  1.000000E+00  1.928273E-03  8.859551E-44  3.213538E-24   5.000000E-01 NotAppl  2.269060E-18  5.194043E-16  
7.938420E+03  1.120170E+01  4.541296E+01  9.957993E-07  1.000000E+00  6.064408E-03  9.338025E-25  6.716722E-23   5.000000E-01 NotAppl  5.625181E-02  0.000000E+00  
1.013189E+03  5.907428E+00  2.333239E+02  -7.402440E-09  1.000000E+00  3.951639E-04  1.206737E-23  2.453373E-25   5.000000E-01 NotAppl  5.955513E+00  0.000000E+00  
1.138103E+01  4.882788E+02  -4.395689E+02  2.068356E-05  1.000000E+00  2.311279E+06  6.830625E-35  1.772124E-14   5.000000E-01 NotAppl  4.412864E-09  9.190936E-08  
5.185044E+03  1.050085E+02  -1.049873E+02  -7.444090E-04  1.000000E+00  1.100523E-03  6.381800E-24  8.919194E-17   5.000000E-01 NotAppl  5.804716E-01  0.000000E+00  
3.846461E+01  5.305712E-03  9.286318E-01  -3.068348E-09  1.000000E+00  4.965624E-05  3.593172E-42  3.390781E-23   5.000000E-01 NotAppl  5.993499E-17  1.052816E-14  
3.377443E+01  4.693738E+00  -4.685132E+00  1.272019E-02  1.000000E+00  2.849823E-03  4.802434E-29  7.588494E-10   2.026535E-42 LZ5Tmedian  9.197034E-04  7.156541E-02  
1.115769E+02  1.399458E-04  1.608093E-01  -4.435105E-08  1.000000E+00  6.634406E-03  1.154000E-24  8.049784E-22   5.000000E-01 NotAppl  5.598205E+00  0.000000E+00  
2.915451E+03  7.537248E+01  2.102496E+02  -2.618576E-10  1.000000E+00  1.947310E-04  2.319374E-23  3.560390E-29   5.000000E-01 NotAppl  3.860787E+00  0.000000E+00  
1.890590E+01  1.823427E+01  8.827335E+02  1.950392E-06  1.000000E+00  2.049742E+04  7.172306E-37  5.752530E-17   5.000000E-01 NotAppl  2.589477E-11  1.366091E-09  
2.693430E+02  4.649793E+01  -4.649229E+01  -9.031528E-02  1.000000E+00  5.865692E-03  1.054663E-24  5.484036E-10   3.628759E-09 LZ5Tmedian  2.035399E+00  0.000000E+00  
4.213942E+03  1.070088E-04  1.583689E-04  7.473325E-05  1.000000E+00  5.832423E+00  1.240718E-27  1.370465E-18   5.000000E-01 NotAppl  1.400645E-04  0.000000E+00  
3.865233E+01  2.127958E+00  -2.125392E+00  -2.500875E-03  1.000000E+00  1.117459E-04  2.414947E-30  2.230371E-11   5.532968E-02 LZ5Tmedian  3.999919E-05  6.769748E-03  
6.520236E+03  5.613090E+01  -4.898863E+01  8.239151E+00  1.000000E+00  2.389010E-03  3.540384E-24  6.858293E-09   2.778685E-05 LZ5Tmedian  2.571039E-01  0.000000E+00  
6.340136E+03  3.344131E-03  6.662875E+01  2.860312E+00  1.000000E+00  3.729935E-03  1.473193E-24  8.749775E-10   2.524913E-01 NotAppl  1.118141E-01  0.000000E+00  
4.072697E+03  4.359291E+02  -4.277073E+02  -2.427967E-01  1.000000E+00  7.053971E-05  1.001754E-22  1.550392E-11   5.000000E-01 NotAppl  1.164530E+01  0.000000E+00  
1.889943E+01  2.408874E-02  4.339671E+00  -4.404094E-09  1.000000E+00  1.294477E-03  3.656528E-42  2.935123E-22   5.000000E-01 NotAppl  1.320636E-16  2.509906E-14  
2.697690E+02  3.316061E-03  -2.126162E-03  1.788457E-03  1.000000E+00  3.078739E-02  2.774518E-25  2.143526E-13   5.000000E-01 NotAppl  5.303980E-01  0.000000E+00  
1.155581E+03  1.358071E+01  -1.357194E+01  1.817089E-08  1.000000E+00  5.116360E-02  1.233692E-25  1.130351E-24   5.000000E-01 NotAppl  5.214450E-02  0.000000E+00  
7.086821E+03  6.152117E+01  -6.152102E+01  2.851587E-08  1.000000E+00  3.085455E-03  2.216759E-24  6.935826E-26   5.000000E-01 NotAppl  1.468876E-01  0.000000E+00  
1.140765E+01  1.104384E+00  -9.823130E-01  5.924495E-06  1.000000E+00  4.826984E-02  5.609658E-36  1.447285E-15   5.000000E-01 NotAppl  3.614766E-10  4.918158E-08  
1.494798E+02  1.113951E+01  -1.109202E+01  -2.686493E-04  1.000000E+00  7.127704E-03  8.532371E-25  1.621728E-14   5.000000E-01 NotAppl  3.067126E+00  0.000000E+00  
5.089883E+01  1.998523E-03  2.972427E+02  6.451541E-05  1.000000E+00  2.203150E-03  5.344304E-33  8.476431E-15   5.000000E-01 NotAppl  6.658167E-08  3.450339E-06  
1.669230E+01  4.244506E-02  1.646505E+01  -1.102774E+00  1.000000E+00  1.083219E-03  2.130002E-25  2.359073E-05   0.000000E+00 XENON1T_2018  8.841060E+00  2.607561E-01  
1.637185E+02  2.558088E+02  -2.524700E+02  7.041329E-02  1.000000E+00  6.095220E-04  7.164747E-24  9.245161E-10   3.046211E-23 LZ5Tmedian  2.392318E+01  0.000000E+00  
3.588206E+03  2.673774E+00  -4.743795E-02  -1.086483E-07  1.000000E+00  9.092956E-01  7.789803E-27  4.016992E-24   5.000000E-01 NotAppl  1.036587E-03  0.000000E+00  
3.660803E+03  1.913485E+02  -9.691318E+01  1.708681E-02  1.000000E+00  2.149330E-04  2.286955E-23  9.538459E-14   5.000000E-01 NotAppl  2.969691E+00  0.000000E+00  
7.284574E+01  6.441420E+00  -6.248298E+00  3.866314E-02  1.000000E+00  1.629967E-02  1.734487E-27  1.464788E-09   5.913881E-68 LZ5Tmedian  1.494921E-02  0.000000E+00  
1.450868E+01  2.176802E+02  3.648961E+02  6.948666E-02  1.000000E+00  2.533524E+00  8.374552E-28  1.238181E-07   0.000000E+00 XENON1T_2018  4.080156E-02  8.703120E-01  
3.047127E+02  2.341266E-04  1.562640E-03  1.220523E-07  1.000000E+00  3.873716E-02  2.204083E-25  7.779156E-22   5.000000E-01 NotAppl  3.710837E-01  0.000000E+00  
1.890163E+01  3.258271E+00  -3.255915E+00  3.954503E-07  1.000000E+00  5.016406E-02  2.948215E-38  2.365897E-18   5.000000E-01 NotAppl  1.064678E-12  2.016974E-10  
1.002378E+01  1.349402E+00  5.188660E+02  -1.418870E-05  1.000000E+00  7.571715E-02  3.023142E-35  1.069215E-14   5.000000E-01 NotAppl  2.268230E-09  2.831006E-07  
5.085932E+01  2.531834E-01  -2.168476E-01  -3.966652E-02  1.000000E+00  1.919326E-03  2.008140E-27  3.209385E-09   2.465551E-175 LZ5Tmedian  2.495573E-02  2.149960E-01  
2.200682E+01  4.321246E-02  1.476436E-01  3.234738E-10  1.000000E+00  2.413060E-03  2.103721E-44  1.166398E-24   5.000000E-01 NotAppl  6.420872E-19  1.398771E-16  
5.597666E+01  2.899108E+00  4.565760E+02  -5.981394E-04  1.000000E+00  8.521957E-03  1.332291E-30  6.001890E-13   5.000000E-01 NotAppl  1.497652E-05  2.045947E-04  
1.847918E+03  9.399697E+00  -4.591730E+00  2.851271E+00  1.000000E+00  1.103105E-02  9.422456E-25  1.068505E-08   1.150724E-25 LZ5Tmedian  2.550179E-01  0.000000E+00  
7.052452E+03  1.543772E-04  1.466047E+00  2.622306E-02  1.000000E+00  4.606316E+00  1.070419E-27  5.923537E-14   5.000000E-01 NotAppl  7.235517E-05  0.000000E+00  
5.841664E+03  1.048612E-03  2.967593E-02  3.566962E-02  1.000000E+00  1.084643E+01  6.570386E-28  1.607082E-13   5.000000E-01 NotAppl  5.329541E-05  0.000000E+00  
2.958969E+03  6.601354E-04  6.351300E-03  -1.851472E-08  1.000000E+00  2.946611E+00  2.513196E-27  1.727043E-25   5.000000E-01 NotAppl  4.066313E-04  0.000000E+00  
1.367996E+01  1.335453E-02  1.184970E+00  -5.751318E-01  1.000000E+00  7.376351E-04  5.620672E-26  9.531710E-06   0.000000E+00 XENON1T_2018  2.930335E+00  2.504175E-01  
7.709168E+02  2.205906E+01  -2.158806E+01  5.902370E+00  1.000000E+00  5.909687E-04  1.503072E-23  2.725301E-07   0.000000E+00 XENON1T_2018  9.833153E+00  0.000000E+00  
2.644677E+01  2.260508E-02  6.697923E+00  -9.593585E-08  1.000000E+00  2.052847E-03  2.075852E-39  7.082656E-20   5.000000E-01 NotAppl  5.188501E-14  9.716100E-12  
8.322644E+02  2.058849E+01  -2.057630E+01  8.912974E-01  1.000000E+00  8.770954E-03  9.239581E-25  5.314779E-09   4.535315E-28 LZ5Tmedian  5.578685E-01  0.000000E+00  
1.549150E+01  1.264897E-03  -1.039760E-03  -2.690113E-10  1.000000E+00  1.489363E-03  1.279844E-44  1.629044E-24   5.000000E-01 NotAppl  5.782457E-19  1.001469E-16  
3.044345E+03  4.977729E-03  -3.738581E-03  -5.636296E-06  1.000000E+00  3.112594E+00  2.374513E-27  1.510466E-20   5.000000E-01 NotAppl  3.731744E-04  0.000000E+00  
1.221505E+02  9.081495E-04  1.409160E+01  1.445602E-03  1.000000E+00  5.925374E-03  1.116998E-24  7.103382E-13   5.000000E-01 NotAppl  4.923163E+00  0.000000E+00  
7.386932E+02  1.041551E+00  -9.621219E-01  5.032625E-09  1.000000E+00  2.014751E-01  4.023966E-26  2.161884E-25   5.000000E-01 NotAppl  2.702810E-02  0.000000E+00  
1.514963E+02  1.043064E-02  2.632009E-01  -1.195912E-09  1.000000E+00  1.075555E-02  7.556068E-25  3.126623E-25   5.000000E-01 NotAppl  2.672461E+00  0.000000E+00  
1.933476E+03  1.154209E+01  8.832750E+01  -3.490213E+00  1.000000E+00  2.347805E-03  1.706897E-24  1.459983E-08   2.650357E-33 LZ5Tmedian  4.452799E-01  0.000000E+00  
1.926763E+03  7.320645E-04  -8.470912E-05  9.214942E-05  1.000000E+00  1.293495E+00  5.911536E-27  1.024960E-17   5.000000E-01 NotAppl  1.482611E-03  0.000000E+00  
2.916371E+01  3.009762E+00  2.808000E+01  1.107622E-02  1.000000E+00  1.420412E-02  3.020997E-29  7.746989E-10   1.704201E-40 LZ5Tmedian  6.781331E-04  2.520684E-02  
4.463798E+01  5.174223E+00  1.143114E+02  -6.337846E-04  1.000000E+00  1.479502E-02  2.444906E-31  1.068766E-12   5.000000E-01 NotAppl  3.489756E-06  2.781448E-04  
3.608315E+02  1.058559E+00  -1.056340E+00  8.861036E-03  1.000000E+00  5.150262E-02  1.617175E-25  2.900777E-12   5.000000E-01 NotAppl  2.283827E-01  0.000000E+00  
1.099168E+02  1.940723E-02  -1.928816E-02  3.231703E-06  1.000000E+00  6.562418E-03  1.170052E-24  4.407426E-18   5.000000E-01 NotAppl  5.764563E+00  0.000000E+00  
2.120334E+01  1.588933E+00  -1.588078E+00  -1.833604E-03  1.000000E+00  2.449338E-02  6.641208E-31  4.038914E-11   3.201045E-02 LZ5Tmedian  2.112507E-05  4.473759E-03  
1.882429E+01  1.236827E+01  1.829742E+01  8.585177E-05  1.000000E+00  4.620891E+02  1.387496E-33  1.124289E-13   5.000000E-01 NotAppl  5.033580E-08  1.527114E-06  
9.508291E+01  3.441802E-02  -3.262100E-02  2.561925E-03  1.000000E+00  5.585400E-03  1.189251E-24  3.728337E-12   5.000000E-01 NotAppl  6.835757E+00  0.000000E+00  
5.390030E+03  1.953591E-02  7.279679E-03  -1.184129E-07  1.000000E+00  9.390040E+00  7.591947E-28  2.085783E-24   5.000000E-01 NotAppl  6.675457E-05  0.000000E+00  
7.867060E+03  1.215454E-02  9.560028E+01  3.493399E-08  1.000000E+00  2.038728E-03  2.439222E-24  8.419291E-26   5.000000E-01 NotAppl  1.485359E-01  0.000000E+00  
5.377413E+02  3.405916E-01  4.655180E-01  5.876908E-07  1.000000E+00  1.109591E-01  7.409306E-26  5.641185E-21   5.000000E-01 NotAppl  6.912285E-02  0.000000E+00  
8.017036E+03  7.506125E+00  3.902849E+02  1.931365E-03  1.000000E+00  1.276105E-04  4.067313E-23  2.476565E-16   5.000000E-01 NotAppl  2.429965E+00  0.000000E+00  
6.446516E+02  2.233392E-03  5.131768E-02  -2.522067E-06  1.000000E+00  1.611699E-01  5.173092E-26  7.171315E-20   5.000000E-01 NotAppl  3.999894E-02  0.000000E+00  
6.134332E+03  9.787018E+00  1.198526E+01  -1.148371E-01  1.000000E+00  3.632996E-02  1.783219E-25  1.508196E-12   5.000000E-01 NotAppl  1.388730E-02  0.000000E+00  
2.033252E+02  1.358493E-04  1.002670E-03  -5.956511E-02  1.000000E+00  1.828079E-02  4.567378E-25  4.243668E-10   3.215926E-09 LZ5Tmedian  1.177803E+00  0.000000E+00  
1.953966E+02  1.728738E+01  -1.728691E+01  -9.207382E-01  1.000000E+00  5.399734E-04  1.262008E-23  1.100093E-07   0.000000E+00 XENON1T_2018  3.929111E+01  0.000000E+00  
9.555472E+01  1.073146E+02  -1.072399E+02  -8.735777E-06  1.000000E+00  2.948655E-03  1.813297E-24  4.291206E-17   5.000000E-01 NotAppl  1.041549E+01  0.000000E+00  
1.816586E+03  9.325697E+01  -9.325592E+01  3.114786E+00  1.000000E+00  8.881147E-04  8.263313E-24  1.320359E-08   4.511289E-32 LZ5Tmedian  2.203899E+00  0.000000E+00  
2.655495E+03  1.238827E-02  -1.132510E-02  -3.508259E-03  1.000000E+00  2.392558E+00  3.118934E-27  7.729057E-15   5.000000E-01 NotAppl  5.634401E-04  0.000000E+00  
4.369694E+02  7.760649E-04  6.117837E-02  3.905417E-08  1.000000E+00  7.675808E-02  1.104712E-25  3.808325E-23   5.000000E-01 NotAppl  1.278211E-01  0.000000E+00  
4.650868E+01  1.652224E+01  -1.651618E+01  -6.494725E-05  1.000000E+00  1.515775E-04  3.089030E-33  1.032328E-14   5.000000E-01 NotAppl  4.224754E-08  4.026892E-06  
1.435564E+01  4.227268E+01  -4.226403E+01  9.381339E-10  1.000000E+00  1.017087E-01  1.521620E-43  2.304904E-23   5.000000E-01 NotAppl  7.504424E-18  8.958030E-17  
3.527578E+01  2.101191E-01  4.458288E+02  8.992785E-07  1.000000E+00  5.740716E-04  2.581696E-37  3.472348E-18   5.000000E-01 NotAppl  4.719776E-12  9.530203E-10  
1.575284E+02  2.642959E-02  -2.336907E-02  2.890460E-10  1.000000E+00  1.162010E-02  7.082977E-25  1.685974E-26   5.000000E-01 NotAppl  2.406737E+00  0.000000E+00  
3.152199E+01  2.951599E-02  -5.174158E-03  -1.143185E-04  1.000000E+00  2.121718E-03  3.517654E-33  7.049904E-14   5.000000E-01 NotAppl  7.246480E-08  1.611935E-05  
1.203580E+01  1.041722E+02  -9.861239E+01  7.237507E-09  1.000000E+00  3.068432E+01  8.548714E-42  1.943783E-21   5.000000E-01 NotAppl  5.173191E-16  7.040205E-14  
5.500686E+03  3.446886E+00  2.485781E+02  1.729142E-10  1.000000E+00  3.085849E-04  1.638281E-23  4.267684E-30   5.000000E-01 NotAppl  1.434622E+00  0.000000E+00  
2.131669E+02  3.491344E-03  5.989370E+01  -1.125802E-06  1.000000E+00  4.940278E-03  1.084959E-24  1.375991E-19   5.000000E-01 NotAppl  2.638346E+00  0.000000E+00  
5.510544E+03  2.062637E+02  -1.267085E+02  -2.785275E-05  1.000000E+00  2.210544E-04  2.588255E-23  1.103282E-19   5.000000E-01 NotAppl  2.216420E+00  0.000000E+00  
4.047555E+01  6.907656E-03  7.708459E+01  -7.644727E-02  1.000000E+00  8.960643E-05  2.545090E-27  1.897672E-08   0.000000E+00 XENON1T_2018  4.023404E-02  3.168631E-01  
4.453701E+03  1.164155E+00  -1.162827E+00  -6.775260E-01  1.000000E+00  1.787543E+00  4.480027E-27  1.006504E-10   5.000000E-01 NotAppl  5.139271E-04  0.000000E+00  
1.360018E+03  5.681690E-03  1.877865E+01  -2.752034E-03  1.000000E+00  4.443547E-02  1.053602E-25  1.859716E-14   5.000000E-01 NotAppl  3.836495E-02  0.000000E+00  
5.852735E+03  1.311112E-02  5.585022E-03  -1.502010E-05  1.000000E+00  1.102041E+01  6.438309E-28  2.838674E-20   5.000000E-01 NotAppl  5.208111E-05  0.000000E+00  
1.092624E+02  9.098300E-03  6.865367E+00  -9.854087E+00  1.000000E+00  8.239448E-06  1.287996E-21  4.148305E-05   0.000000E+00 XENON1T_2018  6.434871E+03  0.000000E+00  
1.506769E+01  3.950261E-04  2.043430E+02  2.739149E+00  1.000000E+00  7.806556E-04  7.545869E-25  1.784802E-04   0.000000E+00 XENON1T_2018  3.530593E+01  3.333223E-01  
1.546693E+02  5.406219E-04  2.489428E-03  5.162800E-05  1.000000E+00  1.126292E-02  7.299505E-25  5.584620E-16   5.000000E-01 NotAppl  2.527402E+00  0.000000E+00  
1.141937E+01  6.960366E-04  -1.931347E-04  6.110784E-07  1.000000E+00  8.766690E-04  5.970508E-38  1.536630E-17   5.000000E-01 NotAppl  3.842655E-12  5.244279E-10  
9.589530E+03  1.721373E+02  -1.706791E+02  1.198828E-07  1.000000E+00  4.233171E-04  1.719279E-23  6.632510E-25   5.000000E-01 NotAppl  8.390667E-01  0.000000E+00  
6.508597E+01  4.880828E+00  -3.687255E+00  -3.749959E-05  1.000000E+00  1.166742E-02  2.898910E-32  1.734289E-15   5.000000E-01 NotAppl  2.786339E-07  0.000000E+00  
1.442251E+01  3.917311E+02  -3.596634E+02  1.765705E-09  1.000000E+00  1.444409E+06  5.397867E-43  8.090104E-23   5.000000E-01 NotAppl  2.647305E-17  8.275925E-16  
2.280355E+03  4.205098E+01  -4.204852E+01  -5.790006E-03  1.000000E+00  6.446565E-03  1.026064E-24  2.870787E-14   5.000000E-01 NotAppl  2.156381E-01  0.000000E+00  
2.769414E+01  3.869393E-04  4.707352E+01  3.432399E-07  1.000000E+00  2.020962E-03  2.761451E-38  8.259887E-19   5.000000E-01 NotAppl  6.552793E-13  1.508675E-10  
9.755537E+01  4.448221E-02  7.927142E-02  1.373001E-04  1.000000E+00  5.651169E-03  1.215333E-24  1.015950E-14   5.000000E-01 NotAppl  6.792227E+00  0.000000E+00  
2.280100E+03  9.273914E-02  4.582966E-02  7.647020E-09  1.000000E+00  1.780238E+00  4.236951E-27  5.008717E-26   5.000000E-01 NotAppl  8.943578E-04  0.000000E+00  
1.534932E+03  3.663039E+00  7.344141E+01  -5.301931E-08  1.000000E+00  3.103101E-03  1.540491E-24  5.393300E-24   5.000000E-01 NotAppl  4.962674E-01  0.000000E+00  
1.104646E+02  3.538494E-02  -3.326307E-02  -1.548143E-09  1.000000E+00  6.605447E-03  1.164768E-24  1.001194E-24   5.000000E-01 NotAppl  5.709169E+00  0.000000E+00  
8.103309E+01  2.768606E+02  -3.646379E+01  4.851131E-04  1.000000E+00  5.176296E-03  3.333241E-25  1.855083E-13   5.000000E-01 NotAppl  2.362535E+00  0.000000E+00  
7.108500E+02  3.487947E+00  3.466622E+00  -1.225759E-10  1.000000E+00  1.083963E-01  6.283332E-26  1.387219E-28   5.000000E-01 NotAppl  4.405008E-02  0.000000E+00  
1.095248E+01  2.003772E+01  -1.998708E+01  -1.150962E-08  1.000000E+00  1.846404E-01  2.080292E-41  5.916530E-21   5.000000E-01 NotAppl  1.406307E-15  6.132078E-14  
6.807031E+03  4.860113E-03  1.895550E+00  6.908889E-04  1.000000E+00  3.172774E+00  1.452571E-27  4.418584E-17   5.000000E-01 NotAppl  1.019115E-04  0.000000E+00  
2.225724E+03  7.124831E-04  7.532546E-03  5.783768E-06  1.000000E+00  1.704824E+00  4.434851E-27  3.009650E-20   5.000000E-01 NotAppl  9.595077E-04  0.000000E+00  
3.666509E+02  6.290715E+02  -5.911123E+02  1.449491E-09  1.000000E+00  8.377857E-05  4.252936E-23  7.511984E-26   5.000000E-01 NotAppl  5.929199E+01  0.000000E+00  
5.195526E+03  1.249839E-04  2.679672E-05  4.660523E-05  1.000000E+00  8.749514E+00  8.165895E-28  3.481677E-19   5.000000E-01 NotAppl  7.452850E-05  0.000000E+00  
7.962985E+02  1.091975E-01  -1.077858E-01  -3.009926E-01  1.000000E+00  1.401898E-01  6.896405E-26  6.633404E-10   2.724647E-04 LZ5Tmedian  4.440427E-02  0.000000E+00  
3.287478E+01  2.345902E-02  2.132579E+00  -5.362733E-02  1.000000E+00  1.415864E-03  8.195230E-28  1.424704E-08   0.000000E+00 XENON1T_2018  1.613411E-02  2.449450E-01  
2.626569E+03  3.316594E-01  -3.314849E-01  7.193346E-01  1.000000E+00  4.456702E-01  2.307777E-26  3.322693E-10   2.840769E-01 NotAppl  4.409289E-03  0.000000E+00  
9.308576E+02  2.520701E-03  -2.387236E-03  -1.150564E-01  1.000000E+00  2.937594E-01  2.873060E-26  7.046525E-11   4.735927E-01 NotAppl  1.533663E-02  0.000000E+00  
2.251715E+02  1.446026E-01  3.656114E+01  -6.115448E-09  1.000000E+00  8.402910E-03  6.833246E-25  3.629066E-24   5.000000E-01 NotAppl  1.572726E+00  0.000000E+00  
5.030152E+03  1.179370E-03  5.332942E-04  -4.661256E+00  1.000000E+00  5.572012E-02  2.108978E-25  3.719511E-09   6.291328E-04 LZ5Tmedian  2.103547E-02  0.000000E+00  
1.187554E+03  8.332002E-01  -7.660171E-01  5.508976E-01  1.000000E+00  1.383226E-01  7.552815E-26  9.826917E-10   2.770913E-04 LZ5Tmedian  3.242868E-02  0.000000E+00  
6.262440E+01  1.572630E-04  3.551023E-03  -2.844393E-04  1.000000E+00  4.655779E-03  7.469211E-28  1.079506E-13   5.000000E-01 NotAppl  7.510458E-03  0.000000E+00  
1.130432E+01  6.885975E+00  -6.885550E+00  -1.575842E-09  1.000000E+00  1.722070E-01  3.953786E-43  1.042403E-22   5.000000E-01 NotAppl  2.575118E-17  3.084184E-15  
9.063606E+03  9.120284E+00  -9.105710E+00  -1.058514E-03  1.000000E+00  1.228234E-01  4.933752E-26  5.798246E-17   5.000000E-01 NotAppl  2.548986E-03  0.000000E+00  
2.502671E+01  1.519150E-01  -1.514880E-01  -5.325636E-03  1.000000E+00  3.961732E-03  6.144372E-30  2.439917E-10   8.436759E-12 LZ5Tmedian  1.632829E-04  3.252814E-02  
5.719990E+01  6.281047E+01  3.456101E+01  2.003361E-02  1.000000E+00  3.762010E-03  2.219137E-27  6.442468E-10   2.681974E-34 LZ5Tmedian  2.439386E-02  1.877232E-01  
2.992695E+03  6.946811E-04  1.528938E-02  5.452889E+00  1.000000E+00  1.537023E-02  7.983449E-25  1.463872E-08   7.166843E-22 LZ5Tmedian  1.347146E-01  0.000000E+00  
3.991103E+01  2.909427E-01  -2.908358E-01  -1.494688E-06  1.000000E+00  4.702255E-05  9.360003E-37  7.464519E-18   5.000000E-01 NotAppl  1.501735E-11  2.452500E-09  
5.924046E+02  1.247271E-01  -1.244148E-01  2.755125E-05  1.000000E+00  1.369808E-01  6.106964E-26  1.017174E-17   5.000000E-01 NotAppl  5.153634E-02  0.000000E+00  
3.455587E+01  4.615888E+00  -4.613246E+00  2.344155E-03  1.000000E+00  1.869542E-03  1.692626E-30  2.460274E-11   4.357529E-02 LZ5Tmedian  3.163198E-05  4.522056E-03  
3.351345E+03  2.237353E+00  -2.236609E+00  -1.098229E-04  1.000000E+00  1.245870E+00  4.912450E-27  4.716171E-18   5.000000E-01 NotAppl  6.979237E-04  0.000000E+00  
3.025044E+03  1.949266E-03  4.191484E-02  5.529475E-04  1.000000E+00  3.073368E+00  2.405448E-27  1.472697E-16   5.000000E-01 NotAppl  3.805342E-04  0.000000E+00  
2.491430E+01  3.583313E-01  1.321181E+01  1.279492E-02  1.000000E+00  3.294814E-03  3.535888E-29  1.421191E-09   6.148126E-65 LZ5Tmedian  9.442574E-04  5.824058E-02  
1.342301E+03  3.398476E+00  -3.394280E+00  6.172211E-10  1.000000E+00  3.648636E-01  1.892121E-26  9.608060E-28   5.000000E-01 NotAppl  6.866638E-03  0.000000E+00  
6.823590E+02  1.349330E-02  3.836694E-01  6.814527E+00  1.000000E+00  7.135801E-04  1.947192E-23  4.661281E-07   0.000000E+00 XENON1T_2018  1.439375E+01  0.000000E+00  
1.061915E+01  1.072537E+02  -1.036374E+02  -7.093252E-07  1.000000E+00  1.505338E+01  7.787389E-38  2.387374E-17   5.000000E-01 NotAppl  5.458335E-12  6.993679E-10  
9.194670E+01  2.371214E-04  6.313531E+02  6.903420E+00  1.000000E+00  1.146179E-05  9.068509E-22  2.899786E-05   0.000000E+00 XENON1T_2018  5.463631E+03  0.000000E+00  
3.646399E+02  8.095001E-03  -6.555226E-03  3.199156E+00  1.000000E+00  8.094650E-04  1.689788E-23  3.700696E-07   0.000000E+00 XENON1T_2018  2.434470E+01  0.000000E+00  
2.227533E+03  1.627443E-04  1.733404E-01  1.773978E-05  1.000000E+00  1.701085E+00  4.435931E-27  2.826652E-19   5.000000E-01 NotAppl  9.589755E-04  0.000000E+00  
3.974521E+01  3.765510E-03  -3.021593E-03  -2.108736E+00  1.000000E+00  3.384080E-05  1.069649E-24  1.498378E-05   0.000000E+00 XENON1T_2018  1.702416E+01  2.499971E-01  
3.882264E+01  1.997681E-04  4.811533E-03  -9.419704E-03  1.000000E+00  4.086293E-05  3.462801E-29  3.136076E-10   2.087986E-18 LZ5Tmedian  5.708968E-04  7.110328E-02  
4.820850E+01  1.082373E+01  -9.550812E+00  1.742877E+00  1.000000E+00  6.887861E-04  2.100688E-24  6.909967E-06   0.000000E+00 XENON1T_2018  2.739855E+01  3.284525E-01  
6.448079E+03  2.514583E-03  7.800801E+02  -1.268653E-03  1.000000E+00  3.644398E-05  1.451706E-22  1.663249E-16   5.000000E-01 NotAppl  1.081690E+01  0.000000E+00  
8.126115E+03  9.999073E-02  2.681415E+02  -3.916911E-07  1.000000E+00  2.736705E-04  1.879616E-23  9.910328E-24   5.000000E-01 NotAppl  1.107630E+00  0.000000E+00  
4.169579E+03  2.853913E+02  -2.853599E+02  -6.583279E-06  1.000000E+00  1.632211E-04  4.486837E-23  1.086609E-20   5.000000E-01 NotAppl  5.092583E+00  0.000000E+00  
3.177390E+03  5.638805E-01  3.822489E+00  -4.387971E+00  1.000000E+00  2.788904E-02  4.165194E-25  8.391531E-09   3.811684E-12 LZ5Tmedian  6.683814E-02  0.000000E+00  
6.384341E+02  1.214005E-03  -1.095735E-03  -3.305792E-01  1.000000E+00  8.319215E-02  1.205026E-25  1.256721E-09   4.044230E-09 LZ5Tmedian  9.799764E-02  0.000000E+00  
1.606830E+03  3.205111E-04  1.235905E+00  -2.901767E+00  1.000000E+00  1.496585E-02  8.157360E-25  1.471559E-08   3.427490E-40 LZ5Tmedian  2.629367E-01  0.000000E+00  
3.522321E+02  6.418008E-03  -5.273750E-03  6.723378E-09  1.000000E+00  5.096490E-02  1.672954E-25  1.754538E-24   5.000000E-01 NotAppl  2.421804E-01  0.000000E+00  
2.459962E+03  1.954947E-01  1.259864E+00  5.097520E-04  1.000000E+00  1.620210E+00  4.230768E-27  1.906782E-16   5.000000E-01 NotAppl  8.282433E-04  0.000000E+00  
5.807962E+03  1.321014E+00  -7.916431E-01  1.489555E+00  1.000000E+00  4.281542E-01  2.468877E-26  2.835707E-10   5.000000E-01 NotAppl  2.084496E-03  0.000000E+00  
8.128638E+03  6.102080E-04  1.672510E-01  5.999552E-10  1.000000E+00  2.002433E+01  3.414272E-28  2.323617E-29   5.000000E-01 NotAppl  1.980937E-05  0.000000E+00  
1.925560E+02  4.406403E-03  -6.098710E-04  7.476022E-10  1.000000E+00  1.655697E-02  5.116736E-25  7.473641E-26   5.000000E-01 NotAppl  1.391024E+00  0.000000E+00  
1.875194E+01  1.649829E-03  -4.968667E-04  -2.831876E-05  1.000000E+00  2.043622E-03  1.507562E-34  1.232760E-14   5.000000E-01 NotAppl  5.492630E-09  1.092768E-06  
2.034778E+01  2.180082E-03  1.891699E+01  4.032060E-03  1.000000E+00  1.373044E-03  3.154205E-30  2.121502E-10   4.289072E-08 LZ5Tmedian  1.049781E-04  7.145877E-03  
5.753901E+03  2.276303E-04  1.124491E-03  2.691959E-02  1.000000E+00  1.060352E+01  6.713425E-28  9.439302E-14   5.000000E-01 NotAppl  5.527694E-05  0.000000E+00  
2.060633E+03  1.127901E-01  -8.220595E-02  7.186043E-03  1.000000E+00  1.465690E+00  5.190028E-27  5.435760E-14   5.000000E-01 NotAppl  1.215105E-03  0.000000E+00  
6.913258E+01  8.187224E-03  6.095425E+01  9.357496E-01  1.000000E+00  1.060931E-03  2.587221E-24  9.547802E-07   0.000000E+00 XENON1T_2018  2.345984E+01  0.000000E+00  
4.915036E+03  1.518833E-03  -5.430181E-04  4.799774E-04  1.000000E+00  7.856949E+00  9.123540E-28  4.133934E-17   5.000000E-01 NotAppl  8.809085E-05  0.000000E+00  
4.595031E+01  3.138511E-03  2.944955E+01  -6.075792E-01  1.000000E+00  4.252579E-04  2.545856E-25  9.259425E-07   0.000000E+00 XENON1T_2018  3.529334E+00  3.330471E-01  
6.773920E+01  2.123382E-01  -2.119715E-01  1.053929E-02  1.000000E+00  6.119749E-03  5.375878E-28  1.262592E-10   8.950495E-07 LZ5Tmedian  4.957964E-03  0.000000E+00  
2.070719E+03  4.523150E+02  -4.232978E+02  -1.318932E-05  1.000000E+00  5.799658E-05  9.636588E-23  1.813030E-19   5.000000E-01 NotAppl  2.235595E+01  0.000000E+00  
4.367648E+02  8.602675E+00  1.958507E+02  -1.232300E-10  1.000000E+00  6.162951E-04  6.810302E-24  3.795318E-28   5.000000E-01 NotAppl  7.951831E+00  0.000000E+00  
7.034277E+02  1.870686E-03  7.480472E-03  -1.397894E+00  1.000000E+00  1.106200E-02  1.118426E-24  1.843305E-08   1.198491E-112 LZ5Tmedian  8.515982E-01  0.000000E+00  
3.664914E+01  2.373941E-02  -2.330518E-02  -1.212569E-05  1.000000E+00  2.329391E-04  5.047748E-35  5.842047E-16   5.000000E-01 NotAppl  8.861511E-10  1.701284E-07  
1.245834E+03  7.093427E-01  4.683398E+00  1.407029E+00  1.000000E+00  2.796727E-02  3.908467E-25  5.813418E-09   8.531998E-21 LZ5Tmedian  1.605932E-01  0.000000E+00  
4.967910E+02  1.982251E+01  -1.976155E+01  4.600390E-02  1.000000E+00  1.925598E-02  3.367443E-25  4.064502E-11   4.497993E-01 NotAppl  3.414607E-01  0.000000E+00  
2.407841E+01  8.441573E-02  1.464307E+01  -7.386182E-07  1.000000E+00  2.091987E-03  1.152741E-37  5.073554E-18   5.000000E-01 NotAppl  3.190945E-12  3.397104E-10  
4.086359E+01  1.514833E-01  -1.512342E-01  -8.274424E-07  1.000000E+00  1.376011E-04  3.064866E-37  2.180447E-18   5.000000E-01 NotAppl  4.797058E-12  7.397238E-10  
1.565336E+01  1.114872E+01  -1.056647E+01  6.241709E-09  1.000000E+00  1.122738E-01  6.911442E-42  8.590383E-22   5.000000E-01 NotAppl  3.086830E-16  3.220213E-14  
2.401954E+02  5.509322E-01  -2.213712E-01  3.175578E-01  1.000000E+00  1.163309E-02  8.714357E-25  8.572622E-09   1.098460E-147 LZ5Tmedian  1.929067E+00  0.000000E+00  
7.837041E+03  5.603322E-03  7.336822E-02  1.059865E-02  1.000000E+00  1.922295E+01  3.622351E-28  7.810025E-15   5.000000E-01 NotAppl  2.180368E-05  0.000000E+00  
1.022097E+02  2.770574E-03  2.508218E-01  2.361111E-01  1.000000E+00  2.798157E-03  3.825594E-24  2.730701E-08   0.000000E+00 XENON1T_2018  2.038253E+01  0.000000E+00  
6.629731E+01  1.073954E+02  -1.073876E+02  -2.888936E-02  1.000000E+00  1.150520E-02  7.842204E-27  9.912759E-10   8.783098E-49 LZ5Tmedian  7.396882E-02  0.000000E+00  
7.336848E+02  3.246415E-03  4.219346E-04  3.414120E-07  1.000000E+00  2.062480E-01  4.010967E-26  1.008874E-21   5.000000E-01 NotAppl  2.713135E-02  0.000000E+00  
5.482282E+02  1.596964E+01  -1.596944E+01  -9.710491E-10  1.000000E+00  2.993623E-02  2.144120E-25  1.480485E-26   5.000000E-01 NotAppl  1.960974E-01  0.000000E+00  
4.133768E+01  1.106626E+00  1.234057E+00  -2.624594E-09  1.000000E+00  2.728307E-04  3.191854E-42  2.142915E-23   5.000000E-01 NotAppl  4.925204E-17  6.910150E-15  
2.91