MD1           DMP           DM3           l345          ld           Omegah2       sigV          protonSI      PvalDD        expName      CMB_ID        brH_DMDM      
1.066740E+01  7.317782E-04  3.382524E-03  -4.794269E-10  1.000000E+00  7.681695E-04  3.565358E-44  1.081009E-23   5.000000E-01 NotAppl  2.486125E-18  3.235117E-16  
2.499326E+03  2.305664E+02  -2.305663E+02  4.391279E-01  1.000000E+00  2.472069E-04  2.922364E-23  1.370014E-10   5.000000E-01 NotAppl  5.590982E+00  0.000000E+00  
1.631064E+02  6.293018E-03  8.238761E-02  -1.080119E-07  1.000000E+00  1.230915E-02  6.685357E-25  2.192212E-21   5.000000E-01 NotAppl  2.191987E+00  0.000000E+00  
6.943652E+01  5.807698E-02  -4.417263E-02  1.596622E-05  1.000000E+00  6.071791E-03  6.879340E-34  2.754851E-16   5.000000E-01 NotAppl  6.225776E-09  0.000000E+00  
3.275018E+03  1.091212E-03  2.062736E-01  4.879189E-04  1.000000E+00  3.544898E+00  2.064324E-27  9.755746E-17   5.000000E-01 NotAppl  3.011692E-04  0.000000E+00  
5.696530E+02  7.351540E-02  4.665201E-01  9.086208E-09  1.000000E+00  1.261565E-01  6.603029E-26  1.198527E-24   5.000000E-01 NotAppl  5.803006E-02  0.000000E+00  
5.642956E+02  8.806957E-02  -7.516859E-02  -5.908560E-01  1.000000E+00  3.149212E-02  3.567089E-25  5.166965E-09   1.130397E-39 LZ5Tmedian  3.369158E-01  0.000000E+00  
1.230848E+02  1.977266E+00  3.613034E+01  -1.071639E-01  1.000000E+00  5.082257E-03  8.509262E-25  3.843088E-09   1.789415E-120 LZ5Tmedian  3.713404E+00  0.000000E+00  
1.051138E+03  2.629591E+01  -2.629556E+01  -2.700211E-09  1.000000E+00  1.555462E-02  4.149608E-25  3.028405E-26   5.000000E-01 NotAppl  1.933339E-01  0.000000E+00  
1.150775E+02  4.253435E-02  4.305009E-01  -3.047551E-08  1.000000E+00  6.792767E-03  1.118512E-24  3.567592E-22   5.000000E-01 NotAppl  5.256099E+00  0.000000E+00  
9.863011E+03  3.073456E-01  -2.657923E-01  3.485445E-10  1.000000E+00  2.313621E+01  2.830442E-28  5.295242E-30   5.000000E-01 NotAppl  1.348682E-05  0.000000E+00  
8.838005E+03  2.507156E-04  1.624733E-01  -1.419017E-05  1.000000E+00  2.345716E+01  2.895515E-28  1.096750E-20   5.000000E-01 NotAppl  1.543717E-05  0.000000E+00  
8.136560E+02  4.944221E-04  1.672485E+02  -1.121160E+00  1.000000E+00  8.861122E-04  4.955702E-24  8.807086E-09   4.651628E-47 LZ5Tmedian  3.080078E+00  0.000000E+00  
2.148351E+03  1.294578E-02  4.783106E-01  2.456399E-03  1.000000E+00  1.550621E+00  4.829678E-27  5.834373E-15   5.000000E-01 NotAppl  1.083725E-03  0.000000E+00  
1.108485E+02  5.492836E-03  1.271872E-01  6.012024E-07  1.000000E+00  6.585113E-03  1.161305E-24  1.499163E-19   5.000000E-01 NotAppl  5.671781E+00  0.000000E+00  
5.354593E+02  2.874751E+01  -1.794385E+01  6.853413E-06  1.000000E+00  8.632643E-03  5.563545E-25  7.738606E-19   5.000000E-01 NotAppl  5.218513E-01  0.000000E+00  
6.834173E+03  4.950064E-04  3.673006E+02  1.912398E-04  1.000000E+00  1.492361E-04  3.450386E-23  3.358240E-18   5.000000E-01 NotAppl  2.423568E+00  0.000000E+00  
9.151021E+03  1.281443E-02  2.479193E+00  -9.563855E-02  1.000000E+00  2.282223E+00  1.758213E-27  4.641996E-13   5.000000E-01 NotAppl  9.171747E-05  0.000000E+00  
1.946807E+01  3.795269E-04  2.564753E+02  1.705616E-10  1.000000E+00  1.265953E-03  5.545264E-45  4.148284E-25   5.000000E-01 NotAppl  1.938023E-19  3.948798E-17  
3.072929E+03  2.187911E+01  -2.186092E+01  5.160467E-07  1.000000E+00  2.244170E-02  2.828551E-25  1.242340E-22   5.000000E-01 NotAppl  4.381812E-02  0.000000E+00  
9.637718E+03  8.576301E+00  -7.310350E+00  2.753157E-09  1.000000E+00  1.461674E-01  4.408225E-26  3.462630E-28   5.000000E-01 NotAppl  2.140884E-03  0.000000E+00  
6.149229E+03  1.315550E-04  2.370588E+02  -1.998320E-09  1.000000E+00  3.471556E-04  1.459724E-23  4.544466E-28   5.000000E-01 NotAppl  1.141381E+00  0.000000E+00  
1.124514E+02  1.429180E+00  -1.425851E+00  1.091998E+00  1.000000E+00  4.441270E-04  2.259329E-23  4.802522E-07   0.000000E+00 XENON1T_2018  1.093002E+02  0.000000E+00  
2.320464E+03  8.459984E-03  -5.329159E-03  8.590378E-03  1.000000E+00  1.845285E+00  4.085524E-27  6.098791E-14   5.000000E-01 NotAppl  8.470934E-04  0.000000E+00  
1.231006E+01  3.902215E-01  4.208733E+01  3.047272E-05  1.000000E+00  2.263142E-03  1.527935E-34  3.296193E-14   5.000000E-01 NotAppl  9.004174E-09  1.734323E-07  
2.987505E+03  2.654253E+01  -2.653578E+01  2.786064E-09  1.000000E+00  1.550416E-02  4.145631E-25  3.835008E-27   5.000000E-01 NotAppl  6.609942E-02  0.000000E+00  
6.262501E+02  9.954414E-04  7.125802E+01  2.611050E-04  1.000000E+00  3.762384E-03  1.262116E-24  8.154955E-16   5.000000E-01 NotAppl  1.019152E+00  0.000000E+00  
7.962347E+03  6.339817E-04  1.593538E+00  -2.488741E-02  1.000000E+00  4.503726E+00  9.969893E-28  4.169833E-14   5.000000E-01 NotAppl  5.965611E-05  0.000000E+00  
1.431573E+03  3.946425E-03  2.752983E-02  -4.767846E-05  1.000000E+00  7.342976E-01  1.067705E-26  5.027673E-18   5.000000E-01 NotAppl  3.631251E-03  0.000000E+00  
6.430742E+01  1.180899E+01  2.293241E+01  3.574853E-09  1.000000E+00  2.571795E-01  5.453099E-40  1.615301E-23   5.000000E-01 NotAppl  5.335808E-15  0.000000E+00  
3.455177E+02  3.910284E-01  3.408662E+00  -1.114836E-05  1.000000E+00  4.353847E-02  1.783190E-25  5.017868E-18   5.000000E-01 NotAppl  2.634004E-01  0.000000E+00  
2.873170E+01  9.854712E-04  3.337714E-03  1.543520E-07  1.000000E+00  2.776037E-03  5.779423E-39  1.550569E-19   5.000000E-01 NotAppl  1.318633E-13  3.022292E-11  
1.244937E+02  1.235130E-04  1.063077E-01  -1.509559E-08  1.000000E+00  7.838489E-03  1.012975E-24  7.449900E-23   5.000000E-01 NotAppl  4.384002E+00  0.000000E+00  
1.115208E+01  1.504109E-03  1.393484E-02  -3.197367E-10  1.000000E+00  8.068352E-04  1.618293E-44  4.407085E-24   5.000000E-01 NotAppl  1.071011E-18  1.436890E-16  
1.689630E+01  2.204262E-02  -1.377395E-02  -9.530510E-08  1.000000E+00  1.863965E-03  1.649222E-39  1.719769E-19   5.000000E-01 NotAppl  6.753960E-14  1.249155E-11  
2.346342E+03  8.230751E+00  9.207656E+02  -1.091960E-08  1.000000E+00  3.317457E-05  1.537442E-22  9.634360E-26   5.000000E-01 NotAppl  3.206150E+01  0.000000E+00  
2.569849E+01  4.586956E-04  7.748600E+00  -3.348477E-06  1.000000E+00  1.912480E-03  2.474654E-36  9.143343E-17   5.000000E-01 NotAppl  6.385320E-11  1.127682E-08  
2.964179E+01  4.033750E+02  -4.026284E+02  -8.638620E-07  1.000000E+00  1.284513E-02  1.869023E-37  4.559774E-18   5.000000E-01 NotAppl  4.121415E-12  9.360268E-10  
3.384472E+03  1.960009E+01  -1.956058E+01  3.382713E+00  1.000000E+00  1.164827E-02  8.072110E-25  4.385725E-09   2.489052E-06 LZ5Tmedian  1.153966E-01  0.000000E+00  
5.094634E+02  1.095749E-02  -1.020288E-02  9.613508E-01  1.000000E+00  1.292354E-02  9.363307E-25  1.685815E-08   3.781559E-141 LZ5Tmedian  9.674726E-01  0.000000E+00  
3.264651E+01  5.051209E+02  -5.051159E+02  1.970357E-06  1.000000E+00  6.351166E-03  1.095336E-36  1.950649E-17   5.000000E-01 NotAppl  2.172694E-11  4.730382E-09  
3.462151E+02  4.439162E-03  -3.994191E-03  -9.707257E-02  1.000000E+00  4.614406E-02  1.884778E-25  3.788768E-10   2.575594E-05 LZ5Tmedian  2.803123E-01  0.000000E+00  
6.819162E+01  3.283011E+00  2.369242E+02  6.262401E-06  1.000000E+00  1.511307E-02  1.598398E-34  4.397635E-17   5.000000E-01 NotAppl  1.473337E-09  0.000000E+00  
9.302210E+01  8.624459E-04  4.465527E-02  5.906105E-05  1.000000E+00  5.558538E-03  1.077156E-24  2.072476E-15   5.000000E-01 NotAppl  6.348567E+00  0.000000E+00  
1.632285E+03  1.084606E+01  -1.083683E+01  8.794123E+00  1.000000E+00  1.538126E-03  7.602186E-24  1.308946E-07   0.000000E+00 LZ5Tmedian  2.345235E+00  0.000000E+00  
5.172727E+01  5.535753E+00  -5.525656E+00  1.419822E-04  1.000000E+00  1.866359E-03  2.958059E-32  3.972488E-14   5.000000E-01 NotAppl  3.611673E-07  1.083795E-05  
3.815450E+01  5.521015E-01  -1.367141E-01  -5.990958E+00  1.000000E+00  5.291014E-05  3.163655E-25  1.314097E-04   0.000000E+00 XENON1T_2018  5.618245E+00  2.515852E-01  
5.272362E+03  4.413202E+02  -4.413170E+02  -1.085828E-05  1.000000E+00  7.093890E-05  1.056390E-22  1.834339E-20   5.000000E-01 NotAppl  9.447203E+00  0.000000E+00  
1.248331E+01  8.811498E-03  -8.285665E-03  -6.260746E-08  1.000000E+00  1.079847E-03  6.481433E-40  1.353547E-19   5.000000E-01 NotAppl  3.758520E-14  5.486264E-12  
4.141300E+02  7.334820E-03  4.459335E-02  -3.707631E-09  1.000000E+00  6.930397E-02  1.225566E-25  3.830830E-25   5.000000E-01 NotAppl  1.499539E-01  0.000000E+00  
5.466827E+03  3.932692E+00  1.041579E+02  -2.596428E-02  1.000000E+00  1.618715E-03  3.097669E-24  9.743930E-14   5.000000E-01 NotAppl  2.729994E-01  0.000000E+00  
3.721250E+03  1.043035E-01  2.094705E-02  -5.486415E-02  1.000000E+00  4.529137E+00  1.612510E-27  9.511802E-13   5.000000E-01 NotAppl  2.069227E-04  0.000000E+00  
1.012749E+01  2.287765E-02  -2.768931E-03  3.199880E-02  1.000000E+00  7.895656E-04  1.546436E-28  5.329986E-08   5.693501E-217 LZ5Tmedian  1.146302E-02  2.129607E-01  
8.442711E+01  9.608082E-02  1.130935E+01  4.858402E-06  1.000000E+00  4.801767E-03  6.502231E-25  1.710654E-17   5.000000E-01 NotAppl  4.316466E+00  0.000000E+00  
3.473145E+01  7.803114E-01  7.679560E+00  3.135198E-05  1.000000E+00  7.003029E-04  3.053797E-34  4.355859E-15   5.000000E-01 NotAppl  5.676149E-09  7.620874E-07  
7.489340E+03  5.699714E+01  -3.392900E+01  1.417601E-02  1.000000E+00  3.565375E-03  2.050294E-24  1.532121E-14   5.000000E-01 NotAppl  1.286590E-01  0.000000E+00  
5.325610E+03  6.463788E-03  5.407621E-02  9.356656E-06  1.000000E+00  9.158921E+00  7.782415E-28  1.334528E-20   5.000000E-01 NotAppl  6.927028E-05  0.000000E+00  
3.069967E+01  2.475086E+00  1.494885E+02  -3.016652E-02  1.000000E+00  6.519992E-03  2.371066E-28  5.179194E-09   2.096311E-274 LZ5Tmedian  5.026824E-03  3.129318E-01  
1.078349E+03  1.767107E+00  -1.766538E+00  -2.402066E-09  1.000000E+00  3.724042E-01  2.058151E-26  2.274756E-26   5.000000E-01 NotAppl  9.360503E-03  0.000000E+00  
4.399021E+03  1.615401E-02  7.102709E-01  1.711463E-01  1.000000E+00  3.943123E+00  1.884867E-27  6.585810E-12   5.000000E-01 NotAppl  2.066118E-04  0.000000E+00  
8.569009E+03  3.066401E+01  -3.060539E+01  -5.460801E-10  1.000000E+00  1.185920E-02  5.537631E-25  1.729440E-29   5.000000E-01 NotAppl  3.027957E-02  0.000000E+00  
4.844928E+03  3.005408E+00  1.648813E+02  -6.972579E+00  1.000000E+00  7.489791E-04  5.909333E-24  8.982452E-09   9.424283E-09 LZ5Tmedian  5.908209E-01  0.000000E+00  
7.780637E+02  9.777133E-01  -9.725749E-01  5.606433E-07  1.000000E+00  2.229102E-01  3.630681E-26  2.412951E-21   5.000000E-01 NotAppl  2.311383E-02  0.000000E+00  
1.227361E+03  2.143170E-03  6.013352E+02  5.568740E-02  1.000000E+00  8.908792E-05  5.829818E-23  9.388044E-12   5.000000E-01 NotAppl  2.362736E+01  0.000000E+00  
1.651711E+03  6.296702E-03  5.867806E-02  7.947534E-08  1.000000E+00  9.639139E-01  8.034395E-27  1.043583E-23   5.000000E-01 NotAppl  2.359438E-03  0.000000E+00  
3.819312E+02  1.254537E+01  -1.141327E+01  -4.478138E-07  1.000000E+00  2.695024E-02  2.317226E-25  6.595180E-21   5.000000E-01 NotAppl  3.088757E-01  0.000000E+00  
1.801231E+02  2.488824E-04  3.968531E-04  -1.316302E-02  1.000000E+00  1.482783E-02  5.644230E-25  2.656515E-11   2.547925E-01 NotAppl  1.645646E+00  0.000000E+00  
3.533753E+01  9.191360E+00  -9.147227E+00  1.183700E-06  1.000000E+00  3.231997E-03  4.487117E-37  5.994813E-18   5.000000E-01 NotAppl  8.188005E-12  7.315933E-10  
1.232424E+02  8.252826E+00  3.739328E+02  1.075457E-02  1.000000E+00  1.354681E-03  2.395929E-24  3.860379E-11   6.286664E-02 LZ5Tmedian  1.030724E+01  0.000000E+00  
6.971782E+01  1.349598E-02  2.767255E+02  5.262490E-01  1.000000E+00  2.418415E-03  6.862976E-25  2.968183E-07   0.000000E+00 XENON1T_2018  6.175244E+00  0.000000E+00  
1.399889E+03  8.357955E+02  -8.357945E+02  -1.574645E-01  1.000000E+00  3.493326E-05  2.183011E-22  5.739978E-11   5.000000E-01 NotAppl  7.570742E+01  0.000000E+00  
1.634011E+02  3.247846E+00  -2.354055E+00  9.075020E-03  1.000000E+00  9.549127E-03  6.960639E-25  1.541799E-11   4.205824E-01 NotAppl  2.279221E+00  0.000000E+00  
4.888107E+03  6.523388E-02  2.878033E+01  2.378411E-08  1.000000E+00  2.068312E-02  2.242853E-25  1.026472E-25   5.000000E-01 NotAppl  2.213775E-02  0.000000E+00  
3.584294E+02  2.311714E-03  2.989228E+02  8.623683E-08  1.000000E+00  5.018759E-04  9.676727E-24  2.785278E-22   5.000000E-01 NotAppl  1.382861E+01  0.000000E+00  
7.693520E+01  6.558660E-03  6.092088E+02  3.490552E-01  1.000000E+00  4.540610E-03  6.899665E-26  1.067856E-07   0.000000E+00 XENON1T_2018  5.587079E-01  0.000000E+00  
1.253699E+03  4.146690E-01  -4.130733E-01  2.692280E-02  1.000000E+00  5.552588E-01  1.427766E-26  2.101308E-12   5.000000E-01 NotAppl  5.564901E-03  0.000000E+00  
1.468203E+01  2.215170E-02  1.932968E+01  9.433594E-06  1.000000E+00  8.431566E-04  1.549020E-35  2.228906E-15   5.000000E-01 NotAppl  7.442555E-10  5.518547E-08  
5.943750E+02  1.604804E+00  -1.604328E+00  2.676141E-04  1.000000E+00  1.302698E-01  6.224413E-26  9.531968E-16   5.000000E-01 NotAppl  5.234737E-02  0.000000E+00  
2.887973E+03  2.319382E-04  8.029824E+02  5.096617E-10  1.000000E+00  4.035687E-05  1.302204E-22  1.375002E-28   5.000000E-01 NotAppl  2.195193E+01  0.000000E+00  
4.047977E+01  6.736039E-04  5.843020E-03  -1.436545E-10  1.000000E+00  8.033180E-05  8.990324E-45  6.699522E-26   5.000000E-01 NotAppl  1.418208E-19  2.246002E-17  
3.785139E+02  9.121711E-02  -8.295811E-02  1.754881E-03  1.000000E+00  5.831475E-02  1.458506E-25  1.031610E-13   5.000000E-01 NotAppl  1.959746E-01  0.000000E+00  
2.655509E+01  2.305400E-03  -6.162146E-04  -9.080039E-02  1.000000E+00  2.960935E-03  1.865386E-27  6.292498E-08   0.000000E+00 XENON1T_2018  4.637371E-02  2.442931E-01  
6.687613E+03  3.817696E-02  -3.706521E-02  -1.648295E-04  1.000000E+00  1.424833E+01  4.939079E-28  2.607081E-18   5.000000E-01 NotAppl  3.490205E-05  0.000000E+00  
6.382920E+02  1.043508E-02  -8.983918E-03  -7.689463E-06  1.000000E+00  1.582051E-01  5.274531E-26  6.802636E-19   5.000000E-01 NotAppl  4.120351E-02  0.000000E+00  
1.781704E+03  4.269675E-01  -1.287186E-01  2.028640E-09  1.000000E+00  1.086948E+00  7.041366E-27  5.826489E-27   5.000000E-01 NotAppl  1.913360E-03  0.000000E+00  
4.808397E+02  3.745802E+02  -3.745756E+02  5.398576E-10  1.000000E+00  2.015710E-04  3.524383E-23  5.983630E-27   5.000000E-01 NotAppl  3.697003E+01  0.000000E+00  
5.681281E+01  2.635608E-02  2.403741E-01  1.787821E-01  1.000000E+00  2.814546E-03  1.543877E-25  5.202322E-08   0.000000E+00 XENON1T_2018  1.715157E+00  2.475806E-01  
2.779845E+01  4.644941E+00  -4.644763E+00  6.017178E+00  1.000000E+00  8.918475E-03  2.497424E-25  2.519200E-04   0.000000E+00 XENON1T_2018  6.160894E+00  2.554476E-01  
3.552303E+03  7.178349E-03  2.045382E-02  3.833924E+00  1.000000E+00  4.172192E-02  2.834570E-25  5.105380E-09   6.077549E-07 LZ5Tmedian  4.018841E-02  0.000000E+00  
5.519195E+03  1.617746E+00  -1.612076E+00  -1.980311E-07  1.000000E+00  2.582364E+00  2.269063E-27  5.559456E-24   5.000000E-01 NotAppl  1.940650E-04  0.000000E+00  
1.213487E+03  6.477043E+01  -1.127508E+01  1.719808E-04  1.000000E+00  1.405814E-03  3.085489E-24  9.164197E-17   5.000000E-01 NotAppl  1.245764E+00  0.000000E+00  
6.478926E+03  1.828077E+01  -1.793277E+01  -1.935486E-04  1.000000E+00  3.221481E-02  1.973849E-25  3.833893E-18   5.000000E-01 NotAppl  1.432348E-02  0.000000E+00  
5.218329E+02  9.567767E-02  2.638809E+02  2.902341E+00  1.000000E+00  2.751139E-04  2.600590E-23  1.462977E-07   0.000000E+00 XENON1T_2018  2.540600E+01  0.000000E+00  
1.885648E+03  2.949127E-03  2.110992E+00  7.358697E-05  1.000000E+00  9.069634E-01  7.378775E-27  6.829882E-18   5.000000E-01 NotAppl  1.897412E-03  0.000000E+00  
6.215064E+02  3.244792E+00  3.560989E+01  -1.215082E-03  1.000000E+00  1.086465E-02  4.405163E-25  1.793706E-14   5.000000E-01 NotAppl  3.580107E-01  0.000000E+00  
1.913921E+03  1.056407E+02  -1.056355E+02  -2.213708E+00  1.000000E+00  1.464122E-03  4.503591E-24  5.996260E-09   3.051913E-14 LZ5Tmedian  1.138403E+00  0.000000E+00  
4.316114E+02  8.725281E+00  1.608520E+01  -7.338309E-01  1.000000E+00  9.138601E-03  5.886163E-25  1.378965E-08   1.037044E-135 LZ5Tmedian  7.768782E-01  0.000000E+00  
1.029371E+02  1.269716E-02  3.455478E+00  1.673603E-05  1.000000E+00  5.244047E-03  1.236203E-24  1.352176E-16   5.000000E-01 NotAppl  6.520980E+00  0.000000E+00  
4.574427E+01  8.162418E-02  2.017332E+02  -1.807833E-05  1.000000E+00  4.027561E-04  2.212655E-34  8.273117E-16   5.000000E-01 NotAppl  3.071027E-09  3.180812E-07  
3.594178E+03  1.869644E+02  -1.804307E+02  3.915244E-03  1.000000E+00  3.501441E-04  1.959571E-23  5.198801E-15   5.000000E-01 NotAppl  2.586929E+00  0.000000E+00  
4.609733E+01  2.970742E-04  2.172928E-02  1.430705E-10  1.000000E+00  2.666506E-04  1.436328E-44  5.100976E-26   5.000000E-01 NotAppl  1.977639E-19  1.974466E-17  
8.635418E+03  2.900743E+01  1.036763E+02  5.088191E-02  1.000000E+00  1.125177E-03  5.186448E-24  1.478123E-13   5.000000E-01 NotAppl  2.868075E-01  0.000000E+00  
2.789081E+03  2.420138E+01  -2.389846E+01  -2.866158E-09  1.000000E+00  1.854163E-02  3.454789E-25  4.668152E-27   5.000000E-01 NotAppl  5.908754E-02  0.000000E+00  
1.522689E+02  2.906559E+02  -2.905484E+02  2.721689E-02  1.000000E+00  9.316584E-04  6.319830E-24  1.602599E-10   6.892723E-05 LZ5Tmedian  2.271769E+01  0.000000E+00  
5.292569E+03  6.923296E-03  -5.020277E-03  2.536215E-06  1.000000E+00  9.068743E+00  7.869770E-28  9.930085E-22   5.000000E-01 NotAppl  7.048995E-05  0.000000E+00  
9.596289E+02  4.199917E+00  -4.188048E+00  -2.705196E-09  1.000000E+00  2.098725E-01  3.393574E-26  3.660675E-26   5.000000E-01 NotAppl  1.739239E-02  0.000000E+00  
9.115715E+03  9.741869E-01  -9.717644E-01  -3.053199E-04  1.000000E+00  6.914400E+00  8.254813E-28  4.768239E-18   5.000000E-01 NotAppl  4.247807E-05  0.000000E+00  
4.321941E+01  1.260227E-02  2.622811E-02  5.830217E-05  1.000000E+00  1.621159E-04  1.826285E-33  9.658647E-15   5.000000E-01 NotAppl  2.695867E-08  3.507264E-06  
3.049034E+01  2.051845E+02  -2.051732E+02  -2.307060E-05  1.000000E+00  9.425528E-03  1.375660E-34  3.071489E-15   5.000000E-01 NotAppl  2.941726E-09  6.638834E-07  
1.893499E+02  2.346703E-04  7.496827E-02  1.129365E-09  1.000000E+00  1.602995E-02  5.270314E-25  1.765242E-25   5.000000E-01 NotAppl  1.458186E+00  0.000000E+00  
3.412578E+01  2.325874E+01  -2.322636E+01  2.127000E-04  1.000000E+00  4.660527E-03  1.364897E-32  2.077707E-13   5.000000E-01 NotAppl  2.581411E-07  7.736149E-06  
1.892273E+03  1.406728E-04  4.326182E-03  1.167591E-06  1.000000E+00  1.249596E+00  6.128082E-27  1.707216E-21   5.000000E-01 NotAppl  1.565608E-03  0.000000E+00  
1.252401E+02  1.965909E-04  3.775009E+02  -9.900263E-07  1.000000E+00  2.041030E-03  2.313760E-24  3.165350E-19   5.000000E-01 NotAppl  9.754785E+00  0.000000E+00  
3.865884E+02  2.684824E+01  -2.245147E+01  -3.044714E-01  1.000000E+00  1.476265E-02  3.271246E-25  2.974080E-09   4.069017E-33 LZ5Tmedian  4.488529E-01  0.000000E+00  
3.650679E+01  2.645235E-04  2.223942E+01  8.124176E-03  1.000000E+00  2.759573E-04  2.248296E-29  2.643285E-10   1.598869E-15 LZ5Tmedian  3.956354E-04  1.747654E-02  
5.679093E+01  2.215146E+02  -1.961660E+02  -2.616834E-02  1.000000E+00  3.837453E-03  3.284890E-27  1.115432E-09   4.998657E-59 LZ5Tmedian  3.651844E-02  2.900512E-01  
4.009746E+03  7.587145E+01  -7.534257E+01  -1.604401E-08  1.000000E+00  2.057586E-03  3.336393E-24  6.987840E-26   5.000000E-01 NotAppl  3.940492E-01  0.000000E+00  
2.096416E+01  7.892234E+02  -7.892198E+02  -2.800302E-10  1.000000E+00  3.887353E-02  1.541042E-44  9.637519E-25   5.000000E-01 NotAppl  4.963086E-19  1.055561E-16  
5.946053E+02  9.152021E+00  -9.151643E+00  9.931176E-08  1.000000E+00  6.213911E-02  1.086823E-25  1.311663E-22   5.000000E-01 NotAppl  9.135725E-02  0.000000E+00  
2.175202E+02  2.632484E-04  -4.642909E-05  3.541485E+00  1.000000E+00  5.822830E-05  2.551147E-22  1.306387E-06   0.000000E+00 XENON1T_2018  7.128621E+02  0.000000E+00  
5.376056E+03  1.191710E-02  -1.178046E-02  3.553002E-02  1.000000E+00  9.243256E+00  7.748546E-28  1.887791E-13   5.000000E-01 NotAppl  6.836355E-05  0.000000E+00  
1.641796E+03  3.007427E+02  -2.946235E+02  -2.920841E-04  1.000000E+00  1.516002E-04  4.407099E-23  1.426950E-16   5.000000E-01 NotAppl  1.297359E+01  0.000000E+00  
2.224313E+02  4.435795E-02  5.438192E-02  4.457004E-04  1.000000E+00  2.142905E-02  3.957523E-25  1.976605E-14   5.000000E-01 NotAppl  9.254042E-01  0.000000E+00  
7.670133E+02  4.139272E-04  1.343617E+00  -5.508873E-06  1.000000E+00  2.167449E-01  3.725921E-26  2.398781E-19   5.000000E-01 NotAppl  2.407874E-02  0.000000E+00  
7.785440E+02  1.228377E-01  -1.218859E-01  4.958231E+00  1.000000E+00  1.593996E-03  8.475640E-24  1.884870E-07   0.000000E+00 XENON1T_2018  5.547380E+00  0.000000E+00  
1.724826E+02  1.294121E-03  -1.125666E-03  -8.869648E-08  1.000000E+00  1.361226E-02  6.077742E-25  1.318245E-21   5.000000E-01 NotAppl  1.881875E+00  0.000000E+00  
9.421382E+03  3.916692E-02  8.564270E-01  3.082612E-10  1.000000E+00  1.098058E+01  4.660345E-28  4.545692E-30   5.000000E-01 NotAppl  2.345038E-05  0.000000E+00  
1.061066E+02  1.754935E+01  5.980884E+02  7.173753E-08  1.000000E+00  1.547539E-03  1.894490E-24  2.334657E-21   5.000000E-01 NotAppl  9.611140E+00  0.000000E+00  
4.710111E+02  2.106427E-01  2.701849E+00  1.031376E-05  1.000000E+00  8.129207E-02  9.804481E-26  2.278169E-18   5.000000E-01 NotAppl  1.049743E-01  0.000000E+00  
5.328827E+01  1.977450E+00  -1.335826E+00  1.259452E-05  1.000000E+00  3.160553E-03  3.098638E-34  2.941948E-16   5.000000E-01 NotAppl  3.666860E-09  1.100651E-07  
8.408310E+03  1.725349E-01  2.160504E+02  8.506377E-09  1.000000E+00  4.165416E-04  1.230376E-23  4.360931E-27   5.000000E-01 NotAppl  7.004039E-01  0.000000E+00  
4.284156E+03  4.882209E-01  -4.663436E-01  -7.232430E+00  1.000000E+00  1.770957E-02  6.882912E-25  1.241116E-08   2.904298E-13 LZ5Tmedian  8.102350E-02  0.000000E+00  
6.409573E+02  2.028161E+02  -2.027843E+02  -1.069808E+00  1.000000E+00  5.388938E-04  1.297560E-23  1.305564E-08   1.390781E-87 LZ5Tmedian  1.014211E+01  0.000000E+00  
1.607739E+02  3.642879E-01  3.867721E+00  7.577987E-05  1.000000E+00  1.020520E-02  6.981700E-25  1.111398E-15   5.000000E-01 NotAppl  2.322030E+00  0.000000E+00  
5.776245E+03  3.217864E+02  -3.217863E+02  -1.164814E+00  1.000000E+00  1.303577E-04  5.672441E-23  1.753456E-10   5.000000E-01 NotAppl  4.624318E+00  0.000000E+00  
2.484204E+02  4.014009E+01  -3.963670E+01  9.066490E-04  1.000000E+00  5.587053E-03  1.067369E-24  6.522150E-14   5.000000E-01 NotAppl  2.237065E+00  0.000000E+00  
9.494877E+03  7.709705E+02  -7.709700E+02  -1.213814E-09  1.000000E+00  2.404987E-05  3.233138E-22  6.937696E-29   5.000000E-01 NotAppl  1.593746E+01  0.000000E+00  
6.471581E+01  2.650915E+01  -2.411842E+01  3.377173E-03  1.000000E+00  1.813647E-02  3.218890E-28  1.423087E-11   2.000120E-01 NotAppl  3.129179E-03  0.000000E+00  
6.888687E+02  2.807284E-03  1.250334E+00  1.292346E-06  1.000000E+00  1.778758E-01  4.586170E-26  1.644241E-20   5.000000E-01 NotAppl  3.311555E-02  0.000000E+00  
3.101351E+02  4.044465E-02  1.505428E+02  1.542504E-02  1.000000E+00  1.315616E-03  3.680201E-24  1.198417E-11   5.000000E-01 NotAppl  6.093254E+00  0.000000E+00  
1.782926E+02  3.553628E-04  5.226701E+00  1.015427E-03  1.000000E+00  1.249857E-02  5.890374E-25  1.614323E-13   5.000000E-01 NotAppl  1.761746E+00  0.000000E+00  
5.854003E+02  1.737116E+02  -1.735962E+02  -8.016806E-01  1.000000E+00  7.013575E-04  9.833187E-24  8.824192E-09   6.843708E-65 LZ5Tmedian  8.433845E+00  0.000000E+00  
1.621516E+01  5.935223E-04  1.547328E+02  -1.223793E-10  1.000000E+00  9.234179E-04  2.685155E-45  3.078282E-25   5.000000E-01 NotAppl  1.152088E-19  2.066089E-17  
8.878850E+03  1.113043E-01  3.003332E+01  -2.742928E-10  1.000000E+00  1.924477E-02  2.448602E-25  4.059710E-30   5.000000E-01 NotAppl  1.319121E-02  0.000000E+00  
2.520430E+02  3.523834E-03  1.811357E-03  -1.272711E-08  1.000000E+00  2.713337E-02  3.144621E-25  1.247648E-23   5.000000E-01 NotAppl  6.453417E-01  0.000000E+00  
7.269294E+02  7.053314E-01  1.782256E-01  -6.120441E-03  1.000000E+00  1.945108E-01  4.122507E-26  3.304094E-13   5.000000E-01 NotAppl  2.815628E-02  0.000000E+00  
8.402258E+01  2.757844E+02  -2.437293E+02  6.466269E-07  1.000000E+00  3.180697E-03  7.804098E-25  3.060252E-19   5.000000E-01 NotAppl  5.222672E+00  0.000000E+00  
1.864552E+02  9.982473E-01  -9.936257E-01  -3.823466E-03  1.000000E+00  1.505010E-02  5.403987E-25  2.088153E-12   5.000000E-01 NotAppl  1.519608E+00  0.000000E+00  
2.597604E+01  3.287338E+02  -2.890478E+02  1.133513E-09  1.000000E+00  5.955262E+05  2.858197E-43  1.025280E-23   5.000000E-01 NotAppl  7.287249E-18  1.669814E-15  
2.650551E+03  1.087476E-04  5.216992E-01  5.603015E-04  1.000000E+00  2.280944E+00  3.205027E-27  1.978949E-16   5.000000E-01 NotAppl  5.803170E-04  0.000000E+00  
5.160976E+02  2.533778E-04  6.941672E+01  1.632858E-09  1.000000E+00  3.992871E-03  1.195060E-24  4.736444E-26   5.000000E-01 NotAppl  1.175723E+00  0.000000E+00  
1.195370E+01  1.166826E-01  4.054598E+00  -2.254176E+00  1.000000E+00  8.133718E-04  5.198066E-25  1.911166E-04   0.000000E+00 XENON1T_2018  3.171674E+01  2.512527E-01  
1.269941E+02  1.923081E+02  -8.544334E+01  4.772102E-01  1.000000E+00  2.423095E-04  1.310442E-23  7.147677E-08   0.000000E+00 XENON1T_2018  5.621939E+01  0.000000E+00  
4.198126E+01  1.111900E+00  -9.678822E-01  -6.747581E-06  1.000000E+00  2.188058E-04  2.214652E-35  1.372550E-16   5.000000E-01 NotAppl  3.369802E-10  4.716123E-08  
2.639673E+01  1.218774E+00  -1.179875E+00  4.648643E-04  1.000000E+00  9.358094E-03  4.866815E-32  1.669353E-12   5.000000E-01 NotAppl  1.217830E-06  2.744555E-04  
2.497725E+02  1.724668E+01  -1.534444E+01  5.307153E-07  1.000000E+00  1.131464E-02  4.808084E-25  2.210074E-20   5.000000E-01 NotAppl  9.988988E-01  0.000000E+00  
4.725512E+01  9.436747E-01  -8.842270E-01  1.738838E-06  1.000000E+00  4.600008E-04  2.402826E-36  7.163593E-18   5.000000E-01 NotAppl  3.233042E-11  2.778848E-09  
3.309171E+02  3.944744E-04  5.825725E+01  2.642423E-03  1.000000E+00  5.359707E-03  9.286670E-25  3.079559E-13   5.000000E-01 NotAppl  1.438579E+00  0.000000E+00  
1.969734E+03  5.517923E-01  4.646672E-01  -3.795453E-03  1.000000E+00  1.224140E+00  6.084277E-27  1.662375E-14   5.000000E-01 NotAppl  1.492828E-03  0.000000E+00  
2.274953E+02  6.858810E+01  -6.858070E+01  1.180006E-07  1.000000E+00  2.892994E-03  2.170783E-24  1.323033E-21   5.000000E-01 NotAppl  4.997010E+00  0.000000E+00  
1.312625E+03  2.033776E-04  1.098393E+02  6.730057E+00  1.000000E+00  6.293264E-04  1.310201E-23  1.195628E-07   0.000000E+00 LZ5Tmedian  5.011990E+00  0.000000E+00  
2.554219E+02  6.211604E-01  1.278372E+01  8.450478E-05  1.000000E+00  1.839103E-02  3.570201E-25  5.352397E-16   5.000000E-01 NotAppl  7.222383E-01  0.000000E+00  
1.634066E+01  1.369558E-02  -1.313778E-02  -1.023078E-06  1.000000E+00  1.732201E-03  1.880994E-37  2.118521E-17   5.000000E-01 NotAppl  7.997376E-12  1.443133E-09  
2.994689E+02  6.573184E+02  -6.571778E+02  -3.518638E-09  1.000000E+00  2.127606E-04  3.150052E-23  6.699263E-25   5.000000E-01 NotAppl  5.433506E+01  0.000000E+00  
2.361731E+01  3.662617E-04  5.318660E+00  5.924740E-03  1.000000E+00  1.721338E-03  7.331418E-30  3.394210E-10   3.367799E-15 LZ5Tmedian  2.074009E-04  3.219772E-02  
1.237168E+02  1.107211E-03  6.049211E-01  -3.799492E-10  1.000000E+00  7.570401E-03  1.023468E-24  4.780517E-26   5.000000E-01 NotAppl  4.458893E+00  0.000000E+00  
2.876437E+03  2.293831E-02  -2.246273E-02  -3.514571E-06  1.000000E+00  2.789930E+00  2.659441E-27  6.592079E-21   5.000000E-01 NotAppl  4.428789E-04  0.000000E+00  
1.751189E+01  1.152628E-03  4.853227E+02  3.571682E-08  1.000000E+00  1.058691E-03  2.342850E-40  2.248720E-20   5.000000E-01 NotAppl  9.211282E-15  1.749269E-12  
3.032943E+02  1.558364E+02  -1.552595E+02  -7.459006E-07  1.000000E+00  8.182708E-04  7.817679E-24  2.933268E-20   5.000000E-01 NotAppl  1.330308E+01  0.000000E+00  
5.076060E+03  4.456338E-04  1.870614E-02  3.111377E-06  1.000000E+00  8.361859E+00  8.555392E-28  1.626910E-21   5.000000E-01 NotAppl  7.994979E-05  0.000000E+00  
2.510893E+02  2.145584E-01  5.025695E-02  7.955245E-09  1.000000E+00  2.642503E-02  3.170261E-25  4.912616E-24   5.000000E-01 NotAppl  6.531784E-01  0.000000E+00  
3.861843E+01  3.476144E-01  -3.296779E-01  -3.217514E-09  1.000000E+00  4.350739E-05  3.988840E-42  3.698356E-23   5.000000E-01 NotAppl  6.612935E-17  1.160514E-14  
1.330437E+02  7.744767E-01  -5.655988E-01  -4.166015E-08  1.000000E+00  8.272807E-03  9.268824E-25  4.951696E-22   5.000000E-01 NotAppl  3.749516E+00  0.000000E+00  
4.598270E+03  7.373090E-01  -6.837560E-01  1.064346E-06  1.000000E+00  4.916669E+00  1.364063E-27  2.327646E-22   5.000000E-01 NotAppl  1.407421E-04  0.000000E+00  
7.340354E+02  2.272142E-02  -1.702820E-02  2.039403E+00  1.000000E+00  7.032438E-03  1.809088E-24  3.596347E-08   3.980744E-210 LZ5Tmedian  1.280509E+00  0.000000E+00  
6.434014E+02  2.675291E-04  -1.055083E-04  3.454277E-06  1.000000E+00  1.606284E-01  5.192574E-26  1.350588E-19   5.000000E-01 NotAppl  4.023022E-02  0.000000E+00  
2.066174E+02  5.864974E-02  1.657438E+02  8.112286E-05  1.000000E+00  1.551801E-03  3.093280E-24  7.616396E-16   5.000000E-01 NotAppl  7.748071E+00  0.000000E+00  
1.527211E+01  7.258604E-04  -5.256615E-04  -2.807156E-01  1.000000E+00  1.445482E-03  1.387618E-26  1.824953E-06   0.000000E+00 XENON1T_2018  6.373148E-01  2.494309E-01  
3.470082E+01  2.020636E+01  -2.012665E+01  3.332038E-08  1.000000E+00  4.077614E-03  3.443833E-40  4.928801E-21   5.000000E-01 NotAppl  6.406757E-15  2.126326E-13  
9.077937E+02  6.214495E-01  2.909592E+01  -1.700333E-06  1.000000E+00  1.857670E-02  2.564641E-25  1.619828E-20   5.000000E-01 NotAppl  1.414388E-01  0.000000E+00  
2.778889E+01  4.474666E+00  6.709236E+00  1.147246E-01  1.000000E+00  4.898641E-02  3.094861E-27  9.164142E-08   0.000000E+00 XENON1T_2018  7.324949E-02  2.177382E-01  
9.448557E+02  1.025295E-04  1.558141E+02  1.715843E+00  1.000000E+00  7.111849E-04  8.350130E-24  1.520109E-08   1.004624E-69 LZ5Tmedian  4.442547E+00  0.000000E+00  
7.793063E+01  7.717552E-04  1.833186E-02  3.942756E-10  1.000000E+00  7.248579E-03  7.622939E-44  1.327144E-25   5.000000E-01 NotAppl  6.137131E-19  0.000000E+00  
3.883340E+03  5.362179E-03  -3.624384E-03  -8.578663E-04  1.000000E+00  4.979903E+00  1.460620E-27  2.132333E-16   5.000000E-01 NotAppl  1.791656E-04  0.000000E+00  
1.283004E+01  4.015446E-04  5.179770E-02  -1.402634E-02  1.000000E+00  9.453621E-04  3.283676E-29  6.436124E-09   1.990846E-71 LZ5Tmedian  1.844380E-03  1.310860E-01  
7.124019E+02  5.280926E-04  8.974128E-03  -4.009249E-09  1.000000E+00  1.950098E-01  4.250292E-26  1.477493E-25   5.000000E-01 NotAppl  2.963858E-02  0.000000E+00  
1.003278E+03  6.787893E-01  4.619085E+01  2.554145E+00  1.000000E+00  2.738115E-03  3.037451E-24  2.980019E-08   3.354457E-128 LZ5Tmedian  1.538842E+00  0.000000E+00  
7.965215E+02  2.126976E-04  4.301712E+02  -1.222891E-02  1.000000E+00  1.815240E-04  2.802357E-23  1.094340E-12   5.000000E-01 NotAppl  1.770209E+01  0.000000E+00  
4.307353E+03  5.121379E+01  5.692939E+01  1.035460E-10  1.000000E+00  1.274965E-03  4.610663E-24  2.516176E-30   5.000000E-01 NotAppl  5.136792E-01  0.000000E+00  
5.603902E+03  2.945004E-04  5.187911E-03  -5.065399E+00  1.000000E+00  5.865157E-02  2.003689E-25  3.526529E-09   1.883417E-03 LZ5Tmedian  1.790704E-02  0.000000E+00  
4.327192E+03  8.047753E-04  -5.443036E-04  2.396647E-04  1.000000E+00  6.139541E+00  1.176710E-27  1.335437E-17   5.000000E-01 NotAppl  1.293070E-04  0.000000E+00  
2.512332E+03  1.555382E+02  -1.494784E+02  -1.329841E-07  1.000000E+00  4.988303E-04  1.341621E-23  1.243231E-23   5.000000E-01 NotAppl  2.553180E+00  0.000000E+00  
3.067778E+03  1.770060E+01  4.830907E+01  3.302836E-09  1.000000E+00  4.157112E-03  1.337303E-24  5.106452E-27   5.000000E-01 NotAppl  2.113165E-01  0.000000E+00  
2.150093E+03  8.120976E-03  -6.151608E-03  5.047891E-02  1.000000E+00  1.562658E+00  4.891810E-27  2.459798E-12   5.000000E-01 NotAppl  1.098279E-03  0.000000E+00  
5.759208E+03  1.669294E+00  9.971356E-02  -7.564675E-02  1.000000E+00  2.481069E+00  2.633251E-27  7.439942E-13   5.000000E-01 NotAppl  2.170201E-04  0.000000E+00  
6.677022E+02  7.726631E+00  1.238641E+02  5.099116E-02  1.000000E+00  1.150341E-03  3.933874E-24  2.728311E-11   5.000000E-01 NotAppl  2.975857E+00  0.000000E+00  
3.483094E+03  1.404363E+01  2.657306E+02  1.060720E-10  1.000000E+00  2.533402E-04  1.959092E-23  4.067515E-30   5.000000E-01 NotAppl  2.727041E+00  0.000000E+00  
3.182802E+02  8.855083E+00  1.526285E+02  -4.813417E-02  1.000000E+00  9.913494E-04  3.944047E-24  1.106650E-10   3.523371E-02 LZ5Tmedian  6.360635E+00  0.000000E+00  
3.255156E+01  1.234818E-04  5.930554E-01  1.491774E-03  1.000000E+00  1.537661E-03  6.253399E-31  1.124761E-11   2.454285E-01 NotAppl  1.244220E-05  2.666250E-03  
1.074785E+03  2.870839E+01  2.696182E+02  -3.576910E-05  1.000000E+00  2.286172E-04  1.839095E-23  5.078264E-18   5.000000E-01 NotAppl  8.538685E+00  0.000000E+00  
1.407484E+03  2.984858E+01  -2.984801E+01  -1.609831E-04  1.000000E+00  1.239514E-02  5.238857E-25  5.933531E-17   5.000000E-01 NotAppl  1.807013E-01  0.000000E+00  
5.568500E+03  3.297040E+02  -3.296972E+02  4.629920E-02  1.000000E+00  1.224751E-04  6.051450E-23  2.984430E-13   5.000000E-01 NotAppl  5.119991E+00  0.000000E+00  
1.453391E+01  2.865495E+00  -2.406366E+00  -9.507101E-05  1.000000E+00  1.186449E-01  1.568511E-33  2.309827E-13   5.000000E-01 NotAppl  7.626780E-08  1.224678E-05  
3.770360E+02  2.149097E-01  -2.092681E-01  -1.828082E-03  1.000000E+00  5.773268E-02  1.468088E-25  1.128467E-13   5.000000E-01 NotAppl  1.980652E-01  0.000000E+00  
1.313845E+01  1.208804E+00  3.953850E+00  2.752064E-04  1.000000E+00  2.563902E-02  1.274032E-32  2.364100E-12   5.000000E-01 NotAppl  6.959607E-07  1.005676E-04  
9.468195E+01  6.159402E-03  2.981332E-02  -1.969034E-09  1.000000E+00  5.590819E-03  1.155471E-24  2.221521E-24   5.000000E-01 NotAppl  6.672320E+00  0.000000E+00  
4.073899E+03  5.830200E+02  -3.841638E+02  -1.529037E-07  1.000000E+00  2.279055E-05  1.834264E-22  6.145136E-24   5.000000E-01 NotAppl  2.134179E+01  0.000000E+00  
2.466790E+02  1.791966E+02  -1.791931E+02  3.238120E-03  1.000000E+00  8.135961E-04  8.017844E-24  8.440278E-13   5.000000E-01 NotAppl  1.696570E+01  0.000000E+00  
1.059980E+01  2.917162E+01  -2.915438E+01  -2.060134E-02  1.000000E+00  1.967872E-01  6.563132E-29  2.021021E-08   9.176282E-103 LZ5Tmedian  4.610839E-03  1.452532E-01  
3.880314E+03  2.507203E-04  3.946066E-03  -1.455454E-05  1.000000E+00  4.972418E+00  1.462898E-27  6.147539E-20   5.000000E-01 NotAppl  1.795870E-04  0.000000E+00  
4.743294E+03  1.171378E-03  -9.380862E-04  -1.104930E-02  1.000000E+00  7.327311E+00  9.807757E-28  2.355040E-14   5.000000E-01 NotAppl  9.818639E-05  0.000000E+00  
8.202422E+02  1.717974E+02  6.373436E+02  -3.564886E-09  1.000000E+00  4.470933E-05  7.745799E-23  8.758652E-26   5.000000E-01 NotAppl  4.732956E+01  0.000000E+00  
2.058543E+01  1.293785E+02  -1.293779E+02  -2.308387E-01  1.000000E+00  3.826410E-02  1.038899E-26  6.793278E-07   0.000000E+00 XENON1T_2018  3.411835E-01  4.965489E-01  
1.553608E+02  1.898838E-01  1.609553E+01  1.394126E-08  1.000000E+00  8.161918E-03  8.061256E-25  4.035115E-23   5.000000E-01 NotAppl  2.769840E+00  0.000000E+00  
1.913770E+02  2.417668E+00  6.729128E+02  -5.437790E-09  1.000000E+00  6.540868E-04  6.282257E-24  4.004077E-24   5.000000E-01 NotAppl  1.700050E+01  0.000000E+00  
1.564450E+03  1.854567E+00  -1.851379E+00  -8.952790E-03  1.000000E+00  6.652608E-01  1.079990E-26  1.479232E-13   5.000000E-01 NotAppl  3.351162E-03  0.000000E+00  
1.128415E+03  9.711378E+01  3.748292E+01  4.234685E-06  1.000000E+00  3.849301E-04  9.396511E-24  6.444438E-20   5.000000E-01 NotAppl  4.106947E+00  0.000000E+00  
6.612501E+02  4.196226E-02  -2.684903E-02  1.432031E-06  1.000000E+00  1.691852E-01  4.921232E-26  2.194962E-20   5.000000E-01 NotAppl  3.706448E-02  0.000000E+00  
2.276646E+02  7.712304E+00  -7.706595E+00  -5.336854E-03  1.000000E+00  1.646667E-02  4.119875E-25  2.702162E-12   5.000000E-01 NotAppl  9.410864E-01  0.000000E+00  
2.025073E+01  5.013815E+02  -5.013799E+02  2.109952E-04  1.000000E+00  4.293890E-02  8.619936E-33  5.865480E-13   5.000000E-01 NotAppl  2.883972E-07  6.017285E-05  
1.251173E+02  8.277573E-03  -5.719378E-03  -1.692677E-10  1.000000E+00  7.942732E-03  1.005834E-24  9.271491E-27   5.000000E-01 NotAppl  4.329897E+00  0.000000E+00  
1.193156E+02  3.236685E-04  2.592057E+00  2.499637E-10  1.000000E+00  6.637274E-03  1.080894E-24  2.228578E-26   5.000000E-01 NotAppl  4.892821E+00  0.000000E+00  
1.148950E+02  6.381699E-03  1.739640E+02  8.713172E+00  1.000000E+00  8.935947E-06  1.002418E-21  2.925760E-05   0.000000E+00 XENON1T_2018  4.748264E+03  0.000000E+00  
8.636737E+01  7.089088E+01  -7.085244E+01  5.295730E-06  1.000000E+00  5.116643E-03  9.056931E-25  1.940017E-17   5.000000E-01 NotAppl  5.852235E+00  0.000000E+00  
1.742643E+03  3.397786E-04  4.424231E-04  -9.892830E-04  1.000000E+00  1.068023E+00  7.220329E-27  1.449641E-15   5.000000E-01 NotAppl  2.007057E-03  0.000000E+00  
3.092376E+03  5.024276E-04  1.417692E+00  -2.601789E+00  1.000000E+00  6.868518E-02  1.671824E-25  3.117667E-09   4.379047E-05 LZ5Tmedian  2.743694E-02  0.000000E+00  
3.192398E+01  3.689269E-02  -3.337867E-02  6.156829E-03  1.000000E+00  1.994792E-03  1.037283E-29  1.993012E-10   1.882692E-11 LZ5Tmedian  2.110605E-04  3.915944E-02  
5.306712E+01  1.248821E+01  1.681830E+01  -2.086391E-07  1.000000E+00  4.363700E-01  8.138946E-38  8.142272E-20   5.000000E-01 NotAppl  9.706656E-13  3.285682E-11  
2.828111E+03  3.793101E-03  8.227758E-01  -1.000893E-05  1.000000E+00  2.398078E+00  2.935250E-27  5.533917E-20   5.000000E-01 NotAppl  4.977925E-04  0.000000E+00  
4.597464E+02  1.397816E-04  1.064112E-02  -1.220536E-03  1.000000E+00  8.462864E-02  1.000772E-25  3.352411E-14   5.000000E-01 NotAppl  1.098491E-01  0.000000E+00  
1.443715E+03  4.937248E+00  6.048236E+00  -2.257083E-03  1.000000E+00  1.100156E-01  5.685077E-26  1.107484E-14   5.000000E-01 NotAppl  1.934416E-02  0.000000E+00  
1.169946E+02  5.530834E+00  1.849086E+01  2.905517E-03  1.000000E+00  2.999780E-03  1.282710E-24  3.134803E-12   5.000000E-01 NotAppl  5.911714E+00  0.000000E+00  
1.401205E+03  6.612957E-04  -4.541556E-04  -2.239182E-05  1.000000E+00  7.050129E-01  1.114152E-26  1.158488E-18   5.000000E-01 NotAppl  3.873530E-03  0.000000E+00  
1.819332E+03  1.760220E-03  1.410095E-03  3.554886E-10  1.000000E+00  1.159518E+00  6.627077E-27  1.714550E-28   5.000000E-01 NotAppl  1.762657E-03  0.000000E+00  
3.536872E+02  2.885696E-02  -2.035498E-02  -4.585532E-10  1.000000E+00  5.135320E-02  1.659890E-25  8.092861E-27   5.000000E-01 NotAppl  2.392615E-01  0.000000E+00  
1.551240E+03  2.570003E+00  -2.569635E+00  1.223511E-04  1.000000E+00  5.361527E-01  1.299329E-26  2.810888E-17   5.000000E-01 NotAppl  4.064915E-03  0.000000E+00  
1.497650E+03  1.524156E+01  -1.523787E+01  -2.928502E-04  1.000000E+00  4.324040E-02  1.450366E-25  1.730021E-16   5.000000E-01 NotAppl  4.693941E-02  0.000000E+00  
4.756234E+03  4.065963E+01  -4.065242E+01  -1.799550E-02  1.000000E+00  6.851412E-03  9.663036E-25  6.212286E-14   5.000000E-01 NotAppl  9.593888E-02  0.000000E+00  
6.787029E+03  4.325689E-02  1.184468E+02  2.766932E-07  1.000000E+00  1.338763E-03  3.726049E-24  7.129522E-24   5.000000E-01 NotAppl  2.635655E-01  0.000000E+00  
1.153777E+02  1.572696E+01  -1.545411E+01  -1.105207E-07  1.000000E+00  4.478394E-03  1.263966E-24  4.667031E-21   5.000000E-01 NotAppl  5.940276E+00  0.000000E+00  
4.195334E+02  3.915903E-04  2.494130E+00  5.828924E-09  1.000000E+00  6.698259E-02  1.214593E-25  9.220565E-25   5.000000E-01 NotAppl  1.466221E-01  0.000000E+00  
1.160920E+03  6.722947E-01  3.348551E+01  -1.743408E-04  1.000000E+00  1.462587E-02  3.215246E-25  1.030799E-16   5.000000E-01 NotAppl  1.378711E-01  0.000000E+00  
1.075852E+02  2.885117E-01  -2.742283E-01  2.163672E+00  1.000000E+00  1.514586E-04  8.182091E-23  2.064397E-06   0.000000E+00 XENON1T_2018  4.147286E+02  0.000000E+00  
4.865514E+03  1.666430E-01  1.518318E+01  -2.161098E-09  1.000000E+00  7.006553E-02  6.437149E-26  8.554860E-28   5.000000E-01 NotAppl  6.382267E-03  0.000000E+00  
2.978682E+02  5.434359E-04  3.052256E-01  1.084040E-09  1.000000E+00  3.689234E-02  2.302052E-25  6.428874E-26   5.000000E-01 NotAppl  3.968562E-01  0.000000E+00  
2.706867E+03  9.802929E+00  6.186256E+01  -1.249917E-07  1.000000E+00  3.630597E-03  1.409356E-24  9.435451E-24   5.000000E-01 NotAppl  2.536383E-01  0.000000E+00  
2.184986E+01  7.909358E+01  -7.905697E+01  -1.781370E-03  1.000000E+00  3.433641E-02  6.357307E-31  3.588649E-11   4.108867E-02 LZ5Tmedian  1.956759E-05  4.213623E-03  
3.803636E+02  1.016028E-01  -9.883796E-02  -1.534733E-08  1.000000E+00  5.886336E-02  1.444000E-25  7.811831E-24   5.000000E-01 NotAppl  1.930444E-01  0.000000E+00  
2.089589E+03  4.246617E+00  2.853658E+00  -3.302293E-08  1.000000E+00  2.296050E-01  2.920755E-26  1.115745E-24   5.000000E-01 NotAppl  6.785939E-03  0.000000E+00  
7.903264E+02  6.890826E+02  -6.824043E+02  3.298089E-09  1.000000E+00  5.500221E-05  1.118544E-22  8.087749E-26   5.000000E-01 NotAppl  6.995840E+01  0.000000E+00  
2.702201E+03  1.131640E+02  -1.131590E+02  -2.897894E-08  1.000000E+00  9.644419E-04  7.246157E-24  5.089683E-25   5.000000E-01 NotAppl  1.280015E+00  0.000000E+00  
1.026645E+02  6.841602E-04  3.615221E+02  -4.273213E-06  1.000000E+00  3.041518E-03  1.585225E-24  8.863357E-18   5.000000E-01 NotAppl  8.325882E+00  0.000000E+00  
4.520990E+01  1.017039E-02  -3.172207E-03  2.035091E-10  1.000000E+00  1.024193E-04  2.660596E-44  1.073768E-25   5.000000E-01 NotAppl  3.738264E-19  4.084866E-17  
5.863896E+03  6.019824E-04  1.590879E-01  5.183309E-06  1.000000E+00  1.084829E+01  6.480833E-28  3.367460E-21   5.000000E-01 NotAppl  5.233280E-05  0.000000E+00  
9.311591E+02  2.061829E+02  -2.061825E+02  6.538028E+00  1.000000E+00  1.413458E-04  5.213436E-23  2.273842E-07   0.000000E+00 XENON1T_2018  2.769428E+01  0.000000E+00  
9.040630E+01  7.479618E+02  -2.221524E+02  -8.128780E-07  1.000000E+00  1.823936E-03  1.358291E-24  4.162232E-19   5.000000E-01 NotAppl  8.382042E+00  0.000000E+00  
1.969820E+01  5.367944E+01  -5.367596E+01  -2.496487E-09  1.000000E+00  4.636870E-02  1.193372E-42  8.680162E-23   5.000000E-01 NotAppl  4.116608E-17  8.453035E-15  
2.149285E+02  5.601330E+00  -5.596029E+00  -2.351488E-01  1.000000E+00  1.155493E-02  6.361711E-25  5.902730E-09   5.901121E-113 LZ5Tmedian  1.628347E+00  0.000000E+00  
1.004495E+03  1.569278E+00  -1.568343E+00  -1.057402E-08  1.000000E+00  3.380667E-01  2.302318E-26  5.094883E-25   5.000000E-01 NotAppl  1.126388E-02  0.000000E+00  
3.164226E+01  9.447078E+01  -9.445909E+01  6.386463E+00  1.000000E+00  3.851582E-03  8.183541E-25  2.183329E-04   0.000000E+00 XENON1T_2018  1.680220E+01  5.000248E-01  
1.485849E+03  9.224805E-03  1.549893E+02  8.530542E-04  1.000000E+00  8.352558E-04  5.830200E-24  1.491829E-15   5.000000E-01 NotAppl  1.942251E+00  0.000000E+00  
4.005574E+03  8.459001E-04  1.924465E+00  -3.506722E-09  1.000000E+00  2.266052E+00  2.373625E-27  3.345334E-27   5.000000E-01 NotAppl  2.840680E-04  0.000000E+00  
7.990707E+03  3.024880E+02  2.138416E+02  -8.650267E-08  1.000000E+00  3.842087E-05  1.194550E-22  5.001287E-25   5.000000E-01 NotAppl  7.094885E+00  0.000000E+00  
1.811584E+01  2.650276E+00  4.116449E+02  1.385498E-10  1.000000E+00  1.475613E-01  3.565377E-45  3.161910E-25   5.000000E-01 NotAppl  1.350068E-19  2.539763E-17  
2.464965E+03  9.947523E+02  -9.928212E+02  1.722448E+00  1.000000E+00  1.920126E-05  3.921061E-22  2.168096E-09   1.587890E-04 LZ5Tmedian  7.608362E+01  0.000000E+00  
2.448175E+03  5.237229E-04  3.084617E+01  9.955253E-03  1.000000E+00  1.791946E-02  2.582525E-25  7.344055E-14   5.000000E-01 NotAppl  5.154490E-02  0.000000E+00  
1.992541E+03  5.124407E+01  -5.124395E+01  8.383994E-04  1.000000E+00  4.422736E-03  1.514077E-24  7.923494E-16   5.000000E-01 NotAppl  3.654096E-01  0.000000E+00  
8.197433E+02  4.251042E-01  2.111022E+01  -6.402171E-07  1.000000E+00  3.210803E-02  1.538859E-25  2.828395E-21   5.000000E-01 NotAppl  9.406667E-02  0.000000E+00  
5.092993E+03  3.330029E-03  4.666774E-03  2.872277E-06  1.000000E+00  8.417493E+00  8.497902E-28  1.377115E-21   5.000000E-01 NotAppl  7.914441E-05  0.000000E+00  
4.135649E+02  4.278919E+02  -4.278917E+02  -1.192895E-07  1.000000E+00  1.984047E-04  3.538125E-23  3.976657E-22   5.000000E-01 NotAppl  4.345912E+01  0.000000E+00  
1.413175E+01  9.335482E-03  -3.082867E-04  -2.463950E-08  1.000000E+00  1.305660E-03  1.044709E-40  1.640331E-20   5.000000E-01 NotAppl  5.246632E-15  8.447592E-13  
4.263539E+01  1.622689E-01  -1.448489E-01  1.129913E-04  1.000000E+00  1.982534E-04  6.538387E-33  3.729583E-14   5.000000E-01 NotAppl  9.789502E-08  1.332480E-05  
1.385915E+01  2.108414E+01  -2.104770E+01  3.349913E-06  1.000000E+00  1.101955E-01  1.919668E-36  3.151415E-16   5.000000E-01 NotAppl  9.857169E-11  3.990261E-09  
9.683547E+03  7.089147E+00  3.150638E+02  -2.354875E+00  1.000000E+00  1.949351E-04  2.650742E-23  2.508978E-10   5.000000E-01 NotAppl  1.308082E+00  0.000000E+00  
6.718290E+01  4.138431E+00  -4.137104E+00  -5.363902E-05  1.000000E+00  1.097363E-02  1.756302E-32  3.325940E-15   5.000000E-01 NotAppl  1.633655E-07  0.000000E+00  
4.978243E+02  4.028302E-04  1.889917E-01  -1.891745E-04  1.000000E+00  9.824857E-02  8.577408E-26  6.843804E-16   5.000000E-01 NotAppl  8.668300E-02  0.000000E+00  
1.752505E+03  3.720877E+00  8.843092E+01  -2.937712E-07  1.000000E+00  2.194998E-03  2.186804E-24  1.263695E-22   5.000000E-01 NotAppl  6.150071E-01  0.000000E+00  
1.616141E+01  4.573219E-03  2.612609E+01  -3.499267E-08  1.000000E+00  9.344137E-04  2.193168E-40  2.533506E-20   5.000000E-01 NotAppl  9.445511E-15  4.384517E-13  
9.385693E+01  1.143456E-01  8.765845E+02  2.578198E-05  1.000000E+00  3.546704E-03  1.180124E-24  3.877636E-16   5.000000E-01 NotAppl  6.871586E+00  0.000000E+00  
1.620345E+02  6.281786E+00  -6.279817E+00  -7.401241E-06  1.000000E+00  9.341738E-03  7.084447E-25  1.043322E-17   5.000000E-01 NotAppl  2.341295E+00  0.000000E+00  
2.417453E+01  1.822845E+00  -1.822326E+00  -5.236525E-09  1.000000E+00  1.743690E-02  5.808308E-42  2.529704E-22   5.000000E-01 NotAppl  1.602288E-16  3.523003E-14  
7.399830E+02  9.487189E+01  -9.486689E+01  -1.057717E-05  1.000000E+00  1.480795E-03  4.623200E-24  9.515558E-19   5.000000E-01 NotAppl  3.095391E+00  0.000000E+00  
2.754480E+03  7.483243E+01  -7.483185E+01  3.392152E-01  1.000000E+00  2.052709E-03  3.379048E-24  6.707075E-11   5.000000E-01 NotAppl  5.853758E-01  0.000000E+00  
1.883438E+02  1.394379E+01  -1.394326E+01  2.344765E-09  1.000000E+00  9.641489E-03  6.428721E-25  7.692654E-25   5.000000E-01 NotAppl  1.792410E+00  0.000000E+00  
1.010546E+02  4.582735E-01  3.930618E-01  -2.209266E-08  1.000000E+00  5.397966E-03  1.234281E-24  2.447119E-22   5.000000E-01 NotAppl  6.641251E+00  0.000000E+00  
1.445914E+01  1.285974E+01  1.820696E+02  4.908799E-10  1.000000E+00  1.839171E+04  4.175177E-44  6.221302E-24   5.000000E-01 NotAppl  2.042242E-18  1.797781E-16  
1.055975E+02  3.650284E-02  4.980696E+00  -1.572337E-03  1.000000E+00  5.276066E-03  1.218009E-24  1.132669E-12   5.000000E-01 NotAppl  6.253687E+00  0.000000E+00  
3.043080E+03  2.920970E-04  3.600852E-01  5.438813E-09  1.000000E+00  3.025097E+00  2.411641E-27  1.407664E-26   5.000000E-01 NotAppl  3.792959E-04  0.000000E+00  
7.845257E+03  1.537737E+02  7.979296E+02  1.101150E-04  1.000000E+00  2.078060E-05  2.297046E-22  8.412413E-19   5.000000E-01 NotAppl  1.400954E+01  0.000000E+00  
3.890514E+03  3.140082E-01  -3.042540E-01  -4.815919E-03  1.000000E+00  4.753554E+00  1.507071E-27  6.694893E-15   5.000000E-01 NotAppl  1.844865E-04  0.000000E+00  
1.683350E+02  1.295340E-02  -9.404432E-03  8.185150E-04  1.000000E+00  1.303468E-02  6.345785E-25  1.180060E-13   5.000000E-01 NotAppl  2.014447E+00  0.000000E+00  
2.012194E+02  1.461638E-04  3.209650E-02  7.584051E-08  1.000000E+00  1.791362E-02  4.734503E-25  7.027895E-22   5.000000E-01 NotAppl  1.229153E+00  0.000000E+00  
1.834381E+02  5.251693E+00  -2.768611E+00  -1.973980E-09  1.000000E+00  9.824281E-03  5.844143E-25  5.755112E-25   5.000000E-01 NotAppl  1.672193E+00  0.000000E+00  
7.018783E+01  2.773330E+02  -2.773311E+02  -7.945997E+00  1.000000E+00  6.113133E-05  1.373898E-22  6.674914E-05   0.000000E+00 XENON1T_2018  1.230243E+03  0.000000E+00  
1.061955E+02  1.929531E+01  1.135481E+02  -1.336847E-01  1.000000E+00  3.524604E-03  8.016843E-25  8.093717E-09   5.422497E-285 LZ5Tmedian  4.063499E+00  0.000000E+00  
1.870962E+02  2.606747E-03  1.755126E-02  7.267514E-09  1.000000E+00  1.571724E-02  5.380789E-25  7.491430E-24   5.000000E-01 NotAppl  1.507564E+00  0.000000E+00  
1.210310E+01  6.582905E-04  1.974498E-01  -9.076744E-10  1.000000E+00  7.102138E-04  1.347353E-43  3.023856E-23   5.000000E-01 NotAppl  8.098900E-18  1.154539E-15  
1.987600E+01  6.101323E+00  -6.100728E+00  1.528157E-10  1.000000E+00  4.517774E-02  4.487631E-45  3.194298E-25   5.000000E-01 NotAppl  1.532779E-19  2.557551E-17  
1.310168E+02  1.421262E+02  -1.352477E+02  4.872170E+00  1.000000E+00  2.183853E-07  2.004005E-20  6.989169E-06   0.000000E+00 XENON1T_2018  9.613670E+04  0.000000E+00  
2.669859E+03  9.477596E-03  1.754915E+02  -6.286231E-10  1.000000E+00  6.303992E-04  7.779613E-24  2.454447E-28   5.000000E-01 NotAppl  1.421217E+00  0.000000E+00  
4.455409E+03  2.217634E-02  6.213888E+01  -2.600187E-03  1.000000E+00  4.663379E-03  1.029677E-24  1.481270E-15   5.000000E-01 NotAppl  1.116433E-01  0.000000E+00  
9.372767E+02  1.871670E-03  1.363742E+02  -6.156436E-01  1.000000E+00  1.195331E-03  3.778861E-24  1.989386E-09   7.906684E-10 LZ5Tmedian  2.022948E+00  0.000000E+00  
1.370327E+01  1.255734E-04  -1.388939E-05  7.856683E-08  1.000000E+00  1.196332E-03  1.052254E-39  1.772761E-19   5.000000E-01 NotAppl  5.475704E-14  8.602910E-12  
1.913468E+01  2.052388E+00  4.224195E+02  6.487847E-10  1.000000E+00  5.418993E-02  7.971349E-44  6.213664E-24   5.000000E-01 NotAppl  2.838442E-18  5.603857E-16  
7.775607E+03  1.094235E+00  4.660656E+02  2.241063E-04  1.000000E+00  9.394993E-05  5.545572E-23  3.548149E-18   5.000000E-01 NotAppl  3.417174E+00  0.000000E+00  
5.931653E+03  1.755294E-01  1.040313E+02  -1.052624E-05  1.000000E+00  1.716545E-03  2.881742E-24  1.356732E-20   5.000000E-01 NotAppl  2.337292E-01  0.000000E+00  
6.263848E+03  7.866120E+00  2.695815E+01  -1.067376E-05  1.000000E+00  1.555467E-02  3.627409E-25  1.248787E-20   5.000000E-01 NotAppl  2.777512E-02  0.000000E+00  
2.496700E+02  8.327335E-02  2.882020E+00  2.759454E-06  1.000000E+00  2.454927E-02  3.239874E-25  5.979916E-19   5.000000E-01 NotAppl  6.714480E-01  0.000000E+00  
3.858491E+02  5.182222E-02  3.229325E-02  -8.875706E-01  1.000000E+00  6.789149E-03  1.793657E-24  2.537270E-08   1.432452E-277 LZ5Tmedian  2.580492E+00  0.000000E+00  
1.104406E+03  2.553962E+00  -2.114487E+00  1.499447E-01  1.000000E+00  2.547795E-01  3.282703E-26  8.442374E-11   4.694649E-01 NotAppl  1.469008E-02  0.000000E+00  
6.063724E+02  1.381009E+00  -1.305441E+00  5.095224E-08  1.000000E+00  1.367571E-01  5.950509E-26  3.317038E-23   5.000000E-01 NotAppl  4.901926E-02  0.000000E+00  
9.236684E+03  1.994960E-01  9.070726E+00  1.466768E-07  1.000000E+00  1.895586E-01  2.346733E-26  1.071383E-24   5.000000E-01 NotAppl  1.214419E-03  0.000000E+00  
3.151112E+01  2.906675E+01  7.851083E+02  -8.800797E-05  1.000000E+00  2.581542E+04  2.083515E-33  4.181172E-14   5.000000E-01 NotAppl  4.294468E-08  1.395614E-06  
2.153255E+02  9.236037E-02  5.050150E+02  2.654778E-02  1.000000E+00  6.325126E-04  7.370107E-24  7.495171E-11   3.778950E-02 LZ5Tmedian  1.768833E+01  0.000000E+00  
1.213423E+02  1.924264E+00  -1.923074E+00  4.213996E-09  1.000000E+00  6.875993E-03  1.058986E-24  6.118793E-24   5.000000E-01 NotAppl  4.711880E+00  0.000000E+00  
1.492700E+01  1.665477E-01  2.744626E+01  9.312836E-10  1.000000E+00  1.345250E-03  1.517052E-43  2.101948E-23   5.000000E-01 NotAppl  7.154041E-18  2.959747E-16  
6.830165E+02  1.616572E-03  5.711657E+00  8.251269E-03  1.000000E+00  1.273918E-01  5.561474E-26  6.820570E-13   5.000000E-01 NotAppl  4.061248E-02  0.000000E+00  
5.983871E+03  1.197338E-04  2.056573E-03  2.838996E-01  1.000000E+00  7.074913E+00  1.164528E-27  9.694853E-12   5.000000E-01 NotAppl  9.455368E-05  0.000000E+00  
2.734398E+02  4.071905E+01  -3.770572E+01  -2.247857E-02  1.000000E+00  5.077795E-03  1.001525E-24  3.293726E-11   3.164229E-01 NotAppl  1.898175E+00  0.000000E+00  
3.473960E+01  2.365654E+02  -2.365635E+02  8.545957E+00  1.000000E+00  3.071268E-03  5.152603E-25  3.234883E-04   0.000000E+00 XENON1T_2018  9.572109E+00  5.000029E-01  
7.016810E+03  3.123706E-01  1.428793E+00  -1.154968E-07  1.000000E+00  3.937519E+00  1.324107E-27  1.160979E-24   5.000000E-01 NotAppl  8.997757E-05  0.000000E+00  
1.822221E+03  1.324920E-03  1.480498E+01  1.336443E-02  1.000000E+00  7.020682E-02  6.615174E-26  2.415434E-13   5.000000E-01 NotAppl  1.784705E-02  0.000000E+00  
3.021349E+03  9.912563E-04  2.396916E+02  -6.528116E-09  1.000000E+00  3.474124E-04  1.430827E-23  2.057794E-26   5.000000E-01 NotAppl  2.303119E+00  0.000000E+00  
7.819676E+02  1.055955E-01  -1.038852E-01  -5.484519E-10  1.000000E+00  2.325681E-01  3.538449E-26  2.285664E-27   5.000000E-01 NotAppl  2.241115E-02  0.000000E+00  
1.278202E+01  1.281853E-02  1.202575E+02  -2.757461E-02  1.000000E+00  6.444984E-04  1.267486E-28  2.505938E-08   2.272548E-272 LZ5Tmedian  7.148869E-03  2.538925E-01  
7.647814E+02  9.765699E+01  -9.209558E+01  8.497746E+00  1.000000E+00  1.346561E-04  4.656271E-23  5.741931E-07   0.000000E+00 XENON1T_2018  3.035523E+01  0.000000E+00  
1.035237E+03  2.070908E+01  -2.042744E+01  -3.016537E-01  1.000000E+00  2.996376E-02  1.843452E-25  3.898949E-10   2.416062E-02 LZ5Tmedian  8.793640E-02  0.000000E+00  
2.059118E+03  1.649434E-04  -2.218414E-05  1.516050E-04  1.000000E+00  1.468788E+00  5.178678E-27  2.423029E-17   5.000000E-01 NotAppl  1.213329E-03  0.000000E+00  
1.916140E+03  2.270763E-02  8.476283E+00  -1.869522E-01  1.000000E+00  2.038202E-01  2.112216E-26  4.266534E-11   5.000000E-01 NotAppl  5.420703E-03  0.000000E+00  
4.050682E+03  1.326657E-02  -4.875111E-03  2.396556E-09  1.000000E+00  5.402627E+00  1.342723E-27  1.527283E-27   5.000000E-01 NotAppl  1.577924E-04  0.000000E+00  
1.061904E+02  3.681679E-04  9.640556E-02  -2.083855E-02  1.000000E+00  6.558489E-03  1.075558E-24  1.966813E-10   1.235768E-07 LZ5Tmedian  5.492837E+00  0.000000E+00  
3.815641E+01  7.400779E+01  -7.208679E+01  -1.384431E-03  1.000000E+00  1.885356E-03  7.177783E-31  7.016712E-12   4.026768E-01 NotAppl  1.207404E-05  2.131751E-03  
6.554159E+02  6.367000E-01  -5.641552E-01  -1.072180E-01  1.000000E+00  1.537941E-01  5.475488E-26  1.252918E-10   1.529384E-01 NotAppl  4.186618E-02  0.000000E+00  
6.475818E+01  1.221268E+02  -3.010964E+01  -1.490990E-06  1.000000E+00  3.055444E+01  6.036757E-35  2.770092E-18   5.000000E-01 NotAppl  5.833926E-10  0.000000E+00  
1.744187E+02  2.362048E-04  1.028039E+01  -9.564631E-03  1.000000E+00  1.110195E-02  6.221949E-25  1.498249E-11   4.520878E-01 NotAppl  1.901623E+00  0.000000E+00  
4.749655E+02  8.140480E+02  -8.140478E+02  -2.281545E-10  1.000000E+00  9.812064E-05  7.297897E-23  1.095931E-27   5.000000E-01 NotAppl  7.754688E+01  0.000000E+00  
2.901021E+01  1.699212E-03  -1.076898E-03  1.778661E-06  1.000000E+00  2.747246E-03  7.748472E-37  2.019180E-17   5.000000E-01 NotAppl  1.749348E-11  4.002783E-09  
4.065107E+03  2.642612E+01  -2.642237E+01  1.286681E-03  1.000000E+00  1.564942E-02  4.111445E-25  4.370643E-16   5.000000E-01 NotAppl  4.788621E-02  0.000000E+00  
4.189290E+03  4.072888E-04  1.721553E-03  -1.096248E-08  1.000000E+00  5.766577E+00  1.255344E-27  2.984285E-26   5.000000E-01 NotAppl  1.425631E-04  0.000000E+00  
1.076477E+01  7.446539E-01  -7.444113E-01  2.005379E-01  1.000000E+00  2.082887E-02  6.265442E-27  1.858000E-06   0.000000E+00 XENON1T_2018  4.322592E-01  2.484722E-01  
2.009983E+02  8.621773E-03  1.962679E+02  2.189314E-06  1.000000E+00  1.355349E-03  3.513602E-24  5.869719E-19   5.000000E-01 NotAppl  9.050426E+00  0.000000E+00  
7.472905E+02  9.225996E+00  -9.178935E+00  -9.399355E-05  1.000000E+00  7.551855E-02  8.780495E-26  7.365003E-17   5.000000E-01 NotAppl  5.823426E-02  0.000000E+00  
1.750356E+02  4.488760E+01  -3.414003E+01  1.861388E-06  1.000000E+00  2.411356E-03  1.395273E-24  5.633504E-19   5.000000E-01 NotAppl  4.309812E+00  0.000000E+00  
2.067246E+01  6.060004E-02  -5.922219E-02  4.680727E-01  1.000000E+00  2.845568E-03  4.281449E-26  2.769547E-06   0.000000E+00 XENON1T_2018  1.398834E+00  2.497870E-01  
2.674091E+03  2.679937E-03  5.804118E+02  -2.259170E-05  1.000000E+00  7.135127E-05  7.258619E-23  3.159877E-19   5.000000E-01 NotAppl  1.323882E+01  0.000000E+00  
2.851568E+01  1.164748E-04  7.363866E-05  3.919430E-01  1.000000E+00  2.801191E-03  3.701864E-26  1.015184E-06   0.000000E+00 XENON1T_2018  8.521163E-01  2.496792E-01  
4.534606E+03  3.073116E+00  -3.072019E+00  5.085253E-02  1.000000E+00  8.314413E-01  7.272588E-27  5.466245E-13   5.000000E-01 NotAppl  7.587320E-04  0.000000E+00  
4.261822E+02  7.293501E-02  2.472448E-01  -4.839413E-10  1.000000E+00  7.272221E-02  1.160179E-25  6.154523E-27   5.000000E-01 NotAppl  1.377687E-01  0.000000E+00  
1.353127E+01  2.375097E-02  1.224107E+02  3.459980E-01  1.000000E+00  7.392678E-04  2.033031E-26  3.525186E-06   0.000000E+00 XENON1T_2018  1.073136E+00  3.326580E-01  
5.937485E+01  1.184899E+02  -1.184828E+02  -1.492923E-08  1.000000E+00  6.232835E-03  3.424700E-39  3.315463E-22   5.000000E-01 NotAppl  3.636614E-14  9.944277E-14  
2.700300E+01  4.052154E-03  6.075202E-02  3.259059E-08  1.000000E+00  2.800476E-03  2.436176E-40  7.837042E-21   5.000000E-01 NotAppl  5.950555E-15  1.368282E-12  
4.625307E+03  6.795608E-03  -2.166765E-03  1.421522E-05  1.000000E+00  6.984186E+00  1.030117E-27  4.102804E-20   5.000000E-01 NotAppl  1.057903E-04  0.000000E+00  
2.138491E+01  4.968972E+01  -4.968913E+01  -3.808151E-04  1.000000E+00  3.667798E-02  2.875699E-32  1.712527E-12   5.000000E-01 NotAppl  9.057057E-07  1.946720E-04  
5.046537E+03  4.102177E+01  -4.102166E+01  9.897712E-03  1.000000E+00  6.720522E-03  9.880146E-25  1.666012E-14   5.000000E-01 NotAppl  9.237011E-02  0.000000E+00  
1.616123E+01  1.314726E-01  -1.311817E-01  -1.945116E-08  1.000000E+00  2.633667E-03  6.776526E-41  7.828307E-21   5.000000E-01 NotAppl  2.918543E-15  5.220382E-13  
6.314153E+03  2.395612E-03  -2.056547E-03  6.228337E-04  1.000000E+00  1.277355E+01  5.530784E-28  4.183488E-17   5.000000E-01 NotAppl  4.142872E-05  0.000000E+00  
6.609725E+01  2.474509E-02  8.535941E+01  9.370717E-06  1.000000E+00  4.735276E-03  9.222763E-34  1.049407E-16   5.000000E-01 NotAppl  8.776087E-09  0.000000E+00  
1.688137E+01  8.790742E-01  9.031156E+00  -2.560857E-05  1.000000E+00  8.464428E-03  1.190413E-34  1.243870E-14   5.000000E-01 NotAppl  4.877964E-09  7.030106E-07  
3.519453E+01  9.254242E-02  -7.880306E-02  -3.211155E-03  1.000000E+00  6.212599E-04  3.278311E-30  4.448261E-11   3.375390E-03 LZ5Tmedian  5.998277E-05  1.164640E-02  
5.140572E+03  2.232017E-03  2.432280E-01  3.458071E-04  1.000000E+00  8.270964E+00  8.505478E-28  1.958734E-17   5.000000E-01 NotAppl  7.849434E-05  0.000000E+00  
4.299810E+01  7.291167E+02  -7.291165E+02  -1.304689E+00  1.000000E+00  7.677642E-05  8.710483E-25  4.887630E-06   0.000000E+00 XENON1T_2018  1.292587E+01  4.998596E-01  
5.549065E+01  2.991340E-03  -2.335863E-03  -3.151886E-06  1.000000E+00  3.161029E-03  3.230122E-35  1.696478E-17   5.000000E-01 NotAppl  3.678523E-10  6.529628E-09  
1.595746E+03  1.515504E+00  1.652363E+01  9.885970E-08  1.000000E+00  5.043139E-02  9.674900E-26  1.732288E-23   5.000000E-01 NotAppl  2.989993E-02  0.000000E+00  
4.060710E+01  4.001693E+00  6.678424E+01  -4.820546E+00  1.000000E+00  1.469290E-03  9.547296E-25  7.495900E-05   0.000000E+00 XENON1T_2018  1.569813E+01  3.528686E-01  
9.596973E+01  4.912060E-04  5.767554E-02  -1.970957E-06  1.000000E+00  5.618249E-03  1.189588E-24  2.165074E-18   5.000000E-01 NotAppl  6.768077E+00  0.000000E+00  
1.706601E+01  5.692543E-01  6.376525E-01  8.340357E-06  1.000000E+00  4.669271E-03  1.267011E-35  1.291041E-15   5.000000E-01 NotAppl  5.130520E-10  9.518898E-08  
3.408844E+01  2.568443E+01  -2.558570E+01  -3.567021E-10  1.000000E+00  4.685484E-03  3.831647E-44  5.856328E-25   5.000000E-01 NotAppl  7.264528E-19  2.293823E-17  
1.101830E+02  1.816243E-01  -1.749049E-01  -4.826885E-02  1.000000E+00  7.313292E-03  9.243310E-25  9.783677E-10   4.262806E-34 LZ5Tmedian  4.543043E+00  0.000000E+00  
1.023353E+03  2.445721E-03  4.843192E-02  3.802346E-02  1.000000E+00  3.829891E-01  2.117792E-26  6.342611E-12   5.000000E-01 NotAppl  1.017693E-02  0.000000E+00  
9.479023E+02  2.324592E+00  -2.209173E+00  -8.788832E-05  1.000000E+00  2.792213E-01  2.737398E-26  3.962118E-1