MD1           DMP           DM3           l345          ld           Omegah2       sigV          protonSI      PvalDD        expName      CMB_ID        brH_DMDM      
2.435577E+02  1.846569E-02  1.716303E+00  -4.238557E-04  1.000000E+00  2.433764E-02  3.367137E-25  1.484368E-14   5.000000E-01 NotAppl  7.161513E-01  0.000000E+00  
1.660454E+03  7.863698E+00  -7.863383E+00  4.014588E-03  1.000000E+00  1.393085E-01  4.453336E-26  2.634329E-14   5.000000E-01 NotAppl  1.296786E-02  0.000000E+00  
8.731073E+03  1.011949E+02  -1.010966E+02  3.195795E-05  1.000000E+00  1.182963E-03  5.979753E-24  5.701981E-20   5.000000E-01 NotAppl  3.208388E-01  0.000000E+00  
4.980597E+02  3.239007E-02  -9.639594E-03  -1.122018E-01  1.000000E+00  8.981315E-02  9.716381E-26  2.405208E-10   8.949659E-03 LZ5Tmedian  9.911075E-02  0.000000E+00  
8.832692E+01  1.022931E+01  -1.002821E+01  -1.926246E-08  1.000000E+00  5.903448E-03  8.049990E-25  2.451375E-22   5.000000E-01 NotAppl  5.086061E+00  0.000000E+00  
2.253954E+02  5.382069E+00  -2.758138E-01  -5.535816E-10  1.000000E+00  1.317951E-02  4.163735E-25  2.967682E-26   5.000000E-01 NotAppl  9.605848E-01  0.000000E+00  
2.178615E+01  4.854866E-03  5.001062E-02  9.102129E-05  1.000000E+00  2.391153E-03  1.657497E-33  9.424527E-14   5.000000E-01 NotAppl  5.114896E-08  1.109140E-05  
9.580948E+03  1.617555E-01  -1.568824E-01  -2.325837E+00  1.000000E+00  7.709244E-01  1.390989E-26  2.500992E-10   5.000000E-01 NotAppl  7.226483E-04  0.000000E+00  
6.267103E+03  2.074754E-04  4.000098E+01  -3.671333E-01  1.000000E+00  1.120603E-02  4.122489E-25  1.475851E-11   5.000000E-01 NotAppl  3.162022E-02  0.000000E+00  
7.982467E+01  3.015302E+02  -3.015263E+02  -2.537695E-06  1.000000E+00  1.189207E-02  2.449860E-36  5.234669E-18   5.000000E-01 NotAppl  1.924174E-11  0.000000E+00  
1.421219E+01  4.672267E+02  -4.672261E+02  1.259731E-09  1.000000E+00  1.041387E-01  2.735429E-43  4.239687E-23   5.000000E-01 NotAppl  1.364786E-17  2.208105E-15  
9.362482E+01  6.553714E+02  -6.283862E+02  -1.892881E-02  1.000000E+00  1.565940E-03  1.739758E-24  2.100801E-10   7.484434E-09 LZ5Tmedian  1.023643E+01  0.000000E+00  
3.390872E+03  5.804560E-04  8.983328E+02  1.264357E-01  1.000000E+00  3.194945E-05  1.655362E-22  6.103524E-12   5.000000E-01 NotAppl  2.368496E+01  0.000000E+00  
4.029633E+02  3.980879E-03  6.041204E-03  -1.692109E-07  1.000000E+00  6.582086E-02  1.291886E-25  8.438154E-22   5.000000E-01 NotAppl  1.626298E-01  0.000000E+00  
4.839521E+01  9.118376E+00  -9.094857E+00  -5.657136E-10  1.000000E+00  5.866256E-04  2.908333E-43  7.222969E-25   5.000000E-01 NotAppl  3.817703E-18  1.307415E-16  
4.216106E+01  2.018049E-02  9.083356E+02  -4.302430E+00  1.000000E+00  3.183529E-04  1.087563E-24  5.532019E-05   0.000000E+00 XENON1T_2018  1.705511E+01  3.334218E-01  
1.525178E+02  2.579014E-01  2.729143E+02  -1.293244E-10  1.000000E+00  1.549307E-03  2.992936E-24  3.606242E-27   5.000000E-01 NotAppl  1.026903E+01  0.000000E+00  
1.144323E+01  6.923594E+01  7.026565E+02  1.373655E-01  1.000000E+00  7.761773E-01  3.019500E-27  7.733037E-07   0.000000E+00 XENON1T_2018  1.938592E-01  9.636583E-01  
1.618853E+03  2.963462E+00  3.761615E+02  4.069441E-01  1.000000E+00  1.627839E-04  3.107372E-23  2.850508E-10   1.742512E-01 NotAppl  9.480827E+00  0.000000E+00  
2.003578E+03  7.142891E-03  -6.623927E-03  2.827971E-10  1.000000E+00  1.393897E+00  5.468666E-27  8.914076E-29   5.000000E-01 NotAppl  1.317670E-03  0.000000E+00  
1.538041E+02  9.326343E-03  1.765999E+01  -2.567202E-07  1.000000E+00  8.060272E-03  8.281241E-25  1.396809E-20   5.000000E-01 NotAppl  2.874035E+00  0.000000E+00  
2.844868E+03  3.973194E+02  -3.943368E+02  1.483119E-06  1.000000E+00  8.902356E-05  8.070953E-23  1.200567E-21   5.000000E-01 NotAppl  1.352704E+01  0.000000E+00  
6.573314E+02  2.789214E-03  1.163665E+02  -7.715579E-03  1.000000E+00  1.576979E-03  3.050313E-24  6.449625E-13   5.000000E-01 NotAppl  2.344932E+00  0.000000E+00  
4.266810E+03  6.524491E-01  7.126346E-02  -5.541055E-07  1.000000E+00  4.440582E+00  1.603111E-27  7.345346E-23   5.000000E-01 NotAppl  1.788030E-04  0.000000E+00  
1.400387E+02  1.511059E+00  7.131259E+02  -3.932779E-07  1.000000E+00  1.313868E-03  3.154817E-24  3.972740E-20   5.000000E-01 NotAppl  1.185648E+01  0.000000E+00  
3.616158E+03  4.209619E-04  1.384453E+00  3.675122E-09  1.000000E+00  2.764233E+00  2.201923E-27  4.524199E-27   5.000000E-01 NotAppl  2.914856E-04  0.000000E+00  
7.907143E+02  2.844285E-02  6.398299E-02  -8.609499E-10  1.000000E+00  2.376475E-01  3.461295E-26  5.505838E-27   5.000000E-01 NotAppl  2.167265E-02  0.000000E+00  
1.588207E+03  2.523928E-03  -2.367568E-03  1.367394E-10  1.000000E+00  8.948401E-01  8.684837E-27  3.346276E-29   5.000000E-01 NotAppl  2.655049E-03  0.000000E+00  
1.662609E+02  7.104517E+02  -7.104483E+02  3.518088E-05  1.000000E+00  6.205503E-04  9.637248E-24  2.236148E-16   5.000000E-01 NotAppl  3.170269E+01  0.000000E+00  
6.421768E+03  1.125269E-03  -9.044609E-04  1.315194E-10  1.000000E+00  1.319997E+01  5.347003E-28  1.802434E-30   5.000000E-01 NotAppl  3.937188E-05  0.000000E+00  
1.473719E+02  1.217137E+02  -1.199148E+02  1.269618E-08  1.000000E+00  1.464409E-03  3.277080E-24  3.729034E-23   5.000000E-01 NotAppl  1.214801E+01  0.000000E+00  
6.367149E+03  3.545112E-03  5.637026E-03  -8.692820E-09  1.000000E+00  1.298185E+01  5.439365E-28  8.011972E-27   5.000000E-01 NotAppl  4.040024E-05  0.000000E+00  
1.854189E+02  1.296167E-03  4.862149E-01  -8.984691E-05  1.000000E+00  1.523944E-02  5.472117E-25  1.166312E-15   5.000000E-01 NotAppl  1.547649E+00  0.000000E+00  
6.847921E+02  1.148865E+00  1.436321E+01  3.033266E+00  1.000000E+00  2.112652E-03  4.982551E-24  9.168457E-08   0.000000E+00 LZ5Tmedian  3.740241E+00  0.000000E+00  
1.826563E+03  2.116442E-04  3.325378E+02  3.310773E-07  1.000000E+00  2.043619E-04  2.470960E-23  1.475185E-22   5.000000E-01 NotAppl  6.661856E+00  0.000000E+00  
2.030972E+02  2.292458E+02  -2.290502E+02  -2.262171E-06  1.000000E+00  7.537795E-04  8.314579E-24  6.134890E-19   5.000000E-01 NotAppl  2.159751E+01  0.000000E+00  
2.773134E+02  1.323196E+02  -1.323125E+02  -4.727023E-08  1.000000E+00  1.113865E-03  5.881823E-24  1.415186E-22   5.000000E-01 NotAppl  1.099917E+01  0.000000E+00  
2.340612E+02  1.460403E-04  1.783549E-01  -1.115627E-04  1.000000E+00  2.355157E-02  3.604705E-25  1.115638E-15   5.000000E-01 NotAppl  7.992234E-01  0.000000E+00  
8.364157E+02  1.309398E-03  9.141548E+00  1.163667E-10  1.000000E+00  1.105175E-01  5.331299E-26  8.967764E-29   5.000000E-01 NotAppl  3.172536E-02  0.000000E+00  
5.621609E+01  2.861585E+01  -2.735065E+01  -4.074781E-06  1.000000E+00  5.760900E-03  6.636273E-35  2.761284E-17   5.000000E-01 NotAppl  7.455731E-10  1.022948E-08  
4.137819E+02  1.650031E+01  -1.631863E+01  7.923953E-03  1.000000E+00  2.283598E-02  2.785271E-25  1.752795E-12   5.000000E-01 NotAppl  3.416073E-01  0.000000E+00  
2.274194E+03  2.216242E+02  -2.191869E+02  -2.028583E-06  1.000000E+00  2.662112E-04  2.622797E-23  3.543413E-21   5.000000E-01 NotAppl  5.527222E+00  0.000000E+00  
1.168687E+01  1.436838E+01  -1.436109E+01  1.207322E-01  1.000000E+00  1.505685E-01  2.352445E-27  5.731376E-07   0.000000E+00 XENON1T_2018  1.473515E-01  2.217334E-01  
3.370352E+02  1.619815E+01  7.166659E+01  -1.957959E-05  1.000000E+00  1.988421E-03  1.843198E-24  1.628558E-17   5.000000E-01 NotAppl  2.803742E+00  0.000000E+00  
1.572796E+02  2.003861E+00  1.048129E+00  -4.021270E-02  1.000000E+00  8.979688E-03  6.721521E-25  3.273787E-10   5.467641E-09 LZ5Tmedian  2.291471E+00  0.000000E+00  
8.707981E+02  3.184143E-02  8.234429E-01  -6.910827E-07  1.000000E+00  2.803077E-01  2.881572E-26  2.913121E-21   5.000000E-01 NotAppl  1.633735E-02  0.000000E+00  
8.759743E+03  2.518261E+01  -2.518215E+01  -4.615446E-08  1.000000E+00  1.733355E-02  3.738293E-25  1.181419E-25   5.000000E-01 NotAppl  1.999116E-02  0.000000E+00  
2.738227E+03  4.211014E-03  -3.111943E-03  -2.323872E-05  1.000000E+00  2.538105E+00  2.933638E-27  3.185952E-19   5.000000E-01 NotAppl  5.136400E-04  0.000000E+00  
4.176792E+02  1.707229E-01  -1.669881E-01  -1.756887E-02  1.000000E+00  7.026560E-02  1.203955E-25  8.452877E-12   5.000000E-01 NotAppl  1.460328E-01  0.000000E+00  
1.414786E+01  1.618480E-02  2.696537E-01  1.522828E-07  1.000000E+00  9.700781E-04  3.991931E-39  6.251550E-19   5.000000E-01 NotAppl  2.001612E-13  3.226245E-11  
8.402600E+03  1.223665E-02  2.124056E+02  -2.913382E-06  1.000000E+00  4.309906E-04  1.187975E-23  5.122522E-22   5.000000E-01 NotAppl  6.767319E-01  0.000000E+00  
1.143662E+03  6.834223E-03  2.207183E+01  2.769268E-05  1.000000E+00  3.247080E-02  1.455114E-25  2.681502E-18   5.000000E-01 NotAppl  6.329147E-02  0.000000E+00  
2.174796E+01  3.986746E-03  3.331785E-03  -2.667869E-03  1.000000E+00  2.536772E-03  1.422743E-30  8.125219E-11   7.608743E-04 LZ5Tmedian  4.401766E-05  9.183194E-03  
3.354614E+02  1.366370E-04  2.239378E+02  1.106944E-05  1.000000E+00  7.467988E-04  6.463833E-24  5.255430E-18   5.000000E-01 NotAppl  9.880754E+00  0.000000E+00  
1.531072E+02  2.414489E-03  2.768128E+02  -1.104052E-10  1.000000E+00  1.548009E-03  3.026771E-24  2.607590E-27   5.000000E-01 NotAppl  1.034277E+01  0.000000E+00  
1.022127E+03  4.885082E+00  -4.867845E+00  1.824066E-04  1.000000E+00  1.983115E-01  3.481163E-26  1.463215E-16   5.000000E-01 NotAppl  1.671605E-02  0.000000E+00  
6.706261E+02  9.302459E-04  1.180205E+02  -1.959451E-02  1.000000E+00  1.536715E-03  3.124540E-24  3.992962E-12   5.000000E-01 NotAppl  2.353346E+00  0.000000E+00  
6.604377E+01  2.464187E-03  -2.334916E-03  -8.185373E-06  1.000000E+00  5.306197E-03  7.256529E-34  8.020343E-17   5.000000E-01 NotAppl  6.910786E-09  0.000000E+00  
3.404615E+02  1.107194E-03  5.333441E+00  -8.252226E-07  1.000000E+00  4.111094E-02  1.870280E-25  2.833648E-20   5.000000E-01 NotAppl  2.805672E-01  0.000000E+00  
1.125166E+02  9.978880E-03  3.247642E-02  2.351445E+00  1.000000E+00  1.503547E-04  8.535994E-23  2.224227E-06   0.000000E+00 XENON1T_2018  4.130673E+02  0.000000E+00  
3.176341E+03  3.697910E+00  -3.696949E+00  9.860779E-08  1.000000E+00  5.801226E-01  1.024474E-26  4.240606E-24   5.000000E-01 NotAppl  1.535938E-03  0.000000E+00  
2.709628E+01  9.308183E-02  3.926315E+02  -2.914681E-04  1.000000E+00  2.311271E-03  1.954132E-32  6.224766E-13   5.000000E-01 NotAppl  4.754982E-07  1.093386E-04  
3.416601E+02  3.223850E-04  1.208974E+01  2.745987E-04  1.000000E+00  3.111390E-02  2.167051E-25  3.115130E-15   5.000000E-01 NotAppl  3.241680E-01  0.000000E+00  
2.752168E+02  3.658377E+00  2.717544E+01  -3.754945E-03  1.000000E+00  9.890244E-03  4.967064E-25  9.069758E-13   5.000000E-01 NotAppl  9.294797E-01  0.000000E+00  
4.924474E+01  1.110628E-04  7.318558E+01  -4.159099E-02  1.000000E+00  1.735735E-03  1.752739E-27  3.768109E-09   1.232113E-207 LZ5Tmedian  2.260319E-02  2.734317E-01  
3.814883E+01  6.243708E-03  -5.938989E-03  -4.514843E-05  1.000000E+00  6.709558E-05  7.631047E-34  7.465370E-15   5.000000E-01 NotAppl  1.284020E-08  2.306384E-06  
1.086254E+01  6.645863E-02  -6.499185E-02  5.402713E-09  1.000000E+00  1.183521E-03  4.566566E-42  1.324909E-21   5.000000E-01 NotAppl  3.116572E-16  4.106058E-14  
2.072011E+02  1.193240E-02  1.166857E+00  2.318511E-02  1.000000E+00  1.789410E-02  4.668656E-25  6.185440E-11   6.074044E-02 LZ5Tmedian  1.176118E+00  0.000000E+00  
3.220857E+01  1.754108E+02  -1.075389E+02  -9.482440E-08  1.000000E+00  1.226886E+06  2.489775E-39  4.643246E-20   5.000000E-01 NotAppl  5.017482E-14  1.101057E-11  
1.800132E+02  4.235812E-02  2.868323E+02  -3.820046E-01  1.000000E+00  1.215327E-03  3.724877E-24  2.240173E-08   0.000000E+00 LZ5Tmedian  1.145440E+01  0.000000E+00  
6.813705E+02  1.080381E-01  1.389668E+02  -5.419991E-07  1.000000E+00  1.148242E-03  4.225748E-24  2.957451E-21   5.000000E-01 NotAppl  3.131617E+00  0.000000E+00  
9.626247E+02  3.155806E+00  -1.671157E+00  2.146523E-08  1.000000E+00  2.491447E-01  2.991746E-26  2.290189E-24   5.000000E-01 NotAppl  1.529289E-02  0.000000E+00  
2.138031E+01  1.569660E+01  -1.367180E+01  6.933165E-01  1.000000E+00  2.578850E-02  9.486561E-26  5.678844E-06   0.000000E+00 XENON1T_2018  2.986181E+00  2.584819E-01  
2.080287E+03  1.018543E+01  -1.018324E+01  1.144435E-09  1.000000E+00  9.270760E-02  6.594304E-26  1.352271E-27   5.000000E-01 NotAppl  1.523106E-02  0.000000E+00  
7.166999E+03  4.630813E-01  8.269170E+02  -4.069621E-06  1.000000E+00  3.235347E-05  1.642593E-22  1.380723E-21   5.000000E-01 NotAppl  1.099347E+01  0.000000E+00  
5.978855E+01  2.649640E-03  3.632934E+01  2.916308E-06  1.000000E+00  3.810173E-03  1.725360E-34  1.247335E-17   5.000000E-01 NotAppl  1.819411E-09  3.539524E-09  
9.914538E+02  3.529356E+01  3.966730E+01  4.526261E-08  1.000000E+00  2.032280E-03  2.124878E-24  9.587767E-24   5.000000E-01 NotAppl  1.065176E+00  0.000000E+00  
3.436762E+01  2.687101E-03  1.545677E+02  1.901547E+00  1.000000E+00  8.895319E-04  9.026125E-25  1.636966E-05   0.000000E+00 XENON1T_2018  1.709413E+01  3.333129E-01  
1.942722E+01  1.558373E+02  -1.503790E+02  -5.946365E-09  1.000000E+00  2.781457E+00  6.734443E-42  5.063360E-22   5.000000E-01 NotAppl  2.359062E-16  4.408998E-14  
5.176748E+02  2.445093E-01  1.368590E+02  1.668094E-01  1.000000E+00  1.202495E-03  4.179292E-24  4.912323E-10   9.366668E-05 LZ5Tmedian  4.102360E+00  0.000000E+00  
8.296029E+03  1.002442E+01  -9.990191E+00  -3.107859E-05  1.000000E+00  1.022346E-01  5.960914E-26  5.982324E-20   5.000000E-01 NotAppl  3.367806E-03  0.000000E+00  
2.204439E+03  3.471452E-03  8.283380E+00  2.607383E-06  1.000000E+00  2.031704E-01  2.298894E-26  6.237418E-21   5.000000E-01 NotAppl  5.093427E-03  0.000000E+00  
2.116231E+01  4.852369E-03  -2.571988E-03  -4.194674E-02  1.000000E+00  2.477360E-03  3.472450E-28  2.121978E-08   0.000000E+00 XENON1T_2018  1.106855E-02  2.261511E-01  
2.024398E+02  7.682403E-04  8.250025E+02  -8.180602E-01  1.000000E+00  5.158287E-04  1.095264E-23  8.076292E-08   0.000000E+00 XENON1T_2018  3.150376E+01  0.000000E+00  
5.855825E+03  8.130327E-02  3.160033E+01  -2.498652E-09  1.000000E+00  1.731625E-02  2.702333E-25  7.847217E-28   5.000000E-01 NotAppl  2.220506E-02  0.000000E+00  
6.940260E+03  1.563967E-03  1.894027E+00  -1.844506E+00  1.000000E+00  6.655080E-01  1.463299E-26  3.027777E-10   5.000000E-01 NotAppl  1.058503E-03  0.000000E+00  
2.230849E+02  3.781137E+01  -3.439243E+01  -2.177906E-02  1.000000E+00  4.802494E-03  9.861789E-25  4.691382E-11   1.375088E-01 NotAppl  2.313020E+00  0.000000E+00  
2.760835E+01  1.407567E+00  7.009140E+02  7.058512E-09  1.000000E+00  7.561531E-03  1.164605E-41  3.515033E-22   5.000000E-01 NotAppl  2.773021E-16  6.267635E-14  
1.376097E+02  5.094847E+02  -5.094119E+02  -9.234036E-01  1.000000E+00  1.351317E-04  4.991255E-23  2.270138E-07   0.000000E+00 XENON1T_2018  2.271656E+02  0.000000E+00  
3.787836E+01  1.155791E-04  5.311888E-05  -4.114639E-07  1.000000E+00  8.345237E-05  6.236219E-38  6.290845E-19   5.000000E-01 NotAppl  1.055294E-12  1.923654E-10  
6.321494E+03  5.293470E-04  1.622270E+01  5.358877E-03  1.000000E+00  6.291665E-02  7.155391E-26  3.089701E-15   5.000000E-01 NotAppl  5.439135E-03  0.000000E+00  
4.112525E+03  4.633724E+00  1.250033E+02  2.480201E-05  1.000000E+00  1.127089E-03  4.409801E-24  1.586110E-19   5.000000E-01 NotAppl  5.185733E-01  0.000000E+00  
2.627402E+03  3.340116E+02  -3.340014E+02  1.508534E-02  1.000000E+00  1.270645E-04  5.780983E-23  1.460355E-13   5.000000E-01 NotAppl  1.050880E+01  0.000000E+00  
1.366608E+01  1.616398E+00  -1.593855E+00  9.109181E-06  1.000000E+00  7.852452E-02  1.413304E-35  2.395896E-15   5.000000E-01 NotAppl  7.377677E-10  1.148396E-07  
3.255554E+02  6.605211E-02  6.921105E-03  -5.499326E+00  1.000000E+00  4.173463E-05  3.535325E-22  1.379198E-06   0.000000E+00 XENON1T_2018  6.660320E+02  0.000000E+00  
8.808544E+01  5.513725E-04  7.899896E+02  -1.427616E-07  1.000000E+00  4.156764E-03  7.455581E-25  1.354085E-20   5.000000E-01 NotAppl  4.723795E+00  0.000000E+00  
8.746825E+01  9.271119E-03  4.458319E-02  1.011593E-10  1.000000E+00  5.782747E-03  7.363487E-25  6.897521E-27   5.000000E-01 NotAppl  4.698766E+00  0.000000E+00  
1.898682E+01  3.216435E+02  -3.169757E+02  -3.412788E-06  1.000000E+00  1.819467E+00  2.199351E-36  1.746293E-16   5.000000E-01 NotAppl  7.902577E-11  1.494589E-08  
2.966698E+01  2.558661E+01  -2.556100E+01  3.123131E-08  1.000000E+00  1.082054E-02  2.445117E-40  5.949605E-21   5.000000E-01 NotAppl  5.386763E-15  1.472013E-13  
1.831114E+01  2.685044E-01  6.225089E+01  4.411190E-05  1.000000E+00  2.228599E-03  3.627448E-34  3.137104E-14   5.000000E-01 NotAppl  1.357188E-08  2.656520E-06  
6.864226E+01  3.129429E+02  -5.479014E+01  -1.784514E-01  1.000000E+00  3.143760E-02  1.107365E-25  3.523191E-08   0.000000E+00 XENON1T_2018  1.007686E+00  0.000000E+00  
4.754693E+03  1.047097E-04  4.253788E+02  -7.127599E-07  1.000000E+00  1.149074E-04  4.460188E-23  9.752055E-23   5.000000E-01 NotAppl  4.527866E+00  0.000000E+00  
5.026348E+01  2.197312E-03  2.622052E+00  5.616907E-08  1.000000E+00  1.999246E-03  3.682691E-39  6.591716E-21   5.000000E-01 NotAppl  4.648729E-14  2.515348E-12  
7.856418E+02  1.040395E+01  -1.040215E+01  -3.242481E-03  1.000000E+00  6.723674E-02  9.675788E-26  7.912828E-14   5.000000E-01 NotAppl  6.093175E-02  0.000000E+00  
5.957175E+02  1.560550E-01  -2.004844E-03  8.109587E-01  1.000000E+00  2.255853E-02  5.176035E-25  8.712831E-09   5.252629E-63 LZ5Tmedian  4.557637E-01  0.000000E+00  
1.112971E+03  1.456234E-04  5.413913E-02  8.267497E-06  1.000000E+00  4.550807E-01  1.760096E-26  2.526414E-19   5.000000E-01 NotAppl  7.750722E-03  0.000000E+00  
5.145518E+03  3.335726E+01  -3.331512E+01  1.762213E-05  1.000000E+00  1.002166E-02  6.537345E-25  5.076630E-20   5.000000E-01 NotAppl  5.992528E-02  0.000000E+00  
4.446462E+01  9.664151E+00  -9.435913E+00  3.083644E-04  1.000000E+00  3.369645E-05  5.696008E-32  2.550162E-13   5.000000E-01 NotAppl  8.162919E-07  3.761411E-05  
3.091090E+03  5.985023E-02  2.954046E+01  -1.687088E-10  1.000000E+00  1.952535E-02  2.365854E-25  1.311985E-29   5.000000E-01 NotAppl  3.719726E-02  0.000000E+00  
1.243667E+01  4.481842E-04  1.451200E+01  -2.042002E-06  1.000000E+00  5.798858E-04  6.885952E-37  1.450575E-16   5.000000E-01 NotAppl  4.010562E-11  3.918658E-09  
1.822198E+02  4.166698E+01  4.463896E+01  -1.331428E-02  1.000000E+00  1.400535E-03  2.206128E-24  2.654209E-11   2.587551E-01 NotAppl  6.339383E+00  0.000000E+00  
1.763891E+03  8.020114E-01  2.073828E+01  -5.583898E-10  1.000000E+00  3.587733E-02  1.310808E-25  4.505745E-28   5.000000E-01 NotAppl  3.658872E-02  0.000000E+00  
4.234296E+01  2.009615E-04  9.965826E+01  3.119129E-01  1.000000E+00  3.376446E-04  4.870652E-26  2.882164E-07   0.000000E+00 XENON1T_2018  7.347892E-01  3.322485E-01  
1.003541E+02  3.973989E+01  -3.867618E+01  3.903785E+00  1.000000E+00  1.990843E-05  2.954196E-22  7.750396E-06   0.000000E+00 XENON1T_2018  1.612377E+03  0.000000E+00  
3.129863E+01  3.203047E+00  -3.170154E+00  1.428011E-09  1.000000E+00  5.700307E-03  5.439803E-43  1.116020E-23   5.000000E-01 NotAppl  1.130787E-17  2.244988E-15  
1.382626E+02  7.055022E+02  -7.054998E+02  -1.214917E-08  1.000000E+00  9.396733E-04  6.185341E-24  3.891778E-23   5.000000E-01 NotAppl  2.455246E+01  0.000000E+00  
5.882912E+02  5.818018E-01  8.831524E+02  -3.527301E-06  1.000000E+00  1.054012E-04  4.770138E-23  1.691156E-19   5.000000E-01 NotAppl  4.108513E+01  0.000000E+00  
1.558540E+03  2.027013E-03  6.280673E+02  3.872982E-07  1.000000E+00  7.468536E-05  6.963002E-23  2.789725E-22   5.000000E-01 NotAppl  2.208771E+01  0.000000E+00  
1.309610E+01  8.167388E+00  -8.128803E+00  -1.385859E-07  1.000000E+00  1.251155E-01  3.227366E-39  6.033357E-19   5.000000E-01 NotAppl  1.770046E-13  2.152771E-11  
4.985919E+01  4.062193E-03  -3.665456E-03  3.004787E-10  1.000000E+00  1.564475E-03  9.947632E-44  1.917691E-25   5.000000E-01 NotAppl  1.262389E-18  7.776851E-17  
1.396652E+01  6.473205E+02  -6.408695E+02  1.311792E+00  1.000000E+00  1.024551E-02  2.901078E-25  4.759110E-05   0.000000E+00 XENON1T_2018  1.476821E+01  5.047223E-01  
2.377909E+03  3.290681E+01  1.607977E+02  9.202620E-01  1.000000E+00  4.534374E-04  1.077763E-23  6.659036E-10   6.174546E-02 LZ5Tmedian  2.213424E+00  0.000000E+00  
1.832319E+01  1.147599E+00  -1.020118E+00  -1.571228E-10  1.000000E+00  2.217453E-02  4.603281E-45  3.974881E-25   5.000000E-01 NotAppl  1.721025E-19  3.351483E-17  
3.724921E+03  4.746058E+01  -4.745788E+01  2.191502E-07  1.000000E+00  5.081334E-03  1.314573E-24  1.514601E-23   5.000000E-01 NotAppl  1.673311E-01  0.000000E+00  
3.909841E+02  1.176554E+02  -1.176553E+02  -2.484794E-02  1.000000E+00  1.182604E-03  5.674743E-24  1.935495E-11   5.000000E-01 NotAppl  7.394772E+00  0.000000E+00  
7.466593E+01  8.502069E-04  8.937535E+02  -2.223017E+00  1.000000E+00  5.148963E-04  4.106379E-24  4.604398E-06   0.000000E+00 XENON1T_2018  3.381912E+01  0.000000E+00  
1.286490E+01  9.425993E-02  2.485266E+02  -1.450036E-01  1.000000E+00  8.744088E-04  3.512419E-27  6.841723E-07   0.000000E+00 XENON1T_2018  1.966294E-01  3.299186E-01  
3.164918E+03  4.067839E-01  1.817828E+00  -3.656135E-05  1.000000E+00  1.661072E+00  3.630643E-27  5.872656E-19   5.000000E-01 NotAppl  5.516708E-04  0.000000E+00  
3.806618E+02  5.432354E+01  -5.432314E+01  -7.800276E-01  1.000000E+00  5.266715E-03  1.159123E-24  2.014701E-08   1.911795E-223 LZ5Tmedian  1.715558E+00  0.000000E+00  
2.044644E+01  6.203606E+01  -5.267528E+01  -1.632071E-03  1.000000E+00  2.269560E+01  5.178171E-31  3.442304E-11   6.240858E-02 LZ5Tmedian  1.714169E-05  2.844784E-03  
1.100712E+01  7.439585E+01  -7.393820E+01  -1.345866E-02  1.000000E+00  2.509390E-01  2.850820E-29  8.011479E-09   1.053462E-48 LZ5Tmedian  1.915933E-03  1.703013E-01  
7.218154E+01  1.487765E-02  1.266120E+02  3.596959E-03  1.000000E+00  5.537729E-03  1.729164E-29  1.291744E-11   2.534071E-01 NotAppl  1.504486E-04  0.000000E+00  
2.736918E+03  1.619921E-02  -1.559297E-02  2.699001E-10  1.000000E+00  2.535580E+00  2.936591E-27  4.301740E-29   5.000000E-01 NotAppl  5.144079E-04  0.000000E+00  
6.823060E+03  8.253924E-01  -6.020883E-02  1.594185E-07  1.000000E+00  6.684417E+00  1.034209E-27  2.341363E-24   5.000000E-01 NotAppl  7.162883E-05  0.000000E+00  
1.519354E+01  4.444240E-04  1.484567E-04  -4.934748E-10  1.000000E+00  1.430265E-03  4.281978E-44  5.697769E-24   5.000000E-01 NotAppl  1.978121E-18  3.374173E-16  
1.069350E+01  5.604550E-03  1.713163E+02  -1.369335E-04  1.000000E+00  4.609434E-04  2.911971E-33  8.776468E-13   5.000000E-01 NotAppl  2.024351E-07  2.638761E-05  
4.352559E+02  1.369296E+01  -1.363317E+01  -1.923854E-02  1.000000E+00  3.109218E-02  2.061897E-25  9.316106E-12   5.000000E-01 NotAppl  2.398338E-01  0.000000E+00  
2.552537E+01  3.070922E-02  -3.043107E-02  9.538295E-04  1.000000E+00  3.159482E-03  1.998233E-31  7.521054E-12   4.487838E-01 NotAppl  5.190264E-06  1.180334E-03  
1.782853E+03  5.483670E+01  3.928512E+02  -1.012272E-04  1.000000E+00  9.656303E-05  4.332931E-23  1.448843E-17   5.000000E-01 NotAppl  1.196502E+01  0.000000E+00  
9.290067E+03  4.444990E+01  -4.444935E+01  1.252801E-06  1.000000E+00  5.793763E-03  1.161853E-24  7.725104E-23   5.000000E-01 NotAppl  5.854974E-02  0.000000E+00  
1.548092E+02  1.710069E+00  -1.529958E+00  -1.822442E-02  1.000000E+00  1.046798E-02  7.074704E-25  6.945852E-11   1.668691E-02 LZ5Tmedian  2.448388E+00  0.000000E+00  
3.839759E+02  4.141009E-01  -4.139996E-01  4.007362E-08  1.000000E+00  5.942880E-02  1.419547E-25  5.224004E-23   5.000000E-01 NotAppl  1.879213E-01  0.000000E+00  
4.741041E+02  5.678840E+02  5.278753E+01  2.370496E-10  1.000000E+00  4.351499E-05  8.157677E-23  1.187452E-27   5.000000E-01 NotAppl  8.709783E+01  0.000000E+00  
1.480970E+03  4.330858E-04  5.275360E-02  1.208495E-09  1.000000E+00  7.831327E-01  9.981272E-27  3.014176E-27   5.000000E-01 NotAppl  3.278429E-03  0.000000E+00  
1.179487E+01  5.774190E-01  2.671992E+02  2.482464E-06  1.000000E+00  4.228694E-03  9.981059E-37  2.379692E-16   5.000000E-01 NotAppl  6.184663E-11  8.639253E-09  
2.469267E+02  5.541622E+02  -5.541594E+02  -3.827716E-05  1.000000E+00  3.181070E-04  2.068203E-23  1.176948E-16   5.000000E-01 NotAppl  4.372879E+01  0.000000E+00  
5.454120E+02  5.804053E+02  -5.804047E+02  -1.606837E-05  1.000000E+00  1.115496E-04  6.486774E-23  4.096743E-18   5.000000E-01 NotAppl  5.964901E+01  0.000000E+00  
3.887534E+03  1.010665E+00  8.501221E+02  7.907886E+00  1.000000E+00  3.241547E-05  1.690546E-22  1.807936E-08   7.577604E-21 LZ5Tmedian  2.105933E+01  0.000000E+00  
4.784862E+01  9.083753E-02  4.889994E+02  1.434835E-06  1.000000E+00  1.335080E-03  1.751788E-36  4.755277E-18   5.000000E-01 NotAppl  2.326864E-11  1.891651E-09  
9.313435E+03  2.778635E+02  -2.776722E+02  6.065201E-03  1.000000E+00  1.684874E-04  4.426460E-23  1.801421E-15   5.000000E-01 NotAppl  2.224974E+00  0.000000E+00  
5.030931E+02  6.622323E-02  -6.104465E-02  -1.404185E-06  1.000000E+00  1.004125E-01  8.402234E-26  3.690372E-20   5.000000E-01 NotAppl  8.399083E-02  0.000000E+00  
8.575633E+02  4.442331E+02  -4.442089E+02  5.156774E-05  1.000000E+00  1.108025E-04  6.668640E-23  1.673544E-17   5.000000E-01 NotAppl  3.833405E+01  0.000000E+00  
3.498370E+03  1.018419E-01  1.487004E-01  -1.623983E-05  1.000000E+00  4.002490E+00  1.822277E-27  9.449816E-20   5.000000E-01 NotAppl  2.485816E-04  0.000000E+00  
7.524434E+03  5.808355E+01  -5.808334E+01  -3.644435E-03  1.000000E+00  3.449473E-03  1.977410E-24  1.003047E-15   5.000000E-01 NotAppl  1.233141E-01  0.000000E+00  
1.286845E+01  1.690953E-03  -1.101822E-03  1.251044E-06  1.000000E+00  1.085627E-03  2.614873E-37  5.089976E-17   5.000000E-01 NotAppl  1.463635E-11  2.187779E-09  
2.909136E+02  7.462310E+02  -7.462198E+02  -9.340505E-07  1.000000E+00  2.116162E-04  3.182953E-23  5.009511E-20   5.000000E-01 NotAppl  5.660694E+01  0.000000E+00  
1.003862E+01  4.653438E-01  2.179899E+01  -1.270011E-10  1.000000E+00  2.873023E-03  2.424098E-45  8.541638E-25   5.000000E-01 NotAppl  1.815607E-19  1.004379E-17  
2.648186E+01  1.694617E+02  3.477523E+02  1.403758E-02  1.000000E+00  3.753873E+01  4.448852E-29  1.512360E-09   4.759075E-73 LZ5Tmedian  1.110289E-03  2.032147E-01  
2.724009E+02  2.020567E-02  -1.864767E-02  1.531836E-07  1.000000E+00  3.136788E-02  2.721518E-25  1.541561E-21   5.000000E-01 NotAppl  5.150184E-01  0.000000E+00  
8.553971E+02  2.880536E+02  -2.880530E+02  3.869611E-01  1.000000E+00  2.028223E-04  3.591417E-23  9.472374E-10   1.806000E-05 LZ5Tmedian  2.070100E+01  0.000000E+00  
2.519217E+03  1.214464E+01  -1.214442E+01  -8.002769E-03  1.000000E+00  6.832553E-02  8.939622E-26  4.477266E-14   5.000000E-01 NotAppl  1.696820E-02  0.000000E+00  
1.813837E+02  6.146307E-02  7.922307E+00  -8.060750E-07  1.000000E+00  1.215452E-02  5.930933E-25  9.820735E-20   5.000000E-01 NotAppl  1.715366E+00  0.000000E+00  
1.526773E+01  9.813472E+00  1.326322E+02  -3.500992E+00  1.000000E+00  4.060681E-03  7.621110E-25  2.840197E-04   0.000000E+00 XENON1T_2018  3.511183E+01  3.478691E-01  
4.630089E+03  5.798246E+02  -4.929263E+02  -8.383326E-06  1.000000E+00  2.974729E-05  1.766328E-22  1.423947E-20   5.000000E-01 NotAppl  1.802644E+01  0.000000E+00  
5.851664E+02  1.915132E-02  2.743173E+01  -1.548255E-07  1.000000E+00  1.956399E-02  2.552366E-25  3.293911E-22   5.000000E-01 NotAppl  2.203283E-01  0.000000E+00  
1.583085E+01  6.677443E-02  -6.368859E-02  1.063712E-09  1.000000E+00  2.026748E-03  2.014042E-43  2.439502E-23   5.000000E-01 NotAppl  8.880309E-18  1.563535E-15  
1.791105E+01  7.235507E+02  -6.688720E+02  -6.224990E-01  1.000000E+00  3.765569E-02  7.169600E-26  6.529711E-06   0.000000E+00 XENON1T_2018  2.748503E+00  9.981185E-01  
4.116177E+02  7.189849E-01  -7.084835E-01  7.919792E-08  1.000000E+00  6.727355E-02  1.244116E-25  1.769843E-22   5.000000E-01 NotAppl  1.531908E-01  0.000000E+00  
8.543272E+02  1.253626E-02  6.862001E+02  2.367817E-09  1.000000E+00  9.444780E-05  5.466918E-23  3.555742E-26   5.000000E-01 NotAppl  3.214293E+01  0.000000E+00  
6.391450E+03  7.594181E-02  -7.550741E-02  -7.085180E-08  1.000000E+00  1.296691E+01  5.431906E-28  5.281510E-25   5.000000E-01 NotAppl  4.018797E-05  0.000000E+00  
4.131691E+02  4.065011E-02  1.206901E+00  2.844540E-09  1.000000E+00  6.735702E-02  1.236796E-25  2.265627E-25   5.000000E-01 NotAppl  1.516974E-01  0.000000E+00  
4.220954E+03  4.731848E-02  5.148812E-01  1.507110E-04  1.000000E+00  5.215184E+00  1.323524E-27  5.554710E-18   5.000000E-01 NotAppl  1.493169E-04  0.000000E+00  
7.711500E+02  1.606745E-03  6.164320E-01  -2.191586E-07  1.000000E+00  2.243905E-01  3.647539E-26  3.755003E-22   5.000000E-01 NotAppl  2.343770E-02  0.000000E+00  
1.976286E+02  8.096454E+02  -7.135601E+02  -3.014208E-08  1.000000E+00  1.974408E-04  1.583357E-23  1.151847E-22   5.000000E-01 NotAppl  4.349349E+01  0.000000E+00  
2.262321E+01  3.564680E-02  4.384028E-01  -5.793758E-01  1.000000E+00  2.098963E-03  6.823463E-26  3.539508E-06   0.000000E+00 XENON1T_2018  2.021897E+00  2.502729E-01  
8.916107E+02  1.622371E-04  1.223354E-02  -8.915916E-02  1.000000E+00  2.814629E-01  2.965392E-26  4.620447E-11   5.000000E-01 NotAppl  1.649635E-02  0.000000E+00  
4.725914E+02  9.104488E-03  -7.087879E-03  -3.555780E-04  1.000000E+00  8.918961E-02  9.487891E-26  2.689341E-15   5.000000E-01 NotAppl  1.012062E-01  0.000000E+00  
9.029681E+01  1.346325E-04  6.979228E+02  -1.478764E-09  1.000000E+00  3.952554E-03  7.656912E-25  1.380868E-24   5.000000E-01 NotAppl  4.731671E+00  0.000000E+00  
4.149626E+02  2.416111E-01  -2.326898E-01  1.788162E+00  1.000000E+00  3.084109E-03  4.155910E-24  8.874196E-08   0.000000E+00 XENON1T_2018  5.224688E+00  0.000000E+00  
5.584879E+02  3.890625E-01  2.703518E+02  3.708129E-08  1.000000E+00  4.212641E-04  1.169985E-23  2.078585E-23   5.000000E-01 NotAppl  1.062622E+01  0.000000E+00  
2.709860E+01  7.696892E-01  7.682433E-01  -1.412881E-03  1.000000E+00  5.049478E-03  4.592128E-31  1.462435E-11   1.937600E-01 NotAppl  1.117295E-05  2.555573E-03  
2.864358E+02  1.723623E-02  5.740045E+00  -4.649833E-10  1.000000E+00  2.954347E-02  2.581887E-25  1.281520E-26   5.000000E-01 NotAppl  4.636256E-01  0.000000E+00  
3.027245E+02  2.512683E-02  -9.171863E-04  -2.228894E-05  1.000000E+00  3.824542E-02  2.231693E-25  2.629306E-17   5.000000E-01 NotAppl  3.783036E-01  0.000000E+00  
6.431732E+03  9.779163E+02  -9.775755E+02  2.407560E-01  1.000000E+00  1.609791E-05  4.836860E-22  6.020963E-12   5.000000E-01 NotAppl  3.535918E+01  0.000000E+00  
6.807430E+02  1.485685E-01  -1.260152E-01  7.489733E-05  1.000000E+00  1.784736E-01  4.649794E-26  5.658101E-17   5.000000E-01 NotAppl  3.398411E-02  0.000000E+00  
6.377201E+01  2.012586E-01  -2.010456E-01  9.968943E-01  1.000000E+00  2.329839E-04  8.602974E-23  1.277753E-06   0.000000E+00 XENON1T_2018  8.470634E+02  0.000000E+00  
6.940416E+01  2.090420E-02  1.565524E-01  -1.022935E-10  1.000000E+00  5.803609E-03  2.851591E-44  1.131886E-26   5.000000E-01 NotAppl  2.581904E-19  0.000000E+00  
2.200376E+01  3.547320E-02  -1.798645E-02  -4.353614E-09  1.000000E+00  2.804730E-03  3.810481E-42  2.113440E-22   5.000000E-01 NotAppl  1.163193E-16  2.534113E-14  
1.390559E+02  1.035510E-02  2.670038E-01  -4.439138E+00  1.000000E+00  1.041670E-06  1.552440E-20  5.135219E-06   0.000000E+00 XENON1T_2018  7.039521E+04  0.000000E+00  
8.593288E+03  4.019716E+00  5.792311E+02  -1.936070E-04  1.000000E+00  6.122461E-05  8.576144E-23  2.161421E-18   5.000000E-01 NotAppl  4.775699E+00  0.000000E+00  
2.872528E+03  4.527019E-04  -3.038704E-04  -6.553287E+00  1.000000E+00  9.591758E-03  1.300051E-24  2.298257E-08   2.628564E-35 LZ5Tmedian  2.303069E-01  0.000000E+00  
4.743940E+02  9.260436E-02  6.119540E-02  -5.253620E-04  1.000000E+00  8.947252E-02  9.420738E-26  5.825212E-15   5.000000E-01 NotAppl  1.000938E-01  0.000000E+00  
1.238062E+02  1.594191E+02  2.358465E+02  -2.578708E-02  1.000000E+00  7.204604E-04  4.108880E-24  2.198795E-10   1.520575E-07 LZ5Tmedian  1.791780E+01  0.000000E+00  
6.759646E+03  3.962631E+02  -3.962623E+02  1.271813E-02  1.000000E+00  8.581463E-05  8.742057E-23  1.518719E-14   5.000000E-01 NotAppl  6.076577E+00  0.000000E+00  
6.820124E+01  3.260670E+00  -3.260521E+00  1.072263E-06  1.000000E+00  1.085111E-02  4.669631E-36  1.288886E-18   5.000000E-01 NotAppl  4.303655E-11  0.000000E+00  
9.500436E+03  1.717629E+01  -1.717614E+01  3.435115E-08  1.000000E+00  3.631222E-02  1.742118E-25  5.549800E-26   5.000000E-01 NotAppl  8.582678E-03  0.000000E+00  
6.123708E+02  2.817561E+01  -2.815701E+01  1.886365E+00  1.000000E+00  1.890154E-03  4.080202E-24  4.455917E-08   9.631288E-311 LZ5Tmedian  3.403967E+00  0.000000E+00  
8.368087E+01  1.792201E-03  3.024584E-02  -4.279341E-02  1.000000E+00  6.668088E-03  3.709994E-25  1.351544E-09   2.188553E-57 LZ5Tmedian  2.497554E+00  0.000000E+00  
8.066948E+03  7.753226E-04  4.956406E+00  3.237401E+00  1.000000E+00  1.550924E-01  6.185043E-26  6.871311E-10   4.274748E-01 NotAppl  3.762613E-03  0.000000E+00  
2.024241E+02  9.602107E+01  9.730505E+01  2.002196E-09  1.000000E+00  5.050340E-04  6.265263E-24  4.838643E-25   5.000000E-01 NotAppl  1.616315E+01  0.000000E+00  
8.024570E+02  7.871753E+01  -5.676229E+01  -5.407398E-04  1.000000E+00  1.316821E-03  3.423797E-24  2.107499E-15   5.000000E-01 NotAppl  2.109428E+00  0.000000E+00  
2.445703E+01  3.666347E+00  -3.633268E+00  5.282243E-04  1.000000E+00  2.235452E-02  5.953661E-32  2.514456E-12   5.000000E-01 NotAppl  1.621946E-06  3.247152E-04  
5.907871E+02  1.757553E+01  -1.752207E+01  1.163490E-06  1.000000E+00  2.718384E-02  2.351486E-25  1.824171E-20   5.000000E-01 NotAppl  1.989780E-01  0.000000E+00  
9.366974E+01  3.595229E-03  6.893363E-01  6.850923E+00  1.000000E+00  1.465027E-05  9.237168E-22  2.749220E-05   0.000000E+00 XENON1T_2018  5.431116E+03  0.000000E+00  
1.000051E+02  3.589654E+00  -3.589045E+00  1.521997E-04  1.000000E+00  5.084327E-03  1.257515E-24  1.186536E-14   5.000000E-01 NotAppl  6.845241E+00  0.000000E+00  
1.595248E+01  1.192792E-01  -3.674581E-02  1.103110E-10  1.000000E+00  2.183307E-03  2.170968E-45  2.583851E-25   5.000000E-01 NotAppl  9.489177E-20  1.680537E-17  
4.026619E+02  1.596641E+00  8.219340E+01  7.227936E-08  1.000000E+00  2.902152E-03  1.613843E-24  1.542000E-22   5.000000E-01 NotAppl  2.047146E+00  0.000000E+00  
2.370176E+02  9.832749E-02  2.417852E+02  2.468240E-04  1.000000E+00  9.307552E-04  5.074942E-24  5.322215E-15   5.000000E-01 NotAppl  1.104781E+01  0.000000E+00  
3.709601E+02  7.256357E-02  -5.201454E-02  3.607161E-07  1.000000E+00  5.616275E-02  1.515075E-25  4.542226E-21   5.000000E-01 NotAppl  2.078779E-01  0.000000E+00  
1.259043E+03  4.537943E-03  6.552090E-01  -1.269526E+00  1.000000E+00  4.402140E-02  2.640423E-25  4.631953E-09   1.499633E-16 LZ5Tmedian  1.089794E-01  0.000000E+00  
3.909132E+02  1.186232E+00  -2.209758E-01  -2.800530E-04  1.000000E+00  5.784243E-02  1.383578E-25  2.459533E-15   5.000000E-01 NotAppl  1.797889E-01  0.000000E+00  
2.476378E+01  9.398946E+00  -9.398795E+00  2.735262E-03  1.000000E+00  2.284600E-02  1.609421E-30  6.574841E-11   1.116044E-03 LZ5Tmedian  4.326089E-05  4.589021E-03  
1.225997E+01  3.805372E-04  8.246130E-03  -1.551245E-06  1.000000E+00  9.599970E-04  3.953762E-37  8.610770E-17   5.000000E-01 NotAppl  2.341090E-11  3.370586E-09  
4.067974E+02  2.175148E-02  4.563149E+01  4.713728E-09  1.000000E+00  7.993060E-03  6.185666E-25  6.422503E-25   5.000000E-01 NotAppl  7.756753E-01  0.000000E+00  
1.475252E+02  6.318085E+02  -6.309660E+02  -5.342433E-01  1.000000E+00  6.461136E-04  8.644014E-24  6.588743E-08   0.000000E+00 XENON1T_2018  3.543344E+01  0.000000E+00  
4.492938E+03  8.714458E-02  -8.644112E-02  -2.269327E-03  1.000000E+00  6.568603E+00  1.095381E-27  1.109203E-15   5.000000E-01 NotAppl  1.158586E-04  0.000000E+00  
1.314138E+01  5.290165E+02  -5.290108E+02  -4.330984E-04  1.000000E+00  1.241265E-01  3.155456E-32  5.852353E-12   5.000000E-01 NotAppl  1.723667E-06  2.618920E-04  
3.240147E+03  1.514877E+01  -1.513305E+01  1.471850E-07  1.000000E+00  4.526991E-02  1.369242E-25  9.073052E-24   5.000000E-01 NotAppl  2.009432E-02  0.000000E+00  
9.323312E+03  1.753128E+02  -1.752733E+02  2.779979E-02  1.000000E+00  4.094664E-04  1.782591E-23  3.776358E-14   5.000000E-01 NotAppl  8.950689E-01  0.000000E+00  
1.801430E+03  4.169232E+01  -4.169180E+01  -5.806993E-08  1.000000E+00  6.569635E-03  1.007192E-24  4.668249E-24   5.000000E-01 NotAppl  2.695705E-01  0.000000E+00  
5.768640E+01  4.466148E+02  -4.466112E+02  -2.344897E-03  1.000000E+00  5.014288E-03  3.657222E-29  8.675173E-12   3.544701E-01 NotAppl  4.000600E-04  3.005518E-03  
2.095855E+01  7.774327E+00  -7.773900E+00  2.589113E-09  1.000000E+00  3.890423E-02  1.317264E-42  8.243112E-23   5.000000E-01 NotAppl  4.243838E-17  6.262850E-15  
1.889255E+03  7.480144E-03  -7.060630E-03  -4.378380E-01  1.000000E+00  5.020768E-01  1.926016E-26  2.408501E-10   2.818918E-01 NotAppl  5.134508E-03  0.000000E+00  
1.193630E+03  8.404739E+01  -8.197840E+01  -6.269211E-03  1.000000E+00  1.700553E-03  3.868528E-24  1.259444E-13   5.000000E-01 NotAppl  1.580854E+00  0.000000E+00  
5.170989E+03  9.362423E+02  -9.346365E+02  7.682489E-08  1.000000E+00  1.784324E-05  4.294211E-22  9.552181E-25   5.000000E-01 NotAppl  3.916515E+01  0.000000E+00  
1.274539E+02  1.552706E-04  1.306758E-04  2.912963E-04  1.000000E+00  8.171990E-03  9.816248E-25  2.643612E-14   5.000000E-01 NotAppl  4.147448E+00  0.000000E+00  
8.899291E+01  1.164032E+01  -1.106009E+01  -8.321168E-05  1.000000E+00  5.361993E-03  8.229558E-25  4.504733E-15   5.000000E-01 NotAppl  5.160312E+00  0.000000E+00  
4.197643E+01  3.345563E+00  -3.341012E+00  -4.164659E-01  1.000000E+00  1.899234E-04  8.437295E-26  5.229891E-07   0.000000E+00 XENON1T_2018  1.280553E+00  2.648120E-01  
1.247380E+02  2.485096E-04  7.410923E-04  5.318830E-10  1.000000E+00  7.904232E-03  1.009905E-24  9.211630E-26   5.000000E-01 NotAppl  4.361614E+00  0.000000E+00  
1.137824E+01  1.061958E-03  2.434475E+02  -4.776051E-09  1.000000E+00  4.990346E-04  3.641730E-42  9.453460E-22   5.000000E-01 NotAppl  2.353789E-16  3.203937E-14  
7.303722E+02  6.001673E-01  -5.990711E-01  9.267686E-02  1.000000E+00  1.833777E-01  4.633925E-26  7.503039E-11   3.638926E-01 NotAppl  3.167123E-02  0.000000E+00  
1.708523E+02  1.358637E+00  7.758981E+01  4.624620E-10  1.000000E+00  3.336189E-03  1.463817E-24  3.654178E-26   5.000000E-01 NotAppl  4.498249E+00  0.000000E+00  
1.951792E+02  3.528274E+01  -4.437001E+00  -4.458136E-07  1.000000E+00  2.471085E-03  1.266418E-24  2.584968E-20   5.000000E-01 NotAppl  3.404908E+00  0.000000E+00  
9.270602E+01  1.691577E-03  7.025166E+02  1.603348E-05  1.000000E+00  3.651254E-03  1.079249E-24  1.538056E-16   5.000000E-01 NotAppl  6.382427E+00  0.000000E+00  
3.612464E+03  2.964618E+02  -2.959517E+02  1.470625E-06  1.000000E+00  1.527276E-04  4.773323E-23  7.259472E-22   5.000000E-01 NotAppl  6.268895E+00  0.000000E+00  
6.122597E+02  1.243113E-04  4.764757E-01  -1.367829E-03  1.000000E+00  1.451675E-01  5.729749E-26  2.343744E-14   5.000000E-01 NotAppl  4.673182E-02  0.000000E+00  
1.082131E+03  8.020356E-04  1.284297E-03  7.291067E-07  1.000000E+00  4.315404E-01  1.860811E-26  2.080866E-21   5.000000E-01 NotAppl  8.434513E-03  0.000000E+00  
1.025623E+01  4.598904E-03  3.901557E+02  7.069207E-03  1.000000E+00  4.272020E-04  7.599189E-30  2.537999E-09   1.107153E-11 LZ5Tmedian  5.549764E-04  5.812726E-02  
1.014385E+01  8.589993E-03  3.402421E-01  4.841174E-08  1.000000E+00  4.890080E-04  3.542805E-40  1.216164E-19   5.000000E-01 NotAppl  2.621118E-14  3.303180E-12  
3.262029E+03  5.757762E-04  8.590044E-02  -2.219517E-03  1.000000E+00  3.549824E+00  2.070410E-27  2.035140E-15   5.000000E-01 NotAppl  3.032595E-04  0.000000E+00  
4.766757E+03  4.782674E+00  -3.380310E+00  -1.980051E-03  1.000000E+00  4.347882E-01  1.495709E-26  7.487287E-16   5.000000E-01 NotAppl  1.483359E-03  0.000000E+00  
8.200066E+03  1.337634E-04  5.468138E+00  6.115190E-05  1.000000E+00  5.071417E-01  8.398385E-27  2.371536E-19   5.000000E-01 NotAppl  4.900870E-04  0.000000E+00  
9.477584E+01  1.673839E-03  3.857146E+00  -1.037795E-10  1.000000E+00  4.799640E-03  1.163775E-24  6.158642E-27   5.000000E-01 NotAppl  6.712138E+00  0.000000E+00  
1.044989E+01  4.207097E-01  -4.160009E-01  1.005477E-06  1.000000E+00  5.962320E-03  1.552332E-37  4.950179E-17   5.000000E-01 NotAppl  1.108816E-11  1.423429E-09  
7.206057E+03  4.470033E+02  -4.439767E+02  -1.256349E-02  1.000000E+00  6.711185E-05  1.108299E-22  1.301440E-14   5.000000E-01 NotAppl  7.220745E+00  0.000000E+00  
4.494375E+03  1.189550E-02  8.206727E+01  -1.723737E-09  1.000000E+00  2.717026E-03  1.787078E-24  6.395525E-28   5.000000E-01 NotAppl  1.920706E-01  0.000000E+00  
3.452998E+02  2.374901E-03  2.927391E+01  6.429262E-04  1.000000E+00  1.424539E-02  3.836099E-25  1.671016E-14   5.000000E-01 NotAppl  5.683633E-01  0.000000E+00  
2.151767E+02  3.426827E-04  2.875753E+00  2.016036E-04  1.000000E+00  1.870936E-02  4.245774E-25  4.328496E-15   5.000000E-01 NotAppl  1.027686E+00  0.000000E+00  
3.083383E+01  1.338649E-01  1.707163E+01  -3.697217E+00  1.000000E+00  1.801507E-03  6.332092E-25  7.711253E-05   0.000000E+00 XENON1T_2018  1.355607E+01  2.692456E-01  
1.771134E+03  5.917156E+01  -5.894820E+01  3.149254E-02  1.000000E+00  3.342851E-03  2.019004E-24  1.421280E-12   5.000000E-01 NotAppl  5.498719E-01  0.000000E+00  
3.363869E+03  3.861789E+02  -3.747432E+02  2.488063E-06  1.000000E+00  8.677649E-05  7.831525E-23  2.402314E-21   5.000000E-01 NotAppl  1.106109E+01  0.000000E+00  
2.380534E+02  3.685332E-02  7.423320E+00  -2.369257E-03  1.000000E+00  2.012152E-02  3.664505E-25  4.860292E-13   5.000000E-01 NotAppl  7.980487E-01  0.000000E+00  
2.664037E+03  5.195148E+01  6.515492E+01  -1.374681E+00  1.000000E+00  1.163048E-03  4.243524E-24  1.178981E-09   1.224072E-02 LZ5Tmedian  7.731953E-01  0.000000E+00  
2.868081E+02  1.721731E-04  9.693379E+02  5.045582E-09  1.000000E+00  2.997605E-04  1.582284E-23  1.504936E-24   5.000000E-01 NotAppl  2.836660E+01  0.000000E+00  
5.171449E+02  1.002108E-02  1.613050E+00  -1.395342E-09  1.000000E+00  1.023005E-01  8.042958E-26  3.444422E-26   5.000000E-01 NotAppl  7.814027E-02  0.000000E+00  
4.859349E+02  3.020061E-04  3.166253E+02  -4.234022E-10  1.000000E+00  3.712742E-04  1.333481E-23  3.602048E-27   5.000000E-01 NotAppl  1.396164E+01  0.000000E+00  
1.269525E+03  1.514609E+02  8.159956E+02  1.043473E-06  1.000000E+00  2.795876E-05  1.257890E-22  3.076790E-21   5.000000E-01 NotAppl  4.914202E+01  0.000000E+00  
1.558523E+02  1.510072E+02  -1.377121E+02  1.125782E-08  1.000000E+00  7.678752E-04  4.159467E-24  2.614259E-23   5.000000E-01 NotAppl  1.457080E+01  0.000000E+00  
1.611112E+02  2.067001E+02  -2.067000E+02  -2.558550E-05  1.000000E+00  1.108293E-03  5.403708E-24  1.261490E-16   5.000000E-01 NotAppl  1.833210E+01  0.000000E+00  
5.942835E+03  1.933100E+01  -1.885521E+01  4.551601E-01  1.000000E+00  2.718077E-02  2.480009E-25  2.527049E-11   5.000000E-01 NotAppl  1.965059E-02  0.000000E+00  
1.097655E+03  2.867846E-01  -2.853817E-01  8.790709E-02  1.000000E+00  4.083581E-01  2.017625E-26  2.938225E-11   5.000000E-01 NotAppl  9.056564E-03  0.000000E+00  
6.364512E+01  8.068135E+01  6.779842E+01  -5.356688E-01  1.000000E+00  2.247607E-04  3.080051E-23  3.704308E-07   0.000000E+00 XENON1T_2018  3.046182E+02  0.000000E+00  
6.545351E+03  1.925282E+02  -1.690093E+02  -3.448907E-07  1.000000E+00  3.180013E-04  2.140543E-23  1.192399E-23   5.000000E-01 NotAppl  1.537443E+00  0.000000E+00  
2.500259E+01  2.183430E-02  -1.914122E-02  5.084512E-06  1.000000E+00  3.069917E-03  5.596952E-36  2.228310E-16   5.000000E-01 NotAppl  1.488960E-10  3.384483E-08  
1.487482E+02  7.395211E-03  1.303282E-02  7.932157E-05  1.000000E+00  1.053083E-02  7.776458E-25  1.428094E-15   5.000000E-01 NotAppl  2.803179E+00  0.000000E+00  
2.917457E+03  1.696061E-02  -5.985411E-03  -4.502618E-08  1.000000E+00  2.867267E+00  2.585255E-27  1.051210E-24   5.000000E-01 NotAppl  4.243571E-04  0.000000E+00  
3.224833E+01  1.549459E-04  1.399973E+01  -2.493486E-07  1.000000E+00  1.612929E-03  1.724637E-38  3.202648E-19   5.000000E-01 NotAppl  3.466326E-13  3.238118E-11  
4.413277E+02  1.618034E+00  -1.616863E+00  5.975935E-02  1.000000E+00  6.982116E-02  1.200075E-25  8.737619E-11   1.455398E-01 NotAppl  1.378323E-01  0.000000E+00  
1.291848E+01  3.801488E-02  7.366216E+00  2.273636E-07  1.000000E+00  7.222142E-04  8.647819E-39  1.668336E-18   5.000000E-01 NotAppl  4.817614E-13  6.596939E-11  
1.126529E+01  3.626950E+02  -3.597081E+02  -6.586359E-02  1.000000E+00  2.203647E+00  6.896671E-28  1.833370E-07   0.000000E+00 XENON1T_2018  4.510117E-02  4.813956E-01  
1.590304E+01  1.935094E+00  -1.934792E+00  -1.170426E-10  1.000000E+00  6.529443E-02  2.441746E-45  2.926876E-25