MD1           DMP           DM3           l345          ld           Omegah2       sigV          protonSI      PvalDD        expName      CMB_ID        brH_DMDM      
1.493576E+02  1.430946E+02  -1.430582E+02  -2.864523E-01  1.000000E+00  2.150291E-03  2.688257E-24  1.846905E-08   0.000000E+00 LZ5Tmedian  1.031933E+01  0.000000E+00  
1.198452E+02  7.328448E+00  -7.299912E+00  -5.192895E-03  1.000000E+00  5.651618E-03  1.095200E-24  9.531245E-12   4.970263E-01 NotAppl  4.942249E+00  0.000000E+00  
5.827761E+01  4.704093E-03  4.613685E+01  -2.255548E-08  1.000000E+00  3.590415E-03  4.357723E-39  7.861421E-22   5.000000E-01 NotAppl  4.717884E-14  2.625798E-13  
1.457605E+03  1.030776E+00  -9.427823E-01  -8.656390E-03  1.000000E+00  7.024140E-01  1.082881E-26  1.597483E-13   5.000000E-01 NotAppl  3.614910E-03  0.000000E+00  
2.578465E+01  2.334244E+02  -2.316104E+02  3.910871E-04  1.000000E+00  4.608542E-02  3.383819E-32  1.238860E-12   5.000000E-01 NotAppl  8.698466E-07  1.956201E-04  
5.416777E+03  3.440669E+02  -1.389505E+01  -4.525289E+00  1.000000E+00  4.800783E-05  8.646564E-23  3.015740E-09   3.884351E-03 LZ5Tmedian  7.573532E+00  0.000000E+00  
4.238071E+02  6.174539E+01  2.464973E+01  2.259633E-07  1.000000E+00  9.213988E-04  3.562121E-24  1.357221E-21   5.000000E-01 NotAppl  4.275581E+00  0.000000E+00  
1.328635E+03  7.497740E-03  9.986115E+02  -5.950271E-01  1.000000E+00  4.334055E-05  1.203048E-22  9.117850E-10   1.114059E-03 LZ5Tmedian  4.496093E+01  0.000000E+00  
1.270414E+03  1.571046E-02  -1.492949E-02  7.367111E-06  1.000000E+00  5.851923E-01  1.353613E-26  1.531474E-19   5.000000E-01 NotAppl  5.202163E-03  0.000000E+00  
1.057680E+02  4.185919E-03  -4.056936E-03  -3.474717E-03  1.000000E+00  6.296004E-03  1.183574E-24  5.513344E-12   5.000000E-01 NotAppl  6.070075E+00  0.000000E+00  
1.629673E+03  1.969956E+02  -1.955269E+02  -5.492989E-03  1.000000E+00  3.457539E-04  2.017909E-23  5.123561E-14   5.000000E-01 NotAppl  5.985704E+00  0.000000E+00  
3.834535E+01  6.294099E-03  2.890888E+00  -4.177502E-03  1.000000E+00  6.086974E-05  6.611796E-30  6.325061E-11   2.737818E-04 LZ5Tmedian  1.104412E-04  1.834093E-02  
6.582042E+02  4.758412E+00  -4.321616E+00  -2.196211E-04  1.000000E+00  1.161606E-01  6.290741E-26  5.211558E-16   5.000000E-01 NotAppl  4.759908E-02  0.000000E+00  
2.984401E+03  1.361269E-03  8.138302E+01  -2.668251E-08  1.000000E+00  2.755051E-03  1.742040E-24  3.524979E-25   5.000000E-01 NotAppl  2.839465E-01  0.000000E+00  
1.580781E+03  4.822501E-01  6.748236E-02  2.530359E-10  1.000000E+00  8.561578E-01  8.987198E-27  1.156880E-28   5.000000E-01 NotAppl  2.761018E-03  0.000000E+00  
8.518570E+03  2.591172E-03  4.966035E-03  -4.019506E+00  1.000000E+00  2.076001E-01  5.449543E-26  9.482975E-10   3.293001E-01 NotAppl  3.182319E-03  0.000000E+00  
7.271540E+03  1.287140E+01  9.742626E+01  -6.801279E-10  1.000000E+00  1.610122E-03  3.333839E-24  3.744584E-29   5.000000E-01 NotAppl  2.197356E-01  0.000000E+00  
5.017972E+02  1.607080E+01  -1.604948E+01  3.672232E-01  1.000000E+00  1.326373E-02  5.629467E-25  2.537306E-09   3.549392E-22 LZ5Tmedian  5.730371E-01  0.000000E+00  
1.192542E+01  4.706699E+01  -4.648591E+01  -8.135042E-08  1.000000E+00  2.344946E-01  1.076318E-39  2.500735E-19   5.000000E-01 NotAppl  6.583784E-14  7.016143E-13  
2.201868E+01  3.920880E-02  5.761703E-02  1.408802E-08  1.000000E+00  2.588413E-03  3.991406E-41  2.210026E-21   5.000000E-01 NotAppl  1.217521E-15  2.653211E-13  
8.737933E+02  6.935670E+00  4.303191E+00  1.182137E-04  1.000000E+00  7.007704E-02  9.006479E-26  8.464254E-17   5.000000E-01 NotAppl  5.117041E-02  0.000000E+00  
1.881716E+03  1.281231E-03  1.896233E+01  4.559673E-09  1.000000E+00  4.483721E-02  1.022560E-25  2.633456E-26   5.000000E-01 NotAppl  2.671244E-02  0.000000E+00  
1.425651E+03  7.290918E+02  -5.827695E+02  6.683569E-05  1.000000E+00  2.052169E-05  1.877930E-22  9.963468E-18   5.000000E-01 NotAppl  6.395450E+01  0.000000E+00  
7.401951E+03  1.087668E-03  7.094362E-03  7.511495E-07  1.000000E+00  1.739426E+01  4.025558E-28  4.405475E-23   5.000000E-01 NotAppl  2.566756E-05  0.000000E+00  
2.681729E+01  1.593468E-02  -1.455719E-02  2.895118E-01  1.000000E+00  3.046590E-03  1.912409E-26  6.271300E-07   0.000000E+00 XENON1T_2018  4.708691E-01  2.494133E-01  
1.913881E+02  3.661990E+01  -3.661578E+01  1.940344E-02  1.000000E+00  5.227217E-03  1.166950E-24  5.097575E-11   8.349641E-02 LZ5Tmedian  3.213503E+00  0.000000E+00  
1.896507E+02  3.214251E-01  -1.910504E-01  3.213695E-03  1.000000E+00  1.572734E-02  5.287097E-25  1.424728E-12   5.000000E-01 NotAppl  1.460443E+00  0.000000E+00  
9.800876E+03  2.187303E+02  -1.420273E+02  1.796619E+00  1.000000E+00  2.224026E-04  3.001914E-23  1.425128E-10   5.000000E-01 NotAppl  1.434837E+00  0.000000E+00  
9.429720E+03  1.921190E-01  2.443452E+02  -3.576071E-10  1.000000E+00  3.284316E-04  1.573368E-23  6.106537E-30   5.000000E-01 NotAppl  7.975429E-01  0.000000E+00  
2.120806E+02  6.323378E+01  -6.323133E+01  -1.977878E-09  1.000000E+00  3.205532E-03  1.942688E-24  4.291776E-25   5.000000E-01 NotAppl  4.812549E+00  0.000000E+00  
4.489087E+02  1.017805E+02  -1.016740E+02  -8.446915E-05  1.000000E+00  1.414213E-03  4.737326E-24  1.685953E-16   5.000000E-01 NotAppl  5.339721E+00  0.000000E+00  
7.547877E+01  9.666249E-04  2.067313E-02  8.727489E+00  1.000000E+00  7.063711E-05  5.601487E-23  6.941604E-05   0.000000E+00 XENON1T_2018  4.780917E+02  0.000000E+00  
1.824538E+01  4.411595E+02  -4.408648E+02  -1.159284E-09  1.000000E+00  6.121665E-02  2.502193E-43  2.182353E-23   5.000000E-01 NotAppl  9.395570E-18  1.836327E-15  
3.421984E+01  5.060206E-01  -5.059165E-01  -1.209715E-07  1.000000E+00  1.047447E-03  4.435322E-39  6.683278E-20   5.000000E-01 NotAppl  8.375656E-14  1.743370E-11  
6.368062E+03  1.180206E-04  1.759036E+01  5.104085E-01  1.000000E+00  5.088117E-02  9.658576E-26  2.761388E-11   5.000000E-01 NotAppl  7.292326E-03  0.000000E+00  
2.505562E+03  1.062178E-02  9.511091E+00  1.131841E-10  1.000000E+00  1.630093E-01  2.788448E-26  9.055455E-30   5.000000E-01 NotAppl  5.424901E-03  0.000000E+00  
3.070747E+03  6.936566E-01  1.094328E+02  7.655825E-08  1.000000E+00  1.536207E-03  3.160262E-24  2.738257E-24   5.000000E-01 NotAppl  5.003170E-01  0.000000E+00  
1.606033E+02  7.568761E-01  -6.907268E-01  -7.100430E-10  1.000000E+00  1.156456E-02  6.882474E-25  9.778600E-26   5.000000E-01 NotAppl  2.292851E+00  0.000000E+00  
1.558388E+02  5.728437E+01  -5.728421E+01  7.965388E-07  1.000000E+00  3.389772E-03  1.750168E-24  1.308974E-19   5.000000E-01 NotAppl  6.100760E+00  0.000000E+00  
2.344693E+01  3.155166E-04  1.537282E+02  -9.789466E-10  1.000000E+00  1.702930E-03  1.993136E-43  9.402752E-24   5.000000E-01 NotAppl  5.682739E-18  1.268953E-15  
3.105975E+01  2.650564E-04  2.389557E-04  9.670166E-01  1.000000E+00  2.174735E-03  2.415356E-25  5.197799E-06   0.000000E+00 XENON1T_2018  5.074141E+00  2.499458E-01  
8.885054E+03  9.799063E+00  -9.796661E+00  -6.629207E-03  1.000000E+00  1.069671E-01  5.681320E-26  2.367953E-15   5.000000E-01 NotAppl  2.994823E-03  0.000000E+00  
4.039608E+01  4.597178E-01  -4.531346E-01  -4.288080E-02  1.000000E+00  1.133943E-04  7.963635E-28  5.994578E-09   0.000000E+00 LZ5Tmedian  1.259038E-02  2.290765E-01  
3.680221E+02  1.862560E-01  -1.626902E-01  1.696392E-08  1.000000E+00  5.514075E-02  1.538812E-25  1.021076E-23   5.000000E-01 NotAppl  2.128857E-01  0.000000E+00  
1.773623E+02  1.807762E-02  -1.792736E-02  -2.355563E-08  1.000000E+00  1.429519E-02  5.792095E-25  8.780910E-23   5.000000E-01 NotAppl  1.742922E+00  0.000000E+00  
1.379583E+02  9.201653E-01  -9.099668E-01  4.100323E-03  1.000000E+00  8.832134E-03  8.888601E-25  4.453002E-12   5.000000E-01 NotAppl  3.465208E+00  0.000000E+00  
1.352099E+02  9.877065E-02  1.843052E+01  -5.664331E-07  1.000000E+00  6.536161E-03  1.002232E-24  8.855842E-20   5.000000E-01 NotAppl  3.975018E+00  0.000000E+00  
9.570926E+02  1.665973E-01  -1.663576E-01  -4.989646E-09  1.000000E+00  3.410007E-01  2.374945E-26  1.252130E-25   5.000000E-01 NotAppl  1.221395E-02  0.000000E+00  
1.976018E+03  2.615664E-04  5.534273E+00  2.365078E-09  1.000000E+00  3.698733E-01  1.386904E-26  6.413192E-27   5.000000E-01 NotAppl  3.425234E-03  0.000000E+00  
2.437825E+02  6.745121E-01  7.198501E-01  -1.551588E-05  1.000000E+00  2.347975E-02  3.365619E-25  1.985326E-17   5.000000E-01 NotAppl  7.151623E-01  0.000000E+00  
2.422220E+03  3.331440E-03  3.633479E+01  -1.839320E-03  1.000000E+00  1.309922E-02  3.545923E-25  2.561963E-15   5.000000E-01 NotAppl  7.155499E-02  0.000000E+00  
1.071390E+01  2.508432E-03  1.353722E-03  -1.259445E-05  1.000000E+00  7.887873E-04  2.465591E-35  7.396714E-15   5.000000E-01 NotAppl  1.710484E-09  2.232268E-07  
5.705490E+03  5.217162E+00  1.686416E+02  4.612945E-09  1.000000E+00  6.375479E-04  7.931065E-24  2.819796E-27   5.000000E-01 NotAppl  6.692381E-01  0.000000E+00  
4.988338E+01  2.096211E-02  1.886971E+00  -1.204829E-08  1.000000E+00  1.865530E-03  1.604789E-40  3.080159E-22   5.000000E-01 NotAppl  2.035506E-15  1.207028E-13  
1.984435E+03  2.317188E-04  5.286607E-03  7.062469E-10  1.000000E+00  1.368541E+00  5.574237E-27  5.669371E-28   5.000000E-01 NotAppl  1.356388E-03  0.000000E+00  
1.321825E+02  2.190652E+02  -2.167251E+02  -5.988357E-03  1.000000E+00  1.086249E-03  4.038488E-24  1.036834E-11   4.962878E-01 NotAppl  1.675968E+01  0.000000E+00  
1.941760E+01  2.106752E+01  2.752980E+02  2.430320E-04  1.000000E+00  4.035440E+04  1.124762E-32  8.466302E-13   5.000000E-01 NotAppl  3.942319E-07  1.579530E-05  
5.687359E+02  2.007686E+02  -1.717280E+02  1.480185E-08  1.000000E+00  2.447385E-04  1.623167E-23  3.191134E-24   5.000000E-01 NotAppl  1.429066E+01  0.000000E+00  
5.398168E+01  1.297093E+01  1.125004E+02  2.625068E-06  1.000000E+00  5.021857E-01  1.555534E-35  1.244815E-17   5.000000E-01 NotAppl  1.822558E-10  4.962193E-09  
1.168084E+01  3.778638E-02  1.356461E+01  1.605863E-03  1.000000E+00  6.141598E-04  4.160898E-31  1.015009E-10   1.654102E-01 NotAppl  2.607789E-05  2.460867E-03  
5.856606E+03  6.297322E-02  8.857998E+00  -1.891280E-01  1.000000E+00  2.057588E-01  2.004276E-26  4.494670E-12   5.000000E-01 NotAppl  1.646774E-03  0.000000E+00  
2.254960E+03  6.542152E-01  1.688311E+01  -4.165758E-05  1.000000E+00  5.360318E-02  8.693625E-26  1.520330E-18   5.000000E-01 NotAppl  1.886553E-02  0.000000E+00  
2.336129E+02  3.406812E-01  -3.327419E-01  2.214431E-06  1.000000E+00  2.331842E-02  3.620145E-25  4.412815E-19   5.000000E-01 NotAppl  8.042676E-01  0.000000E+00  
3.595315E+03  5.751464E+02  -5.751347E+02  3.554436E-02  1.000000E+00  4.557132E-05  1.657167E-22  4.282006E-13   5.000000E-01 NotAppl  2.186920E+01  0.000000E+00  
3.006985E+02  1.364481E+02  -1.360897E+02  -1.353911E-10  1.000000E+00  1.002721E-03  6.438758E-24  9.835896E-28   5.000000E-01 NotAppl  1.105585E+01  0.000000E+00  
5.352072E+03  5.069408E-02  -4.872047E-03  -1.677458E-10  1.000000E+00  9.241166E+00  7.716542E-28  4.246332E-30   5.000000E-01 NotAppl  6.833818E-05  0.000000E+00  
1.275421E+01  9.078354E-01  -8.203136E-01  1.273171E-02  1.000000E+00  2.456900E-02  2.700132E-29  5.365279E-09   1.947878E-58 LZ5Tmedian  1.526773E-03  1.151843E-01  
6.179185E+01  4.870736E-01  -4.776682E-01  1.944946E+00  1.000000E+00  1.018649E-04  1.150662E-22  5.187090E-06   0.000000E+00 XENON1T_2018  1.183519E+03  3.208524E-01  
2.389881E+03  1.917030E-01  -7.152223E-02  2.219491E-01  1.000000E+00  1.333804E+00  6.379437E-27  3.834010E-11   5.000000E-01 NotAppl  1.308427E-03  0.000000E+00  
3.198900E+03  2.586505E+02  -2.076711E+02  1.078651E-04  1.000000E+00  1.440816E-04  3.706280E-23  5.001629E-18   5.000000E-01 NotAppl  5.512692E+00  0.000000E+00  
5.998663E+02  2.300580E+00  -2.206375E+00  7.203730E+00  1.000000E+00  4.501614E-04  2.891938E-23  6.778215E-07   0.000000E+00 XENON1T_2018  2.446813E+01  0.000000E+00  
2.044048E+02  1.174129E-04  4.102710E-02  -1.517901E-03  1.000000E+00  1.844424E-02  4.596211E-25  2.726033E-13   5.000000E-01 NotAppl  1.173860E+00  0.000000E+00  
1.519456E+02  9.234476E+01  -9.234139E+01  -3.474043E-04  1.000000E+00  2.246005E-03  2.648296E-24  2.622471E-14   5.000000E-01 NotAppl  9.503741E+00  0.000000E+00  
7.332183E+03  3.506666E-04  3.571883E-04  -9.927910E-10  1.000000E+00  1.707832E+01  4.102296E-28  7.845322E-29   5.000000E-01 NotAppl  2.640880E-05  0.000000E+00  
1.480224E+01  1.616087E-04  8.258629E-01  1.080620E-09  1.000000E+00  8.311891E-04  2.037516E-43  2.877715E-23   5.000000E-01 NotAppl  9.701176E-18  1.618954E-15  
1.689233E+02  2.100233E-02  -2.088470E-02  1.212771E-05  1.000000E+00  1.312180E-02  6.299192E-25  2.572188E-17   5.000000E-01 NotAppl  1.992522E+00  0.000000E+00  
4.737482E+02  5.257711E+01  -5.257672E+01  1.243931E+00  1.000000E+00  1.295827E-03  5.284517E-24  3.274892E-08   1.524641E-293 LZ5Tmedian  5.704928E+00  0.000000E+00  
1.648147E+01  8.739716E-02  3.115696E+02  -4.066075E-08  1.000000E+00  1.236072E-03  2.978917E-40  3.289531E-20   5.000000E-01 NotAppl  1.254274E-14  2.277994E-12  
5.514743E+02  7.549323E+01  -7.549281E+01  -1.559173E-03  1.000000E+00  2.299039E-03  2.910477E-24  3.771099E-14   5.000000E-01 NotAppl  2.645772E+00  0.000000E+00  
1.127360E+03  1.892311E+01  -5.673880E+00  -7.930333E+00  1.000000E+00  6.708152E-04  1.198736E-23  2.264406E-07   0.000000E+00 XENON1T_2018  5.807498E+00  0.000000E+00  
2.931534E+03  1.085229E+02  -1.085228E+02  -8.885167E-07  1.000000E+00  1.042142E-03  6.698143E-24  4.053545E-22   5.000000E-01 NotAppl  1.088779E+00  0.000000E+00  
2.206922E+01  3.452682E+01  -2.768684E+01  1.489731E-10  1.000000E+00  3.007874E+00  4.467998E-45  2.459857E-25   5.000000E-01 NotAppl  1.360327E-19  2.561848E-18  
2.875090E+01  6.057393E+00  6.169993E+01  2.149014E-03  1.000000E+00  8.692354E-02  1.121063E-30  3.001638E-11   2.972213E-02 LZ5Tmedian  2.555981E-05  3.755241E-03  
1.786930E+03  1.491007E-02  -1.450506E-02  2.086048E-02  1.000000E+00  1.115950E+00  6.907030E-27  6.124259E-13   5.000000E-01 NotAppl  1.871773E-03  0.000000E+00  
9.374251E+01  6.488636E-03  1.479527E+00  4.307559E-10  1.000000E+00  5.089930E-03  1.118922E-24  1.085132E-25   5.000000E-01 NotAppl  6.534524E+00  0.000000E+00  
5.619640E+01  4.806123E-04  4.792807E+01  8.535881E-01  1.000000E+00  1.369988E-03  2.800730E-24  1.212578E-06   0.000000E+00 XENON1T_2018  3.132308E+01  3.330964E-01  
2.553139E+03  4.246836E+01  -1.980069E+01  -1.110177E-08  1.000000E+00  5.377613E-03  1.187213E-24  8.384707E-26   5.000000E-01 NotAppl  2.227964E-01  0.000000E+00  
2.355500E+01  3.656403E+02  3.258240E+02  -4.838565E-10  1.000000E+00  4.016528E+06  4.881934E-44  2.275861E-24   5.000000E-01 NotAppl  1.384961E-18  3.098563E-16  
9.517900E+03  5.935198E+02  -5.769996E+02  1.835633E-08  1.000000E+00  3.750451E-05  1.954344E-22  1.578872E-26   5.000000E-01 NotAppl  9.610338E+00  0.000000E+00  
1.721843E+02  1.085933E+00  -6.747164E-01  6.368734E-08  1.000000E+00  1.249680E-02  6.132180E-25  6.820727E-22   5.000000E-01 NotAppl  1.902249E+00  0.000000E+00  
6.573460E+01  5.745193E+01  -5.705697E+01  3.958202E-08  1.000000E+00  1.162214E-02  2.045075E-38  1.893530E-21   5.000000E-01 NotAppl  1.956557E-13  0.000000E+00  
5.180254E+02  6.753508E-04  2.093929E-02  1.263672E-09  1.000000E+00  1.062392E-01  7.935954E-26  2.815225E-26   5.000000E-01 NotAppl  7.695598E-02  0.000000E+00  
5.118334E+01  1.982685E-03  2.133543E+02  -1.234128E-10  1.000000E+00  2.273471E-03  2.044868E-44  3.066711E-26   5.000000E-01 NotAppl  2.524437E-19  1.248570E-17  
1.863408E+01  7.554992E-04  4.180148E+02  2.199530E+00  1.000000E+00  1.117089E-03  6.887512E-25  7.531377E-05   0.000000E+00 XENON1T_2018  2.535380E+01  3.333165E-01  
1.057779E+01  2.632799E-04  2.264213E+02  5.557829E-01  1.000000E+00  4.373676E-04  4.772627E-26  1.476918E-05   0.000000E+00 XENON1T_2018  3.360045E+00  3.330767E-01  
2.192463E+01  1.441852E-03  1.711842E-01  -2.031090E-03  1.000000E+00  2.132840E-03  8.278778E-31  4.633363E-11   1.591104E-02 LZ5Tmedian  2.538833E-05  5.406369E-03  
1.419296E+03  2.078574E+02  -2.076005E+02  3.037611E-02  1.000000E+00  3.260853E-04  2.192923E-23  2.076897E-12   5.000000E-01 NotAppl  7.498418E+00  0.000000E+00  
1.478084E+03  4.151520E+01  1.273361E+02  1.099546E-08  1.000000E+00  5.538334E-04  7.830636E-24  2.505146E-25   5.000000E-01 NotAppl  2.615880E+00  0.000000E+00  
9.319148E+03  1.127230E-02  2.819230E-02  1.739276E-07  1.000000E+00  2.715023E+01  2.545001E-28  1.479520E-24   5.000000E-01 NotAppl  1.285608E-05  0.000000E+00  
1.372704E+02  7.733368E+02  -7.732496E+02  3.663687E-10  1.000000E+00  9.354023E-04  6.139240E-24  3.591733E-26   5.000000E-01 NotAppl  2.455090E+01  0.000000E+00  
1.204365E+02  2.150106E-02  -2.089950E-02  -9.004895E-10  1.000000E+00  7.488993E-03  1.057274E-24  2.837303E-25   5.000000E-01 NotAppl  4.740967E+00  0.000000E+00  
9.810166E+03  4.701059E-02  -4.117189E-02  -1.344323E-10  1.000000E+00  2.986556E+01  2.305375E-28  7.963659E-31   5.000000E-01 NotAppl  1.105608E-05  0.000000E+00  
5.623539E+03  1.734555E-03  2.509213E+02  -3.089960E-06  1.000000E+00  3.111956E-04  1.625341E-23  1.302980E-21   5.000000E-01 NotAppl  1.391658E+00  0.000000E+00  
1.137832E+03  7.744584E-04  2.214018E-03  1.050630E-08  1.000000E+00  4.746841E-01  1.684541E-26  3.900114E-25   5.000000E-01 NotAppl  7.251690E-03  0.000000E+00  
1.545362E+02  8.985961E-01  -6.806296E-01  -1.112229E-05  1.000000E+00  1.058248E-02  7.343817E-25  2.596439E-17   5.000000E-01 NotAppl  2.545196E+00  0.000000E+00  
2.062886E+03  1.059150E-03  1.247126E-01  1.536362E-05  1.000000E+00  1.471339E+00  5.164249E-27  2.479141E-19   5.000000E-01 NotAppl  1.207703E-03  0.000000E+00  
3.035210E+02  7.286151E-01  4.222065E+01  -1.044046E-01  1.000000E+00  8.691502E-03  5.555696E-25  5.738055E-10   1.307026E-08 LZ5Tmedian  9.442486E-01  0.000000E+00  
4.725375E+03  1.653078E+00  -1.650499E+00  -4.842926E-10  1.000000E+00  2.298861E+00  2.600344E-27  4.559186E-29   5.000000E-01 NotAppl  2.604288E-04  0.000000E+00  
4.364394E+01  2.650676E-04  4.468253E-03  1.278523E-05  1.000000E+00  1.310676E-04  9.104945E-35  4.553281E-16   5.000000E-01 NotAppl  1.327258E-09  1.671377E-07  
8.759127E+02  4.900180E+01  -4.762547E+01  -1.848388E-06  1.000000E+00  4.743597E-03  1.353757E-24  2.059165E-20   5.000000E-01 NotAppl  7.613510E-01  0.000000E+00  
2.113695E+03  6.057063E-03  4.664348E+02  -1.738720E-10  1.000000E+00  1.098938E-04  4.667848E-23  3.021652E-29   5.000000E-01 NotAppl  1.083426E+01  0.000000E+00  
1.715104E+02  1.458582E-04  1.360162E-03  2.314544E-08  1.000000E+00  1.347793E-02  6.137014E-25  9.081262E-23   5.000000E-01 NotAppl  1.911253E+00  0.000000E+00  
8.303916E+02  2.741792E-02  2.326197E+01  -3.093597E+00  1.000000E+00  3.016057E-03  3.447216E-24  6.432289E-08   0.000000E+00 LZ5Tmedian  2.252880E+00  0.000000E+00  
5.752563E+02  2.247159E-02  7.610355E-01  1.893784E-05  1.000000E+00  1.280715E-01  6.487101E-26  5.103321E-18   5.000000E-01 NotAppl  5.643686E-02  0.000000E+00  
7.173368E+02  1.025369E-04  6.047616E-01  2.629698E-09  1.000000E+00  1.956756E-01  4.204225E-26  6.267374E-26   5.000000E-01 NotAppl  2.911009E-02  0.000000E+00  
1.031452E+01  3.448221E-01  3.921089E+02  9.999963E-07  1.000000E+00  1.773402E-03  1.525178E-37  5.022722E-17   5.000000E-01 NotAppl  1.106445E-11  1.408606E-09  
9.762931E+01  3.937333E-02  2.087373E+00  -7.069215E-04  1.000000E+00  5.121111E-03  1.214346E-24  2.689050E-13   5.000000E-01 NotAppl  6.780262E+00  0.000000E+00  
8.322474E+02  7.208222E+00  -3.876861E+00  1.072100E-04  1.000000E+00  1.056575E-01  6.450556E-26  7.690034E-17   5.000000E-01 NotAppl  3.831312E-02  0.000000E+00  
3.829311E+03  1.370082E-01  1.884262E+02  6.581605E-01  1.000000E+00  5.354540E-04  9.392469E-24  1.291391E-10   5.000000E-01 NotAppl  1.187633E+00  0.000000E+00  
3.552361E+03  3.167982E-03  8.100037E-04  -1.069257E-10  1.000000E+00  4.191998E+00  1.744976E-27  3.970918E-30   5.000000E-01 NotAppl  2.343256E-04  0.000000E+00  
1.333036E+03  1.497166E-04  -4.271590E-05  -5.154020E-01  1.000000E+00  2.087729E-01  4.918917E-26  6.794879E-10   6.404407E-03 LZ5Tmedian  1.886140E-02  0.000000E+00  
2.510969E+01  5.902063E-03  4.634378E-02  -2.167831E-01  1.000000E+00  2.787036E-03  1.020208E-26  4.015887E-07   0.000000E+00 XENON1T_2018  2.699341E-01  2.490819E-01  
1.802138E+03  6.851289E-02  -6.507486E-02  -3.666164E-03  1.000000E+00  1.138127E+00  6.754677E-27  1.859205E-14   5.000000E-01 NotAppl  1.814172E-03  0.000000E+00  
3.360691E+03  1.179804E-04  4.680845E-02  1.010757E-01  1.000000E+00  3.469657E+00  2.182263E-27  3.972247E-12   5.000000E-01 NotAppl  3.119172E-04  0.000000E+00  
6.158895E+03  2.785500E-02  -2.049333E-02  -5.591631E+00  1.000000E+00  5.844189E-02  2.014696E-25  3.546856E-09   3.204394E-03 LZ5Tmedian  1.635940E-02  0.000000E+00  
3.005105E+01  5.438801E+00  -5.436613E+00  -8.177324E-10  1.000000E+00  9.542552E-03  1.700147E-43  3.973915E-24   5.000000E-01 NotAppl  3.693683E-18  6.215111E-16  
3.821826E+01  4.705800E-04  9.961402E-05  6.175721E-07  1.000000E+00  6.343081E-05  1.433840E-37  1.391671E-18   5.000000E-01 NotAppl  2.407990E-12  4.310763E-10  
9.392406E+03  2.094027E-02  1.504024E+00  2.985455E-06  1.000000E+00  5.105302E+00  8.782745E-28  4.290426E-22   5.000000E-01 NotAppl  4.450395E-05  0.000000E+00  
2.182802E+02  8.280114E-04  4.825016E+01  -3.269994E-05  1.000000E+00  6.318640E-03  8.760839E-25  1.105838E-16   5.000000E-01 NotAppl  2.080408E+00  0.000000E+00  
3.153227E+02  3.594810E-01  2.164365E-02  -9.079023E+00  1.000000E+00  6.562399E-06  2.292183E-21  4.013126E-06   0.000000E+00 XENON1T_2018  4.519514E+03  0.000000E+00  
9.784886E+01  4.757217E+01  -4.754597E+01  -1.026039E-03  1.000000E+00  3.472706E-03  1.604806E-24  5.638768E-13   5.000000E-01 NotAppl  8.977301E+00  0.000000E+00  
9.279373E+01  1.964623E+01  -1.963048E+01  -3.836353E-09  1.000000E+00  4.349549E-03  1.202201E-24  8.788445E-24   5.000000E-01 NotAppl  7.120196E+00  0.000000E+00  
1.550711E+02  9.042761E+00  -9.037968E+00  9.324933E-01  1.000000E+00  5.727257E-04  1.275113E-23  1.812195E-07   0.000000E+00 XENON1T_2018  4.665743E+01  0.000000E+00  
5.676403E+02  2.953979E-01  -2.907708E-01  4.216025E-01  1.000000E+00  5.019643E-02  2.107536E-25  2.599151E-09   3.322872E-20 LZ5Tmedian  1.934219E-01  0.000000E+00  
8.593268E+02  2.514571E+00  -2.514460E+00  -1.733540E-07  1.000000E+00  2.317729E-01  3.309177E-26  1.883332E-22   5.000000E-01 NotAppl  1.901353E-02  0.000000E+00  
3.329546E+02  4.938989E+02  -4.525165E+02  -1.629115E-01  1.000000E+00  1.187173E-04  2.926686E-23  1.155925E-09   2.910436E-15 LZ5Tmedian  4.515740E+01  0.000000E+00  
2.487499E+03  2.783529E-02  3.435576E+00  -2.554852E+00  1.000000E+00  4.778161E-02  2.384378E-25  4.682410E-09   7.395438E-09 LZ5Tmedian  4.904148E-02  0.000000E+00  
7.205055E+01  1.844411E-01  8.059753E+00  -6.102978E+00  1.000000E+00  6.360563E-05  5.455486E-23  3.732505E-05   0.000000E+00 XENON1T_2018  4.434181E+02  0.000000E+00  
3.458585E+03  9.466989E+02  -9.400946E+02  3.280456E-05  1.000000E+00  1.840341E-05  3.977897E-22  3.946719E-19   5.000000E-01 NotAppl  5.461157E+01  0.000000E+00  
6.090244E+02  4.983282E+00  9.512136E+02  -2.438402E-01  1.000000E+00  9.000020E-05  5.159942E-23  7.529405E-10   5.410795E-06 LZ5Tmedian  4.290098E+01  0.000000E+00  
4.136535E+03  2.200321E-01  1.660143E-02  -1.886324E+00  1.000000E+00  2.227534E-01  4.951668E-26  9.066709E-10   1.126013E-01 NotAppl  6.033793E-03  0.000000E+00  
2.134904E+03  5.019867E-02  1.708201E+02  -2.840630E-06  1.000000E+00  6.729294E-04  7.265649E-24  7.902800E-21   5.000000E-01 NotAppl  1.669210E+00  0.000000E+00  
1.525785E+03  4.386775E-02  1.894884E+01  -5.450501E-05  1.000000E+00  4.408232E-02  1.054885E-25  5.769682E-18   5.000000E-01 NotAppl  3.414658E-02  0.000000E+00  
1.260736E+03  4.319918E+00  8.204205E+02  7.614782E-08  1.000000E+00  5.479673E-05  9.226073E-23  1.661903E-23   5.000000E-01 NotAppl  3.637325E+01  0.000000E+00  
8.047248E+03  5.516969E-03  9.394827E-04  4.865935E-07  1.000000E+00  2.046324E+01  3.406273E-28  1.560041E-23   5.000000E-01 NotAppl  1.995810E-05  0.000000E+00  
1.905712E+03  5.805227E-03  -5.694592E-03  -8.556183E-10  1.000000E+00  1.266609E+00  6.042328E-27  9.036574E-28   5.000000E-01 NotAppl  1.532548E-03  0.000000E+00  
3.792550E+03  2.547809E+00  -1.685317E+00  -3.853388E-05  1.000000E+00  1.186538E+00  5.562167E-27  4.514423E-19   5.000000E-01 NotAppl  6.967346E-04  0.000000E+00  
3.084559E+02  6.711181E-04  1.800188E+02  -4.642311E-03  1.000000E+00  1.046882E-03  4.585897E-24  1.097620E-12   5.000000E-01 NotAppl  7.634910E+00  0.000000E+00  
7.859932E+01  6.342612E-04  -3.023849E-04  -2.513945E-05  1.000000E+00  7.273384E-03  2.824880E-34  5.302107E-16   5.000000E-01 NotAppl  2.254683E-09  0.000000E+00  
6.134204E+02  1.859317E+01  -1.859199E+01  5.105947E-09  1.000000E+00  2.539693E-02  2.515154E-25  3.253254E-25   5.000000E-01 NotAppl  2.046653E-01  0.000000E+00  
1.759395E+02  7.372198E-01  -6.698201E-01  -2.021658E-08  1.000000E+00  1.360045E-02  5.891749E-25  6.575598E-23   5.000000E-01 NotAppl  1.787700E+00  0.000000E+00  
1.651478E+03  1.086364E-01  6.161386E-02  -1.260261E-08  1.000000E+00  9.612697E-01  8.050737E-27  2.624869E-25   5.000000E-01 NotAppl  2.364607E-03  0.000000E+00  
4.355220E+02  1.723603E+00  5.358892E+01  -2.602916E+00  1.000000E+00  6.926559E-04  1.258985E-23  1.703206E-07   0.000000E+00 XENON1T_2018  1.673209E+01  0.000000E+00  
9.652098E+01  1.717497E+00  -1.717212E+00  8.117109E+00  1.000000E+00  8.632805E-06  1.254321E-21  3.629299E-05   0.000000E+00 XENON1T_2018  7.130621E+03  0.000000E+00  
1.931301E+03  4.386121E-01  -4.380567E-01  -2.001678E-04  1.000000E+00  1.263004E+00  5.997148E-27  4.813135E-17   5.000000E-01 NotAppl  1.500348E-03  0.000000E+00  
6.193623E+02  1.061847E-01  -8.715940E-02  -1.509566E-10  1.000000E+00  1.491949E-01  5.596666E-26  2.788127E-28   5.000000E-01 NotAppl  4.510346E-02  0.000000E+00  
2.771375E+02  1.442506E-03  9.566601E-01  -1.706391E-01  1.000000E+00  2.573430E-02  3.459092E-25  1.846542E-09   2.178219E-28 LZ5Tmedian  6.656459E-01  0.000000E+00  
2.163460E+03  2.344143E+00  -2.335997E+00  1.170294E-06  1.000000E+00  8.330131E-01  7.931871E-27  1.305527E-21   5.000000E-01 NotAppl  1.763657E-03  0.000000E+00  
2.465044E+02  3.192459E+01  6.369615E+02  -6.979137E-01  1.000000E+00  3.663577E-04  8.514335E-24  3.926488E-08   0.000000E+00 LZ5Tmedian  1.860903E+01  0.000000E+00  
5.830838E+03  1.940283E+00  -1.624686E+00  1.507097E-01  1.000000E+00  1.741917E+00  3.994051E-27  2.879789E-12   5.000000E-01 NotAppl  3.237881E-04  0.000000E+00  
2.984832E+02  1.745184E+01  -1.742145E+01  2.737196E-04  1.000000E+00  1.591776E-02  3.933122E-25  4.081517E-15   5.000000E-01 NotAppl  6.783989E-01  0.000000E+00  
6.061542E+03  2.329693E-03  -2.197097E-03  2.533673E+00  1.000000E+00  2.578428E-01  4.304871E-26  7.521945E-10   2.901052E-01 NotAppl  3.546414E-03  0.000000E+00  
1.262672E+01  1.375038E+01  -1.374978E+01  -6.447803E-04  1.000000E+00  1.355588E-01  6.901686E-32  1.403642E-11   5.000000E-01 NotAppl  3.948446E-06  3.217540E-04  
7.111984E+03  4.639135E-02  -4.134187E-02  6.756959E-04  1.000000E+00  1.603188E+01  4.373721E-28  3.866341E-17   5.000000E-01 NotAppl  2.903845E-05  0.000000E+00  
6.910311E+02  6.503851E+00  -6.433002E+00  -4.913013E+00  1.000000E+00  6.791572E-04  1.674420E-23  2.361143E-07   0.000000E+00 XENON1T_2018  1.348945E+01  0.000000E+00  
8.058301E+01  3.722935E-01  8.620901E-01  2.931707E-05  1.000000E+00  6.234855E-03  1.814063E-25  6.852691E-16   5.000000E-01 NotAppl  1.296626E+00  0.000000E+00  
1.805544E+02  1.135485E-02  -6.095667E-03  -6.422714E-01  1.000000E+00  1.811552E-03  6.687451E-24  6.293751E-08   0.000000E+00 XENON1T_2018  2.224410E+01  0.000000E+00  
3.112900E+03  8.081561E+00  -8.081155E+00  3.136099E+00  1.000000E+00  2.531772E-02  4.265945E-25  4.469080E-09   6.210114E-07 LZ5Tmedian  6.753264E-02  0.000000E+00  
1.253730E+01  1.500579E+02  -1.434839E+02  2.155027E-05  1.000000E+00  7.387384E+01  7.690756E-35  1.590116E-14   5.000000E-01 NotAppl  4.436544E-09  6.082030E-07  
8.354085E+01  4.607591E-04  1.149346E+02  -3.182719E-07  1.000000E+00  4.631590E-03  6.033502E-25  7.501764E-20   5.000000E-01 NotAppl  4.073027E+00  0.000000E+00  
2.884006E+02  1.401215E-03  -1.291004E-03  -1.870803E-02  1.000000E+00  3.500241E-02  2.431620E-25  2.045630E-11   5.000000E-01 NotAppl  4.336956E-01  0.000000E+00  
8.588517E+03  2.352646E-03  4.484950E-03  -9.480563E+00  1.000000E+00  4.037157E-02  2.976638E-25  5.188659E-09   2.409595E-03 LZ5Tmedian  1.724892E-02  0.000000E+00  
1.894175E+03  7.401924E+02  -7.401814E+02  -2.012138E-02  1.000000E+00  3.558571E-05  2.141363E-22  5.059805E-13   5.000000E-01 NotAppl  5.443203E+01  0.000000E+00  
3.542471E+01  7.116778E+01  -7.101232E+01  -3.393103E-03  1.000000E+00  3.406288E-03  3.703096E-30  4.901331E-11   1.872878E-03 LZ5Tmedian  6.729189E-05  1.323263E-02  
1.700192E+02  1.316532E-02  9.167793E-01  8.238300E-06  1.000000E+00  1.284349E-02  6.248527E-25  1.171289E-17   5.000000E-01 NotAppl  1.963269E+00  0.000000E+00  
1.430031E+01  6.919820E-02  5.498639E-01  -3.310029E+00  1.000000E+00  1.000554E-03  4.960591E-25  2.891447E-04   0.000000E+00 XENON1T_2018  2.460900E+01  2.502107E-01  
3.804850E+03  6.754334E-02  -6.685001E-02  -1.900628E-07  1.000000E+00  4.774917E+00  1.524112E-27  1.091064E-23   5.000000E-01 NotAppl  1.908566E-04  0.000000E+00  
4.134394E+03  8.106266E+01  -8.077550E+01  2.967643E-06  1.000000E+00  1.813313E-03  3.805742E-24  2.246455E-21   5.000000E-01 NotAppl  4.356998E-01  0.000000E+00  
2.990451E+02  1.794091E+02  -1.793572E+02  -7.626229E-01  1.000000E+00  1.025401E-03  6.303890E-24  3.156146E-08   0.000000E+00 LZ5Tmedian  1.129767E+01  0.000000E+00  
2.681559E+01  5.828270E+02  -5.689905E+02  3.999598E-08  1.000000E+00  5.624440E+01  3.647957E-40  1.197053E-20   5.000000E-01 NotAppl  8.978857E-15  9.831998E-13  
1.807574E+02  1.154446E-04  5.959035E-01  1.516093E-09  1.000000E+00  1.450279E-02  5.721195E-25  3.498839E-25   5.000000E-01 NotAppl  1.661660E+00  0.000000E+00  
9.091836E+03  1.837189E-04  3.901767E-01  3.223045E+00  1.000000E+00  3.463667E-01  3.194042E-26  5.341873E-10   5.000000E-01 NotAppl  1.742755E-03  0.000000E+00  
2.560028E+02  5.200466E-02  -1.914515E-02  -6.246783E-08  1.000000E+00  2.788449E-02  3.055581E-25  2.911239E-22   5.000000E-01 NotAppl  6.169485E-01  0.000000E+00  
9.393204E+02  1.705329E-01  -1.700455E-01  3.593234E-04  1.000000E+00  3.290330E-01  2.464860E-26  6.746835E-16   5.000000E-01 NotAppl  1.292361E-02  0.000000E+00  
3.270033E+02  3.197018E+00  -2.930628E+00  4.969631E-06  1.000000E+00  3.853239E-02  1.995376E-25  1.116119E-18   5.000000E-01 NotAppl  3.121977E-01  0.000000E+00  
1.456311E+02  1.773987E-04  5.659139E-02  9.492874E-04  1.000000E+00  1.013228E-02  8.060693E-25  2.136113E-13   5.000000E-01 NotAppl  2.970595E+00  0.000000E+00  
7.761997E+02  6.144832E-01  2.566313E+00  6.293207E-05  1.000000E+00  1.949220E-01  3.889927E-26  3.055252E-17   5.000000E-01 NotAppl  2.485478E-02  0.000000E+00  
1.785149E+03  1.226644E-03  8.989859E-01  3.293610E-03  1.000000E+00  1.050724E+00  7.116402E-27  1.529790E-14   5.000000E-01 NotAppl  1.931055E-03  0.000000E+00  
3.635885E+02  1.352935E+01  -1.352903E+01  3.535743E-07  1.000000E+00  2.499374E-02  2.590476E-25  4.547164E-21   5.000000E-01 NotAppl  3.634116E-01  0.000000E+00  
9.478598E+01  5.771874E-01  3.032095E+01  3.788710E-03  1.000000E+00  4.047932E-03  1.227583E-24  8.206335E-12   4.847074E-01 NotAppl  7.075392E+00  0.000000E+00  
1.382572E+02  3.168834E+02  -3.168622E+02  1.086809E-01  1.000000E+00  9.087611E-04  6.550826E-24  3.114558E-09   1.105277E-88 LZ5Tmedian  2.599108E+01  0.000000E+00  
1.897938E+03  6.329680E-03  9.981646E+01  1.495420E-06  1.000000E+00  1.874544E-03  2.554668E-24  2.783481E-21   5.000000E-01 NotAppl  6.621841E-01  0.000000E+00  
2.978689E+02  3.020223E+01  2.485238E+02  2.978135E+00  1.000000E+00  6.962773E-05  5.195687E-23  4.852112E-07   0.000000E+00 XENON1T_2018  9.270238E+01  0.000000E+00  
2.206630E+02  1.569765E+02  -1.569759E+02  4.326960E-09  1.000000E+00  1.035241E-03  6.199862E-24  1.893660E-24   5.000000E-01 NotAppl  1.475337E+01  0.000000E+00  
2.362643E+03  5.384403E-01  1.482209E+02  3.469017E-06  1.000000E+00  8.677821E-04  5.606428E-24  9.587340E-21   5.000000E-01 NotAppl  1.160803E+00  0.000000E+00  
4.103154E+01  2.074981E-03  4.472364E+02  5.394299E-04  1.000000E+00  1.706662E-04  1.318443E-31  9.190032E-13   5.000000E-01 NotAppl  2.054743E-06  3.132396E-04  
8.262136E+02  3.820722E-02  5.711307E-01  -4.198890E-08  1.000000E+00  2.557550E-01  3.184634E-26  1.197239E-23   5.000000E-01 NotAppl  1.905908E-02  0.000000E+00  
1.220359E+02  1.308061E+01  -1.278505E+01  5.272332E-01  1.000000E+00  8.933479E-04  6.872121E-24  9.466919E-08   0.000000E+00 XENON1T_2018  3.055498E+01  0.000000E+00  
4.226617E+03  9.413673E+00  -4.771000E+00  -1.977331E-01  1.000000E+00  1.312832E-01  5.045532E-26  9.535555E-12   5.000000E-01 NotAppl  5.662513E-03  0.000000E+00  
7.187432E+02  5.103441E-03  1.292260E+01  6.679807E-08  1.000000E+00  6.497201E-02  8.604189E-26  4.027762E-23   5.000000E-01 NotAppl  5.993087E-02  0.000000E+00  
4.333949E+03  4.206204E-01  3.336365E+01  -1.523644E-06  1.000000E+00  1.531443E-02  3.070734E-25  5.380270E-22   5.000000E-01 NotAppl  3.423857E-02  0.000000E+00  
4.052166E+01  5.699296E+02  -5.689771E+02  -3.100456E+00  1.000000E+00  3.386978E-04  2.243322E-24  3.114174E-05   0.000000E+00 XENON1T_2018  3.542058E+01  5.047928E-01  
3.476989E+01  3.480899E+01  -3.479085E+01  -2.483632E-02  1.000000E+00  4.029339E-03  1.919809E-28  2.727365E-09   8.055459E-152 LZ5Tmedian  3.563885E-03  2.974784E-01  
4.823163E+02  3.826515E-04  2.873283E-01  -2.123158E-07  1.000000E+00  9.234438E-02  9.124661E-26  9.197024E-22   5.000000E-01 NotAppl  9.529606E-02  0.000000E+00  
1.361022E+02  3.355370E+02  -3.355368E+02  1.026861E-02  1.000000E+00  1.118786E-03  5.220517E-24  2.871440E-11   1.506928E-01 NotAppl  2.104694E+01  0.000000E+00  
3.752012E+03  4.410205E+00  6.354687E+02  1.952810E-06  1.000000E+00  5.553658E-05  9.271456E-23  1.185036E-21   5.000000E-01 NotAppl  1.196718E+01  0.000000E+00  
4.867312E+01  1.865807E-01  2.259185E+02  3.221999E-08  1.000000E+00  1.731254E-03  9.768265E-40  2.315830E-21   5.000000E-01 NotAppl  1.274790E-14  9.296078E-13  
7.312439E+01  3.550800E-03  -1.302258E-03  -1.303949E-06  1.000000E+00  6.585951E-03  1.864557E-36  1.653160E-18   5.000000E-01 NotAppl  1.601115E-11  0.000000E+00  
2.758570E+01  1.810515E-04  1.266032E-03  2.173522E-02  1.000000E+00  2.904683E-03  1.103512E-28  3.338504E-09   1.088157E-165 LZ5Tmedian  2.632735E-03  1.769301E-01  
6.122427E+03  1.638870E-04  7.731619E+01  -9.188308E-10  1.000000E+00  3.066303E-03  1.594518E-24  9.693464E-29   5.000000E-01 NotAppl  1.252334E-01  0.000000E+00  
2.697141E+01  4.050079E+01  -4.050065E+01  -2.007828E-01  1.000000E+00  1.614973E-02  9.238062E-27  2.981593E-07   0.000000E+00 XENON1T_2018  2.259497E-01  4.952328E-01  
1.755513E+03  1.267617E-04  3.666279E-01  -4.297326E-04  1.000000E+00  1.071496E+00  7.151525E-27  2.694649E-16   5.000000E-01 NotAppl  1.973176E-03  0.000000E+00  
4.986199E+03  4.433183E+02  -4.433180E+02  -4.496549E+00  1.000000E+00  7.492151E-05  9.960303E-23  3.523609E-09   8.723218E-04 LZ5Tmedian  9.427318E+00  0.000000E+00  
7.850337E+01  4.626488E-04  1.672515E-03  -2.924830E+00  1.000000E+00  4.242814E-04  3.936025E-24  7.194856E-06   0.000000E+00 XENON1T_2018  3.068873E+01  0.000000E+00  
4.921529E+02  2.939249E+00  8.250943E+02  1.536167E-09  1.000000E+00  1.317363E-04  3.588603E-23  4.619834E-26   5.000000E-01 NotAppl  3.708639E+01  0.000000E+00  
1.732406E+03  4.088358E+00  -4.087426E+00  7.960541E-10  1.000000E+00  3.749292E-01  1.713504E-26  9.499921E-28   5.000000E-01 NotAppl  4.781824E-03  0.000000E+00  
4.766750E+01  1.309873E+01  1.385332E+02  -5.810722E-01  1.000000E+00  8.730767E-03  2.824154E-25  7.859354E-07   0.000000E+00 XENON1T_2018  3.740225E+00  6.207469E-01  
1.534679E+03  9.081765E+02  -7.008814E+02  7.228464E-03  1.000000E+00  1.418163E-05  2.709664E-22  1.002823E-13   5.000000E-01 NotAppl  8.555829E+01  0.000000E+00  
3.282190E+02  9.117565E-04  4.444651E+00  2.429673E+00  1.000000E+00  9.743348E-04  1.235800E-23  2.647637E-07   0.000000E+00 XENON1T_2018  1.980597E+01  0.000000E+00  
7.894040E+02  1.311538E+02  -1.311537E+02  1.045512E-06  1.000000E+00  8.245048E-04  8.465123E-24  8.146979E-21   5.000000E-01 NotAppl  5.300953E+00  0.000000E+00  
9.373914E+03  5.066366E-02  -5.055749E-02  -1.897742E-09  1.000000E+00  2.731195E+01  2.525627E-28  1.740569E-28   5.000000E-01 NotAppl  1.268217E-05  0.000000E+00  
2.161291E+01  1.191368E+01  1.469188E+01  -2.741725E-07  1.000000E+00  1.683432E+02  1.498154E-38  8.689508E-19   5.000000E-01 NotAppl  4.666789E-13  1.719795E-11  
3.721344E+03  2.153114E-01  -2.151095E-01  8.759156E-03  1.000000E+00  4.459890E+00  1.627930E-27  2.424308E-14   5.000000E-01 NotAppl  2.084958E-04  0.000000E+00  
6.218891E+03  1.904573E-01  1.010071E+01  5.895587E-03  1.000000E+00  1.524512E-01  2.922538E-26  3.866026E-15   5.000000E-01 NotAppl  2.258406E-03  0.000000E+00  
1.956930E+02  2.360305E-02  8.028457E+01  -1.151724E+00  1.000000E+00  4.000049E-04  2.410662E-23  1.715953E-07   0.000000E+00 XENON1T_2018  7.569896E+01  0.000000E+00  
2.306925E+03  1.226405E+01  2.088395E+01  1.102289E-04  1.000000E+00  1.530116E-02  3.846900E-25  1.016217E-17   5.000000E-01 NotAppl  8.121128E-02  0.000000E+00  
2.897950E+01  5.277926E+01  3.018656E+02  5.763735E-02  1.000000E+00  2.477632E+00  8.126992E-28  2.124846E-08   0.000000E+00 XENON1T_2018  1.836772E-02  8.079334E-01  
1.431082E+01  7.677162E-03  4.400769E-01  5.167967E-05  1.000000E+00  8.820387E-04  4.613380E-34  7.038139E-14   5.000000E-01 NotAppl  2.282880E-08  3.712413E-06  
3.179612E+03  6.116309E+00  9.245969E+02  -4.572951E-06  1.000000E+00  3.011362E-05  1.722755E-22  9.100995E-21   5.000000E-01 NotAppl  2.632113E+01  0.000000E+00  
1.421548E+03  4.598319E+01  1.299620E+02  1.169642E-03  1.000000E+00  4.939592E-04  8.562388E-24  3.069392E-15   5.000000E-01 NotAppl  2.976486E+00  0.000000E+00  
6.249207E+02  1.120083E+02  6.307028E+02  3.512571E+00  1.000000E+00  4.151959E-05  8.435013E-23  1.482271E-07   0.000000E+00 XENON1T_2018  6.819299E+01  0.000000E+00  
4.882489E+03  4.062212E-03  6.298054E+00  -4.201984E-10  1.000000E+00  3.734307E-01  1.163588E-26  3.211422E-29   5.000000E-01 NotAppl  1.148458E-03  0.000000E+00  
5.067824E+01  7.450161E+01  5.708359E+01  -9.180480E+00  1.000000E+00  8.656156E-04  3.517525E-24  1.731655E-04   0.000000E+00 XENON1T_2018  4.363772E+01  9.999856E-01  
1.027543E+03  3.610725E-03  3.659864E-03  -3.494421E-10  1.000000E+00  3.911514E-01  2.061803E-26  5.312426E-28   5.000000E-01 NotAppl  9.856042E-03  0.000000E+00  
2.269832E+03  1.527963E-04  1.356028E+01  -8.791763E-01  1.000000E+00  8.858985E-02  4.892767E-26  6.681696E-10   5.357770E-02 LZ5Tmedian  1.087678E-02  0.000000E+00  
2.954667E+01  3.084924E-01  9.478460E+00  -1.791789E+00  1.000000E+00  2.173513E-03  6.301898E-25  1.974488E-05   0.000000E+00 XENON1T_2018  1.389735E+01  2.595901E-01  
1.165466E+02  3.415771E+00  3.408748E+01  -9.719709E-10  1.000000E+00  3.245336E-03  1.332106E-24  3.535782E-25   5.000000E-01 NotAppl  6.150431E+00  0.000000E+00  
1.840629E+03  4.293539E-03  1.297554E-02  1.256633E+00  1.000000E+00  9.438826E-02  1.195549E-25  2.092255E-09   1.251494E-05 LZ5Tmedian  3.316204E-02  0.000000E+00  
1.345435E+02  5.357859E+00  1.454588E+01  -2.033061E-01  1.000000E+00  3.722366E-03  1.061937E-24  1.152478E-08   0.000000E+00 LZ5Tmedian  4.553146E+00  0.000000E+00  
1.823242E+03  2.801692E+02  -2.801689E+02  -1.760391E-09  1.000000E+00  1.846212E-04  3.947686E-23  4.186169E-27   5.000000E-01 NotAppl  1.043624E+01  0.000000E+00  
2.261102E+01  4.307165E+01  -4.307071E+01  -2.775679E-04  1.000000E+00  3.093207E-02  1.570471E-32  8.132645E-13   5.000000E-01 NotAppl  4.654362E-07  1.026415E-04  
1.350945E+01  1.139919E-04  2.746685E-04  4.253395E-10  1.000000E+00  1.165714E-03  3.070337E-44  5.344332E-24   5.000000E-01 NotAppl  1.623942E-18  2.523167E-16  
1.119500E+01  6.080906E-04  8.581486E+00  -8.698649E-06  1.000000E+00  4.837466E-04  1.199764E-35  3.237407E-15   5.000000E-01 NotAppl  7.903012E-10  9.570265E-08  
2.419675E+03  9.405449E-01  5.031223E+00  1.232562E-10  1.000000E+00  3.820560E-01  1.388148E-26  1.152936E-29   5.000000E-01 NotAppl  2.789770E-03  0.000000E+00  
6.327480E+02  2.712577E-01  5.849125E+00  1.413757E-02  1.000000E+00  1.089855E-01  6.522496E-26  2.340872E-12   5.000000E-01 NotAppl  5.154683E-02  0.000000E+00  
3.891016E+02  5.985631E-04  4.304890E+00  -2.730606E-09  1.000000E+00  5.453241E-02  1.436804E-25  2.360578E-25   5.000000E-01 NotAppl  1.876482E-01  0.000000E+00  
2.117002E+03  1.041975E+01  3.429054E+02  -1.775741E-04  1.000000E+00  1.720591E-04  2.841304E-23  3.141675E-17   5.000000E-01 NotAppl  6.584930E+00  0.000000E+00  
3.661365E+02  5.108315E+02  -5.097507E+02  -7.295087E-03  1.000000E+00  1.810680E-04  3.593378E-23  1.908238E-12   5.000000E-01 NotAppl  5.016919E+01  0.000000E+00  
7.947384E+02  2.251438E+00  5.908449E+01  -6.006007E-06  1.000000E+00  4.841662E-03  9.705084E-25  2.651773E-19   5.000000E-01 NotAppl  6.140923E-01  0.000000E+00  
6.723145E+01  8.502557E-04  -7.469087E-04  5.210414E-08  1.000000E+00  5.517755E-03  1.622422E-38  3.133694E-21   5.000000E-01 NotAppl  1.507888E-13  0.000000E+00  
1.073726E+01  8.127880E-01  1.371839E+01  -1.190310E+00  1.000000E+00  6.797030E-03  2.112124E-25  6.578827E-05   0.000000E+00 XENON1T_2018  1.461354E+01  2.567755E-01  
2.724232E+02  3.706900E-03  -3.552412E-03  1.126208E-01  1.000000E+00  2.712595E-02  3.371945E-25  8.331059E-10   2.066602E-13 LZ5Tmedian  6.440647E-01  0.000000E+00  
2.969350E+01  2.568078E+02  -2.562080E+02  -1.364003E-01  1.000000E+00  1.190595E-02  4.668425E-27  1.132798E-07   0.000000E+00 XENON1T_2018  1.027491E-01  4.952991E-01  
2.106249E+01  1.993204E+00  3.122238E+01  2.607738E-08  1.000000E+00  3.640827E-02  1.339231E-40  8.279413E-21   5.000000E-01 NotAppl  4.288577E-15  1.479485E-13  
3.241546E+02  1.669030E-02  7.762278E+01  1.632006E-03  1.000000E+00  3.465836E-03  1.410265E-24  1.225421E-13   5.000000E-01 NotAppl  2.231592E+00  0.000000E+00  
6.723134E+01  1.753097E+00  3.131913E+01  -1.616498E-04  1.000000E+00  8.980041E-03  1.561618E-31  3.016225E-14   5.000000E-01 NotAppl  1.460403E-06  0.000000E+00  
1.277761E+01  1.040840E-02  -9.682476E-03  6.390456E+00  1.000000E+00  1.120555E-03  1.727053E-25  1.346825E-03   0.000000E+00 XENON1T_2018  9.830075E+00  2.500028E-01  
1.308759E+01  5.748912E-03  -2.961133E-03  -2.040141E-06  1.000000E+00  1.140856E-03  6.992572E-37  1.309179E-16   5.000000E-01 NotAppl  3.837051E-11  5.813639E-09  
1.224672E+01  3.668114E-03  1.052635E-02  3.030336E-07  1.000000E+00  9.715641E-04  1.508213E-38  3.292973E-18   5.000000E-01 NotAppl  8.943429E-13  1.286307E-10  
2.592090E+01  5.472845E+00  3.219024E+02  9.347997E-07  1.000000E+00  1.709221E-01  1.940947E-37  7.003101E-18   5.000000E-01 NotAppl  4.960564E-12  8.854492E-10  
2.825814E+01  1.027103E-01  5.511454E+00  2.327778E-02  1.000000E+00  2.332568E-03  1.293685E-28  3.647146E-09   4.177935E-184 LZ5Tmedian  3.005950E-03  1.507790E-01  
1.005805E+02  7.477421E-03  2.952443E-02  1.003148E-04  1.000000E+00  5.867539E-03  1.228924E-24  5.094198E-15   5.000000E-01 NotAppl  6.645685E+00  0.000000E+00  
6.221784E+03  1.279513E-03  6.861613E+01  1.746398E+00  1.000000E+00  3.664265E-03  1.428892E-24  3.389119E-10   5.000000E-01 NotAppl  1.104608E-01  0.000000E+00  
2.807322E+03  4.494651E-04  1.444244E-03  5.636161E-09  1.000000E+00  2.662788E+00  2.791342E-27  1.781345E-26   5.000000E-01 NotAppl  4.764645E-04  0.000000E+00  
5.281798E+02  2.308444E-04  4.748966E-02  -6.768490E-04  1.000000E+00  1.102252E-01  7.640428E-26  7.762261E-15   5.000000E-01 NotAppl  7.261413E-02  0.000000E+00  
1.251739E+03  1.371282E-04  1.202164E-02  2.562100E+00  1.000000E+00  1.241637E-02  1.001703E-24  1.909095E-08   2.528624E-66 LZ5Tmedian  4.117961E-01  0.000000E+00  
9.472125E+02  2.896766E+01  -2.892449E+01  3.112033E-02  1.000000E+00  1.264765E-02  5.167437E-25  4.975065E-12   5.000000E-01 NotAppl  2.680456E-01  0.000000E+00  
2.578059E+01  5.014121E+00  -5.013931E+00  5.436848E-02  1.000000E+00  1.921548E-02  6.539636E-28  2.395012E-08   0.000000E+00 XENON1T_2018  1.679815E-02  2.036268E-01  
5.702394E+02  1.114401E-01  4.632308E+02  -2.428779E-05  1.000000E+00  2.060196E-04  2.439041E-23  8.545647E-18   5.000000E-01 NotAppl  2.168740E+01  0.000000E+00  
4.468141E+03  4.431829E-03  1.197171E+00  -6.849822E-08  1.000000E+00  3.958656E+00  1.493631E-27  1.022029E-24   5.000000E-01 NotAppl  1.595556E-04  0.000000E+00  
1.682713E+03  3.025289E+00  -3.010571E+00  -5.495070E-05  1.000000E+00  5.115619E-01  1.312633E-26  4.803368E-18   5.000000E-01 NotAppl  3.776177E-03  0.000000E+00  
6.193509E+03  5.846925E+01  -5.785289E+01  9.797796E-06  1.000000E+00  3.406712E-03  2.000916E-24  1.076656E-20   5.000000E-01 NotAppl  1.519831E-01  0.000000E+00  
2.903514E+02  1.625996E+02  -1.625953E+02  -2.954384E-08  1.000000E+00  8.232358E-04  8.047723E-24  5.031634E-23   5.000000E-01 NotAppl  1.433866E+01  0.000000E+00  
1.043090E+01  1.019620E-04  1.872017E+02  -3.606729E-05  1.000000E+00  4.267899E-04  1.995567E-34  6.392174E-14   5.000000E-01 NotAppl  1.428700E-08  1.832126E-06  
1.176252E+03  2.622006E+00  3.805436E+02  -3.580826E-10  1.000000E+00  1.776566E-04  2.809304E-23  4.233657E-28   5.000000E-01 NotAppl  1.189649E+01  0.000000E+00  
1.950714E+02  4.794008E-01  -4.694211E-01  3.223248E-04  1.000000E+00  1.665767E-02  5.012074E-25  1.352781E-14   5.000000E-01 NotAppl  1.344210E+00  0.000000E+00  
4.267090E+02  1.924137E+01  -1.923718E+01  4.734016E-01  1.000000E+00  7.336053E-03  9.845236E-25  5.874498E-09   7.156638E-59 LZ5Tmedian  1.190793E+00  0.000000E+00  
1.822909E+03  3.061982E+01  -2.222731E+01  1.362129E-10  1.000000E+00  1.123792E-02  5.686589E-25  2.507243E-29   5.000000E-01 NotAppl  1.504683E-01  0.000000E+00  
2.961121E+01  3.009154E+01  1.678474E+02  1.300680E-03  1.000000E+00  2.642508E+03  4.232069E-31  1.035865E-11   2.906254E-01 NotAppl  9.342099E-06  2.562923E-04  
2.356552E+01  6.038111E-02  3.372333E+00  7.493388E-06  1.000000E+00  1.957210E-03  1.171239E-35  5.453534E-16   5.000000E-01 NotAppl  3.318517E-10  7.107055E-08  
2.880190E+01  9.378297E+00  -9.377965E+00  7.588586E-07  1.000000E+00  1.245187E-02  1.400339E-37  3.729444E-18   5.000000E-01 NotAppl  3.186541E-12  3.581888E-10  
2.367250E+01  4.632558E-01  1.407554E+02  7.986170E-05  1.000000E+00  3.818020E-03  1.333892E-33  6.138103E-14   5.000000E-01 NotAppl  3.763969E-08  8.416125E-06  
2.574288E+02  4.742366E+02  -4.742256E+02  7.492197E-02  1.000000E+00  3.116236E-04  2.129529E-23  4.140394E-10   2.236625E-07 LZ5Tmedian  4.309068E+01  0.000000E+00  
3.259120E+01  1.545469E-01  1.205273E+00  -1.804307E-02  1.000000E+00  1.571299E-03  9.163526E-29  1.641359E-09   8.518171E-90 LZ5Tmedian  1.823395E-03  1.634770E-01  
6.428312E+02  1.664142E-04  5.399163E-01  4.470881E-06  1.000000E+00  1.590654E-01  5.211310E-26  2.266636E-19   5.000000E-01 NotAppl  4.041350E-02  0.000000E+00  
3.466204E+01  2.421422E+00  5.256332E+01  -1.290497E-03  1.000000E+00  7.857494E-04  5.156410E-31  7.410045E-12   3.888849E-01 NotAppl  9.604808E-06  1.882807E-03  
6.159727E+01  7.366819E+02  -7.366505E+02  6.626831E-10  1.000000E+00  7.829685E-03  7.816811E-41  6.060600E-25   5.000000E-01 NotAppl  7.992691E-16  1.062626E-16  
1.344105E+03  1.722853E-01  1.371085E+00  -3.974038E-01  1.000000E+00  3.126674E-01  2.978550E-26  3.972175E-10   5.347837E-02 LZ5Tmedian  1.128434E-02  0.000000E+00  
2.539728E+01  2.557230E-04  6.089694E+01  -2.305099E-02  1.000000E+00  1.886949E-03  1.162846E-28  4.437385E-09   4.847199E-205 LZ5Tmedian  3.039995E-03  2.251423E-01  
7.933431E+02  1.520573E+00  -1.517332E+00  1.551094E-05  1.000000E+00  2.229595E-01  3.576286E-26  1.775004E-18   5.000000E-01 NotAppl  2.231494E-02  0.000000E+00  
7.928568E+03  6.087654E+01  -6.054209E+01  4.112327E-07  1.000000E+00  3.156838E-03  2.172766E-24  1.148377E-23   5.000000E-01 NotAppl  1.285158E-01  0.000000E+00  
6.007773E+03  5.713572E+00  4.772835E+02  -3.819763E-05  1.000000E+00  8.866161E-05  5.806656E-23  1.740868E-19   5.000000E-01 NotAppl  4.649034E+00  0.000000E+00  
6.365682E+02  1.164709E-04  2.625986E-01  -6.566892E-07  1.000000E+00  1.568841E-01  5.305339E-26  4.988906E-21   5.000000E-01 NotAppl  4.156054E-02  0.000000E+00  
4.891996E+02  4.703996E+00  4.158493E+01  -6.468737E-08  1.000000E+00  7.494259E-03  6.194850E-25  8.293437E-23   5.000000E-01 NotAppl  6.431322E-01  0.000000E+00  
1.111819E+03  1.188798E-02  3.832769E-03  8.938033E-03  1.000000E+00  4.538502E-01  1.766055E-26  2.959088E-13   5.000000E-01 NotAppl  7.785683E-03  0.000000E+00  
1.667551E+01  9.789318E-04  1.647481E-02  -1.040059E-06  1.000000E+00  1.615770E-03  1.956081E-37  2.102599E-17   5.000000E-01 NotAppl  8.130629E-12  1.489171E-09  
2.379238E+03  6.219340E-03  -4.027749E-03  2.062607E-02  1.000000E+00  1.930344E+00  3.902751E-27  3.341389E-13   5.000000E-01 NotAppl  7.889180E-04  0.000000E+00  
3.633051E+02  3.572816E-03  1.080878E-01  -4.461103E+00  1.000000E+00  1.249581E-04  1.150879E-22  7.250313E-07   0.000000E+00 XENON1T_2018  1.894050E+02  0.000000E+00  
6.739325E+03  3.416249E-04  6.968428E+02  -2.380278E-10  1.000000E+00  4.465843E-05  1.179862E-22  5.352327E-30   5.000000E-01 NotAppl  8.405805E+00  0.000000E+00  
9.416084E+01  9.156388E+02  -9.074703E+02  -5.206143E-09  1.000000E+00  1.439012E-03  2.028513E-24  1.570684E-23   5.000000E-01 NotAppl  1.185782E+01  0.000000E+00  
7.443713E+03  5.151344E+01  -5.136640E+01  3.698974E-07  1.000000E+00  4.351920E-03  1.557082E-24  1.056182E-23   5.000000E-01 NotAppl  9.816692E-02  0.000000E+00  
3.357324E+01  2.603156E-02  1.565049E-01  -9.641540E-04  1.000000E+00  1.245857E-03  2.733549E-31  4.412916E-12   5.000000E-01 NotAppl  5.268445E-06  1.116184E-03  
3.113741E+03  1.033304E-02  1.730514E+02  2.612429E-04  1.000000E+00  6.429838E-04  7.644848E-24  3.099479E-17   5.000000E-01 NotAppl  1.193257E+00  0.000000E+00  
8.731380E+02  6.295817E-01  4.268004E+01  -1.564140E-10  1.000000E+00  9.261831E-03  5.081732E-25  1.484123E-28   5.000000E-01 NotAppl  2.919056E-01  0.000000E+00  
2.089644E+03  1.503828E-04  3.037465E-04  1.055661E-05  1.000000E+00  1.510756E+00  5.029017E-27  1.140143E-19   5.000000E-01 NotAppl  1.160616E-03  0.000000E+00  
2.423065E+01  3.380659E-04  1.437117E-01  -2.018544E-08  1.000000E+00  2.465872E-03  8.643034E-41  3.741357E-21   5.000000E-01 NotAppl  2.378320E-15  5.364639E-13  
6.634206E+02  3.234694E+01  -3.234679E+01  4.363200E-10  1.000000E+00  1.030991E-02  6.266987E-25  2.024062E-27   5.000000E-01 NotAppl  4.700320E-01  0.000000E+00  
1.121310E+02  4.421756E-03  6.205181E-02  -1.090296E-02  1.000000E+00  6.883252E-03  1.090916E-24  4.815642E-11   2.401207E-02 LZ5Tmedian  5.265262E+00  0.000000E+00  
1.301589E+01  3.375740E+00  -3.375606E+00  -2.317138E-03  1.000000E+00  1.262875E-01  9.004142E-31  1.707256E-10   1.066445E-02 LZ5Tmedian  4.972486E-05  7.367606E-03  
6.388534E+02  1.082680E+00  -1.079619E+00  -1.765183E-03  1.000000E+00  1.533018E-01  5.332136E-26  3.578365E-14   5.000000E-01 NotAppl  4.161564E-02  0.000000E+00  
4.895226E+01  1.831004E-03  6.146990E+00  1.756532E+00  1.000000E+00  1.248386E-03  2.046082E-24  6.803124E-06   0.000000E+00 XENON1T_2018  2.676648E+01  2.646646E-01  
2.644792E+01  1.457139E-01  -1.456021E-01  -1.257853E-07  1.000000E+00  3.814246E-03  3.568692E-39  1.217463E-19   5.000000E-01 NotAppl  8.910843E-14  2.047382E-11  
4.460246E+01  2.482753E-03  -2.179136E-03  7.068562E-08  1.000000E+00  9.201130E-05  3.031258E-39  1.331573E-20   5.000000E-01 NotAppl  4.319609E-14  4.999691E-12  
2.405487E+01  1.390893E+00  -1.103282E+00  -3.053958E-06  1.000000E+00  1.370416E-02  1.969508E-36  8.690697E-17   5.000000E-01 NotAppl  5.462259E-11  1.211876E-08  
4.725010E+01  9.532973E-01  -9.530561E-01  -2.990186E-05  1.000000E+00  4.417616E-04  7.101589E-34  2.118865E-15   5.000000E-01 NotAppl  9.556357E-09  8.219049E-07  
1.487638E+03  8.226936E+01  -8.226902E+01  5.924726E-08  1.000000E+00  1.816963E-03  3.774492E-24  7.178555E-24   5.000000E-01 NotAppl  1.229707E+00  0.000000E+00  
1.580669E+03  1.460393E-03  1.049820E-01  2.464668E-05  1.000000E+00  8.859550E-01  8.770738E-27  1.097750E-18   5.000000E-01 NotAppl  2.694442E-03  0.000000E+00  
1.234048E+02  8.035278E-01  3.924022E+02  -4.452209E-09  1.000000E+00  1.976167E-03  2.268032E-24  6.598159E-24   5.000000E-01 NotAppl  9.728860E+00  0.000000E+00  
4.694823E+01  1.288071E+00  -1.260272E+00  1.319387E-01  1.000000E+00  3.322744E-04  1.337069E-26  4.179466E-08   0.000000E+00 XENON1T_2018  1.811237E-01  2.431805E-01  
6.676217E+02  8.687808E-02  1.667558E-03  2.828935E+00  1.000000E+00  3.301260E-03  3.968199E-24  8.399572E-08   0.000000E+00 LZ5Tmedian  3.069595E+00  0.000000E+00  
3.063487E+03  1.948271E-02  4.073534E-01  -1.877545E-04  1.000000E+00  3.033641E+00  2.394295E-27  1.654867E-17   5.000000E-01 NotAppl  3.740100E-04  0.000000E+00  
1.119949E+01  1.789386E+00  -1.708565E+00  -9.627974E-05  1.000000E+00  1.453738E-01  1.470068E-33  3.962973E-13   5.000000E-01 NotAppl  9.680744E-08  1.295784E-05  
1.005225E+03  5.813808E+01  -4.875871E+01  4.426898E-08  1.000000E+00  2.953038E-03  1.911257E-24  8.916778E-24   5.000000E-01 NotAppl  9.325031E-01  0.000000E+00  
3.994029E+01  1.759965E-01  3.862853E+01  1.505124E-01  1.000000E+00  4.410783E-05  9.512193E-27  7.557852E-08   0.000000E+00 XENON1T_2018  1.525219E-01  3.282084E-01  
6.995952E+03  3.673028E-02  5.243854E-02  1.783592E-03  1.000000E+00  1.545056E+01  4.538903E-28  2.785494E-16   5.000000E-01 NotAppl  3.064409E-05  0.000000E+00  
5.646135E+01  2.183939E+02  -2.183936E+02  1.221446E-10  1.000000E+00  4.329587E-03  6.431179E-44  2.459205E-26   5.000000E-01 NotAppl  7.192693E-19  9.141792E-18  
1.223493E+01  3.179980E-01  -2.958704E-01  1.662673E-06  1.000000E+00  3.883508E-03  4.538833E-37  9.932168E-17   5.000000E-01 NotAppl  2.694474E-11  3.871713E-09  
5.199367E+03  8.901460E-01  8.674141E+02  1.593373E-03  1.000000E+00  3.086942E-05  1.713758E-22  4.063515E-16   5.000000E-01 NotAppl  1.589044E+01  0.000000E+00  
4.032642E+02  8.254461E+02  -8.252234E+02  -9.281314E-10  1.000000E+00  1.202283E-04  5.776649E-23  2.534815E-26   5.000000E-01 NotAppl  7.287132E+01  0.000000E+00  
1.433557E+03  1.323861E-01  5.941472E-01  2.977836E-04  1.000000E+00  7.166043E-01  1.080440E-26  1.955677E-16   5.000000E-01 NotAppl  3.670202E-03  0.000000E+00  
1.438130E+02  1.813400E-01  4.837450E+02  -2.467226E-02  1.000000E+00  1.464756E-03  3.015806E-24  1.480579E-10   9.091206E-05 LZ5Tmedian  1.101350E+01  0.000000E+00  
6.958753E+02  2.545823E-04  4.783150E+00  1.060264E-02  1.000000E+00  1.423523E-01  5.139782E-26  1.084065E-12   5.000000E-01 NotAppl  3.679845E-02  0.000000E+00  
1.069780E+03  1.140288E+01  -1.139881E+01  9.389431E-08  1.000000E+00  6.714356E-02  9.452893E-26  3.532763E-23   5.000000E-01 NotAppl  4.326780E-02  0.000000E+00  
6.932939E+02  2.613193E+02  -1.919542E+02  -4.088615E-08  1.000000E+00  1.319897E-04  2.779525E-23  1.624343E-23   5.000000E-01 NotAppl  1.992777E+01  0.000000E+00  
2.935043E+02  9.561408E-04  2.833524E-03  1.743405E-06  1.000000E+00  3.609442E-02  2.365696E-25  1.713823E-19   5.000000E-01 NotAppl  4.141499E-01  0.000000E+00  
8.718398E+01  6.365357E+00  5.984318E+01  -1.730810E-08  1.000000E+00  4.029184E-03  7.630963E-25  2.032717E-22   5.000000E-01 NotAppl  4.885260E+00  0.000000E+00  
1.820903E+02  5.716586E-03  4.811921E+00  4.390596E-10  1.000000E+00  1.311195E-02  5.760831E-25  2.890544E-26   5.000000E-01 NotAppl  1.660054E+00  0.000000E+00  
1.975664E+02  8.407916E+02  -8.407910E+02  -3.215027E-03  1.000000E+00  4.181871E-04  1.463273E-23  1.311287E-12   5.000000E-01 NotAppl  4.037387E+01  0.000000E+00  
3.450717E+03  2.742133E+01  -2.735304E+01  4.690392E-02  1.000000E+00  1.446387E-02  4.486970E-25  8.105854E-13   5.000000E-01 NotAppl  6.174780E-02  0.000000E+00  
1.060293E+03  6.710708E+00  1.903467E+00  -1.732126E-07  1.000000E+00  1.022731E-01  6.553093E-26  1.224309E-22   5.000000E-01 NotAppl  3.046475E-02  0.000000E+00  
6.719541E+03  9.807721E+02  -9.806620E+02  -4.253621E+00  1.000000E+00  1.626672E-05  4.791704E-22  1.719488E-09   7.789616E-02 LZ5Tmedian  3.350806E+01  0.000000E+00  
2.885477E+03  2.344655E-01  3.460228E+00  6.483261E-07  1.000000E+00  8.210664E-01  6.356704E-27  2.228902E-22   5.000000E-01 NotAppl  1.065215E-03  0.000000E+00  
3.697986E+03  3.177538E-04  1.523116E+00  -8.216831E-06  1.000000E+00  2.635903E+00  2.237070E-27  2.160904E-20   5.000000E-01 NotAppl  2.896758E-04  0.000000E+00  
9.286933E+02  4.989805E+02  -4.988677E+02  4.269535E-10  1.000000E+00  8.980293E-05  8.262761E-23  9.749424E-28   5.000000E-01 NotAppl  4.373675E+01  0.000000E+00  
2.267313E+01  2.129106E+00  6.693298E+01  4.328567E-03  1.000000E+00  3.240441E-02  3.825134E-30  1.966903E-10   1.044783E-08 LZ5Tmedian  1.130996E-04  2.107314E-02  
7.368966E+02  2.453772E-03  4.610415E-02  6.159168E-03  1.000000E+00  2.077789E-01  3.980880E-26  3.254228E-13   5.000000E-01 NotAppl  2.680739E-02  0.000000E+00  
1.082688E+03  7.755706E-03  8.874774E+00  -6.561081E-06  1.000000E+00  1.381647E-01  3.971141E-26  1.683280E-19   5.000000E-01 NotAppl  1.816016E-02  0.000000E+00  
1.046053E+03  3.381567E+02  -6.561881E+01  -2.679112E-04  1.000000E+00  5.778801E-05  6.293775E-23  3.010914E-16   5.000000E-01 NotAppl  2.960987E+01  0.000000E+00  
6.275093E+01  1.869775E-03  3.912216E+00  -5.931138E-03  1.000000E+00  4.237221E-03  7.967743E-26  4.674475E-11   4.647052E-03 LZ5Tmedian  7.952517E-01  0.000000E+00  
2.035373E+01  4.321547E-01  3.979748E+00  1.617830E-07  1.000000E+00  3.429237E-03  5.078711E-39  3.413501E-19   5.000000E-01 NotAppl  1.689746E-13  3.330364E-11  
1.453704E+03  3.998746E+00  2.305567E+02  9.751213E-09  1.000000E+00  3.881605E-04  1.257049E-23  2.038230E-25   5.000000E-01 NotAppl  4.282839E+00  0.000000E+00  
6.497473E+02  1.747024E-03  4.350092E-02  -3.586549E-05  1.000000E+00  1.636189E-01  5.093662E-26  1.427088E-17   5.000000E-01 NotAppl  3.906544E-02  0.000000E+00  
1.830328E+01  4.604384E+00  2.196709E+01  -3.690505E-02  1.000000E+00  9.184607E-01  2.538572E-28  2.197670E-08   0.000000E+00 XENON1T_2018  9.502340E-03  3.244478E-01  
4.349809E+01  1.876707E-01  9.382064E+00  -5.327978E-02  1.000000E+00  2.677501E-04  1.561502E-27  7.961429E-09   0.000000E+00 LZ5Tmedian  2.289593E-02  2.926933E-01  
7.722533E+01  6.113702E-02  6.683697E+02  -7.517850E-08  1.000000E+00  6.248966E-03  3.068705E-39  4.915552E-21   5.000000E-01 NotAppl  2.493424E-14  0.000000E+00  
1.109101E+03  2.422364E-04  2.923325E+01  3.402963E-04  1.000000E+00  1.937845E-02  2.419487E-25  4.310800E-16   5.000000E-01 NotAppl  1.086846E-01  0.000000E+00  
1.650759E+01  2.897356E-04  5.445618E-03  -6.776875E-04  1.000000E+00  1.620929E-03  8.278985E-32  9.108986E-12   5.000000E-01 NotAppl  3.480884E-06  6.311482E-04  
1.977603E+02  1.282069E+00  3.756136E+01  2.105159E-04  1.000000E+00  6.715229E-03  8.069609E-25  5.610806E-15   5.000000E-01 NotAppl  2.124345E+00  0.000000E+00  
8.134552E+01  1.961061E+02  -1.961013E+02  4.237194E-03  1.000000E+00  7.053729E-03  4.209953E-25  1.404168E-11   2.510976E-01 NotAppl  2.966158E+00  0.000000E+00  
1.146865E+01  1.092172E-02  -9.582073E-03  -4.538370E-06  1.000000E+00  9.470806E-04  3.299009E-36  8.404299E-16   5.000000E-01 NotAppl  2.112170E-10  2.892190E-08  
7.294038E+03  1.553107E-04  5.620627E+01  -5.923374E+00  1.000000E+00  6.330537E-03  6.478698E-25  2.822509E-09   2.106295E-02 LZ5Tmedian  4.301654E-02  0.000000E+00  
1.772487E+01  1.891969E+00  -1.891795E+00  -3.294498E+00  1.000000E+00  9.937292E-03  5.247063E-25  1.867546E-04   0.000000E+00 XENON1T_2018  2.041300E+01  2.514201E-01  
7.657077E+02  3.579620E+02  -3.579619E+02  -1.280696E+00  1.000000E+00  1.894017E-04  3.827132E-23  1.300975E-08   2.168340E-73 LZ5Tmedian  2.477029E+01  0.000000E+00  
8.501525E+02  1.510192E-02  3.315731E-01  -2.237627E-09  1.000000E+00  2.716515E-01  3.003273E-26  3.207408E-26   5.000000E-01 NotAppl  1.745183E-02  0.000000E+00  
1.744383E+01  1.642815E+01  -1.642801E+01  -1.142607E-01  1.000000E+00  6.224641E-02  2.394596E-27  2.319334E-07   0.000000E+00 XENON1T_2018  9.456330E-02  3.293609E-01  
1.396427E+03  2.453428E-02  -2.389982E-02  6.319725E-10  1.000000E+00  7.003987E-01  1.121789E-26  9.292546E-28   5.000000E-01 NotAppl  3.913778E-03  0.000000E+00  
4.111047E+02  6.490716E+01  -6.490666E+01  2.271123E-02  1.000000E+00  2.972539E-03  2.201142E-24  1.459139E-11   5.000000E-01 NotAppl  2.720810E+00  0.000000E+00  
1.730968E+01  1.246529E-01  -8.534125E-02  -2.319466E-07  1.000000E+00  2.637555E-03  9.843431E-39  9.706137E-19   5.000000E-01 NotAppl  3.922737E-13  7.383863E-11  
9.559294E+01  1.554768E+01  -1.554272E+01  6.761058E-04  1.000000E+00  4.217565E-03  1.312538E-24  2.568323E-13   5.000000E-01 NotAppl  7.509827E+00  0.000000E+00  
3.042262E+01  8.809676E+02  -5.456896E+02  -5.909400E-06  1.000000E+00  1.165758E+06  9.002512E-36  2.024295E-16   5.000000E-01 NotAppl  1.929766E-10  4.358720E-08  
1.461255E+01  1.702992E+01  -1.702813E+01  -5.722993E-10  1.000000E+00  9.770512E-02  5.692977E-44  8.280866E-24   5.000000E-01 NotAppl  2.750232E-18  1.637459E-16  
1.016056E+01  3.474164E+01  -3.466718E+01  -2.203453E-03  1.000000E+00  2.179524E-01  7.345890E-31  2.511325E-10   9.216817E-02 LZ5Tmedian  5.423444E-05  7.681070E-04  
2.813101E+02  3.840943E+00  -3.535327E+00  -1.436549E-10  1.000000E+00  2.801110E-02  2.662722E-25  1.269263E-27   5.000000E-01 NotAppl  4.873809E-01  0.000000E+00  
5.924094E+01  4.346872E+00  -4.189902E+00  3.456720E-02  1.000000E+00  7.048894E-04  1.691664E-26  1.785659E-09   2.392685E-92 LZ5Tmedian  1.800449E-01  2.597303E-01  
1.938511E+03  4.841348E+02  -4.837128E+02  -2.206144E-07  1.000000E+00  6.980373E-05  1.065039E-22  5.802427E-23   5.000000E-01 NotAppl  2.643818E+01  0.000000E+00  
2.608900E+01  1.446546E-03  1.037643E-02  -1.438255E-01  1.000000E+00  2.909686E-03  4.616254E-27  1.636269E-07   0.000000E+00 XENON1T_2018  1.171219E-01  2.477253E-01  
1.547539E+03  7.612024E-04  1.144557E+00  1.687324E-08  1.000000E+00  7.906876E-01  9.501008E-27  5.372049E-25   5.000000E-01 NotAppl  2.984987E-03  0.000000E+00  
8.834141E+02  2.384132E+02  6.697384E+02  2.031468E-10  1.000000E+00  3.431039E-05  1.022493E-22  2.444344E-28   5.000000E-01 NotAppl  5.782301E+01  0.000000E+00  
9.654561E+02  6.228445E-01  5.407152E+00  -2.384699E-09  1.000000E+00  1.941759E-01  3.333766E-26  2.809721E-26   5.000000E-01 NotAppl  1.707898E-02  0.000000E+00  
1.234846E+03  8.298581E-02  3.263039E+01  -3.140931E-10  1.000000E+00  1.582902E-02  2.950958E-25  2.949789E-28   5.000000E-01 NotAppl  1.187475E-01  0.000000E+00  
4.922439E+02  2.592218E+02  -2.592217E+02  1.349849E+00  1.000000E+00  2.186762E-04  3.271102E-23  3.565790E-08   7.104367E-308 LZ5Tmedian  3.355948E+01  0.000000E+00  
8.174235E+01  3.511688E-03  -3.107226E-03  -1.621387E-07  1.000000E+00  6.103658E-03  4.405161E-25  2.035671E-20   5.000000E-01 NotAppl  3.078031E+00  0.000000E+00  
5.723767E+03  2.046133E-02  6.351469E-02  4.242496E-08  1.000000E+00  1.050725E+01  6.750976E-28  2.369632E-25   5.000000E-01 NotAppl  5.586007E-05  0.000000E+00  
7.254829E+02  1.082848E-03  3.775859E-05  -1.882201E-08  1.000000E+00  2.018836E-01  4.100733E-26  3.137518E-24   5.000000E-01 NotAppl  2.806278E-02  0.000000E+00  
3.417542E+01  8.524409E-03  1.744545E+01  6.137055E-06  1.000000E+00  1.016405E-03  1.139096E-35  1.724600E-16   5.000000E-01 NotAppl  2.150743E-10  1.452889E-08  
4.189766E+03  8.055255E-01  9.164034E+01  6.750990E-03  1.000000E+00  2.162275E-03  2.259668E-24  1.131507E-14   5.000000E-01 NotAppl  2.607748E-01  0.000000E+00  
4.924593E+03  3.815831E-03  2.485020E+00  2.437876E-07  1.000000E+00  1.834103E+00  2.580820E-27  1.062258E-23   5.000000E-01 NotAppl  2.513870E-04  0.000000E+00  
4.434080E+02  2.585335E-03  4.996266E-01  6.644327E-02  1.000000E+00  7.453500E-02  1.155821E-25  1.069806E-10   9.546678E-02 LZ5Tmedian  1.321990E-01  0.000000E+00  
2.894130E+03  7.656145E-01  -7.647727E-01  -3.919743E-10  1.000000E+00  2.388437E+00  2.972969E-27  8.097884E-29   5.000000E-01 NotAppl  4.917316E-04  0.000000E+00  
1.297619E+02  1.021317E+02  -1.021292E+02  1.583125E-05  1.000000E+00  2.239734E-03  2.618458E-24  7.526272E-17   5.000000E-01 NotAppl  1.103855E+01  0.000000E+00  
1.680920E+02  7.800616E+00  9.555269E+00  1.433866E-04  1.000000E+00  5.096669E-03  7.657801E-25  3.632068E-15   5.000000E-01 NotAppl  2.429759E+00  0.000000E+00  
3.558643E+01  1.659384E-04  5.006495E-04  -4.229838E-03  1.000000E+00  4.975996E-04  5.803302E-30  7.546603E-11   6.255841E-05 LZ5Tmedian  1.049356E-04  1.938182E-02  
3.078675E+03  3.423066E+02  -7.022181E+01  -1.388023E-01  1.000000E+00  4.738037E-05  7.964400E-23  8.953743E-12   5.000000E-01 NotAppl  1.237380E+01  0.000000E+00  
4.802428E+01  1.108460E-04  5.913709E-05  1.154034E-03  1.000000E+00  9.187023E-04  1.157107E-30  3.053280E-12   5.000000E-01 NotAppl  1.526765E-05  1.211602E-03  
3.197925E+03  1.082691E+00  -1.080302E+00  -9.132777E-02  1.000000E+00  2.563808E+00  2.506601E-27  3.587775E-12   5.000000E-01 NotAppl  3.762933E-04  0.000000E+00  
5.655003E+01  2.329470E-02  5.121435E+00  -2.822642E-01  1.000000E+00  2.405652E-03  3.539870E-25  1.309085E-07   0.000000E+00 XENON1T_2018  3.929561E+00  2.995603E-01  
2.736560E+01  1.065078E+02  -1.057021E+02  -1.594168E-10  1.000000E+00  1.947455E-02  5.894635E-45  1.825264E-25   5.000000E-01 NotAppl  1.418699E-19  3.255111E-17  
2.254894E+01  3.514975E-04  -1.282266E-04  1.795644E-09  1.000000E+00  2.645832E-03  6.563521E-43  3.422455E-23   5.000000E-01 NotAppl  1.950886E-17  4.295600E-15  
1.695922E+03  2.844464E-04  -6.938848E-05  -5.564472E-05  1.000000E+00  1.014066E+00  7.621690E-27  4.847579E-18   5.000000E-01 NotAppl  2.178451E-03  0.000000E+00  
4.324189E+03  1.685492E+02  -1.680470E+02  -1.256683E-03  1.000000E+00  4.430491E-04  1.612927E-23  3.676883E-16   5.000000E-01 NotAppl  1.764105E+00  0.000000E+00  
3.252064E+01  1.680903E+01  -1.680546E+01  -7.079500E-03  1.000000E+00  6.509997E-03  1.406471E-29  2.538026E-10   1.732573E-14 LZ5Tmedian  2.801324E-04  1.565079E-02  
1.285365E+01  2.132376E+00  -2.132145E+00  6.031525E-10  1.000000E+00  1.194743E-01  6.075667E-44  1.185802E-23   5.000000E-01 NotAppl  3.405314E-18  5.028280E-16  
5.406300E+03  9.680614E+01  2.374018E+02  1.749526E-02  1.000000E+00  1.485915E-04  3.377964E-23  4.525339E-14   5.000000E-01 NotAppl  2.999942E+00  0.000000E+00  
7.099761E+03  1.279117E+00  6.058189E+01  -1.104447E-01  1.000000E+00  4.820098E-03  1.017901E-24  1.036585E-12   5.000000E-01 NotAppl  6.878741E-02  0.000000E+00  
6.669540E+03  1.598385E+01  1.457232E+02  2.906565E-06  1.000000E+00  7.509336E-04  7.042505E-24  8.151404E-22   5.000000E-01 NotAppl  5.068330E-01  0.000000E+00  
1.689731E+02  1.181835E+02  -1.181718E+02  -3.712265E-02  1.000000E+00  1.820193E-03  3.282864E-24  2.408578E-10   1.982521E-06 LZ5Tmedian  1.059470E+01  0.000000E+00  
6.637968E+03  5.765601E-04  4.768970E-01  -1.734573E-05  1.000000E+00  1.146601E+01  5.620270E-28  2.931195E-20   5.000000E-01 NotAppl  4.008692E-05  0.000000E+00  
5.219181E+01  2.462280E-03  -2.002134E-03  -9.766101E-01  1.000000E+00  1.718826E-03  1.431424E-24  1.845534E-06   0.000000E+00 XENON1T_2018  1.718631E+01  2.499331E-01  
3.140088E+01  2.593497E-03  2.202658E+01  -2.402930E-03  1.000000E+00  1.796348E-03  1.546599E-30  3.139213E-11   2.103603E-02 LZ5Tmedian  3.203601E-05  1.872480E-03  
3.450846E+02  2.169950E-04  6.147231E-03  -3.399629E-10  1.000000E+00  4.901936E-02  1.739812E-25  4.678168E-27   5.000000E-01 NotAppl  2.572985E-01  0.000000E+00  
1.735186E+01  9.321096E-03  3.481359E+01  -9.386031E-08  1.000000E+00  1.074131E-03  1.613146E-39  1.581693E-19   5.000000E-01 NotAppl  6.408228E-14  1.900502E-12  
3.911744E+01  4.286579E-02  -4.194505E-02  -2.843613E-07  1.000000E+00  3.488506E-05  3.215439E-38  2.814328E-19   5.000000E-01 NotAppl  5.269102E-13  9.008302E-11  
5.628277E+03  1.081449E-01  -1.720337E-02  -3.583827E-04  1.000000E+00  1.007949E+01  7.049363E-28  1.749777E-17   5.000000E-01 NotAppl  5.932249E-05  0.000000E+00  
4.976358E+03  5.900618E+00  3.059877E+01  -4.992421E+00  1.000000E+00  1.724806E-02  2.335276E-25  4.361099E-09   1.607194E-04 LZ5Tmedian  2.377835E-02  0.000000E+00  
1.283235E+03  1.303827E-03  3.630434E-04  6.708646E-08  1.000000E+00  5.964788E-01  1.326868E-26  1.244198E-23   5.000000E-01 NotAppl  5.047014E-03  0.000000E+00  
3.440342E+03  7.093688E+02  -7.093552E+02  -3.202688E-07  1.000000E+00  3.177737E-05  2.399337E-22  3.802513E-23   5.000000E-01 NotAppl  3.311835E+01  0.000000E+00  
1.148230E+02  1.909663E-03  1.583893E+00  -4.437193E-09  1.000000E+00  6.461112E-03  1.125965E-24  7.597325E-24   5.000000E-01 NotAppl  5.302359E+00  0.000000E+00  
4.081160E+03  2.497260E-02  4.539559E-01  -1.540652E-01  1.000000E+00  4.642704E+00  1.571987E-27  6.216297E-12   5.000000E-01 NotAppl  1.855134E-04  0.000000E+00  
3.305396E+03  2.975139E+02  -2.975063E+02  1.092875E-06  1.000000E+00  1.534347E-04  4.767249E-23  4.803367E-22   5.000000E-01 NotAppl  6.854767E+00  0.000000E+00  
3.922610E+03  1.348168E-03  -1.128940E-03  -5.077863E-09  1.000000E+00  5.077755E+00  1.431564E-27  7.319625E-27   5.000000E-01 NotAppl  1.738153E-04  0.000000E+00  
1.158297E+01  3.414614E-02  -1.827334E-02  -1.281035E-01  1.000000E+00  1.057536E-03  2.638953E-27  6.566882E-07   0.000000E+00 XENON1T_2018  1.670301E-01  2.473977E-01  
5.176516E+02  1.947835E-04  4.431909E+01  -3.893502E-09  1.000000E+00  8.630398E-03  5.594314E-25  2.676495E-25   5.000000E-01 NotAppl  5.482153E-01  0.000000E+00  
2.376938E+01  4.055453E-03  1.557777E-02  -1.325370E-06  1.000000E+00  2.757287E-03  3.682720E-37  1.676703E-17   5.000000E-01 NotAppl  1.033760E-11  2.320672E-09  
2.703473E+02  1.477244E+00  9.012605E+00  -4.364563E-04  1.000000E+00  2.087094E-02  3.092320E-25  1.271009E-14   5.000000E-01 NotAppl  5.897490E-01  0.000000E+00  
4.544602E+02  7.936160E+01  -7.886165E+01  -1.436986E-09  1.000000E+00  2.102067E-03  3.087122E-24  4.758117E-26   5.000000E-01 NotAppl  3.435396E+00  0.000000E+00  
4.860506E+03  6.308014E+00  -6.300664E+00  6.211524E-07  1.000000E+00  2.411087E-01  2.440197E-26  7.082224E-23   5.000000E-01 NotAppl  2.370502E-03  0.000000E+00  
1.840902E+02  5.737642E+02  -5.649091E+02  5.956686E-09  1.000000E+00  3.103079E-04  1.184937E-23  5.202585E-24   5.000000E-01 NotAppl  3.415380E+01  0.000000E+00  
4.018895E+02  1.418446E-02  -1.155963E-02  1.050911E-08  1.000000E+00  6.548679E-02  1.298560E-25  3.272607E-24   5.000000E-01 NotAppl  1.639246E-01  0.000000E+00  
1.101324E+02  1.848771E-01  -1.064457E-01  -1.296572E-08  1.000000E+00  6.491987E-03  1.169405E-24  7.065952E-23   5.000000E-01 NotAppl  5.749762E+00  0.000000E+00  
2.316166E+03  1.162194E-03  3.265456E+01  5.101202E-09  1.000000E+00  1.607487E-02  2.878566E-25  2.158761E-26   5.000000E-01 NotAppl  6.081413E-02  0.000000E+00  
1.492857E+02  2.547155E-04  9.689715E+02  4.688137E-01  1.000000E+00  7.550481E-04  8.377287E-24  4.951802E-08   0.000000E+00 XENON1T_2018  2.956904E+01  0.000000E+00  
2.040808E+01  5.095934E+01  -5.005950E+01  2.266496E-02  1.000000E+00  6.351686E-02  9.978339E-29  6.663754E-09   2.997466E-233 LZ5Tmedian  3.310002E-03  2.816012E-01  
5.359830E+03  3.474683E+01  -2.284051E+01  -6.364553E-05  1.000000E+00  9.492049E-03  7.474039E-25  6.094913E-19   5.000000E-01 NotAppl  6.580929E-02  0.000000E+00  
4.564839E+03  1.143219E-03  7.000232E+01  2.616476E-05  1.000000E+00  3.702209E-03  1.304089E-24  1.427674E-19   5.000000E-01 NotAppl  1.379640E-01  0.000000E+00  
1.138643E+01  1.136481E-01  5.181147E+02  -1.679676E-09  1.000000E+00  7.917949E-04  4.505579E-43  1.167591E-22   5.000000E-01 NotAppl  2.909141E-17  3.962567E-15  
2.843605E+01  3.498298E-03  3.499600E-03  -9.697567E-03  1.000000E+00  2.826441E-03  2.258560E-29  6.250021E-10   2.748048E-32 LZ5Tmedian  5.206127E-04  8.095094E-02  
1.804801E+02  2.052880E-02  3.077426E+01  5.636935E-08  1.000000E+00  7.989586E-03  7.847172E-25  4.852046E-22   5.000000E-01 NotAppl  2.274326E+00  0.000000E+00  
9.766749E+02  4.373723E-01  -4.370853E-01  6.166578E-01  1.000000E+00  8.632692E-02  1.254416E-25  1.835024E-09   8.690778E-09 LZ5Tmedian  6.616558E-02  0.000000E+00  
2.985181E+03  9.224325E-04  5.900318E+00  1.983244E-02  1.000000E+00  3.835420E-01  1.217489E-26  1.946366E-13   5.000000E-01 NotAppl  1.977615E-03  0.000000E+00  
4.241659E+01  1.137720E-01  2.177967E+02  6.075512E-05  1.000000E+00  3.368037E-04  1.857610E-33  1.089639E-14   5.000000E-01 NotAppl  2.789963E-08  3.871248E-06  
1.563018E+02  2.760198E-04  5.445323E+02  -2.806369E-05  1.000000E+00  1.171951E-03  3.857316E-24  1.614974E-16   5.000000E-01 NotAppl  1.288222E+01  0.000000E+00  
1.663489E+01  3.626313E-01  9.890535E+00  8.364225E-06  1.000000E+00  2.548348E-03  1.264141E-35  1.366490E-15   5.000000E-01 NotAppl  5.267059E-10  7.413066E-08  
2.116856E+02  1.960418E+01  8.245244E+00  7.978921E-09  1.000000E+00  4.064355E-03  8.149148E-25  7.011084E-24   5.000000E-01 NotAppl  2.007878E+00  0.000000E+00  
1.212766E+01  1.676899E+02  -1.605912E+02  -1.953471E-09  1.000000E+00  1.434942E+02  6.245289E-43  1.395019E-22   5.000000E-01 NotAppl  3.745812E-17  4.960534E-15  
5.611629E+02  2.681015E+02  -2.680953E+02  1.421437E-05  1.000000E+00  2.854244E-04  2.493660E-23  3.024616E-18   5.000000E-01 NotAppl  2.225954E+01  0.000000E+00  
1.067831E+01  2.072054E-01  2.160864E+02  4.984708E-05  1.000000E+00  1.052106E-03  3.856125E-34  1.166240E-13   5.000000E-01 NotAppl  2.685646E-08  3.496704E-06  
1.960467E+02  1.551314E-02  1.150520E+00  2.353893E-03  1.000000E+00  1.646568E-02  4.991013E-25  7.141257E-13   5.000000E-01 NotAppl  1.331513E+00  0.000000E+00  
1.693300E+01  1.850300E-01  -1.832493E-01  6.980372E-02  1.000000E+00  3.287798E-03  8.853511E-28  9.185731E-08   0.000000E+00 XENON1T_2018  3.615269E-02  2.403865E-01  
7.558788E+02  4.343602E-03  8.279402E-01  -1.146522E-05  1.000000E+00  2.148101E-01  3.802598E-26  1.070541E-18   5.000000E-01 NotAppl  2.494455E-02  0.000000E+00  
1.580623E+03  1.055240E-01  -7.771959E-02  -5.993784E-05  1.000000E+00  8.856271E-01  8.774971E-27  6.492541E-18   5.000000E-01 NotAppl  2.695799E-03  0.000000E+00  
2.509087E+02  1.156076E-04  1.272400E-01  1.022119E-07  1.000000E+00  2.683178E-02  3.171713E-25  8.121741E-22   5.000000E-01 NotAppl  6.539650E-01  0.000000E+00  
5.445169E+03  1.313407E+01  3.908628E+00  -1.281915E-03  1.000000E+00  4.077323E-02  1.804850E-25  2.394445E-16   5.000000E-01 NotAppl  1.577103E-02  0.000000E+00  
6.251578E+01  5.427197E-03  5.174620E+02  1.120969E-03  1.000000E+00  4.172333E-03  7.192215E-25  1.682565E-12   5.000000E-01 NotAppl  7.206901E+00  0.000000E+00  
7.724417E+02  2.869012E+02  -2.869007E+02  7.257070E-03  1.000000E+00  2.233692E-04  3.244046E-23  4.103280E-13   5.000000E-01 NotAppl  2.077558E+01  0.000000E+00  
5.430377E+03  1.093144E-01  4.365600E+02  -1.655245E-01  1.000000E+00  1.085544E-04  4.734423E-23  4.014323E-12   5.000000E-01 NotAppl  4.200335E+00  0.000000E+00  
1.681169E+02  2.704836E-03  5.055850E-03  8.632962E-04  1.000000E+00  1.300404E-02  6.360182E-25  1.316209E-13   5.000000E-01 NotAppl  2.021699E+00  0.000000E+00  
2.430490E+03  3.710310E-03  2.994806E+00  2.540424E+00  1.000000E+00  3.905090E-02  2.944614E-25  4.853510E-09   2.371596E-09 LZ5Tmedian  6.129252E-02  0.000000E+00  
5.488420E+03  1.136746E-03  5.490520E+00  -4.425986E+00  1.000000E+00  7.977959E-02  1.326983E-25  2.808806E-09   6.081087E-03 LZ5Tmedian  1.220579E-02  0.000000E+00  
9.328430E+01  3.026157E+02  -3.026125E+02  3.114818E-02  1.000000E+00  2.375048E-03  2.217712E-24  5.731218E-10   5.913934E-23 LZ5Tmedian  1.310629E+01  0.000000E+00  
3.710763E+03  2.408739E+02  -2.335853E+02  8.240117E-03  1.000000E+00  2.150045E-04  3.209778E-23  2.157972E-14   5.000000E-01 NotAppl  4.101540E+00  0.000000E+00  
1.689796E+02  1.349060E+02  -1.349049E+02  -6.622820E-07  1.000000E+00  1.493265E-03  4.028537E-24  7.665393E-20   5.000000E-01 NotAppl  1.300569E+01  0.000000E+00  
9.449666E+03  2.316643E+01  -2.243577E+01  -5.823061E-05  1.000000E+00  2.064304E-02  3.166510E-25  1.612213E-19   5.000000E-01 NotAppl  1.568495E-02  0.000000E+00  
3.528233E+01  2.507018E-04  1.730360E+01  -1.795171E-07  1.000000E+00  6.153466E-04  1.029135E-38  1.383192E-19   5.000000E-01 NotAppl  1.881060E-13  1.235462E-11  
1.209540E+03  1.401471E+01  -1.388090E+01  2.254854E-06  1.000000E+00  4.892857E-02  1.289806E-25  1.585835E-20   5.000000E-01 NotAppl  5.201257E-02  0.000000E+00  
1.751330E+02  7.278417E+00  -7.260591E+00  -5.580796E+00  1.000000E+00  9.018204E-07  1.040906E-20  5.058268E-06   0.000000E+00 XENON1T_2018  3.739538E+04  0.000000E+00  
1.910424E+01  2.546333E-01  1.659321E+02  -9.064609E-06  1.000000E+00  2.259891E-03  1.555148E-35  1.216832E-15   5.000000E-01 NotAppl  5.547404E-10  1.117216E-07  
6.681298E+02  2.418579E-03  1.684372E-02  -1.290479E-04  1.000000E+00  1.725825E-01  4.821855E-26  1.745171E-16   5.000000E-01 NotAppl  3.592957E-02  0.000000E+00  
1.050179E+03  1.891196E+01  -1.889403E+01  -1.484971E-10  1.000000E+00  2.823555E-02  2.256981E-25  9.176217E-29   5.000000E-01 NotAppl  1.052640E-01  0.000000E+00  
3.452294E+03  7.204906E-02  -7.172663E-02  3.415132E-08  1.000000E+00  3.957770E+00  1.850485E-27  4.293304E-25   5.000000E-01 NotAppl  2.558305E-04  0.000000E+00  
1.274627E+02  1.046746E-02  5.737787E+02  -1.813072E-03  1.000000E+00  1.840008E-03  2.500410E-24  1.023992E-12   5.000000E-01 NotAppl  1.034053E+01  0.000000E+00  
1.212892E+02  4.044612E-03  2.622650E-02  -2.856798E-01  1.000000E+00  6.820030E-03  7.914089E-25  2.814660E-08   0.000000E+00 XENON1T_2018  3.549321E+00  0.000000E+00  
9.867679E+01  2.728638E+01  -2.725988E+01  1.637977E-04  1.000000E+00  3.838613E-03  1.465623E-24  1.412447E-14   5.000000E-01 NotAppl  8.114577E+00  0.000000E+00  
2.457867E+03  6.286950E+01  -4.108639E+01  -3.118808E-04  1.000000E+00  2.537108E-03  2.402693E-24  7.150127E-17   5.000000E-01 NotAppl  4.681475E-01  0.000000E+00  
9.001898E+01  3.792789E+01  -3.790223E+01  1.777394E-10  1.000000E+00  4.848384E-03  9.722577E-25  2.007542E-26   5.000000E-01 NotAppl  6.026235E+00  0.000000E+00  
1.200545E+02  2.526677E-01  -1.487758E-01  7.667019E-10  1.000000E+00  7.311281E-03  1.063269E-24  2.070284E-25   5.000000E-01 NotAppl  4.784186E+00  0.000000E+00  
9.632744E+02  4.038402E+01  -4.034576E+01  -5.968080E-04  1.000000E+00  7.023021E-03  9.377636E-25  1.767955E-15   5.000000E-01 NotAppl  4.780164E-01  0.000000E+00  
1.220326E+01  8.249375E+02  -7.419960E+02  -2.399127E-03  1.000000E+00  1.297490E+03  9.441180E-31  2.078527E-10   1.258652E-02 LZ5Tmedian  5.621691E-05  8.001465E-03  
1.304646E+03  1.006098E+01  -9.925351E+00  1.914122E+00  1.000000E+00  1.234740E-02  8.408665E-25  9.792624E-09   5.073487E-33 LZ5Tmedian  3.250435E-01  0.000000E+00  
1.089542E+01  8.657895E+01  -6.462505E+01  4.851275E+00  1.000000E+00  3.363892E-03  9.697808E-25  1.061945E-03   0.000000E+00 XENON1T_2018  6.595654E+01  5.331337E-01  
1.148966E+02  4.485411E-04  2.393540E+01  -1.160725E-02  1.000000E+00  5.280095E-03  1.180586E-24  5.191980E-11   1.940706E-02 LZ5Tmedian  5.538371E+00  0.000000E+00  
2.362814E+03  2.522751E-04  3.172644E-03  -2.444576E-05  1.000000E+00  1.911908E+00  3.936657E-27  4.760237E-19   5.000000E-01 NotAppl  8.012008E-04  0.000000E+00  
7.924449E+01  1.525225E+02  -1.525116E+02  -4.086147E-05  1.000000E+00  1.458852E-02  6.844963E-34  1.377563E-15   5.000000E-01 NotAppl  5.372282E-09  0.000000E+00  
5.249600E+03  7.623539E+00  -7.316455E+00  7.723197E-10  1.000000E+00  1.723545E-01  3.510035E-26  9.362071E-29   5.000000E-01 NotAppl  3.153280E-03  0.000000E+00  
3.215738E+01  1.591778E-01  3.678976E+01  3.947915E-05  1.000000E+00  1.764582E-03  4.306776E-34  8.074541E-15   5.000000E-01 NotAppl  8.694611E-09  1.908365E-06  
1.549846E+03  2.528722E+00  -2.497191E+00  2.778947E-06  1.000000E+00  5.430332E-01  1.288279E-26  1.452728E-20   5.000000E-01 NotAppl  4.034177E-03  0.000000E+00  
9.665220E+01  8.437909E+01  -8.407729E+01  9.692826E-05  1.000000E+00  2.923276E-03  1.789665E-24  5.160735E-15   5.000000E-01 NotAppl  1.015437E+01  0.000000E+00  
4.906625E+01  1.643911E+02  -1.627639E+02  -1.624524E-09  1.000000E+00  1.784261E-03  2.611371E-42  5.791491E-24   5.000000E-01 NotAppl  3.379793E-17  2.277434E-15  
1.881093E+01  1.754169E+01  8.815333E+02  3.940637E-06  1.000000E+00  2.018299E+04  2.922508E-36  2.372086E-16   5.000000E-01 NotAppl  1.061073E-10  5.990023E-09  
3.240087E+02  1.052733E-02  -9.886697E-03  2.835643E-10  1.000000E+00  4.350235E-02  1.961856E-25  3.702929E-27   5.000000E-01 NotAppl  3.098437E-01  0.000000E+00  
3.870933E+01  1.568715E-03  3.074134E-01  4.581365E-02  1.000000E+00  4.249148E-05  8.133655E-28  7.462463E-09   0.000000E+00 LZ5Tmedian  1.347727E-02  2.244113E-01  
1.051884E+01  1.121619E+01  -1.113407E+01  2.292627E-08  1.000000E+00  2.030278E-01  8.097357E-41  2.540736E-20   5.000000E-01 NotAppl  5.740221E-15  5.257228E-13  
2.890776E+03  7.060297E+00  -7.060029E+00  -4.839638E-02  1.000000E+00  1.928296E-01  3.000492E-26  1.237392E-12   5.000000E-01 NotAppl  4.950396E-03  0.000000E+00  
6.549536E+02  6.822129E-01  4.845907E+00  -9.315266E+00  1.000000E+00  1.278913E-04  1.006631E-22  9.471183E-07   0.000000E+00 XENON1T_2018  8.844432E+01  0.000000E+00  
2.305320E+03  1.228991E-02  1.675522E+01  -3.074037E-03  1.000000E+00  5.719532E-02  7.929203E-26  7.914609E-15   5.000000E-01 NotAppl  1.682187E-02  0.000000E+00  
3.107379E+01  9.805452E-03  6.126564E+02  1.406476E-07  1.000000E+00  1.864983E-03  5.230038E-39  1.098547E-19   5.000000E-01 NotAppl  1.094273E-13  2.451727E-11  
1.077112E+01  2.123722E-01  -5.428344E-02  1.357404E-05  1.000000E+00  1.759073E-03  2.871280E-35  8.502950E-15   5.000000E-01 NotAppl  1.979490E-09  2.592322E-07  
5.408130E+01  4.134916E-01  -4.114209E-01  -4.899536E-01  1.000000E+00  2.503853E-03  5.528885E-25  4.320171E-07   0.000000E+00 XENON1T_2018  6.422676E+00  2.533424E-01  
1.613528E+02  2.329452E-01  8.028769E-01  6.070991E-02  1.000000E+00  1.035443E-02  8.003516E-25  7.080790E-10   3.390498E-18 LZ5Tmedian  2.659177E+00  0.000000E+00  
1.228632E+02  3.049543E-04  2.619633E-02  1.092311E-07  1.000000E+00  7.710669E-03  1.030497E-24  4.007561E-21   5.000000E-01 NotAppl  4.523157E+00  0.000000E+00  
1.071869E+02  6.274821E+01  -6.169372E+01  5.026409E-04  1.000000E+00  2.590226E-03  1.886414E-24  1.122608E-13   5.000000E-01 NotAppl  9.618522E+00  0.000000E+00  
5.837990E+01  5.984837E-03  1.802561E+02  7.336403E-05  1.000000E+00  3.608292E-03  4.834151E-32  8.287232E-15   5.000000E-01 NotAppl  5.224243E-07  2.745220E-06  
3.464842E+01  4.471432E-03  -4.356702E-03  -1.570468E-02  1.000000E+00  8.392597E-04  7.631168E-29  1.098277E-09   1.628464E-61 LZ5Tmedian  1.422020E-03  1.350004E-01  
2.663214E+02  1.474367E+02  -1.474299E+02  9.145386E-05  1.000000E+00  9.850408E-04  6.645946E-24  5.754631E-16   5.000000E-01 NotAppl  1.296998E+01  0.000000E+00  
2.678949E+01  2.885407E-04  -1.437482E-04  6.678581E-05  1.000000E+00  2.948004E-03  1.016400E-33  3.344289E-14   5.000000E-01 NotAppl  2.502058E-08  5.756270E-06  
2.912900E+03  3.596278E-04  1.551498E+00  2.092436E-09  1.000000E+00  1.948802E+00  3.243453E-27  2.277433E-27   5.000000E-01 NotAppl  5.349957E-04  0.000000E+00  
4.214240E+03  3.775929E-01  4.341490E+02  -4.056044E-04  1.000000E+00  1.115614E-04  4.588368E-23  4.036296E-17   5.000000E-01 NotAppl  5.263852E+00  0.000000E+00  
4.704137E+02  8.616576E+00  8.736958E+01  1.701358E+00  1.000000E+00  7.017546E-04  7.937169E-24  6.215424E-08   0.000000E+00 LZ5Tmedian  8.670778E+00  0.000000E+00  
1.457072E+02  2.615887E+00  -2.614439E+00  -8.864547E-08  1.000000E+00  8.946615E-03  8.151295E-25  1.860703E-21   5.000000E-01 NotAppl  3.003414E+00  0.000000E+00  
5.405452E+03  1.260126E+02  -1.260115E+02  7.603853E-05  1.000000E+00  7.744420E-04  9.162047E-24  8.550991E-19   5.000000E-01 NotAppl  7.989108E-01  0.000000E+00  
1.184069E+03  1.611808E-02  1.578597E+00  -2.226241E-10  1.000000E+00  4.696301E-01  1.625862E-26  1.614450E-28   5.000000E-01 NotAppl  6.723835E-03  0.000000E+00  
2.453014E+01  5.606840E-01  -5.600856E-01  -5.428679E-03  1.000000E+00  7.089806E-03  6.300338E-30  2.639859E-10   1.829787E-12 LZ5Tmedian  1.710861E-04  3.426766E-02  
4.933932E+01  1.676862E+00  -1.673706E+00  3.840516E-10  1.000000E+00  1.078970E-03  1.513379E-43  3.200414E-25   5.000000E-01 NotAppl  1.941831E-18  1.226646E-16  
2.784082E+03  1.438534E+01  5.901713E+00  -1.170676E-08  1.000000E+00  2.926362E-02  2.346160E-25  7.816348E-26   5.000000E-01 NotAppl  4.060598E-02  0.000000E+00  
1.160752E+03  2.519159E-04  5.418696E+01  -9.781843E-06  1.000000E+00  6.090874E-03  7.704020E-25  3.245975E-19   5.000000E-01 NotAppl  3.305665E-01  0.000000E+00  
1.825117E+01  2.266138E+01  -2.264250E+01  2.064820E+00  1.000000E+00  8.888216E-03  5.814971E-25  6.918849E-05   0.000000E+00 XENON1T_2018  2.176063E+01  2.738417E-01  
3.796691E+03  3.104164E+02  -3.104105E+02  -1.139226E-03  1.000000E+00  1.402090E-04  5.235114E-23  3.937062E-16   5.000000E-01 NotAppl  6.535411E+00  0.000000E+00  
7.143871E+01  1.350814E+00  -1.349079E+00  3.202290E-07  1.000000E+00  9.358819E-03  1.623193E-37  1.045689E-19   5.000000E-01 NotAppl  1.427159E-12  0.000000E+00  
4.371047E+03  2.437799E+00  2.828249E+02  7.357508E-02  1.000000E+00  2.441035E-04  2.060608E-23  1.233020E-12   5.000000E-01 NotAppl  2.278015E+00  0.000000E+00  
8.431650E+03  2.315934E+02  -2.309619E+02  -2.323595E-04  1.000000E+00  2.391353E-04  3.082102E-23  3.235683E-18   5.000000E-01 NotAppl  1.713052E+00  0.000000E+00  
1.559034E+03  8.955168E-02  2.744766E+00  -1.081531E-07  1.000000E+00  5.970794E-01  1.118502E-26  2.174044E-23   5.000000E-01 NotAppl  3.496980E-03  0.000000E+00  
1.858729E+01  2.885613E+00  -2.885420E+00  -4.056870E-01  1.000000E+00  4.076054E-02  3.083715E-26  2.575039E-06   0.000000E+00 XENON1T_2018  1.134281E+00  2.542159E-01  
8.624574E+03  8.373737E-03  4.037922E+01  -1.212735E-02  1.000000E+00  1.089459E-02  4.382815E-25  8.418280E-15   5.000000E-01 NotAppl  2.431674E-02  0.000000E+00  
2.124260E+02  4.110509E-01  -3.922226E-01  -1.074297E+00  1.000000E+00  8.182890E-04  1.544886E-23  1.261940E-07   0.000000E+00 XENON1T_2018  4.379689E+01  0.000000E+00  
8.530084E+02  3.143925E-01  2.750493E-01  3.419054E-04  1.000000E+00  2.694571E-01  2.996720E-26  7.437315E-16   5.000000E-01 NotAppl  1.735429E-02  0.000000E+00  
1.081689E+02  6.136660E-01  -2.804956E-01  1.048881E-07  1.000000E+00  6.045280E-03  1.192092E-24  4.797836E-21   5.000000E-01 NotAppl  5.972182E+00  0.000000E+00  
1.761732E+01  2.137736E+00  5.350062E+00  -7.162972E-09  1.000000E+00  8.106205E-02  9.441407E-42  8.936448E-22   5.000000E-01 NotAppl  3.688764E-16  5.980426E-14  
8.250383E+03  4.513139E+01  -1.404162E+00  -2.815273E-08  1.000000E+00  4.470797E-03  1.710596E-24  4.964265E-26   5.000000E-01 NotAppl  9.781065E-02  0.000000E+00  
1.091141E+03  8.733724E+02  -8.730692E+02  2.854224E-08  1.000000E+00  3.871759E-05  1.944129E-22  3.135370E-24   5.000000E-01 NotAppl  8.714189E+01  0.000000E+00  
4.975339E+01  2.871583E+02  -2.721449E+02  -9.169743E-05  1.000000E+00  1.268180E+00  9.126733E-33  1.793682E-14   5.000000E-01 NotAppl  1.164371E-07  7.271426E-06  
9.000201E+02  2.548517E-03  -2.352768E-03  2.716433E-02  1.000000E+00  3.020569E-01  2.706722E-26  4.207510E-12   5.000000E-01 NotAppl  1.483889E-02  0.000000E+00  
8.072134E+02  5.536924E-01  -5.394027E-01  4.426110E-06  1.000000E+00  2.436998E-01  3.341758E-26  1.395060E-19   5.000000E-01 NotAppl  2.048339E-02  0.000000E+00  
5.590046E+02  3.516943E-03  -3.323517E-03  -2.128983E+00  1.000000E+00  2.828947E-03  4.612747E-24  6.838822E-08   0.000000E+00 LZ5Tmedian  4.543559E+00  0.000000E+00  
4.253301E+01  5.711669E-03  1.685795E+01  8.014109E-08  1.000000E+00  3.371899E-04  3.262305E-39  1.885408E-20   5.000000E-01 NotAppl  4.896703E-14  2.659693E-12  
8.094189E+03  7.291803E+00  -7.285649E+00  8.387758E-09  1.000000E+00  1.878240E-01  3.171694E-26  4.581047E-27   5.000000E-01 NotAppl  1.837141E-03  0.000000E+00  
2.731737E+02  7.822806E+00  -7.822325E+00  -6.596109E-08  1.000000E+00  2.242799E-02  3.071819E-25  2.841789E-22   5.000000E-01 NotAppl  5.801223E-01  0.000000E+00  
8.288852E+02  1.224874E+02  -1.223288E+02  4.545384E-10  1.000000E+00  9.194602E-04  7.539340E-24  1.393766E-27   5.000000E-01 NotAppl  4.488873E+00  0.000000E+00  
4.696484E+01  1.651299E-02  1.434671E+00  -1.030538E-05  1.000000E+00  8.038051E-04  8.171895E-35  2.547955E-16   5.000000E-01 NotAppl  1.103549E-09  9.812733E-08  
1.123809E+01  6.306594E-04  5.448122E+00  -2.107219E-06  1.000000E+00  4.870395E-04  7.052218E-37  1.885554E-16   5.000000E-01 NotAppl  4.625323E-11  6.016644E-09  
7.024507E+02  7.444292E-03  3.215216E+00  -1.290638E-07  1.000000E+00  1.655394E-01  4.655022E-26  1.575763E-22   5.000000E-01 NotAppl  3.296738E-02  0.000000E+00  
5.297274E+03  2.096332E-02  6.957044E+02  6.061244E-02  1.000000E+00  4.592413E-05  1.142808E-22  5.661345E-13   5.000000E-01 NotAppl  1.039792E+01  0.000000E+00  
2.864864E+01  3.139933E+00  -2.836358E+00  2.937639E-01  1.000000E+00  9.925388E-03  2.088458E-26  5.649473E-07   0.000000E+00 XENON1T_2018  4.781972E-01  2.478812E-01  
1.825140E+03  1.680052E+02  -1.550280E+02  -1.885880E-04  1.000000E+00  3.993370E-04  1.518871E-23  4.794082E-17   5.000000E-01 NotAppl  4.011367E+00  0.000000E+00  
2.348015E+03  1.107152E-01  1.625695E+02  4.299174E+00  1.000000E+00  6.027261E-04  9.740223E-24  1.491245E-08   3.742846E-28 LZ5Tmedian  2.035857E+00  0.000000E+00  
1.069547E+02  6.480970E-02  -6.444115E-02  1.133442E-05  1.000000E+00  6.326861E-03  1.197257E-24  5.733782E-17   5.000000E-01 NotAppl  6.069116E+00  0.000000E+00  
2.642268E+02  2.795979E+00  9.457495E+00  9.378142E+00  1.000000E+00  2.161868E-06  4.077139E-21  6.149938E-06   0.000000E+00 XENON1T_2018  9.599774E+03  0.000000E+00  
1.069261E+01  1.521539E-04  1.997193E-02  -1.219246E-08  1.000000E+00  7.289928E-04  2.308518E-41  6.959111E-21   5.000000E-01 NotAppl  1.605266E-15  2.092170E-13  
2.412965E+01  9.481479E-04  6.674626E+01  1.919824E-06  1.000000E+00  1.775581E-03  7.798022E-37  3.412977E-17   5.000000E-01 NotAppl  2.155482E-11  4.856672E-09  
1.197752E+03  4.479632E-02  -3.586255E-02  3.067788E-04  1.000000E+00  5.231633E-01  1.521657E-26  2.994671E-16   5.000000E-01 NotAppl  6.214427E-03  0.000000E+00  
3.529079E+03  3.121330E-03  -2.972672E-03  -3.807742E-04  1.000000E+00  4.139129E+00  1.768023E-27  5.103547E-17   5.000000E-01 NotAppl  2.390137E-04  0.000000E+00  
9.414746E+03  3.608648E-04  9.984754E+02  -1.236837E-09  1.000000E+00  2.231251E-05  2.415788E-22  7.328408E-29   5.000000E-01 NotAppl  1.226537E+01  0.000000E+00  
2.388848E+02  6.657744E-01  1.319035E+01  2.024593E-03  1.000000E+00  1.621597E-02  4.027832E-25  3.523801E-13   5.000000E-01 NotAppl  8.736093E-01  0.000000E+00  
1.570205E+03  2.354478E-03  6.786096E+00  -1.034850E-08  1.000000E+00  2.462872E-01  2.127141E-26  1.961656E-25   5.000000E-01 NotAppl  6.647591E-03  0.000000E+00  
4.362072E+03  2.090419E-03  1.606770E-02  8.901663E-02  1.000000E+00  5.855701E+00  1.263395E-27  1.812452E-12   5.000000E-01 NotAppl  1.383423E-04  0.000000E+00  
1.368786E+03  6.811449E-02  -6.589445E-02  1.282070E-01  1.000000E+00  5.917975E-01  1.397346E-26  3.983552E-11   5.000000E-01 NotAppl  5.023331E-03  0.000000E+00  
2.218941E+03  7.592074E+01  -7.592054E+01  2.201205E-04  1.000000E+00  2.081166E-03  3.288113E-24  4.386473E-17   5.000000E-01 NotAppl  7.106228E-01  0.000000E+00  
8.301082E+02  3.849585E+01  -3.457317E+01  3.726055E-01  1.000000E+00  5.207593E-03  1.213610E-24  9.337687E-10   1.526346E-05 LZ5Tmedian  7.236102E-01  0.000000E+00  
1.847489E+03  4.932781E-04  8.156494E-02  1.375113E-07  1.000000E+00  1.193236E+00  6.429400E-27  2.486462E-23   5.000000E-01 NotAppl  1.683396E-03  0.000000E+00  
1.744002E+01  3.582869E-03  2.303111E-01  1.301153E-07  1.000000E+00  1.396369E-03  3.105104E-39  3.008956E-19   5.000000E-01 NotAppl  1.227027E-13  2.322053E-11  
9.848664E+02  3.586441E+00  -3.385958E+00  9.747273E-07  1.000000E+00  2.424046E-01  2.998168E-26  4.507282E-21   5.000000E-01 NotAppl  1.496219E-02  0.000000E+00  
7.176975E+01  7.853569E+00  1.567631E+01  3.902917E-03  1.000000E+00  6.495917E-02  2.232254E-29  1.538718E-11   1.938073E-01 NotAppl  1.939733E-04  0.000000E+00  
6.110808E+02  6.575019E-03  5.077581E-01  5.367962E-10  1.000000E+00  1.445076E-01  5.754245E-26  3.623901E-27   5.000000E-01 NotAppl  4.702548E-02  0.000000E+00  
2.090980E+01  8.626369E-03  1.121514E+02  -1.196194E+00  1.000000E+00  1.401730E-03  2.729753E-25  1.767767E-05   0.000000E+00 XENON1T_2018  8.816573E+00  3.332918E-01  
1.596351E+03  4.263408E-01  -4.262131E-01  -1.242873E-10  1.000000E+00  8.857906E-01  8.705090E-27  2.735895E-29   5.000000E-01 NotAppl  2.647199E-03  0.000000E+00  
7.969686E+01  4.153028E-03  -3.849244E-05  1.050992E-10  1.000000E+00  7.017831E-03  4.272884E-45  9.008065E-27   5.000000E-01 NotAppl  3.362865E-20  0.000000E+00  
3.477075E+02  1.329216E-01  3.568844E+00  5.854984E-06  1.000000E+00  4.489308E-02  1.758665E-25  1.366257E-18   5.000000E-01 NotAppl  2.580652E-01  0.000000E+00  
1.111135E+01  7.860339E-03  -7.011262E-03  1.708880E-02  1.000000E+00  8.824629E-04  4.615354E-29  1.267962E-08   7.358776E-80 LZ5Tmedian  3.067686E-03  1.553328E-01  
2.941027E+03  4.425602E-02  -4.414202E-02  -1.455944E-10  1.000000E+00  2.910402E+00  2.545042E-27  1.081272E-29   5.000000E-01 NotAppl  4