MD1           DMP           DM3           l345          ld           Omegah2       sigV          protonSI      PvalDD        expName      CMB_ID        brH_DMDM      
4.530603E+01  4.169128E+00  -4.168568E+00  8.216126E-03  1.000000E+00  4.026091E-05  4.376955E-29  1.742630E-10   1.805370E-10 LZ5Tmedian  6.136315E-04  3.398989E-02  
4.106491E+03  1.457828E-01  2.621916E+02  -1.528487E-07  1.000000E+00  2.880099E-04  1.741711E-23  6.041993E-24   5.000000E-01 NotAppl  2.051370E+00  0.000000E+00  
1.446243E+03  6.575573E-04  7.826207E-02  -6.698304E+00  1.000000E+00  2.281139E-03  5.785148E-24  9.719026E-08   4.218281E-290 LZ5Tmedian  2.097937E+00  0.000000E+00  
6.010800E+01  9.141754E+02  -9.141629E+02  9.867795E-05  1.000000E+00  6.744986E-03  2.525102E-31  1.412650E-14   5.000000E-01 NotAppl  2.636246E-06  3.812294E-06  
2.594068E+02  2.549102E+00  9.489261E+00  -1.097833E-05  1.000000E+00  1.718184E-02  3.439239E-25  8.751592E-18   5.000000E-01 NotAppl  6.847460E-01  0.000000E+00  
4.487702E+02  3.715502E+01  -3.714800E+01  -2.688160E-07  1.000000E+00  7.703154E-03  8.286493E-25  1.708573E-21   5.000000E-01 NotAppl  9.341776E-01  0.000000E+00  
3.802536E+02  2.515706E+00  6.319757E+02  1.649519E-02  1.000000E+00  2.210857E-04  2.086465E-23  9.029404E-12   5.000000E-01 NotAppl  2.807625E+01  0.000000E+00  
1.185416E+03  3.414291E-01  -3.389577E-01  2.712351E-08  1.000000E+00  5.084180E-01  1.560127E-26  2.390913E-24   5.000000E-01 NotAppl  6.439505E-03  0.000000E+00  
2.920160E+02  1.988177E-02  3.368418E-03  3.644692E-06  1.000000E+00  3.573844E-02  2.388633E-25  7.568547E-19   5.000000E-01 NotAppl  4.203812E-01  0.000000E+00  
9.262296E+01  1.361369E-03  7.173648E-02  1.051402E-10  1.000000E+00  5.547242E-03  1.047417E-24  6.626007E-27   5.000000E-01 NotAppl  6.207374E+00  0.000000E+00  
7.280731E+03  4.473111E-04  2.631275E+00  -2.679026E-05  1.000000E+00  1.898515E+00  2.285748E-27  5.795110E-20   5.000000E-01 NotAppl  1.501270E-04  0.000000E+00  
1.858148E+01  4.108644E-03  6.464025E-03  1.109761E-03  1.000000E+00  1.999615E-03  2.307668E-31  1.928112E-11   2.688001E-01 NotAppl  8.489869E-06  1.668343E-03  
6.350583E+02  1.449839E+02  -1.449763E+02  4.484118E-05  1.000000E+00  7.246705E-04  9.619437E-24  2.337478E-17   5.000000E-01 NotAppl  7.556893E+00  0.000000E+00  
1.118203E+01  7.047303E-03  -6.912462E-03  3.935588E-01  1.000000E+00  8.885031E-04  2.454969E-26  6.642019E-06   0.000000E+00 XENON1T_2018  1.619758E+00  2.497113E-01  
5.239356E+01  8.422306E+00  -8.419768E+00  4.632763E-04  1.000000E+00  2.143349E-03  3.536601E-31  4.120445E-13   5.000000E-01 NotAppl  4.274361E-06  9.737803E-05  
7.013944E+02  1.997185E+02  -1.759570E+02  -5.475780E-05  1.000000E+00  2.533441E-04  1.734197E-23  2.845176E-17   5.000000E-01 NotAppl  1.227758E+01  0.000000E+00  
2.041188E+03  7.072260E+02  -7.052199E+02  -1.745750E-03  1.000000E+00  3.601885E-05  2.050908E-22  3.270651E-15   5.000000E-01 NotAppl  4.828367E+01  0.000000E+00  
2.109700E+01  2.740444E-01  1.665399E+02  1.953269E-01  1.000000E+00  2.595889E-03  7.520510E-27  4.629844E-07   0.000000E+00 XENON1T_2018  2.405809E-01  3.306570E-01  
3.873444E+02  9.711019E+02  -9.592545E+02  -1.904716E-04  1.000000E+00  7.543315E-05  5.887119E-23  1.159268E-15   5.000000E-01 NotAppl  7.748002E+01  0.000000E+00  
5.197282E+01  5.043860E+01  1.942945E+01  -2.129560E-10  1.000000E+00  3.258676E+03  6.938042E-44  8.850788E-26   5.000000E-01 NotAppl  8.456081E-19  3.599079E-17  
1.322853E+03  3.008030E-01  1.332439E+01  -6.635816E-10  1.000000E+00  7.856515E-02  6.210295E-26  1.144119E-27   5.000000E-01 NotAppl  2.322982E-02  0.000000E+00  
1.043251E+02  4.589965E-01  6.654917E+02  -1.054925E-04  1.000000E+00  2.768878E-03  1.668862E-24  5.226940E-15   5.000000E-01 NotAppl  8.605185E+00  0.000000E+00  
3.085766E+02  1.386252E+02  -1.381438E+02  1.167155E-07  1.000000E+00  9.614204E-04  6.684719E-24  6.932538E-22   5.000000E-01 NotAppl  1.116988E+01  0.000000E+00  
3.575261E+01  3.420137E-03  2.452276E+01  -6.029908E-04  1.000000E+00  4.647331E-04  1.189606E-31  1.519208E-12   5.000000E-01 NotAppl  2.143973E-06  1.253042E-04  
6.977271E+02  1.655176E+00  3.493327E-01  -2.589331E-06  1.000000E+00  1.650324E-01  4.705068E-26  6.430494E-20   5.000000E-01 NotAppl  3.353461E-02  0.000000E+00  
3.600797E+01  1.110966E+00  -1.107721E+00  1.534791E-01  1.000000E+00  3.379065E-04  7.813235E-27  9.701038E-08   0.000000E+00 XENON1T_2018  1.397804E-01  2.452913E-01  
5.459735E+01  1.238044E+01  -1.235936E+01  9.741244E-04  1.000000E+00  3.257942E-03  2.463149E-30  1.674980E-12   5.000000E-01 NotAppl  2.842237E-05  6.589508E-04  
1.660090E+02  1.700790E-02  -1.572229E-02  4.866353E-06  1.000000E+00  1.273098E-02  6.488039E-25  4.291848E-18   5.000000E-01 NotAppl  2.089183E+00  0.000000E+00  
1.312289E+03  1.398286E+02  -1.398153E+02  7.571739E+00  1.000000E+00  2.373500E-04  3.079486E-23  1.514177E-07   0.000000E+00 LZ5Tmedian  1.153358E+01  0.000000E+00  
5.585163E+02  8.234509E-02  -7.947980E-02  2.445150E-05  1.000000E+00  1.225319E-01  6.852250E-26  9.036987E-18   5.000000E-01 NotAppl  6.146175E-02  0.000000E+00  
2.976297E+03  5.861113E+02  -5.861108E+02  -2.335683E-07  1.000000E+00  4.567178E-05  1.653615E-22  2.716032E-23   5.000000E-01 NotAppl  2.646574E+01  0.000000E+00  
3.028381E+02  2.356040E+00  1.522537E+02  -1.243276E-03  1.000000E+00  1.211672E-03  3.719281E-24  8.174552E-14   5.000000E-01 NotAppl  6.308954E+00  0.000000E+00  
1.438190E+03  4.868329E+02  -4.867924E+02  -1.905264E+00  1.000000E+00  8.388345E-05  8.887929E-23  7.953318E-09   1.542247E-24 LZ5Tmedian  2.998982E+01  0.000000E+00  
1.055526E+01  1.606305E-01  -1.547089E-01  -1.714342E-01  1.000000E+00  1.809055E-03  4.535245E-27  1.411080E-06   0.000000E+00 XENON1T_2018  3.201897E-01  2.487281E-01  
1.091303E+03  1.276260E+02  -1.171103E+02  -1.405946E-09  1.000000E+00  6.719671E-04  8.515290E-24  7.605322E-27   5.000000E-01 NotAppl  3.816607E+00  0.000000E+00  
1.316044E+03  9.041309E-01  -4.613763E-01  -1.236379E+00  1.000000E+00  5.203574E-02  2.162648E-25  4.013815E-09   7.528379E-14 LZ5Tmedian  8.557586E-02  0.000000E+00  
1.076909E+01  1.492944E+01  1.400444E+02  -9.142900E-09  1.000000E+00  1.681014E+05  1.302533E-41  3.859038E-21   5.000000E-01 NotAppl  8.980216E-16  6.197618E-14  
3.729291E+01  1.510110E+00  4.019077E+01  -2.359343E-07  1.000000E+00  8.810007E-05  1.981504E-38  2.134874E-19   5.000000E-01 NotAppl  3.415061E-13  6.168626E-11  
2.205544E+02  3.613567E+01  -3.612885E+01  1.985244E-01  1.000000E+00  3.617012E-03  1.734252E-24  3.990264E-09   8.499047E-75 LZ5Tmedian  4.143038E+00  0.000000E+00  
3.885941E+01  6.267468E+01  -6.266142E+01  -8.682716E+00  1.000000E+00  1.001847E-03  5.635657E-25  2.659424E-04   0.000000E+00 XENON1T_2018  9.338427E+00  5.000527E-01  
2.679686E+01  8.000878E-04  1.166538E+02  -1.699624E-09  1.000000E+00  1.986740E-03  6.584139E-43  2.164711E-23   5.000000E-01 NotAppl  1.621904E-17  3.727880E-15  
8.188100E+03  9.239890E-01  4.561094E+00  -1.959999E-05  1.000000E+00  5.500135E-01  8.952838E-27  2.443484E-20   5.000000E-01 NotAppl  5.226079E-04  0.000000E+00  
6.074122E+02  3.301225E-01  -3.266404E-01  -4.626523E-04  1.000000E+00  1.429628E-01  5.820587E-26  2.725288E-15   5.000000E-01 NotAppl  4.786402E-02  0.000000E+00  
1.569028E+02  4.847463E+00  -4.844830E+00  -1.530587E-02  1.000000E+00  9.556571E-03  7.095110E-25  4.766230E-11   6.231214E-02 LZ5Tmedian  2.422709E+00  0.000000E+00  
3.377944E+02  3.506069E+00  -2.921976E+00  -1.463942E-05  1.000000E+00  3.974623E-02  1.892590E-25  9.062402E-18   5.000000E-01 NotAppl  2.862651E-01  0.000000E+00  
1.412453E+02  5.971017E+02  -5.970896E+02  3.933918E-06  1.000000E+00  9.168945E-04  6.361370E-24  3.905744E-18   5.000000E-01 NotAppl  2.470391E+01  0.000000E+00  
7.525182E+01  6.379018E+01  -6.311857E+01  3.827012E-03  1.000000E+00  2.077312E-02  1.085510E-29  1.342989E-11   2.488667E-01 NotAppl  9.051658E-05  0.000000E+00  
9.456795E+02  8.119615E-04  5.369954E-03  -6.928295E-04  1.000000E+00  3.341170E-01  2.430034E-26  2.473998E-15   5.000000E-01 NotAppl  1.265274E-02  0.000000E+00  
1.625424E+03  3.241261E+02  -3.241254E+02  3.148551E-06  1.000000E+00  1.460317E-04  5.030318E-23  1.692339E-20   5.000000E-01 NotAppl  1.496120E+01  0.000000E+00  
1.553910E+03  3.094355E-02  -3.059040E-02  1.347067E-04  1.000000E+00  8.582853E-01  9.071038E-27  3.395345E-17   5.000000E-01 NotAppl  2.835919E-03  0.000000E+00  
2.931359E+03  1.261005E-01  -1.233122E-01  2.286362E-08  1.000000E+00  2.879084E+00  2.570081E-27  2.684394E-25   5.000000E-01 NotAppl  4.198201E-04  0.000000E+00  
1.067115E+03  1.607863E+01  -1.607674E+01  -5.412071E-06  1.000000E+00  3.765259E-02  1.684918E-25  1.179707E-19   5.000000E-01 NotAppl  7.730314E-02  0.000000E+00  
6.317686E+02  7.276836E-03  -7.169806E-04  4.715289E-06  1.000000E+00  1.551393E-01  5.381953E-26  2.612282E-19   5.000000E-01 NotAppl  4.249177E-02  0.000000E+00  
7.026219E+03  4.349995E+01  -4.273508E+01  -3.565864E-09  1.000000E+00  6.048416E-03  1.111424E-24  1.103652E-27   5.000000E-01 NotAppl  7.428878E-02  0.000000E+00  
3.388593E+01  3.911973E+02  -3.911970E+02  7.749125E-01  1.000000E+00  4.317132E-03  1.786260E-25  2.797498E-06   0.000000E+00 XENON1T_2018  3.408471E+00  4.996541E-01  
2.756647E+02  1.666632E-04  5.910919E-03  -4.131438E+00  1.000000E+00  4.848391E-05  3.040770E-22  1.094320E-06   0.000000E+00 XENON1T_2018  6.790135E+02  0.000000E+00  
2.729655E+03  4.627351E-02  2.557496E-02  -1.422515E-02  1.000000E+00  2.520642E+00  2.953975E-27  1.201438E-13   5.000000E-01 NotAppl  5.189230E-04  0.000000E+00  
7.371945E+02  7.279220E+00  -7.031159E+00  2.251299E-03  1.000000E+00  9.657345E-02  7.085588E-26  4.344215E-14   5.000000E-01 NotAppl  4.766548E-02  0.000000E+00  
5.568368E+03  6.859873E-02  3.472785E+02  -1.183466E-04  1.000000E+00  1.669622E-04  3.058346E-23  1.950056E-18   5.000000E-01 NotAppl  2.645022E+00  0.000000E+00  
1.196128E+02  7.344178E-04  3.112401E-02  4.105531E-07  1.000000E+00  7.398969E-03  1.066404E-24  5.981327E-20   5.000000E-01 NotAppl  4.816453E+00  0.000000E+00  
3.134210E+02  4.316310E-04  7.363308E-03  -2.048386E-06  1.000000E+00  4.085264E-02  2.089575E-25  2.068270E-19   5.000000E-01 NotAppl  3.416319E-01  0.000000E+00  
3.219925E+01  2.240321E-04  9.213205E-02  4.931137E-04  1.000000E+00  1.782783E-03  6.730968E-32  1.256408E-12   5.000000E-01 NotAppl  1.356956E-06  2.972572E-04  
1.466271E+02  4.497340E-03  8.403850E+02  6.326258E-08  1.000000E+00  1.261997E-03  3.551430E-24  9.355238E-22   5.000000E-01 NotAppl  1.268877E+01  0.000000E+00  
1.553086E+03  8.615399E-02  4.411111E+02  -2.934929E-08  1.000000E+00  1.313611E-04  3.899811E-23  1.613503E-24   5.000000E-01 NotAppl  1.241539E+01  0.000000E+00  
7.127034E+02  8.204385E-04  2.549563E+00  2.286370E-07  1.000000E+00  1.776514E-01  4.426863E-26  4.800839E-22   5.000000E-01 NotAppl  3.087589E-02  0.000000E+00  
3.506392E+01  2.393491E+02  -2.392483E+02  1.199009E-01  1.000000E+00  3.727475E-03  4.540230E-27  6.248712E-08   0.000000E+00 XENON1T_2018  8.353130E-02  4.850813E-01  
1.873759E+03  1.843023E-04  2.585502E+02  4.856826E-04  1.000000E+00  3.185311E-04  1.565146E-23  3.013797E-16   5.000000E-01 NotAppl  4.110866E+00  0.000000E+00  
8.396015E+01  2.397646E-03  4.027201E+00  6.813033E-04  1.000000E+00  4.917377E-03  6.315830E-25  3.402453E-13   5.000000E-01 NotAppl  4.229649E+00  0.000000E+00  
6.295538E+01  6.963099E-04  1.003326E+02  1.227944E+00  1.000000E+00  2.936194E-05  1.031797E-21  1.990356E-06   0.000000E+00 XENON1T_2018  1.028442E+04  0.000000E+00  
2.167689E+01  7.974073E+02  -7.973846E+02  1.637520E-08  1.000000E+00  3.517694E-02  5.351484E-41  3.081332E-21   5.000000E-01 NotAppl  1.661531E-15  3.593638E-13  
4.814492E+02  5.650409E+00  -5.629367E+00  3.466537E-08  1.000000E+00  6.650952E-02  1.101220E-25  2.460780E-23   5.000000E-01 NotAppl  1.152515E-01  0.000000E+00  
8.160823E+02  4.016960E-02  -3.918029E-02  -1.055112E+00  1.000000E+00  2.545829E-02  4.665150E-25  7.752701E-09   2.158240E-41 LZ5Tmedian  3.022101E-01  0.000000E+00  
7.991203E+03  5.851852E+01  3.820298E+02  -2.338955E-01  1.000000E+00  1.021157E-04  5.144756E-23  3.656047E-12   5.000000E-01 NotAppl  3.081116E+00  0.000000E+00  
4.687880E+02  2.195218E-03  -1.975488E-03  -1.433250E+00  1.000000E+00  4.191188E-03  3.037756E-24  4.442202E-08   0.000000E+00 LZ5Tmedian  3.585900E+00  0.000000E+00  
1.023676E+03  2.336775E-01  -2.334753E-01  -1.272491E-02  1.000000E+00  3.869630E-01  2.078425E-26  7.098962E-13   5.000000E-01 NotAppl  9.975270E-03  0.000000E+00  
7.633106E+03  2.991007E+00  8.469077E+00  -5.093104E-03  1.000000E+00  1.354743E-01  4.098064E-26  1.902726E-15   5.000000E-01 NotAppl  2.565527E-03  0.000000E+00  
5.916875E+03  1.018394E+02  -1.017941E+02  3.427899E-10  1.000000E+00  1.167019E-03  6.021440E-24  1.446123E-29   5.000000E-01 NotAppl  4.790545E-01  0.000000E+00  
6.779675E+02  1.786496E+02  -1.785616E+02  3.582453E+00  1.000000E+00  2.130373E-04  3.396300E-23  1.305343E-07   0.000000E+00 XENON1T_2018  2.504798E+01  0.000000E+00  
9.896912E+01  1.098782E+01  1.946236E+01  -4.377242E-04  1.000000E+00  2.248579E-03  1.388495E-24  1.002592E-13   5.000000E-01 NotAppl  7.636804E+00  0.000000E+00  
8.040772E+02  7.341272E+01  -3.645577E+01  3.814121E-10  1.000000E+00  1.236851E-03  3.244020E-24  1.044217E-27   5.000000E-01 NotAppl  1.997099E+00  0.000000E+00  
1.432391E+03  3.005826E-02  5.177081E-01  -4.958854E-01  1.000000E+00  2.603357E-01  3.857472E-26  5.432245E-10   2.328506E-02 LZ5Tmedian  1.373615E-02  0.000000E+00  
6.495544E+01  1.156191E+01  -1.111972E+01  1.689851E-10  1.000000E+00  1.102530E-02  6.541034E-43  3.536264E-26   5.000000E-01 NotAppl  6.335135E-18  0.000000E+00  
4.616435E+01  2.651590E+02  -1.229555E+02  8.108954E-09  1.000000E+00  2.982928E+04  4.645299E-41  1.633797E-22   5.000000E-01 NotAppl  6.402600E-16  6.333639E-14  
6.065663E+03  3.015734E-03  -2.722781E-03  -4.011270E+00  1.000000E+00  1.072314E-01  1.072924E-25  1.882751E-09   4.525668E-02 LZ5Tmedian  8.844270E-03  0.000000E+00  
1.198034E+01  5.762157E+00  3.818928E-01  3.729462E+00  1.000000E+00  7.263250E-03  4.257396E-25  5.208493E-04   0.000000E+00 XENON1T_2018  2.598273E+01  2.539007E-01  
7.301824E+01  1.295327E-01  3.906112E+01  2.595548E-09  1.000000E+00  5.916449E-03  7.547703E-42  6.569623E-24   5.000000E-01 NotAppl  6.490824E-17  0.000000E+00  
3.594516E+03  4.103737E+01  -4.079863E+01  1.610629E-04  1.000000E+00  6.727253E-03  9.846514E-25  8.796168E-18   5.000000E-01 NotAppl  1.299768E-01  0.000000E+00  
1.235601E+02  3.961495E+00  -3.951192E+00  -1.428728E-03  1.000000E+00  6.475208E-03  1.042829E-24  6.777216E-13   5.000000E-01 NotAppl  4.552338E+00  0.000000E+00  
8.410605E+01  5.538224E-04  9.471140E-01  -6.004566E-03  1.000000E+00  5.489266E-03  5.961860E-25  2.633476E-11   7.940546E-02 LZ5Tmedian  3.981615E+00  0.000000E+00  
1.678448E+03  6.371227E-04  2.687416E+02  -1.243177E-05  1.000000E+00  3.027302E-04  1.651498E-23  2.471223E-19   5.000000E-01 NotAppl  4.855529E+00  0.000000E+00  
4.438476E+03  6.939760E+01  -6.939659E+01  -1.213516E-03  1.000000E+00  2.444779E-03  2.800465E-24  3.251466E-16   5.000000E-01 NotAppl  2.982780E-01  0.000000E+00  
2.055157E+01  9.550077E+01  -9.550036E+01  2.052606E+00  1.000000E+00  6.670810E-03  7.387321E-25  5.389013E-05   0.000000E+00 XENON1T_2018  2.431448E+01  4.999566E-01  
4.483200E+01  1.933371E+01  -4.352195E+00  -3.570127E-09  1.000000E+00  1.145286E+00  7.897636E-42  3.361492E-23   5.000000E-01 NotAppl  1.122064E-16  5.808948E-15  
8.145398E+01  2.792646E-04  3.854139E+01  -2.711717E+00  1.000000E+00  9.495287E-05  8.134475E-23  5.735453E-06   0.000000E+00 XENON1T_2018  5.737660E+02  0.000000E+00  
2.214727E+02  1.978464E+02  -1.978462E+02  -8.997509E-10  1.000000E+00  8.042072E-04  8.014859E-24  8.126836E-26   5.000000E-01 NotAppl  1.900175E+01  0.000000E+00  
1.929397E+03  2.028563E+01  -2.028305E+01  -1.703739E-04  1.000000E+00  2.575712E-02  2.458435E-25  3.493964E-17   5.000000E-01 NotAppl  6.133239E-02  0.000000E+00  
9.869617E+02  8.686913E-01  -8.046024E-01  2.635629E-09  1.000000E+00  3.495123E-01  2.278423E-26  3.281202E-26   5.000000E-01 NotAppl  1.135197E-02  0.000000E+00  
1.364330E+01  2.431644E+02  5.227955E+02  -9.362054E-02  1.000000E+00  1.482128E+00  1.492066E-27  2.539141E-07   0.000000E+00 XENON1T_2018  7.803789E-02  9.243666E-01  
5.791899E+03  2.854909E-02  9.608457E-01  -3.598457E-10  1.000000E+00  6.266343E+00  9.220459E-28  1.664277E-29   5.000000E-01 NotAppl  7.573588E-05  0.000000E+00  
1.366975E+03  5.592426E+02  -5.592420E+02  -1.278111E-04  1.000000E+00  6.291846E-05  1.196013E-22  3.969692E-17   5.000000E-01 NotAppl  4.250604E+01  0.000000E+00  
1.542581E+01  5.110366E+02  -5.108844E+02  5.293278E+00  1.000000E+00  5.999094E-03  8.745566E-25  6.360842E-04   0.000000E+00 XENON1T_2018  3.971759E+01  5.001394E-01  
4.207938E+02  1.427591E+02  -1.292266E+02  1.427716E-04  1.000000E+00  5.267523E-04  8.184664E-24  5.497928E-16   5.000000E-01 NotAppl  9.872340E+00  0.000000E+00  
7.918357E+01  7.149150E-02  -7.077460E-02  2.361260E-08  1.000000E+00  7.403944E-03  2.305063E-40  4.607374E-22   5.000000E-01 NotAppl  1.826042E-15  0.000000E+00  
5.677248E+01  1.653520E+01  -1.653441E+01  4.677234E-01  1.000000E+00  1.580851E-03  1.040430E-24  3.565798E-07   0.000000E+00 XENON1T_2018  1.153707E+01  4.981099E-01  
6.772872E+03  1.231525E-03  2.834983E-03  9.482301E-02  1.000000E+00  1.365791E+01  5.292362E-28  8.408785E-13   5.000000E-01 NotAppl  3.710778E-05  0.000000E+00  
6.939601E+01  3.836608E-03  2.884855E+01  1.253351E-02  1.000000E+00  5.122667E-03  4.291263E-28  1.699640E-10   9.334895E-09 LZ5Tmedian  3.860226E-03  0.000000E+00  
1.012758E+02  1.593189E-01  7.114644E+00  2.107536E-04  1.000000E+00  4.803574E-03  1.255449E-24  2.216986E-14   5.000000E-01 NotAppl  6.735346E+00  0.000000E+00  
1.019221E+03  2.079704E-02  1.301499E-01  -6.537266E-10  1.000000E+00  3.846569E-01  2.096065E-26  1.890357E-27   5.000000E-01 NotAppl  1.010399E-02  0.000000E+00  
1.098732E+01  8.206378E+00  -7.970252E+00  2.678501E-06  1.000000E+00  2.027615E-01  1.128251E-36  3.184383E-16   5.000000E-01 NotAppl  7.598712E-11  8.448036E-09  
1.238379E+03  5.134821E-02  -5.026139E-02  6.959964E-04  1.000000E+00  5.573197E-01  1.424268E-26  1.439981E-15   5.000000E-01 NotAppl  5.620808E-03  0.000000E+00  
1.205974E+01  2.424066E+01  3.609621E+00  -1.316332E-07  1.000000E+00  8.824808E+05  2.829966E-39  6.404746E-19   5.000000E-01 NotAppl  1.708570E-13  3.284052E-12  
6.049892E+02  5.782609E-01  -2.075817E-01  -1.793909E+00  1.000000E+00  4.761385E-03  2.598567E-24  4.130973E-08   1.422942E-291 LZ5Tmedian  2.340566E+00  0.000000E+00  
5.471873E+01  9.199679E+00  -9.146295E+00  3.075155E-05  1.000000E+00  3.344665E-03  2.526727E-33  1.661683E-15   5.000000E-01 NotAppl  2.908850E-08  6.528701E-07  
7.826313E+03  1.862293E+00  6.274485E+01  1.371887E-10  1.000000E+00  4.445172E-03  1.120168E-24  1.312190E-30   5.000000E-01 NotAppl  6.857850E-02  0.000000E+00  
5.158234E+03  1.061383E-01  9.929289E+00  -1.774871E-04  1.000000E+00  1.579212E-01  2.797517E-26  5.124046E-18   5.000000E-01 NotAppl  2.613664E-03  0.000000E+00  
2.244513E+01  3.851565E-04  4.867069E+02  1.005110E+00  1.000000E+00  1.565480E-03  2.025080E-25  1.082326E-05   0.000000E+00 XENON1T_2018  6.062374E+00  3.332500E-01  
5.396814E+02  1.109768E-02  5.607000E+00  -1.098884E-04  1.000000E+00  9.011537E-02  8.189360E-26  1.957845E-16   5.000000E-01 NotAppl  7.620952E-02  0.000000E+00  
7.696164E+03  4.404481E+02  -4.404477E+02  3.579036E-07  1.000000E+00  6.990087E-05  1.081468E-22  9.240282E-24   5.000000E-01 NotAppl  6.591930E+00  0.000000E+00  
1.138576E+01  1.061587E+01  -1.061570E+01  1.755315E-03  1.000000E+00  1.695859E-01  4.920399E-31  1.275261E-10   1.307847E-01 NotAppl  3.177782E-05  2.844981E-03  
3.919504E+02  4.079042E-02  -3.320304E-02  5.096953E-02  1.000000E+00  6.047288E-02  1.429105E-25  8.102863E-11   1.346460E-01 NotAppl  1.856030E-01  0.000000E+00  
6.969541E+01  7.194304E-03  -3.505479E-03  1.460883E-03  1.000000E+00  5.980287E-03  5.333922E-30  2.288884E-12   5.000000E-01 NotAppl  4.808934E-05  0.000000E+00  
2.375974E+03  6.141825E-04  1.396107E+01  1.427088E-06  1.000000E+00  8.053189E-02  5.620074E-26  1.604021E-21   5.000000E-01 NotAppl  1.155599E-02  0.000000E+00  
8.567414E+02  1.873063E-02  4.867496E+00  -3.009438E-03  1.000000E+00  1.931623E-01  3.584980E-26  5.710869E-14   5.000000E-01 NotAppl  2.072820E-02  0.000000E+00  
4.540383E+01  9.867614E-03  2.519028E+00  -2.114432E-02  1.000000E+00  2.491147E-04  2.926596E-28  1.149067E-09   5.969467E-65 LZ5Tmedian  4.104174E-03  1.776059E-01  
7.180907E+03  1.866781E-02  1.921009E-01  1.152012E-02  1.000000E+00  1.553541E+01  4.437219E-28  1.102053E-14   5.000000E-01 NotAppl  2.919133E-05  0.000000E+00  
2.513168E+01  4.047788E-01  -4.042285E-01  -4.372936E-01  1.000000E+00  5.553995E-03  4.153431E-26  1.631209E-06   0.000000E+00 XENON1T_2018  1.098352E+00  2.505426E-01  
4.921653E+03  6.045313E+00  -6.044331E+00  -2.917179E-03  1.000000E+00  2.615435E-01  2.240464E-26  1.522860E-15   5.000000E-01 NotAppl  2.149069E-03  0.000000E+00  
2.394088E+03  2.466669E+02  -2.120946E+02  1.839623E-03  1.000000E+00  1.663460E-04  3.262648E-23  2.624512E-15   5.000000E-01 NotAppl  6.524128E+00  0.000000E+00  
3.211980E+01  1.607857E-03  7.862503E+02  -2.794395E-05  1.000000E+00  1.645721E-03  2.154297E-34  4.054966E-15   5.000000E-01 NotAppl  4.354629E-09  9.568536E-07  
9.881609E+02  2.538979E-04  2.884216E+01  -9.956180E-07  1.000000E+00  1.968309E-02  2.397247E-25  4.670606E-21   5.000000E-01 NotAppl  1.212009E-01  0.000000E+00  
4.078692E+02  5.271657E-03  6.531062E+00  -3.408432E-08  1.000000E+00  5.374241E-02  1.381409E-25  3.339997E-23   5.000000E-01 NotAppl  1.718342E-01  0.000000E+00  
1.829338E+02  1.036427E-03  1.655069E+01  1.041732E-04  1.000000E+00  1.064193E-02  6.375132E-25  1.611873E-15   5.000000E-01 NotAppl  1.825744E+00  0.000000E+00  
7.344275E+02  9.279423E-02  -8.871198E-02  9.921409E-05  1.000000E+00  2.064548E-01  4.003809E-26  8.502145E-17   5.000000E-01 NotAppl  2.705462E-02  0.000000E+00  
5.324571E+03  7.892850E-01  -6.278075E-01  -8.563289E-10  1.000000E+00  5.767537E+00  1.152509E-27  1.118252E-28   5.000000E-01 NotAppl  1.024305E-04  0.000000E+00  
2.270883E+01  1.209286E+02  -1.209223E+02  6.092758E-03  1.000000E+00  3.049927E-02  7.584545E-30  3.884601E-10   1.607380E-16 LZ5Tmedian  2.237207E-04  4.496686E-02  
1.805805E+03  2.405919E+01  -1.222578E+00  4.892808E-10  1.000000E+00  1.311214E-02  4.821441E-25  3.297770E-28   5.000000E-01 NotAppl  1.295307E-01  0.000000E+00  
2.437504E+01  3.044242E-04  1.417519E-02  -7.728948E-10  1.000000E+00  2.793258E-03  1.271908E-43  5.419878E-24   5.000000E-01 NotAppl  3.477585E-18  7.857373E-16  
4.137475E+02  4.608495E-03  -8.004138E-04  2.548813E-02  1.000000E+00  6.856305E-02  1.246019E-25  1.813833E-11   5.000000E-01 NotAppl  1.526904E-01  0.000000E+00  
2.082820E+03  2.213639E+02  -2.213618E+02  -2.352843E-03  1.000000E+00  2.778158E-04  2.591278E-23  5.701525E-15   5.000000E-01 NotAppl  5.975532E+00  0.000000E+00  
1.584388E+03  2.412225E+02  -2.412186E+02  -5.365458E-04  1.000000E+00  2.471538E-04  2.928111E-23  5.177498E-16   5.000000E-01 NotAppl  8.940556E+00  0.000000E+00  
8.610613E+01  1.486769E-02  2.168750E-01  -3.592989E-06  1.000000E+00  5.670146E-03  7.077818E-25  8.985904E-18   5.000000E-01 NotAppl  4.588587E+00  0.000000E+00  
3.675162E+01  1.766272E-02  -1.575635E-02  2.429965E-01  1.000000E+00  2.158165E-04  2.039644E-26  2.332864E-07   0.000000E+00 XENON1T_2018  3.562142E-01  2.490715E-01  
5.454082E+01  3.806122E-04  2.858467E+02  7.905703E-01  1.000000E+00  1.844911E-03  1.570669E-24  1.105552E-06   0.000000E+00 XENON1T_2018  1.822321E+01  3.330825E-01  
1.021243E+01  4.489072E-04  4.678377E-04  -1.425236E-06  1.000000E+00  7.206997E-04  3.081809E-37  1.040285E-16   5.000000E-01 NotAppl  2.262040E-11  2.862608E-09  
5.070256E+03  1.028477E-04  9.635589E-03  1.127976E-10  1.000000E+00  8.344654E+00  8.574224E-28  2.143227E-30   5.000000E-01 NotAppl  8.021877E-05  0.000000E+00  
7.288600E+03  5.777703E+01  2.026581E+02  1.450990E-10  1.000000E+00  2.805434E-04  1.962522E-23  1.696225E-30   5.000000E-01 NotAppl  1.288520E+00  0.000000E+00  
3.845323E+02  2.815119E-01  -2.626701E-01  -4.756288E-10  1.000000E+00  5.979971E-02  1.414838E-25  7.337290E-27   5.000000E-01 NotAppl  1.870157E-01  0.000000E+00  
1.649867E+03  2.410800E-03  4.523739E-02  4.627592E-09  1.000000E+00  9.620113E-01  8.051687E-27  3.546187E-26   5.000000E-01 NotAppl  2.367223E-03  0.000000E+00  
5.098510E+01  1.490294E-03  2.877419E-03  8.719685E-03  1.000000E+00  1.931881E-03  9.894174E-29  1.543081E-10   4.084558E-09 LZ5Tmedian  1.230456E-03  5.019020E-02  
2.525831E+01  1.343186E-03  5.072138E+01  1.950858E-06  1.000000E+00  1.881521E-03  8.297292E-37  3.213728E-17   5.000000E-01 NotAppl  2.180563E-11  4.972729E-09  
3.784121E+01  1.632783E-03  5.361798E-02  -7.835350E-08  1.000000E+00  8.518739E-05  2.256403E-39  2.285746E-20   5.000000E-01 NotAppl  3.822261E-14  6.979382E-12  
1.547218E+02  1.038908E-01  -1.034896E-01  -5.401510E-04  1.000000E+00  1.124219E-02  7.289132E-25  6.108739E-14   5.000000E-01 NotAppl  2.522959E+00  0.000000E+00  
2.007717E+01  7.753468E+01  -7.753414E+01  -2.260525E-01  1.000000E+00  4.101355E-02  9.859466E-27  6.849848E-07   0.000000E+00 XENON1T_2018  3.330257E-01  4.964120E-01  
3.156500E+01  1.430455E-03  -1.214262E-03  -9.081241E-10  1.000000E+00  2.080532E-03  2.223659E-43  4.436503E-24   5.000000E-01 NotAppl  4.580165E-18  1.016750E-15  
3.959958E+01  3.115737E+01  -3.115130E+01  2.355322E+00  1.000000E+00  6.346960E-04  1.767395E-24  1.883298E-05   0.000000E+00 XENON1T_2018  2.857184E+01  4.999815E-01  
8.506174E+03  9.414753E-01  -9.409401E-01  1.706649E-01  1.000000E+00  5.457175E+00  1.253655E-27  1.714638E-12   5.000000E-01 NotAppl  6.948716E-05  0.000000E+00  
3.035914E+02  7.759510E+02  -7.759508E+02  1.177217E-05  1.000000E+00  1.940281E-04  3.493204E-23  7.291755E-18   5.000000E-01 NotAppl  5.939308E+01  0.000000E+00  
6.713865E+01  9.476185E-03  1.751711E+02  3.545197E-04  1.000000E+00  4.839842E-03  7.824567E-31  1.454848E-13   5.000000E-01 NotAppl  7.327917E-06  0.000000E+00  
3.250275E+02  1.735152E-01  -5.937229E-02  -5.963303E-01  1.000000E+00  9.308777E-03  1.232044E-24  1.627138E-08   4.005296E-210 LZ5Tmedian  2.106443E+00  0.000000E+00  
7.269144E+01  2.669634E+01  -2.669610E+01  3.681805E-07  1.000000E+00  1.748342E-02  1.624011E-37  1.334084E-19   5.000000E-01 NotAppl  1.402684E-12  0.000000E+00  
2.645802E+01  5.490081E-01  -5.484289E-01  -4.421353E+00  1.000000E+00  4.804947E-03  3.956853E-25  1.503043E-04   0.000000E+00 XENON1T_2018  1.002380E+01  2.506290E-01  
1.431154E+01  4.027305E-02  5.198109E-01  6.328074E-09  1.000000E+00  9.669798E-04  6.917185E-42  1.055160E-21   5.000000E-01 NotAppl  3.422695E-16  5.565746E-14  
1.331226E+02  3.552016E+00  -3.550929E+00  -7.855903E-05  1.000000E+00  7.378639E-03  9.416165E-25  1.758639E-15   5.000000E-01 NotAppl  3.808560E+00  0.000000E+00  
6.714332E+02  4.373067E+00  4.909838E+01  -1.875608E-10  1.000000E+00  6.112932E-03  7.648956E-25  3.649579E-28   5.000000E-01 NotAppl  5.748663E-01  0.000000E+00  
1.742509E+02  1.082197E-04  2.588056E-01  -5.633389E-04  1.000000E+00  1.374860E-02  5.970868E-25  5.207673E-14   5.000000E-01 NotAppl  1.829478E+00  0.000000E+00  
1.345311E+02  9.197113E-04  5.185137E-02  1.582189E-05  1.000000E+00  8.895484E-03  9.078046E-25  6.981212E-17   5.000000E-01 NotAppl  3.630669E+00  0.000000E+00  
1.378171E+03  9.911176E-01  -9.910059E-01  4.274256E+00  1.000000E+00  5.508516E-03  2.290493E-24  4.366315E-08   4.231490E-137 LZ5Tmedian  8.498028E-01  0.000000E+00  
8.394396E+03  1.311739E+02  -1.311505E+02  -2.135234E-10  1.000000E+00  7.165281E-04  1.000660E-23  2.757027E-30   5.000000E-01 NotAppl  5.586704E-01  0.000000E+00  
3.213781E+02  1.563685E+02  -1.506125E+02  9.864929E-08  1.000000E+00  5.995346E-04  8.155463E-24  4.556995E-22   5.000000E-01 NotAppl  1.305693E+01  0.000000E+00  
4.444604E+01  6.538465E-03  3.516500E+02  2.307241E-02  1.000000E+00  1.962827E-04  3.183658E-28  1.428877E-09   7.533854E-81 LZ5Tmedian  4.553392E-03  2.051830E-01  
7.585299E+03  1.367122E-01  2.257628E+01  -1.919707E-07  1.000000E+00  3.320444E-02  1.392949E-25  2.737936E-24   5.000000E-01 NotAppl  8.801018E-03  0.000000E+00  
1.369825E+02  5.848049E+01  -5.836752E+01  6.204320E-08  1.000000E+00  3.189842E-03  1.825804E-24  1.034486E-21   5.000000E-01 NotAppl  7.258122E+00  0.000000E+00  
5.325995E+03  2.324461E-01  5.910027E+01  2.152018E-07  1.000000E+00  5.130462E-03  9.408796E-25  7.058531E-24   5.000000E-01 NotAppl  8.513620E-02  0.000000E+00  
2.363712E+03  1.707818E+02  -1.707801E+02  -2.542398E-06  1.000000E+00  4.448815E-04  1.598842E-23  5.144846E-21   5.000000E-01 NotAppl  3.238516E+00  0.000000E+00  
4.175817E+01  2.659905E+00  -2.649963E+00  1.280093E-07  1.000000E+00  2.226532E-04  7.835757E-39  4.993700E-20   5.000000E-01 NotAppl  1.198943E-13  1.551081E-11  
4.705833E+02  5.249637E-04  6.200743E-01  3.223696E-09  1.000000E+00  8.760489E-02  9.583009E-26  2.229805E-25   5.000000E-01 NotAppl  1.026753E-01  0.000000E+00  
8.059982E+01  1.475277E-01  1.098906E+00  7.999958E-01  1.000000E+00  7.936660E-04  6.054300E-24  5.100470E-07   0.000000E+00 XENON1T_2018  4.340207E+01  0.000000E+00  
4.474190E+03  1.328228E-01  1.158848E+01  -2.258515E-08  1.000000E+00  1.169060E-01  3.811306E-26  1.108041E-25   5.000000E-01 NotAppl  4.113000E-03  0.000000E+00  
8.591364E+03  3.977269E-03  7.310944E+00  3.856344E-09  1.000000E+00  2.928468E-01  1.473711E-26  8.579188E-28   5.000000E-01 NotAppl  8.205638E-04  0.000000E+00  
9.854152E+03  1.438224E+00  -1.438049E+00  -9.148757E-03  1.000000E+00  3.869689E+00  1.426037E-27  3.654988E-15   5.000000E-01 NotAppl  6.776693E-05  0.000000E+00  
2.018691E+02  4.701732E-02  -1.602975E-02  9.026225E-08  1.000000E+00  1.799361E-02  4.708126E-25  9.889314E-22   5.000000E-01 NotAppl  1.218193E+00  0.000000E+00  
8.223965E+02  8.819980E-03  3.107386E-02  2.998622E-02  1.000000E+00  2.539507E-01  3.243931E-26  6.164004E-12   5.000000E-01 NotAppl  1.951895E-02  0.000000E+00  
3.357710E+02  2.377462E-01  -2.340879E-01  -1.110578E-04  1.000000E+00  4.626692E-02  1.834020E-25  5.280012E-16   5.000000E-01 NotAppl  2.791052E-01  0.000000E+00  
2.348651E+01  6.941237E+02  2.400768E+02  -1.852081E-07  1.000000E+00  3.901561E+06  7.140765E-39  3.354139E-19   5.000000E-01 NotAppl  2.032161E-13  4.542082E-11  
4.258761E+01  6.030647E+01  -5.982894E+01  8.203067E-04  1.000000E+00  9.392101E-05  3.432444E-31  1.970216E-12   5.000000E-01 NotAppl  5.134273E-06  6.996851E-04  
1.021668E+03  2.078015E+02  -2.077979E+02  7.094865E-10  1.000000E+00  3.504312E-04  2.048543E-23  2.215716E-27   5.000000E-01 NotAppl  9.826526E+00  0.000000E+00  
6.899793E+03  9.448849E-04  1.626493E-01  2.863526E-01  1.000000E+00  8.674362E+00  9.440319E-28  7.384577E-12   5.000000E-01 NotAppl  6.630707E-05  0.000000E+00  
1.525374E+03  3.834081E+02  -3.834071E+02  -2.127404E-09  1.000000E+00  1.112642E-04  6.657042E-23  8.794630E-27   5.000000E-01 NotAppl  2.113599E+01  0.000000E+00  
5.306577E+03  1.803923E+00  -1.400924E-01  -5.246693E-03  1.000000E+00  2.049754E+00  3.407913E-27  4.226866E-15   5.000000E-01 NotAppl  3.046142E-04  0.000000E+00  
2.869676E+01  6.115354E-03  5.670525E+00  1.356548E-09  1.000000E+00  2.050470E-03  4.458744E-43  1.200624E-23   5.000000E-01 NotAppl  1.018662E-17  1.982603E-15  
8.484920E+03  3.213987E-02  3.169279E+02  -7.776257E-08  1.000000E+00  1.980235E-04  2.612812E-23  3.577927E-25   5.000000E-01 NotAppl  1.473772E+00  0.000000E+00  
4.696504E+02  1.588203E-03  -1.519526E-04  4.311416E-01  1.000000E+00  3.444393E-02  3.141384E-25  4.004622E-09   7.752757E-37 LZ5Tmedian  3.511314E-01  0.000000E+00  
5.346030E+01  1.208893E+01  -1.208881E+01  2.043612E-10  1.000000E+00  2.649744E-03  8.445717E-44  7.695113E-26   5.000000E-01 NotAppl  9.995624E-19  3.091152E-17  
4.215004E+03  1.016371E-01  6.041079E+02  6.579886E-05  1.000000E+00  6.111462E-05  8.506252E-23  1.061828E-18   5.000000E-01 NotAppl  9.756718E+00  0.000000E+00  
1.855086E+01  2.792059E+02  -2.792050E+02  3.774647E-10  1.000000E+00  5.449348E-02  2.668108E-44  2.238002E-24   5.000000E-01 NotAppl  9.838371E-19  1.944112E-16  
3.283247E+03  8.233197E+01  -8.231773E+01  -8.475442E+00  1.000000E+00  2.691178E-03  1.930399E-24  2.928680E-08   2.680503E-39 LZ5Tmedian  2.956450E-01  0.000000E+00  
1.705239E+02  2.877251E-01  -2.587964E-01  -9.019968E+00  1.000000E+00  2.173548E-07  7.710847E-20  1.395598E-05   0.000000E+00 XENON1T_2018  2.853794E+05  0.000000E+00  
6.970235E+02  1.887894E+02  -1.887879E+02  -2.752927E-03  1.000000E+00  4.546827E-04  1.558602E-23  7.283731E-14   5.000000E-01 NotAppl  1.110476E+01  0.000000E+00  
1.349214E+01  1.435095E-04  6.544123E-02  -9.250853E-03  1.000000E+00  1.010645E-03  1.451784E-29  2.534477E-09   9.102886E-34 LZ5Tmedian  7.691984E-04  8.088014E-02  
1.958192E+02  3.424137E+02  -3.424125E+02  -2.552138E+00  1.000000E+00  2.396229E-05  3.086768E-22  8.414780E-07   0.000000E+00 XENON1T_2018  9.857931E+02  0.000000E+00  
1.117168E+03  2.640582E-01  1.168206E+02  9.865743E-09  1.000000E+00  1.443442E-03  3.331264E-24  3.570094E-25   5.000000E-01 NotAppl  1.487079E+00  0.000000E+00  
5.729486E+03  4.064796E+00  -4.064643E+00  8.708366E-09  1.000000E+00  5.523563E-01  1.042357E-26  9.963909E-27   5.000000E-01 NotAppl  8.570920E-04  0.000000E+00  
1.146846E+01  2.905985E+00  2.031240E+00  5.573867E+00  1.000000E+00  1.375607E-02  2.188635E-25  1.267736E-03   0.000000E+00 XENON1T_2018  1.409172E+01  2.521999E-01  
9.983340E+02  7.963155E+02  -6.661665E+02  2.640223E-02  1.000000E+00  2.289647E-05  1.659926E-22  3.216538E-12   5.000000E-01 NotAppl  8.158347E+01  0.000000E+00  
4.461795E+02  1.383244E+02  -1.055068E+02  1.969268E+00  1.000000E+00  1.685780E-04  2.208899E-23  9.278478E-08   0.000000E+00 XENON1T_2018  2.520681E+01  0.000000E+00  
3.440651E+02  4.786165E-02  1.217031E+02  -4.021278E-02  1.000000E+00  1.747836E-03  2.711835E-24  6.585233E-11   1.576080E-01 NotAppl  4.039802E+00  0.000000E+00  
2.794513E+03  2.759807E-02  -1.970576E-02  -7.112061E-09  1.000000E+00  2.638880E+00  2.817409E-27  2.862960E-26   5.000000E-01 NotAppl  4.831609E-04  0.000000E+00  
2.274789E+02  1.629862E+00  5.968720E+01  -1.307059E-01  1.000000E+00  5.011206E-03  9.124763E-25  1.623519E-09   5.214713E-30 LZ5Tmedian  2.095476E+00  0.000000E+00  
1.022035E+01  3.087460E-01  -1.248501E-01  -3.712342E-01  1.000000E+00  2.525769E-03  2.091625E-26  7.047220E-06   0.000000E+00 XENON1T_2018  1.533760E+00  2.500059E-01  
2.137334E+02  2.401853E-02  9.789368E+01  8.201241E-09  1.000000E+00  2.755922E-03  1.817067E-24  7.262544E-24   5.000000E-01 NotAppl  4.400518E+00  0.000000E+00  
7.316831E+02  1.165016E+02  -1.165014E+02  -1.017217E-01  1.000000E+00  1.066951E-03  6.476288E-24  9.005981E-11   2.978246E-01 NotAppl  4.387362E+00  0.000000E+00  
9.147840E+03  2.829361E+02  -2.829335E+02  -2.912500E-04  1.000000E+00  1.627449E-04  4.584109E-23  4.308016E-18   5.000000E-01 NotAppl  2.346362E+00  0.000000E+00  
8.949078E+03  5.049675E+00  3.534614E+02  7.885808E-07  1.000000E+00  1.561227E-04  3.334948E-23  3.302252E-23   5.000000E-01 NotAppl  1.782430E+00  0.000000E+00  
2.061400E+01  8.930642E+00  4.830660E+02  1.110279E-08  1.000000E+00  4.477829E+00  2.404876E-41  1.567174E-21   5.000000E-01 NotAppl  7.890275E-16  1.047091E-13  
2.260717E+03  3.489096E+02  -3.427261E+02  -4.915714E-04  1.000000E+00  1.121198E-04  6.125177E-23  2.106044E-16   5.000000E-01 NotAppl  1.298674E+01  0.000000E+00  
4.605668E+02  7.258526E+00  4.280816E+02  1.327644E-10  1.000000E+00  2.313376E-04  1.872230E-23  3.952169E-28   5.000000E-01 NotAppl  2.070859E+01  0.000000E+00  
2.329054E+01  1.667110E-04  1.395264E+02  7.125564E-06  1.000000E+00  1.685773E-03  1.051954E-35  5.049310E-16   5.000000E-01 NotAppl  3.021085E-10  6.730360E-08  
1.230245E+03  1.334497E-03  3.332689E-02  1.546712E-10  1.000000E+00  5.505047E-01  1.442796E-26  7.207758E-29   5.000000E-01 NotAppl  5.732547E-03  0.000000E+00  
7.103740E+03  1.500059E+02  -1.433409E+02  -3.234603E-09  1.000000E+00  5.430698E-04  1.302514E-23  8.881021E-28   5.000000E-01 NotAppl  8.610093E-01  0.000000E+00  
1.349328E+01  8.730065E+02  -7.914088E+02  1.425647E+00  1.000000E+00  8.779078E-03  3.427301E-25  6.018323E-05   0.000000E+00 XENON1T_2018  1.815692E+01  9.996475E-01  
1.234302E+01  3.081846E+01  7.018981E+01  -2.440912E-10  1.000000E+00  1.648587E+06  9.812982E-45  2.103803E-24   5.000000E-01 NotAppl  5.764776E-19  1.038828E-17  
2.501923E+02  7.683741E-03  1.280006E+01  2.992215E-03  1.000000E+00  1.883043E-02  3.664822E-25  7.001242E-13   5.000000E-01 NotAppl  7.575257E-01  0.000000E+00  
1.669108E+03  5.730864E-01  8.963968E+00  6.545797E-03  1.000000E+00  1.534742E-01  3.280721E-26  6.929645E-14   5.000000E-01 NotAppl  9.658749E-03  0.000000E+00  
2.867681E+01  1.611022E-02  1.256192E+02  2.240930E-08  1.000000E+00  2.082260E-03  1.215915E-40  3.280983E-21   5.000000E-01 NotAppl  2.776932E-15  6.373669E-13  
4.629800E+03  1.823424E-01  -1.818727E-01  7.579442E-07  1.000000E+00  6.818734E+00  1.047742E-27  1.164101E-22   5.000000E-01 NotAppl  1.074835E-04  0.000000E+00  
5.008398E+01  2.223564E+00  -2.197868E+00  -6.669861E-04  1.000000E+00  1.320039E-03  5.059966E-31  9.362758E-13   5.000000E-01 NotAppl  6.411193E-06  3.521782E-04  
6.339874E+01  5.723016E-04  6.725909E-02  -1.134637E-01  1.000000E+00  3.341739E-03  2.253457E-24  1.675199E-08   0.000000E+00 XENON1T_2018  2.239042E+01  0.000000E+00  
2.085289E+02  1.375681E+00  -1.375237E+00  -1.155672E-10  1.000000E+00  1.809309E-02  4.469432E-25  1.516830E-27   5.000000E-01 NotAppl  1.117982E+00  0.000000E+00  
2.072603E+03  2.351389E+02  -2.345106E+02  -6.562672E-05  1.000000E+00  2.463354E-04  2.902387E-23  4.480403E-18   5.000000E-01 NotAppl  6.726775E+00  0.000000E+00  
5.746834E+01  2.832635E+00  7.824108E+01  -4.624866E-09  1.000000E+00  5.786009E-03  1.306794E-40  3.400825E-23   5.000000E-01 NotAppl  1.435252E-15  1.094754E-14  
1.490744E+01  1.232415E-04  2.091562E+00  -3.137605E-04  1.000000E+00  7.980026E-04  1.721331E-32  2.392140E-12   5.000000E-01 NotAppl  8.127156E-07  1.357920E-04  
8.123144E+03  5.117680E-02  -4.814815E-02  -1.295558E-05  1.000000E+00  2.071390E+01  3.358155E-28  1.085017E-20   5.000000E-01 NotAppl  1.948979E-05  0.000000E+00  
3.132879E+03  1.176943E+00  -1.512755E-01  -5.933100E-03  1.000000E+00  2.177004E+00  3.291249E-27  1.578872E-14   5.000000E-01 NotAppl  5.024780E-04  0.000000E+00  
1.543509E+02  5.411952E+00  -5.399785E+00  -2.000318E-01  1.000000E+00  7.271829E-03  9.272786E-25  8.418904E-09   9.436822E-217 LZ5Tmedian  3.406720E+00  0.000000E+00  
8.142788E+01  6.701113E-03  1.950098E+01  -1.542929E-02  1.000000E+00  5.221415E-03  3.292491E-25  1.858045E-10   1.158606E-08 LZ5Tmedian  2.314667E+00  0.000000E+00  
7.140154E+01  4.958420E-04  4.552517E-02  2.894494E-08  1.000000E+00  6.204956E-03  1.337930E-39  8.552403E-22   5.000000E-01 NotAppl  1.176995E-14  0.000000E+00  
3.938990E+02  2.020559E-03  2.521079E-03  -5.533601E-07  1.000000E+00  6.303271E-02  1.349784E-25  9.454211E-21   5.000000E-01 NotAppl  1.740058E-01  0.000000E+00  
3.034125E+03  6.798567E-04  1.233000E+01  -5.807957E-06  1.000000E+00  1.032393E-01  4.327305E-26  1.614889E-20   5.000000E-01 NotAppl  6.929250E-03  0.000000E+00  
3.768409E+01  1.248902E+02  -1.248901E+02  1.518600E-09  1.000000E+00  1.755607E-03  8.396761E-43  8.659040E-24   5.000000E-01 NotAppl  1.428822E-17  2.628856E-15  
1.458393E+03  1.344508E-03  3.056064E+01  -1.410015E-03  1.000000E+00  1.808091E-02  2.566478E-25  4.233808E-15   5.000000E-01 NotAppl  8.709496E-02  0.000000E+00  
7.717123E+02  1.816892E-02  2.374760E+02  7.219133E-09  1.000000E+00  4.537686E-04  1.096662E-23  4.068336E-25   5.000000E-01 NotAppl  7.155323E+00  0.000000E+00  
9.238638E+02  4.855709E+00  -4.848157E+00  -6.022201E-02  1.000000E+00  1.926286E-01  3.479106E-26  1.960431E-11   5.000000E-01 NotAppl  1.858361E-02  0.000000E+00  
2.993656E+02  9.374313E-01  7.799501E+02  -7.598276E-03  1.000000E+00  2.934109E-04  1.580866E-23  3.126187E-12   5.000000E-01 NotAppl  2.713329E+01  0.000000E+00  
9.435975E+01  7.817985E-01  6.959312E+01  3.517113E-04  1.000000E+00  3.797899E-03  1.198079E-24  7.137578E-14   5.000000E-01 NotAppl  6.937204E+00  0.000000E+00  
6.387271E+01  5.126943E-03  1.778024E-01  1.266223E-10  1.000000E+00  4.774286E-03  1.193714E-42  2.054803E-26   5.000000E-01 NotAppl  1.169818E-17  0.000000E+00  
5.252104E+02  1.072794E-04  1.455138E-03  -1.814793E-10  1.000000E+00  1.090783E-01  7.725424E-26  5.645020E-28   5.000000E-01 NotAppl  7.385222E-02  0.000000E+00  
2.893447E+03  8.004887E+02  -8.004622E+02  -1.207758E-06  1.000000E+00  2.702106E-05  2.834001E-22  7.691743E-22   5.000000E-01 NotAppl  4.668326E+01  0.000000E+00  
3.513441E+02  5.074281E-02  -5.055055E-02  -4.397211E-06  1.000000E+00  5.068472E-02  1.681181E-25  7.543729E-19   5.000000E-01 NotAppl  2.440111E-01  0.000000E+00  
3.282010E+03  8.495641E-03  8.446646E+02  -1.118214E-10  1.000000E+00  3.577155E-05  1.473215E-22  5.101884E-30   5.000000E-01 NotAppl  2.179196E+01  0.000000E+00  
1.311797E+03  1.091652E-03  8.383190E-01  1.605521E-08  1.000000E+00  6.024735E-01  1.289422E-26  6.813171E-25   5.000000E-01 NotAppl  4.797990E-03  0.000000E+00  
2.931075E+01  4.657750E+01  -4.644765E+01  1.049256E-09  1.000000E+00  1.149478E-02  2.724801E-43  6.881644E-24   5.000000E-01 NotAppl  6.082424E-18  1.389430E-15  
2.302955E+02  2.323399E-03  -1.844584E-03  1.186385E-04  1.000000E+00  2.295091E-02  3.712558E-25  1.304274E-15   5.000000E-01 NotAppl  8.371978E-01  0.000000E+00  
2.301918E+01  1.305468E-01  4.566337E-01  8.715206E-09  1.000000E+00  2.605288E-03  1.563398E-41  7.733961E-22   5.000000E-01 NotAppl  4.547241E-16  1.007431E-13  
5.351248E+03  7.509710E+02  -7.500998E+02  2.650968E-02  1.000000E+00  2.647531E-05  2.884402E-22  1.060854E-13   5.000000E-01 NotAppl  2.540900E+01  0.000000E+00  
9.014340E+03  3.320967E+01  -3.320947E+01  5.411650E-04  1.000000E+00  1.016664E-02  6.494159E-25  1.532390E-17   5.000000E-01 NotAppl  3.373780E-02  0.000000E+00  
1.371907E+01  5.797272E+00  1.523714E+01  -2.750279E-08  1.000000E+00  1.020289E+01  1.289887E-40  2.167374E-20   5.000000E-01 NotAppl  6.703369E-15  4.129679E-13  
7.634622E+03  2.158380E+01  -2.158364E+01  1.663713E-06  1.000000E+00  2.327838E-02  2.747868E-25  2.029516E-22   5.000000E-01 NotAppl  1.688591E-02  0.000000E+00  
2.360072E+01  1.043765E+02  -1.032486E+02  -2.132149E-05  1.000000E+00  4.350136E-02  9.490383E-35  4.402002E-15   5.000000E-01 NotAppl  2.686689E-09  5.988451E-07  
2.473386E+01  2.484295E-02  3.212168E+02  -7.957102E-02  1.000000E+00  1.930500E-03  1.360804E-27  5.577716E-08   0.000000E+00 XENON1T_2018  3.659530E-02  3.207333E-01  
2.078781E+01  1.129400E+00  3.352353E+01  -6.594585E-05  1.000000E+00  1.129694E-02  8.514860E-34  5.436281E-14   5.000000E-01 NotAppl  2.767981E-08  9.225331E-07  
4.693171E+02  3.771346E+00  -3.754582E+00  8.150634E-04  1.000000E+00  7.354633E-02  1.047724E-25  1.433293E-14   5.000000E-01 NotAppl  1.125852E-01  0.000000E+00  
6.161267E+03  3.236361E+00  -3.221864E+00  -5.714806E-08  1.000000E+00  8.455540E-01  6.764274E-27  3.701942E-25   5.000000E-01 NotAppl  5.167622E-04  0.000000E+00  
3.904240E+02  3.619633E+00  -3.619510E+00  -4.230319E-10  1.000000E+00  5.324913E-02  1.453157E-25  5.626407E-27   5.000000E-01 NotAppl  1.891041E-01  0.000000E+00  
1.545851E+02  6.371636E+00  2.549670E+02  9.677547E-01  1.000000E+00  2.177997E-04  2.027422E-23  1.964440E-07   0.000000E+00 XENON1T_2018  7.287397E+01  0.000000E+00  
1.597879E+02  5.554818E-04  5.065098E-03  -3.424689E-02  1.000000E+00  1.220769E-02  6.561646E-25  2.298692E-10   1.902810E-06 LZ5Tmedian  2.200095E+00  0.000000E+00  
1.504474E+01  1.139345E-01  -8.345757E-02  -1.446088E-09  1.000000E+00  2.145765E-03  3.666378E-43  4.989576E-23   5.000000E-01 NotAppl  1.712940E-17  2.899177E-15  
4.483425E+03  7.140458E-02  2.057298E+01  1.169864E-10  1.000000E+00  3.937647E-02  1.156522E-25  2.960464E-30   5.000000E-01 NotAppl  1.245818E-02  0.000000E+00  
1.454262E+02  8.331123E-04  3.575317E+00  1.097020E-01  1.000000E+00  7.165112E-03  1.169175E-24  2.860959E-09   4.575267E-78 LZ5Tmedian  4.330453E+00  0.000000E+00  
5.050954E+03  3.869659E-03  2.010239E-01  4.753997E-02  1.000000E+00  7.846836E+00  9.128607E-28  3.836665E-13   5.000000E-01 NotAppl  8.588917E-05  0.000000E+00  
3.890948E+02  1.483129E-02  1.970125E-01  1.380314E-07  1.000000E+00  6.136945E-02  1.382531E-25  6.032142E-22   5.000000E-01 NotAppl  1.805173E-01  0.000000E+00  
1.408724E+02  8.621886E+01  -8.616354E+01  9.234024E-09  1.000000E+00  2.419936E-03  2.428862E-24  2.163659E-23   5.000000E-01 NotAppl  9.410271E+00  0.000000E+00  
3.185120E+01  6.986709E+00  -4.957352E+00  9.292765E-05  1.000000E+00  1.067651E-02  2.355953E-33  4.561364E-14   5.000000E-01 NotAppl  4.805610E-08  6.363283E-06  
1.453542E+03  6.998747E-02  4.482999E+02  -4.884005E-04  1.000000E+00  1.307174E-04  3.922839E-23  5.114307E-16   5.000000E-01 NotAppl  1.336737E+01  0.000000E+00  
7.400886E+03  1.183856E+02  -1.033474E+02  -1.596011E-04  1.000000E+00  8.540560E-04  8.208285E-24  1.989475E-18   5.000000E-01 NotAppl  5.206280E-01  0.000000E+00  
4.834059E+02  3.599833E-01  3.392146E+01  -4.365312E-06  1.000000E+00  1.297673E-02  3.827696E-25  3.869979E-19   5.000000E-01 NotAppl  4.019552E-01  0.000000E+00  
5.478211E+02  8.947856E-01  1.240718E+01  -1.331142E-10  1.000000E+00  5.029382E-02  1.183563E-25  2.786316E-28   5.000000E-01 NotAppl  1.088346E-01  0.000000E+00  
1.128032E+01  1.157266E-01  1.033161E+02  -5.970130E-10  1.000000E+00  7.882072E-04  5.669773E-44  1.502415E-23   5.000000E-01 NotAppl  3.701315E-18  5.007616E-16  
1.299346E+01  1.093657E+00  2.068748E+01  1.244486E-09  1.000000E+00  1.904005E-02  2.595810E-43  4.941463E-23   5.000000E-01 NotAppl  1.436398E-17  8.665906E-16  
8.230471E+01  4.153174E-02  3.066710E-01  2.485019E-01  1.000000E+00  2.587073E-03  2.809959E-24  4.715118E-08   0.000000E+00 XENON1T_2018  1.944441E+01  0.000000E+00  
2.198567E+01  3.038245E-03  1.127271E+01  -1.013702E-01  1.000000E+00  1.558918E-03  2.064857E-27  1.147702E-07   0.000000E+00 XENON1T_2018  6.312576E-02  2.749077E-01  
7.193531E+01  8.046086E-02  -6.108254E-02  8.821846E-06  1.000000E+00  6.590042E-03  1.098592E-34  7.824481E-17   5.000000E-01 NotAppl  9.591746E-10  0.000000E+00  
1.760910E+03  3.903144E+00  -3.903018E+00  -6.556696E-03  1.000000E+00  4.051762E-01  1.578520E-26  6.233888E-14   5.000000E-01 NotAppl  4.332163E-03  0.000000E+00  
1.191961E+01  3.062334E-01  -3.051427E-01  -9.552158E-01  1.000000E+00  3.621406E-03  1.455580E-25  3.451176E-05   0.000000E+00 XENON1T_2018  8.908217E+00  2.501404E-01  
4.532680E+01  2.870496E+02  -2.868042E+02  -2.157321E-04  1.000000E+00  4.635060E-05  3.023306E-32  1.200298E-13   5.000000E-01 NotAppl  4.237119E-07  4.577037E-05  
5.641943E+02  1.012900E-02  4.457006E+02  -9.135524E-05  1.000000E+00  2.178094E-04  2.307275E-23  1.235659E-16   5.000000E-01 NotAppl  2.074049E+01  0.000000E+00  
2.582004E+03  2.671930E-03  1.886928E+01  4.288071E-10  1.000000E+00  4.593290E-02  9.873418E-26  1.222603E-28   5.000000E-01 NotAppl  1.865507E-02  0.000000E+00  
5.214608E+02  4.781632E+01  -4.761312E+01  5.822633E-01  1.000000E+00  2.743763E-03  2.445267E-24  5.896755E-09   9.677731E-49 LZ5Tmedian  2.373786E+00  0.000000E+00  
5.840831E+03  3.421526E+00  -2.782407E+00  -2.578930E-09  1.000000E+00  8.073151E-01  7.667161E-27  8.403228E-28   5.000000E-01 NotAppl  6.185259E-04  0.000000E+00  
5.791441E+01  5.394433E+02  -5.370209E+02  -2.041736E-01  1.000000E+00  6.326058E-04  3.044221E-25  6.524314E-08   0.000000E+00 XENON1T_2018  3.303390E+00  5.975251E-01  
3.988471E+02  2.233665E+00  2.189327E+01  4.258126E-04  1.000000E+00  1.883710E-02  2.819505E-25  5.456979E-15   5.000000E-01 NotAppl  3.601403E-01  0.000000E+00  
1.081977E+02  1.628309E+00  1.659278E+02  4.037245E-03  1.000000E+00  2.636788E-03  1.696863E-24  7.104384E-12   5.000000E-01 NotAppl  8.416248E+00  0.000000E+00  
1.964047E+02  4.899227E-04  1.849524E+02  -7.369080E-04  1.000000E+00  1.467302E-03  3.257926E-24  6.972749E-14   5.000000E-01 NotAppl  8.593336E+00  0.000000E+00  
7.216364E+03  1.995361E+01  -1.984148E+01  -1.657444E-03  1.000000E+00  2.712716E-02  2.348799E-25  2.258501E-16   5.000000E-01 NotAppl  1.528082E-02  0.000000E+00  
9.337903E+01  2.706763E-02  -1.362736E-02  1.323018E-07  1.000000E+00  5.594070E-03  1.098686E-24  1.031833E-20   5.000000E-01 NotAppl  6.445354E+00  0.000000E+00  
1.982043E+02  7.068580E-04  4.521877E-03  -5.783633E-05  1.000000E+00  1.744343E-02  4.862235E-25  4.215617E-16   5.000000E-01 NotAppl  1.282416E+00  0.000000E+00  
1.886021E+01  1.399759E+00  -1.398722E+00  -5.149504E-04  1.000000E+00  2.944893E-02  4.995275E-32  4.029505E-12   5.000000E-01 NotAppl  1.808334E-06  3.590919E-04  
1.751228E+03  2.745485E-03  2.944217E-04  3.171989E-05  1.000000E+00  1.078079E+00  7.150086E-27  1.475476E-18   5.000000E-01 NotAppl  1.977547E-03  0.000000E+00  
5.127414E+03  2.992133E-04  1.551998E+00  6.026927E-08  1.000000E+00  3.529480E+00  1.488998E-27  5.980841E-25   5.000000E-01 NotAppl  1.387335E-04  0.000000E+00  
4.667271E+01  1.817887E+01  -1.817876E+01  -8.784467E-09  1.000000E+00  1.788340E-04  5.751119E-41  1.875051E-22   5.000000E-01 NotAppl  7.837177E-16  7.333942E-14  
9.967441E+02  7.495670E+02  -7.490999E+02  -2.193077E-01  1.000000E+00  5.019837E-05  1.480479E-22  2.226529E-10   1.100014E-01 NotAppl  7.284864E+01  0.000000E+00  
2.654110E+03  6.582139E-02  6.217177E+02  1.187041E-05  1.000000E+00  6.352022E-05  8.179178E-23  8.857998E-20   5.000000E-01 NotAppl  1.503273E+01  0.000000E+00  
3.041368E+02  1.040278E-03  -8.029991E-04  1.166628E-10  1.000000E+00  3.859941E-02  2.211981E-25  7.134900E-28   5.000000E-01 NotAppl  3.731482E-01  0.000000E+00  
9.801818E+02  5.138469E-02  -4.835629E-02  1.846269E-10  1.000000E+00  3.575434E-01  2.263957E-26  1.632922E-28   5.000000E-01 NotAppl  1.136071E-02  0.000000E+00  
1.365113E+03  2.833601E+01  -2.833557E+01  -2.251614E-04  1.000000E+00  1.366183E-02  4.739810E-25  1.235420E-16   5.000000E-01 NotAppl  1.687125E-01  0.000000E+00  
1.083492E+02  5.422280E-01  -5.221803E-01  1.299250E-08  1.000000E+00  6.312382E-03  1.188595E-24  7.336617E-23   5.000000E-01 NotAppl  5.944479E+00  0.000000E+00  
3.286266E+02  1.403230E-04  1.518835E-03  -8.016481E+00  1.000000E+00  1.288627E-05  1.196552E-21  2.874927E-06   0.000000E+00 XENON1T_2018  2.253530E+03  0.000000E+00  
1.175897E+01  7.313814E+01  -7.308096E+01  -6.355120E-01  1.000000E+00  5.653637E-02  6.533678E-26  1.568943E-05   0.000000E+00 XENON1T_2018  4.063102E+00  4.996395E-01  
3.678159E+03  2.620162E-01  -2.618361E-01  -2.546535E-09  1.000000E+00  4.334254E+00  1.668428E-27  2.098341E-27   5.000000E-01 NotAppl  2.162311E-04  0.000000E+00  
1.342007E+01  1.018854E+00  -6.156465E-01  -8.513901E-06  1.000000E+00  2.285452E-02  1.227621E-35  2.169632E-15   5.000000E-01 NotAppl  6.544777E-10  1.008506E-07  
4.148132E+02  5.772534E+02  -5.772495E+02  1.095907E-07  1.000000E+00  1.503083E-04  4.685966E-23  3.335663E-22   5.000000E-01 NotAppl  5.737683E+01  0.000000E+00  
2.592958E+03  6.839497E+02  -6.373285E+02  -4.403667E-07  1.000000E+00  2.546141E-05  2.102521E-22  1.278340E-22   5.000000E-01 NotAppl  3.874049E+01  0.000000E+00  
1.013572E+01  2.973210E+00  -2.943974E+00  -2.273709E-03  1.000000E+00  2.162780E-01  7.811329E-31  2.686831E-10   8.045068E-02 LZ5Tmedian  5.784614E-05  7.183077E-03  
1.073091E+02  2.498865E-03  3.488208E-01  -1.349559E-08  1.000000E+00  6.217005E-03  1.195271E-24  8.073870E-23   5.000000E-01 NotAppl  6.037810E+00  0.000000E+00  
1.560149E+02  1.407847E+00  4.533771E+00  3.282183E-05  1.000000E+00  8.245956E-03  7.445555E-25  2.217366E-16   5.000000E-01 NotAppl  2.553427E+00  0.000000E+00  
2.687819E+03  2.175950E-01  -2.172651E-01  1.098829E-02  1.000000E+00  2.406778E+00  3.092162E-27  7.397836E-14   5.000000E-01 NotAppl  5.517572E-04  0.000000E+00  
3.687660E+02  1.119743E+02  -1.044178E+02  2.832361E-05  1.000000E+00  9.044066E-04  5.237205E-24  2.834706E-17   5.000000E-01 NotAppl  7.256640E+00  0.000000E+00  
8.312632E+03  7.544576E-01  -5.528192E-01  -3.643656E-03  1.000000E+00  9.613561E+00  6.600330E-28  8.189525E-16   5.000000E-01 NotAppl  3.732785E-05  0.000000E+00  
2.570474E+03  3.125842E+01  -3.123914E+01  -3.744388E+00  1.000000E+00  1.486820E-02  3.153737E-25  9.407640E-09   1.544130E-16 LZ5Tmedian  6.515214E-02  0.000000E+00  
9.676457E+03  3.119627E-01  -3.106253E-01  4.004788E-08  1.000000E+00  2.203841E+01  2.930922E-28  7.267182E-26   5.000000E-01 NotAppl  1.423746E-05  0.000000E+00  
1.157826E+02  1.978918E+02  -1.341033E+02  4.686298E-07  1.000000E+00  8.559872E-04  3.472662E-24  8.330947E-20   5.000000E-01 NotAppl  1.638460E+01  0.000000E+00  
9.820979E+01  8.401161E+01  -3.684533E+01  -7.643763E-09  1.000000E+00  1.499409E-03  1.946302E-24  3.105945E-23   5.000000E-01 NotAppl  1.084496E+01  0.000000E+00  
4.212475E+02  3.084448E+02  -3.084446E+02  2.754999E-03  1.000000E+00  2.817230E-04  2.481496E-23  2.042681E-13   5.000000E-01 NotAppl  2.989766E+01  0.000000E+00  
3.917943E+02  3.031324E-03  1.063711E-03  8.745025E+00  1.000000E+00  5.656971E-05  2.657680E-22  2.387224E-06   0.000000E+00 XENON1T_2018  3.965224E+02  0.000000E+00  
5.665067E+03  4.416450E+01  -1.546292E+01  3.824386E+00  1.000000E+00  3.807558E-03  2.143010E-24  1.966350E-09   3.139893E-02 LZ5Tmedian  1.794391E-01  0.000000E+00  
1.670136E+03  4.741650E-03  1.644816E-01  -1.422487E-02  1.000000E+00  9.823060E-01  7.869659E-27  3.268419E-13   5.000000E-01 NotAppl  2.285222E-03  0.000000E+00  
1.239996E+03  6.230362E-03  3.046802E+00  -1.666577E-07  1.000000E+00  4.161377E-01  1.672243E-26  8.234511E-23   5.000000E-01 NotAppl  6.608281E-03  0.000000E+00  
8.378440E+03  1.010223E+02  -1.010214E+02  7.727489E-08  1.000000E+00  1.186219E-03  5.956526E-24  3.624980E-25   5.000000E-01 NotAppl  3.331948E-01  0.000000E+00  
8.537121E+01  1.927226E-02  -1.714892E-02  1.633728E-04  1.000000E+00  5.894151E-03  6.874210E-25  1.890768E-14   5.000000E-01 NotAppl  4.495361E+00  0.000000E+00  
3.961384E+03  1.373353E+02  -1.100786E+02  -4.777500E-01  1.000000E+00  5.855046E-04  1.065047E-23  6.350947E-11   5.000000E-01 NotAppl  1.273975E+00  0.000000E+00  
2.058759E+03  1.253272E-04  6.376115E+00  -6.919079E-08  1.000000E+00  3.052586E-01  1.612282E-26  5.048732E-24   5.000000E-01 NotAppl  3.823285E-03  0.000000E+00  
8.815609E+02  1.103417E-02  2.932175E-01  1.348786E-08  1.000000E+00  2.912616E-01  2.794944E-26  1.082158E-24   5.000000E-01 NotAppl  1.564526E-02  0.000000E+00  
5.204425E+01  4.487755E+01  -4.473632E+01  4.779386E-07  1.000000E+00  2.017243E-03  3.538134E-37  4.445600E-19   5.000000E-01 NotAppl  4.292767E-12  1.806864E-10  
1.692974E+03  9.483789E+01  -9.483567E+01  -1.062605E-03  1.000000E+00  1.378962E-03  5.010543E-24  1.774029E-15   5.000000E-01 NotAppl  1.429287E+00  0.000000E+00  
2.314375E+02  2.227594E-03  5.705037E+02  -8.354131E-05  1.000000E+00  5.351210E-04  8.684032E-24  6.402041E-16   5.000000E-01 NotAppl  1.936489E+01  0.000000E+00  
3.890843E+02  3.735436E-01  -2.929566E-01  4.706148E-04  1.000000E+00  6.083026E-02  1.384080E-25  7.012472E-15   5.000000E-01 NotAppl  1.807257E-01  0.000000E+00  
7.679344E+01  3.499363E-04  2.209115E+00  -8.218059E-04  1.000000E+00  6.301655E-03  3.911955E-31  5.941547E-13   5.000000E-01 NotAppl  3.196710E-06  0.000000E+00  
4.329084E+03  2.565920E+00  2.747963E+02  1.363631E-02  1.000000E+00  2.577699E-04  1.947623E-23  4.319394E-14   5.000000E-01 NotAppl  2.174268E+00  0.000000E+00  
2.198870E+01  2.024697E+00  -1.350705E+00  -2.762309E-05  1.000000E+00  2.677801E-02  1.533482E-34  8.519863E-15   5.000000E-01 NotAppl  4.687776E-09  9.929668E-07  
4.408766E+03  1.407932E-02  1.343823E-02  1.201052E-08  1.000000E+00  6.363295E+00  1.133947E-27  3.228820E-26   5.000000E-01 NotAppl  1.222664E-04  0.000000E+00  
9.158624E+03  5.007113E-01  -4.538091E-01  7.977704E-09  1.000000E+00  1.525580E+01  4.116799E-28  3.224499E-27   5.000000E-01 NotAppl  2.112188E-05  0.000000E+00  
5.752561E+03  2.383962E-01  5.823762E+00  4.773139E-02  1.000000E+00  4.112876E-01  1.106281E-26  2.969044E-13   5.000000E-01 NotAppl  9.246837E-04  0.000000E+00  
7.404833E+01  2.580462E+00  1.140640E+02  -5.356562E-04  1.000000E+00  1.312758E-02  2.632421E-31  2.719116E-13   5.000000E-01 NotAppl  2.214809E-06  0.000000E+00  
3.061476E+02  3.347702E+01  -3.347211E+01  6.640212E-09  1.000000E+00  7.997917E-03  7.772934E-25  2.280484E-24   5.000000E-01 NotAppl  1.307857E+00  0.000000E+00  
8.777686E+03  5.113110E-01  2.872552E+01  1.077850E-09  1.000000E+00  2.061729E-02  2.305197E-25  6.416358E-29   5.000000E-01 NotAppl  1.256329E-02  0.000000E+00  
6.706948E+01  7.355534E-02  -9.631304E-03  -2.067252E-05  1.000000E+00  5.617211E-03  2.744306E-33  4.957216E-16   5.000000E-01 NotAppl  2.572817E-08  0.000000E+00  
5.882755E+02  1.901538E+00  -1.901417E+00  -1.589762E-04  1.000000E+00  1.256405E-01  6.407434E-26  3.435476E-16   5.000000E-01 NotAppl  5.446522E-02  0.000000E+00  
3.580010E+01  1.737367E+02  -1.737365E+02  -3.104722E-08  1.000000E+00  3.120456E-03  3.161290E-40  4.016714E-21   5.000000E-01 NotAppl  5.680442E-15  1.128994E-12  
3.203561E+03  1.270260E-03  9.943163E+01  5.618861E-10  1.000000E+00  1.868608E-03  2.589081E-24  1.353193E-28   5.000000E-01 NotAppl  3.925456E-01  0.000000E+00  
2.544022E+02  2.401669E-03  1.004119E+02  -5.528149E-04  1.000000E+00  2.520023E-03  1.946554E-24  2.309426E-14   5.000000E-01 NotAppl  3.944257E+00  0.000000E+00  
1.172619E+01  6.897582E+00  -6.896584E+00  -2.585336E-08  1.000000E+00  1.591733E-01  1.080097E-40  2.610826E-20   5.000000E-01 NotAppl  6.738694E-15  8.233372E-13  
5.127772E+01  3.596288E-04  2.522263E+00  5.467004E-03  1.000000E+00  2.254281E-03  4.073712E-29  5.995428E-11   5.577241E-04 LZ5Tmedian  5.035946E-04  1.990596E-02  
2.168507E+01  3.901091E-03  1.206238E-02  -1.536342E-08  1.000000E+00  2.491072E-03  4.711617E-41  2.710265E-21   5.000000E-01 NotAppl  1.462327E-15  3.162186E-13  
4.319862E+03  1.441724E-02  -1.398939E-02  -8.689506E-09  1.000000E+00  6.118512E+00  1.180824E-27  1.761582E-26   5.000000E-01 NotAppl  1.299826E-04  0.000000E+00  
8.916547E+01  2.086931E+01  -2.084755E+01  -1.202796E-05  1.000000E+00  5.507475E-03  8.744995E-25  9.374760E-17   5.000000E-01 NotAppl  5.472654E+00  0.000000E+00  
1.608286E+02  3.120357E+00  9.851100E-01  -7.474705E-07  1.000000E+00  7.857799E-03  7.085379E-25  1.080556E-19   5.000000E-01 NotAppl  2.356694E+00  0.000000E+00  
6.546976E+01  9.506253E-03  -9.305014E-03  -8.937061E-10  1.000000E+00  5.222176E-03  1.241779E-41  9.732964E-25   5.000000E-01 NotAppl  1.193188E-16  0.000000E+00  
6.139332E+01  3.630889E+00  -3.629440E+00  1.505592E-07  1.000000E+00  7.231472E-03  2.693532E-36  3.149619E-20   5.000000E-01 NotAppl  2.763942E-11  6.066950E-12  
4.054482E+03  1.059685E-04  4.104417E-01  2.518746E-09  1.000000E+00  5.089225E+00  1.385647E-27  1.683777E-27   5.000000E-01 NotAppl  1.627687E-04  0.000000E+00  
1.396045E+03  2.739930E-04  1.120687E-01  -7.240733E+00  1.000000E+00  1.805285E-03  7.370365E-24  1.220523E-07   0.000000E+00 LZ5Tmedian  2.778649E+00  0.000000E+00  
6.857934E+02  7.131542E-04  1.699263E+01  1.776076E-07  1.000000E+00  4.347112E-02  1.216439E-25  3.134019E-22   5.000000E-01 NotAppl  8.906398E-02  0.000000E+00  
4.236966E+01  2.735882E-02  3.647631E+02  -4.835590E-04  1.000000E+00  3.376740E-04  1.172394E-31  6.918215E-13   5.000000E-01 NotAppl  1.762874E-06  2.454025E-04  
7.391611E+01  9.562819E-04  1.705091E+02  1.269357E-04  1.000000E+00  5.733757E-03  1.515257E-32  1.532528E-14   5.000000E-01 NotAppl  1.287042E-07  0.000000E+00  
8.514649E+03  1.478150E+00  -1.475369E+00  -2.287645E-05  1.000000E+00  3.523981E+00  1.594666E-27  3.074559E-20   5.000000E-01 NotAppl  8.785060E-05  0.000000E+00  
3.058810E+02  1.211709E-04  2.725863E-01  1.430677E-08  1.000000E+00  3.881674E-02  2.189257E-25  1.060526E-23   5.000000E-01 NotAppl  3.671215E-01  0.000000E+00  
7.154557E+02  1.214556E+01  -1.213911E+01  -7.022012E-05  1.000000E+00  5.118292E-02  1.267142E-25  4.492901E-17   5.000000E-01 NotAppl  8.790466E-02  0.000000E+00  
5.460551E+01  4.595743E+00  -8.489561E-01  -5.406938E-04  1.000000E+00  9.417623E-03  7.603921E-31  5.158829E-13   5.000000E-01 NotAppl  8.804218E-06  1.479885E-04  
7.020311E+03  2.591944E-03  5.268665E+02  5.890918E-10  1.000000E+00  7.508907E-05  6.945775E-23  3.017245E-29   5.000000E-01 NotAppl  4.747492E+00  0.000000E+00  
5.055469E+02  1.700589E-03  1.255397E-03  3.948539E-05  1.000000E+00  1.014211E-01  8.322165E-26  2.889170E-17   5.000000E-01 NotAppl  8.277158E-02  0.000000E+00  
1.972036E+03  1.107258E-01  -1.101875E-01  -2.251360E-04  1.000000E+00  1.349563E+00  5.651430E-27  5.835235E-17   5.000000E-01 NotAppl  1.384028E-03  0.000000E+00  
5.956272E+02  1.841628E-01  1.152012E+00  -1.803849E-05  1.000000E+00  1.340876E-01  6.097149E-26  4.312179E-18   5.000000E-01 NotAppl  5.117141E-02  0.000000E+00  
2.270399E+03  8.029046E+00  -8.026359E+00  2.000688E-02  1.000000E+00  1.414380E-01  4.339245E-26  3.458378E-13   5.000000E-01 NotAppl  9.164615E-03  0.000000E+00  
1.610775E+03  1.064727E-02  7.744230E-02  1.281947E-07  1.000000E+00  9.186574E-01  8.446805E-27  2.857735E-23   5.000000E-01 NotAppl  2.545199E-03  0.000000E+00  
1.254209E+01  2.316888E-02  2.230726E-01  2.915425E-08  1.000000E+00  8.266607E-04  1.407764E-40  2.908036E-20   5.000000E-01 NotAppl  8.117211E-15  1.189364E-12  
4.607766E+02  8.446482E-01  -7.816909E-01  -1.623177E-10  1.000000E+00  8.299152E-02  1.001815E-25  5.901996E-28   5.000000E-01 NotAppl  1.097100E-01  0.000000E+00  
5.319760E+03  5.093087E-01  -3.586070E-01  -3.230441E-05  1.000000E+00  7.371853E+00  9.382356E-28  1.594337E-19   5.000000E-01 NotAppl  8.353836E-05  0.000000E+00  
1.243184E+01  1.710444E+00  5.886209E+02  -3.624270E-03  1.000000E+00  1.081831E-01  2.168869E-30  4.572999E-10   3.296698E-05 LZ5Tmedian  1.263521E-04  1.784667E-02  
2.164748E+02  6.982617E-02  -1.793696E-02  -8.946040E-06  1.000000E+00  2.039696E-02  4.154791E-25  8.418793E-18   5.000000E-01 NotAppl  9.994617E-01  0.000000E+00  
2.676470E+01  4.954165E-02  1.502610E+01  -3.270340E-02  1.000000E+00  2.158623E-03  2.435232E-28  8.034034E-09   0.000000E+00 LZ5Tmedian  6.001144E-03  2.690073E-01  
1.166439E+01  1.486278E+00  -1.485671E+00  3.016635E-04  1.000000E+00  1.036706E-01  1.467488E-32  3.591717E-12   5.000000E-01 NotAppl  9.212503E-07  1.268109E-04  
1.018319E+02  2.684418E-04  8.535986E-04  1.214719E-01  1.000000E+00  4.073058E-03  2.349376E-24  7.282659E-09   4.964184E-265 LZ5Tmedian  1.255398E+01  0.000000E+00  
3.216445E+01  3.244814E+00  -3.214052E+00  -1.709232E-03  1.000000E+00  4.392425E-03  8.075155E-31  1.512832E-11   1.525203E-01 NotAppl  1.629851E-05  3.297116E-03  
3.705241E+03  3.824536E+00  -3.817684E+00  -1.074794E-07  1.000000E+00  5.730720E-01  1.023171E-26  3.682524E-24   5.000000E-01 NotAppl  1.310541E-03  0.000000E+00  
7.053055E+03  7.602410E-03  5.922244E+00  1.253930E+00  1.000000E+00  2.662570E-01  2.598456E-26  1.354209E-10   5.000000E-01 NotAppl  1.787642E-03  0.000000E+00  
2.489057E+01  2.285264E-01  -2.153091E-01  -2.977118E-10  1.000000E+00  4.450873E-03  1.913076E-44  7.709113E-25   5.000000E-01 NotAppl  5.114043E-19  1.160870E-16  
1.703035E+01  1.812878E+02  -1.783120E+02  2.564613E-06  1.000000E+00  8.050309E-01  1.197177E-36  1.225824E-16   5.000000E-01 NotAppl  4.859101E-11  8.872600E-09  
4.835067E+01  4.726428E-01  -3.010136E-01  7.384845E-08  1.000000E+00  1.001600E-03  4.929519E-39  1.233161E-20   5.000000E-01 NotAppl  6.477510E-14  4.913419E-12  
7.308660E+01  6.773692E-01  2.163417E+02  7.489163E-09  1.000000E+00  7.185821E-03  6.197522E-41  5.459073E-23   5.000000E-01 NotAppl  5.324605E-16  0.000000E+00  
4.877801E+02  3.144399E-01  5.930665E+01  3.592672E-07  1.000000E+00  5.177782E-03  9.219673E-25  2.573427E-21   5.000000E-01 NotAppl  9.606878E-01  0.000000E+00  
2.003994E+01  2.637568E+01  -2.498416E+01  1.696813E-09  1.000000E+00  9.895238E-02  5.551126E-43  3.873897E-23   5.000000E-01 NotAppl  1.878887E-17  4.968144E-16  
3.387317E+02  2.520866E+02  -2.507017E+02  4.456529E-02  1.000000E+00  3.812848E-04  1.639275E-23  8.350749E-11   9.269679E-02 LZ5Tmedian  2.483502E+01  0.000000E+00  
8.018922E+02  1.699535E+02  -1.641689E+02  7.399646E-10  1.000000E+00  4.464887E-04  1.353040E-23  3.952185E-27   5.000000E-01 NotAppl  8.336496E+00  0.000000E+00  
1.751603E+01  3.261994E-01  1.362947E+00  4.793770E-01  1.000000E+00  2.490102E-03  4.222241E-26  4.048915E-06   0.000000E+00 XENON1T_2018  1.660896E+00  2.497894E-01  
3.927646E+03  6.580052E+01  -6.570251E+01  1.659849E-05  1.000000E+00  2.710920E-03  2.515225E-24  7.800647E-20   5.000000E-01 NotAppl  3.033821E-01  0.000000E+00  
6.211208E+02  2.131390E-02  6.597592E+02  5.423901E-09  1.000000E+00  1.301900E-04  3.905589E-23  3.578614E-25   5.000000E-01 NotAppl  3.182214E+01  0.000000E+00  
7.802955E+01  4.61214