MD1           DMP           DM3           l345          ld           Omegah2       sigV          protonSI      PvalDD        expName      CMB_ID        brH_DMDM      
2.952099E+02  1.647527E-03  1.459217E-02  -8.691170E-06  1.000000E+00  3.648574E-02  2.340032E-25  4.208997E-18   5.000000E-01 NotAppl  4.071900E-01  0.000000E+00  
1.780975E+02  8.262581E-04  5.092891E-04  3.349402E-02  1.000000E+00  1.387308E-02  6.137309E-25  1.760364E-10   1.058269E-04 LZ5Tmedian  1.840567E+00  0.000000E+00  
5.700504E+02  8.265892E+01  -8.265672E+01  -6.826077E-03  1.000000E+00  1.960341E-03  3.434851E-24  6.754694E-13   5.000000E-01 NotAppl  3.016568E+00  0.000000E+00  
5.822017E+01  5.523468E-04  5.698308E+02  1.293310E-10  1.000000E+00  3.573341E-03  1.395787E-43  2.589856E-26   5.000000E-01 NotAppl  1.505969E-18  8.689465E-18  
4.187559E+01  6.564358E+01  -6.563355E+01  2.313862E-04  1.000000E+00  1.891784E-04  2.582849E-32  1.622310E-13   5.000000E-01 NotAppl  3.940059E-07  5.678414E-05  
5.599341E+02  5.810554E-02  -5.265331E-02  -1.521253E-01  1.000000E+00  1.040720E-01  8.566260E-26  3.479883E-10   2.275060E-03 LZ5Tmedian  7.785206E-02  0.000000E+00  
6.013245E+02  3.822062E+01  -3.822050E+01  -5.411840E+00  1.000000E+00  2.646922E-04  2.807850E-23  3.806581E-07   0.000000E+00 XENON1T_2018  2.695638E+01  0.000000E+00  
2.359162E+02  1.905608E-02  -1.849706E-02  2.475465E-03  1.000000E+00  2.396535E-02  3.559917E-25  5.404750E-13   5.000000E-01 NotAppl  7.828216E-01  0.000000E+00  
4.418924E+03  2.666193E-03  4.164593E-01  4.151918E-05  1.000000E+00  5.930376E+00  1.175931E-27  3.840474E-19   5.000000E-01 NotAppl  1.265806E-04  0.000000E+00  
4.886809E+01  1.995147E-02  2.057166E+00  -4.158056E-03  1.000000E+00  1.569496E-03  1.667749E-29  3.825600E-11   7.853895E-03 LZ5Tmedian  2.167799E-04  1.463253E-02  
7.599846E+02  6.527009E-02  3.977257E-01  -3.585166E-06  1.000000E+00  2.189140E-01  3.749239E-26  1.035264E-19   5.000000E-01 NotAppl  2.445600E-02  0.000000E+00  
2.026236E+01  2.943590E-01  4.568275E+01  -6.804485E-02  1.000000E+00  2.604937E-03  8.966962E-28  6.093244E-08   0.000000E+00 XENON1T_2018  2.998133E-02  3.192500E-01  
8.531793E+02  4.012710E+02  -3.996745E+02  2.365894E-01  1.000000E+00  1.198156E-04  5.871745E-23  3.559731E-10   1.632661E-02 LZ5Tmedian  3.393336E+01  0.000000E+00  
5.353445E+02  5.873729E-04  1.171779E-03  -1.024782E-02  1.000000E+00  1.131281E-01  7.440174E-26  1.731021E-12   5.000000E-01 NotAppl  6.973609E-02  0.000000E+00  
3.549386E+03  8.980681E-01  3.329633E+02  -1.050316E-03  1.000000E+00  1.843796E-04  2.734023E-23  3.838017E-16   5.000000E-01 NotAppl  3.733910E+00  0.000000E+00  
2.128451E+02  1.515052E+00  5.847413E+02  5.150415E-02  1.000000E+00  5.664573E-04  7.816875E-24  2.888817E-10   2.868958E-06 LZ5Tmedian  1.898512E+01  0.000000E+00  
9.516738E+02  6.380005E+00  -6.377721E+00  -3.905625E-04  1.000000E+00  1.410704E-01  4.768635E-26  7.761136E-16   5.000000E-01 NotAppl  2.464010E-02  0.000000E+00  
6.674242E+02  9.946246E-03  -9.485364E-03  9.831283E-04  1.000000E+00  1.722301E-01  4.832461E-26  1.015066E-14   5.000000E-01 NotAppl  3.604797E-02  0.000000E+00  
4.935597E+03  2.662198E-04  1.130260E+00  6.967594E-03  1.000000E+00  4.623094E+00  1.263041E-27  8.637767E-15   5.000000E-01 NotAppl  1.220103E-04  0.000000E+00  
1.966366E+02  3.319743E-04  5.753924E+01  -2.146484E-02  1.000000E+00  5.195996E-03  1.038801E-24  5.901771E-11   6.054276E-02 LZ5Tmedian  2.746929E+00  0.000000E+00  
4.500646E+02  1.637613E-01  -1.457594E-01  1.240853E-01  1.000000E+00  7.015921E-02  1.277044E-25  3.619139E-10   3.967079E-04 LZ5Tmedian  1.448143E-01  0.000000E+00  
7.611499E+03  3.020110E+02  -3.019182E+02  6.871342E+00  1.000000E+00  1.334215E-04  5.659364E-23  3.483331E-09   1.040320E-02 LZ5Tmedian  3.489149E+00  0.000000E+00  
4.442979E+01  1.282302E+00  3.742514E+00  2.951633E-02  1.000000E+00  8.141063E-04  5.202610E-28  2.340220E-09   5.856935E-132 LZ5Tmedian  7.443835E-03  1.490369E-01  
6.493810E+01  1.339034E-04  1.102703E-04  6.123468E-06  1.000000E+00  5.094671E-03  8.715120E-34  4.646006E-17   5.000000E-01 NotAppl  8.444070E-09  0.000000E+00  
1.183674E+03  6.980413E-03  2.891694E-01  -2.388272E-02  1.000000E+00  5.085220E-01  1.564025E-26  1.859271E-12   5.000000E-01 NotAppl  6.467867E-03  0.000000E+00  
4.234608E+01  8.116571E+00  6.310513E+01  2.600577E-07  1.000000E+00  6.224607E-02  3.384507E-38  2.003209E-19   5.000000E-01 NotAppl  5.103459E-13  3.363734E-11  
6.033257E+02  1.202741E+00  2.319993E+01  -5.309145E-10  1.000000E+00  2.380217E-02  2.132609E-25  3.638689E-27   5.000000E-01 NotAppl  1.783304E-01  0.000000E+00  
6.151872E+02  1.359469E+02  7.378330E+02  -6.904123E-02  1.000000E+00  5.881363E-05  5.785345E-23  5.913293E-11   3.894353E-01 NotAppl  4.750799E+01  0.000000E+00  
8.520074E+03  4.497080E-03  4.956311E-02  -1.280067E-03  1.000000E+00  2.276885E+01  3.045910E-28  9.614104E-17   5.000000E-01 NotAppl  1.684574E-05  0.000000E+00  
3.028658E+01  2.720531E+02  -2.675906E+02  -1.360026E-07  1.000000E+00  8.573911E-02  4.743962E-39  1.081991E-19   5.000000E-01 NotAppl  1.020735E-13  2.070976E-11  
1.987102E+01  2.229245E+02  -2.222359E+02  8.850515E-09  1.000000E+00  6.007583E-02  1.505082E-41  1.072001E-21   5.000000E-01 NotAppl  5.141974E-16  1.059899E-13  
8.506883E+01  4.265035E+01  9.806860E+01  -1.572941E-01  1.000000E+00  3.280163E-02  6.155613E-26  1.765474E-08   0.000000E+00 LZ5Tmedian  4.078823E-01  0.000000E+00  
3.684605E+01  1.502096E+01  -1.493533E+01  -1.612766E-03  1.000000E+00  2.290127E-03  9.027270E-31  1.022276E-11   2.672478E-01 NotAppl  1.575764E-05  7.378396E-04  
2.848219E+02  7.644804E-01  -2.396663E-01  2.113925E-04  1.000000E+00  3.243062E-02  2.513485E-25  2.679509E-15   5.000000E-01 NotAppl  4.540291E-01  0.000000E+00  
1.011472E+02  1.489731E-01  4.749277E+01  1.314455E-09  1.000000E+00  4.120860E-03  1.361875E-24  8.646401E-25   5.000000E-01 NotAppl  7.297876E+00  0.000000E+00  
2.353745E+02  1.587404E+02  -1.587403E+02  1.311484E-09  1.000000E+00  9.742478E-04  6.640780E-24  1.524168E-25   5.000000E-01 NotAppl  1.476353E+01  0.000000E+00  
8.268467E+01  3.517184E-03  -3.402511E-03  -9.515715E-02  1.000000E+00  7.532927E-03  1.341817E-25  6.848842E-09   3.210100E-290 LZ5Tmedian  9.217707E-01  0.000000E+00  
3.601429E+01  1.406305E-03  2.203937E+00  2.571848E-07  1.000000E+00  3.471418E-04  2.194105E-38  2.723049E-19   5.000000E-01 NotAppl  3.923846E-13  7.459219E-11  
2.342524E+02  5.866414E-03  -5.644158E-03  -2.097061E-08  1.000000E+00  2.368623E-02  3.598363E-25  3.935328E-23   5.000000E-01 NotAppl  7.971392E-01  0.000000E+00  
1.301227E+03  3.330885E-02  2.291524E+01  -1.604632E-01  1.000000E+00  3.240779E-02  1.338513E-25  6.918880E-11   5.000000E-01 NotAppl  5.107938E-02  0.000000E+00  
1.053152E+02  9.962960E-01  -9.855543E-01  -1.830354E-07  1.000000E+00  5.966991E-03  1.216741E-24  1.543356E-20   5.000000E-01 NotAppl  6.269209E+00  0.000000E+00  
1.498210E+02  1.838958E+00  -1.837067E+00  1.090765E-02  1.000000E+00  9.556012E-03  7.983995E-25  2.660962E-11   1.991200E-01 NotAppl  2.857501E+00  0.000000E+00  
7.113188E+01  1.072122E+01  4.475420E+02  1.993591E-04  1.000000E+00  1.547640E-01  6.772297E-32  4.088564E-14   5.000000E-01 NotAppl  5.939301E-07  0.000000E+00  
2.011080E+03  2.218466E-01  1.413102E+01  -9.124049E-05  1.000000E+00  7.622511E-02  6.065143E-26  9.208619E-18   5.000000E-01 NotAppl  1.479259E-02  0.000000E+00  
1.380968E+01  8.204924E+01  -4.563935E+01  8.397154E-03  1.000000E+00  1.289564E+02  1.204856E-29  1.994254E-09   9.550567E-29 LZ5Tmedian  6.213922E-04  1.281109E-02  
1.038834E+01  4.049847E+01  -4.049811E+01  2.570630E-10  1.000000E+00  2.060271E-01  1.011599E-44  3.273183E-24   5.000000E-01 NotAppl  7.277313E-19  7.227345E-18  
5.659537E+03  6.097833E-04  1.816255E+00  -8.045123E-08  1.000000E+00  3.092550E+00  1.579502E-27  8.718964E-25   5.000000E-01 NotAppl  1.334190E-04  0.000000E+00  
5.190466E+03  1.574826E+00  1.283066E+02  -1.369082E-10  1.000000E+00  1.119418E-03  4.444110E-24  3.010498E-30   5.000000E-01 NotAppl  4.127973E-01  0.000000E+00  
6.489335E+02  3.985454E-02  1.305386E+01  2.014374E-03  1.000000E+00  5.934469E-02  9.673308E-26  4.513252E-14   5.000000E-01 NotAppl  7.479511E-02  0.000000E+00  
8.149098E+01  1.837599E-02  -1.738939E-02  6.752722E-03  1.000000E+00  6.066796E-03  4.348579E-25  3.553307E-11   3.041657E-02 LZ5Tmedian  3.053512E+00  0.000000E+00  
1.126073E+03  4.073386E-04  7.874910E-01  1.041271E-08  1.000000E+00  4.549745E-01  1.736818E-26  3.913013E-25   5.000000E-01 NotAppl  7.558206E-03  0.000000E+00  
6.777082E+01  2.436778E-01  7.784073E+02  -6.409928E-08  1.000000E+00  5.409900E-03  1.963994E-38  4.665872E-21   5.000000E-01 NotAppl  1.810353E-13  0.000000E+00  
1.162148E+01  8.461438E-03  2.880816E-02  2.060908E-05  1.000000E+00  8.676735E-04  6.839329E-35  1.688574E-14   5.000000E-01 NotAppl  4.311426E-09  5.961264E-07  
7.842006E+02  5.585747E-01  -5.581954E-01  -7.087611E-04  1.000000E+00  2.306935E-01  3.536210E-26  3.794944E-15   5.000000E-01 NotAppl  2.233113E-02  0.000000E+00  
1.928904E+01  5.785547E-04  9.117725E+02  -2.042538E-03  1.000000E+00  1.247254E-03  7.924558E-31  6.060265E-11   1.196665E-02 LZ5Tmedian  2.796697E-05  5.573865E-03  
9.437279E+02  8.104201E-04  8.244737E+02  7.455362E-09  1.000000E+00  7.047017E-05  7.380788E-23  2.876841E-25   5.000000E-01 NotAppl  3.918333E+01  0.000000E+00  
1.257154E+03  2.449662E-01  -2.386344E-01  -3.865518E+00  1.000000E+00  5.124584E-03  2.496337E-24  4.307515E-08   4.210181E-148 LZ5Tmedian  1.042253E+00  0.000000E+00  
2.100523E+02  5.421791E-01  -4.090938E-01  6.356962E-01  1.000000E+00  4.334073E-03  2.594868E-24  4.521566E-08   0.000000E+00 XENON1T_2018  6.547819E+00  0.000000E+00  
1.271798E+03  1.346017E-01  -1.331366E-01  -7.072836E-10  1.000000E+00  5.853802E-01  1.351807E-26  1.408438E-27   5.000000E-01 NotAppl  5.189401E-03  0.000000E+00  
8.890982E+02  7.979837E+00  -6.040150E+00  -1.804551E-08  1.000000E+00  1.022317E-01  6.547650E-26  1.903676E-24   5.000000E-01 NotAppl  3.630045E-02  0.000000E+00  
5.080629E+01  6.196987E+01  -6.195409E+01  1.546095E-03  1.000000E+00  1.433541E-03  3.025292E-30  4.886180E-12   5.000000E-01 NotAppl  3.775768E-05  1.981060E-03  
8.625320E+03  1.640602E+02  -1.336038E+02  -3.713313E-03  1.000000E+00  4.405243E-04  1.584783E-23  7.891123E-16   5.000000E-01 NotAppl  8.611242E-01  0.000000E+00  
7.258073E+03  4.622663E+00  -4.621056E+00  1.416860E+00  1.000000E+00  2.281345E-01  3.792587E-26  1.631217E-10   5.000000E-01 NotAppl  2.490000E-03  0.000000E+00  
2.537317E+01  3.649280E+00  -3.492937E+00  -7.030233E-10  1.000000E+00  1.940006E-02  1.080949E-43  4.135424E-24   5.000000E-01 NotAppl  2.828957E-18  5.780945E-16  
1.102819E+02  9.505615E-03  4.561142E-01  -7.330862E-07  1.000000E+00  6.410858E-03  1.168416E-24  2.252579E-19   5.000000E-01 NotAppl  5.736447E+00  0.000000E+00  
6.363863E+02  1.399377E-03  -1.169424E-03  -7.188088E-01  1.000000E+00  2.953335E-02  3.898017E-25  5.980893E-09   8.505664E-41 LZ5Tmedian  3.257729E-01  0.000000E+00  
5.893336E+01  1.391728E-01  1.146384E+01  2.918771E-03  1.000000E+00  3.686934E-03  1.012193E-28  1.286716E-11   2.178854E-01 NotAppl  1.083277E-03  3.990992E-03  
1.352793E+02  7.012412E-01  2.225742E-01  4.745627E-05  1.000000E+00  8.068645E-03  9.066190E-25  6.209599E-16   5.000000E-01 NotAppl  3.605327E+00  0.000000E+00  
5.807871E+01  6.287354E-04  1.263953E-03  -3.761697E-07  1.000000E+00  3.744192E-03  1.108945E-36  2.201879E-19   5.000000E-01 NotAppl  1.204833E-11  7.467277E-11  
2.069490E+01  8.560014E-01  6.869269E+02  -3.729557E-09  1.000000E+00  7.290334E-03  2.718138E-42  1.754486E-22   5.000000E-01 NotAppl  8.874393E-17  1.867200E-14  
1.449867E+01  2.309948E+02  -2.308997E+02  4.513898E-06  1.000000E+00  1.003980E-01  3.533238E-36  5.232152E-16   5.000000E-01 NotAppl  1.722794E-10  2.831925E-08  
2.140291E+03  1.791206E-03  1.280310E+00  -2.092839E-06  1.000000E+00  1.345302E+00  5.239140E-27  4.267698E-21   5.000000E-01 NotAppl  1.181587E-03  0.000000E+00  
2.809994E+02  3.952916E-04  7.818282E+01  1.648201E-03  1.000000E+00  3.491559E-03  1.418519E-24  1.674610E-13   5.000000E-01 NotAppl  2.596909E+00  0.000000E+00  
3.644045E+02  1.214571E+00  -1.211826E+00  1.525583E-02  1.000000E+00  5.194100E-02  1.599995E-25  8.426714E-12   5.000000E-01 NotAppl  2.236915E-01  0.000000E+00  
1.460779E+03  2.465964E-02  1.013919E+02  2.855825E-02  1.000000E+00  1.839259E-03  2.608774E-24  1.731009E-12   5.000000E-01 NotAppl  8.843673E-01  0.000000E+00  
3.541207E+01  1.160889E-04  2.046151E-02  1.902151E-04  1.000000E+00  5.518032E-04  1.163118E-32  1.541433E-13   5.000000E-01 NotAppl  2.117670E-07  4.257899E-05  
2.630805E+02  3.127783E-03  2.256876E-01  -5.072748E-02  1.000000E+00  2.906612E-02  2.909700E-25  1.815479E-10   1.390145E-03 LZ5Tmedian  5.725949E-01  0.000000E+00  
5.119206E+03  5.363345E+00  6.152853E+02  -3.510152E-05  1.000000E+00  5.627284E-05  9.187953E-23  2.035339E-19   5.000000E-01 NotAppl  8.655092E+00  0.000000E+00  
1.229142E+02  6.452194E+02  -6.438836E+02  -9.364830E-09  1.000000E+00  1.036365E-03  4.554604E-24  2.943187E-23   5.000000E-01 NotAppl  2.034057E+01  0.000000E+00  
5.450783E+01  1.200090E+01  9.827090E+00  -8.690855E-02  1.000000E+00  1.134862E-02  1.920393E-26  1.337701E-08   0.000000E+00 XENON1T_2018  2.228006E-01  8.407147E-01  
3.311272E+02  1.612914E-03  -4.093175E-04  6.939421E-10  1.000000E+00  4.533081E-02  1.882351E-25  2.121123E-26   5.000000E-01 NotAppl  2.906401E-01  0.000000E+00  
5.877220E+03  6.825222E-01  -6.821239E-01  6.069628E-03  1.000000E+00  6.968205E+00  9.259108E-28  4.596308E-15   5.000000E-01 NotAppl  7.445381E-05  0.000000E+00  
9.326970E+02  1.225564E+01  2.683898E+02  7.635897E-04  1.000000E+00  2.916196E-04  1.553904E-23  3.091175E-15   5.000000E-01 NotAppl  8.348553E+00  0.000000E+00  
1.372946E+03  1.892428E-04  1.267658E-02  -6.673680E-05  1.000000E+00  6.782121E-01  1.160195E-26  1.072727E-17   5.000000E-01 NotAppl  4.118844E-03  0.000000E+00  
2.608593E+03  2.104307E-04  3.279769E-01  5.801729E-08  1.000000E+00  2.272397E+00  3.260868E-27  2.191877E-24   5.000000E-01 NotAppl  5.999761E-04  0.000000E+00  
1.108131E+03  3.037014E+00  6.853636E+02  -1.010905E-09  1.000000E+00  7.617604E-05  6.639106E-23  3.810999E-27   5.000000E-01 NotAppl  2.988906E+01  0.000000E+00  
2.335767E+03  4.532952E+02  -4.532882E+02  2.961510E-07  1.000000E+00  7.524594E-05  9.913604E-23  7.152063E-23   5.000000E-01 NotAppl  2.032586E+01  0.000000E+00  
1.049570E+02  1.170086E+02  -6.534250E+00  2.112204E-09  1.000000E+00  1.142102E-03  2.570202E-24  2.069666E-24   5.000000E-01 NotAppl  1.335346E+01  0.000000E+00  
5.160001E+02  3.789653E-04  8.537835E+01  2.575141E-08  1.000000E+00  2.795263E-03  1.710414E-24  1.178489E-23   5.000000E-01 NotAppl  1.683434E+00  0.000000E+00  
2.625129E+02  2.705199E-03  3.768694E-03  -5.796070E-01  1.000000E+00  5.977043E-03  1.950180E-24  2.380637E-08   0.000000E+00 LZ5Tmedian  4.208596E+00  0.000000E+00  
2.315672E+03  1.145699E+00  3.424219E+02  -5.272725E+00  1.000000E+00  2.001464E-04  2.286567E-23  2.307375E-08   9.399498E-44 LZ5Tmedian  4.845948E+00  0.000000E+00  
3.587943E+01  6.374032E+02  -6.353822E+02  -3.796329E-06  1.000000E+00  5.065763E-03  4.746316E-36  5.978619E-17   5.000000E-01 NotAppl  8.508449E-11  1.638116E-08  
1.315988E+03  4.558442E+02  -4.558070E+02  7.014470E-01  1.000000E+00  8.444011E-05  8.846597E-23  1.292056E-09   5.962105E-05 LZ5Tmedian  3.269631E+01  0.000000E+00  
1.117966E+03  1.493665E-02  2.155510E+01  -1.269197E-02  1.000000E+00  3.397323E-02  1.385108E-25  5.899918E-13   5.000000E-01 NotAppl  6.165722E-02  0.000000E+00  
4.438413E+03  6.593421E-04  5.437327E+01  5.008525E-04  1.000000E+00  6.044044E-03  7.897383E-25  5.538858E-17   5.000000E-01 NotAppl  8.595961E-02  0.000000E+00  
1.304715E+01  2.627640E-03  4.961670E+01  5.612152E+00  1.000000E+00  6.284858E-04  3.804429E-25  9.967682E-04   0.000000E+00 XENON1T_2018  2.110520E+01  3.333322E-01  
1.269597E+03  3.965356E-04  7.928819E-01  1.367648E-06  1.000000E+00  5.687347E-01  1.372622E-26  5.284865E-21   5.000000E-01 NotAppl  5.279891E-03  0.000000E+00  
3.938890E+02  5.485370E+01  -5.482639E+01  6.285864E+00  1.000000E+00  7.680819E-05  9.579562E-23  1.220007E-06   0.000000E+00 XENON1T_2018  1.335442E+02  0.000000E+00  
1.963758E+03  9.397663E+01  2.452604E+02  -1.145907E-01  1.000000E+00  1.282127E-04  3.069836E-23  1.524718E-11   5.000000E-01 NotAppl  7.658364E+00  0.000000E+00  
3.048305E+03  5.020266E+01  -5.020179E+01  -9.241513E-07  1.000000E+00  4.568696E-03  1.465453E-24  4.050049E-22   5.000000E-01 NotAppl  2.288937E-01  0.000000E+00  
4.097824E+03  2.026991E-01  1.747458E-02  -1.673692E-08  1.000000E+00  5.361985E+00  1.349339E-27  7.275683E-26   5.000000E-01 NotAppl  1.567266E-04  0.000000E+00  
1.818894E+01  1.261494E+01  -1.254661E+01  -1.929088E-10  1.000000E+00  5.744363E-02  6.921462E-45  6.080539E-25   5.000000E-01 NotAppl  2.609115E-19  2.416718E-17  
1.400951E+02  1.623387E+00  -1.622785E+00  3.987458E-08  1.000000E+00  8.790342E-03  8.611953E-25  4.080606E-22   5.000000E-01 NotAppl  3.305424E+00  0.000000E+00  
2.898831E+02  1.981307E-01  -1.978828E-01  -6.259045E-04  1.000000E+00  3.508180E-02  2.421928E-25  2.265827E-14   5.000000E-01 NotAppl  4.295146E-01  0.000000E+00  
1.300017E+01  1.580484E+00  -1.381842E+00  1.110399E-02  1.000000E+00  8.123911E-02  2.066932E-29  3.929977E-09   6.224620E-46 LZ5Tmedian  1.143326E-03  9.621780E-02  
7.658362E+01  3.913099E+01  -3.846941E+01  -1.897697E-06  1.000000E+00  2.094468E-02  2.153354E-36  3.185976E-18   5.000000E-01 NotAppl  1.764060E-11  0.000000E+00  
5.235479E+03  1.253453E-02  1.069816E+02  -7.747218E+00  1.000000E+00  1.810558E-03  2.325180E-24  9.472124E-09   1.467847E-08 LZ5Tmedian  2.161029E-01  0.000000E+00  
1.550488E+01  1.964330E-01  1.052719E+01  -1.196704E-06  1.000000E+00  1.535819E-03  2.533384E-37  3.218246E-17   5.000000E-01 NotAppl  1.143848E-11  1.521976E-09  
1.712711E+03  8.995920E+01  5.490463E+02  4.870544E-02  1.000000E+00  4.836504E-05  7.911389E-23  3.640086E-12   5.000000E-01 NotAppl  2.275528E+01  0.000000E+00  
4.225962E+01  2.533101E-02  -1.864126E-02  -9.274227E-09  1.000000E+00  2.300636E-04  4.275287E-41  2.558282E-22   5.000000E-01 NotAppl  6.460512E-16  9.051935E-14  
4.324259E+03  1.319984E-02  2.821571E+01  1.028856E-07  1.000000E+00  2.148847E-02  2.149470E-25  2.464469E-24   5.000000E-01 NotAppl  2.402035E-02  0.000000E+00  
3.390262E+02  3.247243E+00  -3.246920E+00  6.414870E-10  1.000000E+00  4.173611E-02  1.867382E-25  1.727170E-26   5.000000E-01 NotAppl  2.813736E-01  0.000000E+00  
2.427365E+02  5.436922E+02  -5.436513E+02  6.405462E-07  1.000000E+00  3.293643E-04  1.987274E-23  3.413548E-20   5.000000E-01 NotAppl  4.278364E+01  0.000000E+00  
1.227717E+02  5.078881E-02  5.189672E+01  -2.539377E-01  1.000000E+00  5.180029E-03  7.301756E-25  2.169229E-08   0.000000E+00 LZ5Tmedian  3.229592E+00  0.000000E+00  
3.645070E+01  6.074358E+01  -5.205653E+01  3.191846E-03  1.000000E+00  3.625108E-02  3.459360E-30  4.092845E-11   5.123508E-03 LZ5Tmedian  6.098179E-05  6.750486E-03  
3.061955E+02  3.772634E-02  -3.757535E-02  -9.194365E-04  1.000000E+00  3.908351E-02  2.183119E-25  4.370866E-14   5.000000E-01 NotAppl  3.657004E-01  0.000000E+00  
4.104157E+01  2.774605E+00  3.535949E+02  -6.758731E+00  1.000000E+00  9.012204E-04  5.427320E-25  1.441987E-04   0.000000E+00 XENON1T_2018  7.384005E+00  3.464283E-01  
4.260972E+01  2.832007E-01  2.247538E+00  -1.094811E-04  1.000000E+00  2.443686E-04  6.125791E-33  3.505749E-14   5.000000E-01 NotAppl  9.177515E-08  1.186023E-05  
1.280112E+03  1.622964E+01  -1.585071E+01  -5.510177E-10  1.000000E+00  3.799886E-02  1.662262E-25  8.435462E-28   5.000000E-01 NotAppl  6.320527E-02  0.000000E+00  
3.730976E+03  1.174666E-01  3.299261E-02  5.276360E-05  1.000000E+00  4.563318E+00  1.596507E-27  8.750804E-19   5.000000E-01 NotAppl  2.039556E-04  0.000000E+00  
8.446495E+01  1.064464E+02  -1.064198E+02  -1.679417E-10  1.000000E+00  5.420635E-03  7.941634E-25  2.042178E-26   5.000000E-01 NotAppl  5.269181E+00  0.000000E+00  
1.218531E+01  3.702096E-01  -3.177376E-01  8.408611E-08  1.000000E+00  4.492052E-03  1.159155E-39  2.560691E-19   5.000000E-01 NotAppl  6.912718E-14  9.903241E-12  
1.160982E+01  6.457928E-03  2.015466E+02  -4.552988E-08  1.000000E+00  5.322690E-04  3.336693E-40  8.257595E-20   5.000000E-01 NotAppl  2.105889E-14  2.909596E-12  
4.523564E+03  1.485982E-03  1.392167E+01  -8.923501E-06  1.000000E+00  8.357430E-02  5.326184E-26  1.691561E-20   5.000000E-01 NotAppl  5.685052E-03  0.000000E+00  
7.104794E+01  3.283078E-03  -9.887811E-04  -1.635003E-07  1.000000E+00  6.212267E-03  4.650769E-38  2.756661E-20   5.000000E-01 NotAppl  4.111992E-13  0.000000E+00  
6.099182E+01  3.685034E+00  9.343060E+00  3.867711E-07  1.000000E+00  1.538321E-02  9.629095E-36  2.106524E-19   5.000000E-01 NotAppl  9.947553E-11  4.666341E-11  
5.658854E+01  1.485814E-04  1.893421E-03  2.686139E-10  1.000000E+00  3.412789E-03  3.239617E-43  1.183887E-25   5.000000E-01 NotAppl  3.615400E-18  4.375467E-17  
4.196233E+01  2.407895E+00  -1.713624E+00  -3.029527E-03  1.000000E+00  1.811833E-04  4.457848E-30  2.769365E-11   2.743815E-02 LZ5Tmedian  6.771260E-05  9.306743E-03  
2.779853E+03  2.111183E+00  3.702532E+02  -2.134128E-04  1.000000E+00  1.543119E-04  3.261914E-23  2.605649E-17   5.000000E-01 NotAppl  5.717804E+00  0.000000E+00  
3.476315E+01  1.596720E+00  1.424124E+01  1.824841E-09  1.000000E+00  6.696430E-04  1.036188E-42  1.472955E-23   5.000000E-01 NotAppl  1.924111E-17  1.403201E-15  
3.789557E+01  2.473446E-03  1.836565E-02  -8.615806E+00  1.000000E+00  8.157910E-05  1.656301E-25  2.755727E-04   0.000000E+00 XENON1T_2018  3.105094E+00  2.500245E-01  
7.416849E+02  3.491322E+00  -1.396143E-01  -1.026597E-06  1.000000E+00  1.484862E-01  4.948927E-26  8.921905E-21   5.000000E-01 NotAppl  3.312929E-02  0.000000E+00  
8.275540E+03  1.718275E+00  -1.665226E+00  1.682062E-08  1.000000E+00  2.749817E+00  2.066578E-27  1.761215E-26   5.000000E-01 NotAppl  1.171545E-04  0.000000E+00  
1.926426E+02  3.728951E-02  6.278048E+01  -3.972417E+00  1.000000E+00  6.872351E-06  1.693831E-21  2.108146E-06   0.000000E+00 XENON1T_2018  5.509134E+03  0.000000E+00  
3.351718E+02  3.483394E+01  -3.366072E+01  3.777219E-05  1.000000E+00  7.356282E-03  7.964080E-25  6.130129E-17   5.000000E-01 NotAppl  1.218852E+00  0.000000E+00  
2.952368E+01  2.469089E+00  -2.468524E+00  9.325615E-05  1.000000E+00  7.709688E-03  2.169024E-33  5.356980E-14   5.000000E-01 NotAppl  4.804095E-08  1.024947E-05  
4.638752E+01  4.434080E-04  1.556595E+01  1.888254E-05  1.000000E+00  6.261216E-04  2.578540E-34  8.772513E-16   5.000000E-01 NotAppl  3.536650E-09  2.102252E-07  
1.612786E+03  1.728463E-03  -9.332516E-04  -6.918879E-05  1.000000E+00  9.214118E-01  8.423470E-27  8.303251E-18   5.000000E-01 NotAppl  2.534909E-03  0.000000E+00  
3.019531E+02  3.051197E-02  -2.961768E-02  -4.585789E-05  1.000000E+00  3.806551E-02  2.242398E-25  1.118818E-16   5.000000E-01 NotAppl  3.811300E-01  0.000000E+00  
1.034724E+02  1.498378E-02  1.493692E+02  -1.466498E-07  1.000000E+00  3.363770E-03  1.535240E-24  1.027245E-20   5.000000E-01 NotAppl  8.002475E+00  0.000000E+00  
3.441771E+03  5.308401E+00  -5.308040E+00  2.204942E-09  1.000000E+00  3.189384E-01  1.846914E-26  1.800814E-27   5.000000E-01 NotAppl  2.549724E-03  0.000000E+00  
5.750720E+02  1.217871E+00  1.645983E+01  -2.066070E-05  1.000000E+00  3.722247E-02  1.471869E-25  6.078078E-18   5.000000E-01 NotAppl  1.290117E-01  0.000000E+00  
7.533393E+01  2.589959E+02  -2.579264E+02  1.463710E-05  1.000000E+00  2.193955E-02  1.565973E-34  1.960177E-16   5.000000E-01 NotAppl  1.304305E-09  0.000000E+00  
1.464577E+01  2.451954E+01  -2.117167E+01  4.729493E-09  1.000000E+00  2.344342E+00  3.890594E-42  5.629894E-22   5.000000E-01 NotAppl  1.875186E-16  5.620402E-15  
3.403481E+01  5.499669E+00  -5.144642E+00  1.436069E-04  1.000000E+00  2.650640E-03  6.195931E-33  9.522521E-14   5.000000E-01 NotAppl  1.176850E-07  1.726276E-05  
1.162954E+01  3.635442E+00  1.204794E+02  9.974371E-02  1.000000E+00  1.197938E+00  1.602504E-27  3.949867E-07   0.000000E+00 XENON1T_2018  1.009568E-01  3.144897E-01  
2.986552E+01  1.763770E+01  -1.735487E+01  -8.723297E-09  1.000000E+00  1.070816E-02  1.921545E-41  4.579349E-22   5.000000E-01 NotAppl  4.202886E-16  1.901703E-14  
7.008208E+02  5.910959E+01  -3.818871E+01  -5.061846E-05  1.000000E+00  2.176184E-03  2.018819E-24  2.435349E-17   5.000000E-01 NotAppl  1.431518E+00  0.000000E+00  
5.368260E+01  3.982480E+00  -3.871994E+00  4.014189E-03  1.000000E+00  2.885153E-03  3.412394E-29  2.944009E-11   2.672822E-02 LZ5Tmedian  4.021506E-04  8.246743E-03  
5.164582E+03  1.314544E+02  -1.312853E+02  4.343836E-10  1.000000E+00  7.141275E-04  9.948564E-24  3.061542E-29   5.000000E-01 NotAppl  9.085307E-01  0.000000E+00  
6.922566E+02  1.248354E+01  1.520588E+00  -2.845098E-10  1.000000E+00  3.030968E-02  1.859825E-25  7.889487E-28   5.000000E-01 NotAppl  1.340965E-01  0.000000E+00  
7.669515E+01  9.935673E-04  7.070777E+00  3.235187E-10  1.000000E+00  6.099585E-03  6.153978E-44  9.232006E-26   5.000000E-01 NotAppl  5.035324E-19  0.000000E+00  
3.408872E+02  1.849322E-02  3.721410E+01  1.513148E-04  1.000000E+00  1.034766E-02  5.057649E-25  9.502886E-16   5.000000E-01 NotAppl  7.596234E-01  0.000000E+00  
8.256864E+03  2.157919E+00  -2.107301E+00  -6.665107E+00  1.000000E+00  8.584362E-02  1.315186E-25  2.778022E-09   3.483923E-02 LZ5Tmedian  8.026886E-03  0.000000E+00  
5.184544E+03  6.751912E+02  -6.721149E+02  5.489885E-02  1.000000E+00  3.173593E-05  2.357080E-22  4.851923E-13   5.000000E-01 NotAppl  2.144084E+01  0.000000E+00  
9.934598E+01  5.105610E-03  4.784671E+00  -5.523572E-02  1.000000E+00  5.763831E-03  8.623110E-25  1.584090E-09   2.546639E-59 LZ5Tmedian  4.722187E+00  0.000000E+00  
1.512916E+03  7.060021E-02  3.860342E-01  6.358039E-05  1.000000E+00  8.057860E-01  9.626472E-27  7.987773E-18   5.000000E-01 NotAppl  3.093710E-03  0.000000E+00  
4.923016E+02  1.981295E+01  -1.491267E+01  -1.392948E+00  1.000000E+00  3.598769E-03  1.728489E-24  3.796217E-08   0.000000E+00 LZ5Tmedian  2.007537E+00  0.000000E+00  
1.409802E+03  2.366788E+01  -2.366261E+01  3.079702E-02  1.000000E+00  1.882133E-02  3.439253E-25  2.164274E-12   5.000000E-01 NotAppl  1.184352E-01  0.000000E+00  
2.651714E+03  2.463360E-01  -1.919091E-01  2.429091E-08  1.000000E+00  2.350826E+00  3.164432E-27  3.716127E-25   5.000000E-01 NotAppl  5.724589E-04  0.000000E+00  
1.331800E+02  4.937761E-04  1.731769E-03  6.700577E-06  1.000000E+00  8.771380E-03  9.211621E-25  1.278278E-17   5.000000E-01 NotAppl  3.722220E+00  0.000000E+00  
9.140922E+03  2.744136E-02  5.987203E+00  -3.637721E-09  1.000000E+00  4.275593E-01  1.002788E-26  6.730873E-28   5.000000E-01 NotAppl  5.243482E-04  0.000000E+00  
2.706915E+02  4.737254E-02  6.477494E-01  1.923213E-01  1.000000E+00  2.154873E-02  4.453756E-25  2.461445E-09   1.974877E-38 LZ5Tmedian  8.645781E-01  0.000000E+00  
1.695595E+01  8.923783E-01  7.107434E-01  -1.080290E-01  1.000000E+00  9.256746E-03  2.121218E-27  2.194134E-07   0.000000E+00 XENON1T_2018  8.649362E-02  2.517890E-01  
3.703874E+02  1.737835E-01  1.152927E+00  5.321045E+00  1.000000E+00  2.173758E-04  6.285420E-23  9.915278E-07   0.000000E+00 XENON1T_2018  9.396560E+01  0.000000E+00  
1.207680E+02  1.089776E+00  -9.248986E-01  3.021911E-02  1.000000E+00  6.468994E-03  1.198179E-24  3.177349E-10   8.757432E-11 LZ5Tmedian  5.358474E+00  0.000000E+00  
1.069940E+03  7.656994E-04  1.230468E+02  -3.671106E-09  1.000000E+00  1.326039E-03  3.638744E-24  5.398805E-26   5.000000E-01 NotAppl  1.698055E+00  0.000000E+00  
8.438081E+01  9.808102E+01  -9.780926E+01  4.237330E-05  1.000000E+00  5.269710E-03  7.830684E-25  1.302711E-15   5.000000E-01 NotAppl  5.204013E+00  0.000000E+00  
7.897225E+02  1.918166E-01  1.802776E+02  -1.452040E-05  1.000000E+00  7.104026E-04  6.909966E-24  1.570140E-18   5.000000E-01 NotAppl  4.403289E+00  0.000000E+00  
1.634268E+03  6.376560E-03  -6.204593E-03  -1.114227E-10  1.000000E+00  9.449346E-01  8.204640E-27  2.096088E-29   5.000000E-01 NotAppl  2.435791E-03  0.000000E+00  
3.669422E+03  1.070497E+02  -1.068635E+02  -8.574037E-04  1.000000E+00  1.064072E-03  6.571026E-24  2.390280E-16   5.000000E-01 NotAppl  8.493450E-01  0.000000E+00  
2.121573E+02  4.279486E+01  -4.279205E+01  -1.305034E-04  1.000000E+00  5.036670E-03  1.219132E-24  1.867065E-15   5.000000E-01 NotAppl  3.015000E+00  0.000000E+00  
8.589350E+03  1.116528E+00  4.851318E+00  8.304671E-06  1.000000E+00  4.723796E-01  1.064707E-26  3.980579E-21   5.000000E-01 NotAppl  5.920403E-04  0.000000E+00  
2.975375E+03  1.250880E-03  1.199445E-02  4.271790E-09  1.000000E+00  2.978084E+00  2.485656E-27  9.090767E-27   5.000000E-01 NotAppl  3.999151E-04  0.000000E+00  
2.780463E+03  4.297575E+02  -4.276656E+02  -2.621609E-09  1.000000E+00  7.814728E-05  9.295292E-23  3.930222E-27   5.000000E-01 NotAppl  1.594755E+01  0.000000E+00  
1.817504E+01  1.329733E-01  -8.200366E-02  -4.286432E-02  1.000000E+00  2.829154E-03  3.416311E-28  3.006731E-08   0.000000E+00 XENON1T_2018  1.288364E-02  2.284075E-01  
1.489661E+02  6.682642E+02  -6.649320E+02  -4.046612E-06  1.000000E+00  5.667929E-04  7.374634E-24  3.705563E-18   5.000000E-01 NotAppl  2.712389E+01  0.000000E+00  
6.748150E+01  1.266603E-02  -9.008587E-03  -1.675339E-08  1.000000E+00  5.597057E-03  1.507994E-39  3.215331E-22   5.000000E-01 NotAppl  1.396174E-14  0.000000E+00  
2.176857E+03  1.698385E-01  2.888428E+01  2.533611E-07  1.000000E+00  2.016896E-02  2.294262E-25  6.042470E-23   5.000000E-01 NotAppl  5.164772E-02  0.000000E+00  
4.819568E+01  1.005429E-02  1.732751E-01  -4.099990E-04  1.000000E+00  1.028145E-03  1.490970E-31  3.825986E-13   5.000000E-01 NotAppl  1.960012E-06  1.528114E-04  
6.970112E+02  2.622336E-02  6.677743E-01  -3.926900E-10  1.000000E+00  1.848909E-01  4.451815E-26  1.482107E-27   5.000000E-01 NotAppl  3.175420E-02  0.000000E+00  
1.079390E+03  1.686096E-02  3.006774E-01  -6.618814E-06  1.000000E+00  4.274970E-01  1.873163E-26  1.723732E-19   5.000000E-01 NotAppl  8.512882E-03  0.000000E+00  
7.161067E+01  1.543827E-01  -7.627073E-02  2.820923E-07  1.000000E+00  6.659631E-03  1.209832E-37  8.074788E-20   5.000000E-01 NotAppl  1.061151E-12  0.000000E+00  
3.134841E+03  2.834325E-03  1.984834E+00  3.984167E-03  1.000000E+00  1.747850E+00  3.326655E-27  7.110581E-15   5.000000E-01 NotAppl  5.101607E-04  0.000000E+00  
2.810094E+03  6.960117E+01  -6.960000E+01  1.811981E-07  1.000000E+00  2.443714E-03  2.791029E-24  1.837452E-23   5.000000E-01 NotAppl  4.737067E-01  0.000000E+00  
2.428920E+02  5.896241E+01  -5.777193E+01  -8.073838E-07  1.000000E+00  3.218713E-03  1.775346E-24  5.416207E-20   5.000000E-01 NotAppl  3.813698E+00  0.000000E+00  
3.549966E+01  6.262614E-01  7.409220E+00  -3.268189E-02  1.000000E+00  4.365227E-04  3.448920E-28  4.527628E-09   8.494533E-253 LZ5Tmedian  6.262734E-03  2.704798E-01  
1.837222E+03  7.401123E-02  -7.356958E-02  -1.652839E-05  1.000000E+00  1.180418E+00  6.502544E-27  3.633282E-19   5.000000E-01 NotAppl  1.712282E-03  0.000000E+00  
3.901397E+02  6.022653E-01  3.224634E+02  -1.519650E-05  1.000000E+00  4.217509E-04  1.143596E-23  7.271428E-18   5.000000E-01 NotAppl  1.499012E+01  0.000000E+00  
5.379128E+01  2.691952E+01  -2.129711E+01  -1.387313E-01  1.000000E+00  1.202041E-02  4.170932E-26  3.501885E-08   0.000000E+00 XENON1T_2018  4.887275E-01  6.643823E-01  
1.283809E+02  5.212190E+00  -6.374760E-01  9.465513E-08  1.000000E+00  4.456690E-03  1.024205E-24  2.750195E-21   5.000000E-01 NotAppl  4.296550E+00  0.000000E+00  
7.689290E+03  7.686819E+02  -7.686814E+02  1.067194E+00  1.000000E+00  2.441253E-05  3.169564E-22  8.230542E-11   5.000000E-01 NotAppl  1.933687E+01  0.000000E+00  
2.240509E+02  1.239690E+01  -1.224612E+01  1.142054E-05  1.000000E+00  1.316633E-02  4.779498E-25  1.278649E-17   5.000000E-01 NotAppl  1.111226E+00  0.000000E+00  
4.833261E+01  2.182048E+02  -9.579238E+01  5.832041E-09  1.000000E+00  1.359286E+04  3.067071E-41  7.696776E-23   5.000000E-01 NotAppl  4.020768E-16  3.081281E-14  
1.077015E+02  9.005030E+01  -8.204289E+01  -5.460352E-02  1.000000E+00  1.938854E-03  1.632999E-24  1.311866E-09   2.723788E-46 LZ5Tmedian  8.295646E+00  0.000000E+00  
3.271141E+01  4.195684E-01  5.579317E-01  1.339039E-06  1.000000E+00  1.631520E-03  5.073442E-37  8.972763E-18   5.000000E-01 NotAppl  1.005561E-11  2.164974E-09  
1.597241E+02  3.446587E-03  -3.226212E-03  1.433864E-02  1.000000E+00  1.170710E-02  7.140440E-25  4.032830E-11   9.908779E-02 LZ5Tmedian  2.392476E+00  0.000000E+00  
9.093788E+01  1.592072E-04  1.191917E+01  2.012144E-04  1.000000E+00  4.578971E-03  7.699588E-25  2.519855E-14   5.000000E-01 NotAppl  4.724257E+00  0.000000E+00  
8.137892E+02  1.128146E+02  -1.128018E+02  1.479130E-10  1.000000E+00  1.072203E-03  6.460424E-24  1.532373E-28   5.000000E-01 NotAppl  3.920313E+00  0.000000E+00  
1.911601E+03  1.709176E-02  2.799134E+02  -1.074582E-03  1.000000E+00  2.752313E-04  1.818286E-23  1.416420E-15   5.000000E-01 NotAppl  4.678878E+00  0.000000E+00  
1.756341E+01  6.600908E+02  -6.598223E+02  -5.373027E-08  1.000000E+00  6.695421E-02  5.306926E-40  5.059144E-20   5.000000E-01 NotAppl  2.080524E-14  3.958269E-12  
7.118874E+01  4.733812E+02  -4.504612E+02  -6.934458E-02  1.000000E+00  3.321309E-01  8.079169E-27  4.938728E-09   1.420555E-230 LZ5Tmedian  7.126650E-02  0.000000E+00  
2.646817E+01  6.122670E-03  -5.976960E-03  -3.498140E-07  1.000000E+00  3.001134E-03  2.761751E-38  9.401532E-19   5.000000E-01 NotAppl  6.890102E-13  1.583505E-10  
1.970464E+03  3.686282E-01  -3.399777E-01  1.459579E+00  1.000000E+00  7.936458E-02  1.434186E-25  2.456573E-09   4.177916E-06 LZ5Tmedian  3.704607E-02  0.000000E+00  
5.918836E+03  7.728689E-04  3.315125E+01  2.485301E-08  1.000000E+00  1.583461E-02  2.957646E-25  7.596524E-26   5.000000E-01 NotAppl  2.404026E-02  0.000000E+00  
2.584034E+03  7.880332E+02  -7.874616E+02  -5.876702E-04  1.000000E+00  2.849447E-05  2.664092E-22  2.292628E-16   5.000000E-01 NotAppl  4.925801E+01  0.000000E+00  
3.371356E+01  4.430984E+01  -4.296944E+01  -2.988535E-04  1.000000E+00  7.092186E-03  2.643070E-32  4.204116E-13   5.000000E-01 NotAppl  5.064311E-07  1.064376E-04  
3.261518E+03  4.460813E+02  -4.454562E+02  6.994729E-02  1.000000E+00  7.247929E-05  1.022263E-22  2.021890E-12   5.000000E-01 NotAppl  1.490081E+01  0.000000E+00  
1.091501E+02  1.626362E+01  -1.626336E+01  1.898003E+00  1.000000E+00  1.037159E-04  6.505020E-23  1.542225E-06   0.000000E+00 XENON1T_2018  3.249663E+02  0.000000E+00  
1.394900E+02  8.700359E-04  1.271633E-01  -7.358682E-04  1.000000E+00  9.421195E-03  8.582376E-25  1.402125E-13   5.000000E-01 NotAppl  3.307976E+00  0.000000E+00  
1.269907E+02  3.947151E+00  1.416157E+01  4.954901E-01  1.000000E+00  8.016981E-04  6.093177E-24  7.706181E-08   0.000000E+00 XENON1T_2018  2.614038E+01  0.000000E+00  
8.066137E+03  5.304858E+02  -4.140431E+02  -3.495561E-03  1.000000E+00  3.549251E-05  1.591214E-22  8.012515E-16   5.000000E-01 NotAppl  9.253875E+00  0.000000E+00  
2.791835E+02  5.900417E+00  -5.620570E+00  -6.617170E-07  1.000000E+00  2.511891E-02  2.816238E-25  2.735298E-20   5.000000E-01 NotAppl  5.197389E-01  0.000000E+00  
1.750997E+01  2.320722E+02  -2.320602E+02  -4.387223E-05  1.000000E+00  6.318599E-02  3.534705E-34  3.393625E-14   5.000000E-01 NotAppl  1.390494E-08  2.640119E-06  
2.013542E+01  6.104912E+02  -6.104849E+02  5.323637E-07  1.000000E+00  4.361721E-02  5.474649E-38  3.777060E-18   5.000000E-01 NotAppl  1.842343E-12  3.833663E-10  
3.761228E+01  6.241275E-01  -4.195958E-01  -1.051638E-07  1.000000E+00  8.394694E-05  4.010305E-39  4.168677E-20   5.000000E-01 NotAppl  6.849584E-14  1.253906E-11  
1.957317E+01  1.059806E-04  3.305897E+02  -5.779531E-09  1.000000E+00  1.276122E-03  6.380362E-42  4.711963E-22   5.000000E-01 NotAppl  2.216614E-16  4.531427E-14  
2.742090E+03  5.255935E+01  -5.255864E+01  3.559678E-07  1.000000E+00  4.189432E-03  1.601854E-24  7.454012E-23   5.000000E-01 NotAppl  2.787627E-01  0.000000E+00  
2.629311E+03  1.344969E-03  -1.237602E-03  3.638647E-08  1.000000E+00  2.347535E+00  3.181037E-27  8.483706E-25   5.000000E-01 NotAppl  5.804915E-04  0.000000E+00  
1.135618E+02  4.580197E-02  -4.481271E-02  -1.092728E-10  1.000000E+00  6.864395E-03  1.132817E-24  4.713045E-27   5.000000E-01 NotAppl  5.396667E+00  0.000000E+00  
9.232969E+02  1.787313E+01  6.280592E+02  -1.049062E+00  1.000000E+00  8.560128E-05  4.997814E-23  5.956453E-09   2.187284E-28 LZ5Tmedian  2.714675E+01  0.000000E+00  
8.607762E+01  5.369500E-04  1.481069E-01  1.378850E-02  1.000000E+00  5.462121E-03  8.045969E-25  1.324276E-10   3.602575E-06 LZ5Tmedian  5.217905E+00  0.000000E+00  
1.526289E+03  1.488380E+02  -1.328085E+02  1.075964E-02  1.000000E+00  4.774773E-04  1.189426E-23  2.246890E-13   5.000000E-01 NotAppl  3.774655E+00  0.000000E+00  
5.142755E+03  2.010477E-01  4.778337E-01  -4.602495E-09  1.000000E+00  6.858615E+00  9.817884E-28  3.466725E-27   5.000000E-01 NotAppl  9.071662E-05  0.000000E+00  
4.080975E+03  6.581117E+01  -6.579579E+01  2.706355E-09  1.000000E+00  2.708796E-03  2.517631E-24  1.918368E-27   5.000000E-01 NotAppl  2.920747E-01  0.000000E+00  
4.322307E+02  3.844696E-03  3.697509E-01  4.260232E-01  1.000000E+00  2.919929E-02  3.695956E-25  4.633976E-09   5.034976E-46 LZ5Tmedian  4.498788E-01  0.000000E+00  
3.479626E+02  2.499070E-02  2.373962E+00  -6.389024E-08  1.000000E+00  4.709197E-02  1.732615E-25  1.624419E-22   5.000000E-01 NotAppl  2.540333E-01  0.000000E+00  
4.074722E+02  3.877100E+01  -3.873825E+01  2.585201E-04  1.000000E+00  7.059880E-03  9.002541E-25  1.925267E-15   5.000000E-01 NotAppl  1.122943E+00  0.000000E+00  
1.985252E+01  1.057291E+01  -1.039369E+01  -1.400970E-06  1.000000E+00  4.640922E-02  3.769959E-37  2.691087E-17   5.000000E-01 NotAppl  1.289343E-11  1.460547E-09  
3.844157E+01  1.682464E+01  7.066078E+01  3.037307E-02  1.000000E+00  2.737853E+00  3.515377E-28  3.326569E-09   3.907348E-188 LZ5Tmedian  5.857165E-03  9.047984E-02  
1.000201E+01  1.941388E+00  -2.960810E-01  2.289683E-05  1.000000E+00  4.783000E-01  7.863029E-35  2.796220E-14   5.000000E-01 NotAppl  5.914667E-09  7.331714E-07  
1.576208E+03  1.008915E+02  -9.099162E+01  9.915491E-05  1.000000E+00  1.074598E-03  5.649118E-24  1.786973E-17   5.000000E-01 NotAppl  1.734273E+00  0.000000E+00  
5.850495E+02  1.981873E+01  1.437178E+02  4.764144E-08  1.000000E+00  7.091139E-04  5.586496E-24  3.120141E-23   5.000000E-01 NotAppl  4.835775E+00  0.000000E+00  
2.679762E+01  1.821237E+01  -1.821217E+01  1.428186E-02  1.000000E+00  1.699115E-02  4.649197E-29  1.528406E-09   1.517506E-74 LZ5Tmedian  1.145236E-03  3.134199E-02  
7.486796E+02  1.618097E+00  -1.454565E+00  -7.678903E-06  1.000000E+00  1.987732E-01  4.011808E-26  4.896969E-19   5.000000E-01 NotAppl  2.657427E-02  0.000000E+00  
3.221831E+03  9.801334E-03  -7.639749E-03  -1.971622E-10  1.000000E+00  3.471767E+00  2.120650E-27  1.646964E-29   5.000000E-01 NotAppl  3.145651E-04  0.000000E+00  
7.681594E+03  6.228443E+00  -3.238056E+00  9.354692E+00  1.000000E+00  2.129575E-02  5.450337E-25  6.337002E-09   2.664537E-04 LZ5Tmedian  3.466568E-02  0.000000E+00  
2.398423E+01  1.193250E-02  9.668632E+01  8.612416E-05  1.000000E+00  1.811369E-03  1.563506E-33  6.952704E-14   5.000000E-01 NotAppl  4.350019E-08  9.783745E-06  
1.586857E+02  1.012911E-01  -8.943410E-02  -1.217973E-03  1.000000E+00  1.174687E-02  6.982660E-25  2.949010E-13   5.000000E-01 NotAppl  2.354911E+00  0.000000E+00  
4.161073E+02  1.032193E-01  -4.441508E-02  -1.811632E+00  1.000000E+00  1.872437E-03  6.975705E-24  9.057474E-08   0.000000E+00 XENON1T_2018  9.466642E+00  0.000000E+00  
2.575856E+01  2.780879E-03  5.428102E-01  1.796060E-07  1.000000E+00  2.235767E-03  7.131832E-39  2.618210E-19   5.000000E-01 NotAppl  1.835452E-13  4.193290E-11  
8.587542E+03  1.058425E-01  1.048186E+00  -1.935269E-09  1.000000E+00  7.628081E+00  6.653573E-28  2.162567E-28   5.000000E-01 NotAppl  3.681085E-05  0.000000E+00  
6.627602E+02  8.188157E-04  4.103989E+01  4.370448E-03  1.000000E+00  1.004693E-02  4.749427E-25  2.034930E-13   5.000000E-01 NotAppl  3.615989E-01  0.000000E+00  
2.498978E+03  4.093103E-02  8.686879E+02  -2.228376E-08  1.000000E+00  3.723912E-05  1.415040E-22  3.528929E-25   5.000000E-01 NotAppl  2.766203E+01  0.000000E+00  
3.912713E+02  2.406870E-04  3.160185E+00  -5.829743E-07  1.000000E+00  5.744665E-02  1.398154E-25  1.063793E-20   5.000000E-01 NotAppl  1.815282E-01  0.000000E+00  
7.259540E+01  3.697440E-02  2.567192E+01  -2.705726E+00  1.000000E+00  2.929981E-04  9.117191E-24  7.224399E-06   0.000000E+00 XENON1T_2018  8.011353E+01  0.000000E+00  
1.306961E+03  5.457750E+01  -5.457629E+01  3.732223E-06  1.000000E+00  3.969756E-03  1.690737E-24  3.709578E-20   5.000000E-01 NotAppl  6.293131E-01  0.000000E+00  
2.247220E+02  3.315181E-03  8.591662E+01  -1.755445E-06  1.000000E+00  3.193400E-03  1.580080E-24  3.002556E-19   5.000000E-01 NotAppl  3.635861E+00  0.000000E+00  
7.836327E+03  2.923397E+00  -2.512096E+00  -5.363108E-01  1.000000E+00  1.463849E+00  2.902919E-27  2.000161E-11   5.000000E-01 NotAppl  1.778559E-04  0.000000E+00  
4.292452E+01  9.139517E-01  -9.075911E-01  2.640958E-08  1.000000E+00  1.327832E-04  3.656859E-40  2.009651E-21   5.000000E-01 NotAppl  5.436727E-15  7.135322E-13  
2.589935E+02  1.352007E+01  -1.351170E+01  1.449286E-04  1.000000E+00  1.589178E-02  4.004118E-25  1.530174E-15   5.000000E-01 NotAppl  8.003909E-01  0.000000E+00  
7.095049E+02  6.400405E-02  3.079962E+02  -8.286080E-10  1.000000E+00  3.121831E-04  1.607172E-23  6.363754E-27   5.000000E-01 NotAppl  1.142870E+01  0.000000E+00  
4.226804E+03  4.644354E-04  2.096123E+02  -4.784923E-07  1.000000E+00  4.416459E-04  1.128427E-23  5.583392E-23   5.000000E-01 NotAppl  1.290649E+00  0.000000E+00  
9.038144E+01  2.312647E-01  4.969273E-01  4.226435E-05  1.000000E+00  5.509428E-03  7.679471E-25  1.125820E-15   5.000000E-01 NotAppl  4.741137E+00  0.000000E+00  
6.498429E+03  8.277035E-04  2.841644E-04  7.496991E-01  1.000000E+00  2.586761E+00  3.761908E-27  5.717175E-11   5.000000E-01 NotAppl  2.869099E-04  0.000000E+00  
1.264113E+01  4.504972E+00  -4.329203E+00  3.442116E-01  1.000000E+00  9.145031E-02  1.967914E-26  3.991225E-06   0.000000E+00 XENON1T_2018  1.124709E+00  2.485854E-01  
1.125045E+03  2.181090E+01  -2.022649E+01  4.389674E-01  1.000000E+00  1.509867E-02  4.790294E-25  6.967191E-10   2.183169E-03 LZ5Tmedian  2.091655E-01  0.000000E+00  
3.021747E+01  1.065449E+00  -1.056693E+00  4.143582E+00  1.000000E+00  3.530923E-03  4.771670E-25  1.008999E-04   0.000000E+00 XENON1T_2018  9.977464E+00  2.512503E-01  
1.210245E+02  5.452546E+02  -5.452543E+02  8.251036E+00  1.000000E+00  1.069587E-06  8.613886E-22  2.358464E-05   0.000000E+00 XENON1T_2018  3.875019E+03  0.000000E+00  
1.531353E+02  1.199427E+00  -9.947931E-01  1.739582E-02  1.000000E+00  9.965036E-03  7.801774E-25  6.471223E-11   2.127743E-02 LZ5Tmedian  2.730262E+00  0.000000E+00  
8.981468E+03  1.551105E+02  -9.968145E+00  5.262296E-07  1.000000E+00  3.266619E-04  1.956642E-23  1.459763E-23   5.000000E-01 NotAppl  1.026421E+00  0.000000E+00  
2.157347E+03  1.495192E-03  -1.390066E-03  -1.130414E-05  1.000000E+00  1.605887E+00  4.719401E-27  1.225109E-19   5.000000E-01 NotAppl  1.054189E-03  0.000000E+00  
4.076222E+03  2.997910E+02  -2.997874E+02  5.248089E-01  1.000000E+00  1.471711E-04  4.989770E-23  7.230932E-11   5.000000E-01 NotAppl  5.795523E+00  0.000000E+00  
1.976573E+01  2.576747E+00  -2.413446E+00  7.745649E-03  1.000000E+00  4.155702E-02  1.150377E-29  8.298566E-10   3.419326E-28 LZ5Tmedian  3.953458E-04  5.359870E-02  
1.873453E+02  1.443673E+01  -8.723146E+00  1.027849E-10  1.000000E+00  6.305349E-03  6.696394E-25  1.494401E-27   5.000000E-01 NotAppl  1.877028E+00  0.000000E+00  
1.037301E+03  1.439173E+02  -1.426968E+02  1.234681E-01  1.000000E+00  6.324482E-04  1.081392E-23  6.505402E-11   5.000000E-01 NotAppl  5.107074E+00  0.000000E+00  
9.971928E+01  8.051928E-04  9.465405E+00  -7.875806E-08  1.000000E+00  4.735364E-03  1.255568E-24  3.195884E-21   5.000000E-01 NotAppl  6.847614E+00  0.000000E+00  
1.404471E+01  8.671459E+02  -8.670417E+02  -3.627586E-08  1.000000E+00  1.083053E-01  2.260203E-40  3.599345E-20   5.000000E-01 NotAppl  1.143193E-14  1.832187E-12  
4.693490E+03  2.860956E+02  -2.860943E+02  2.073404E-06  1.000000E+00  1.615298E-04  4.544345E-23  8.472629E-22   5.000000E-01 NotAppl  4.573057E+00  0.000000E+00  
1.332804E+01  3.008321E-03  -2.864424E-03  2.885904E-04  1.000000E+00  1.165680E-03  1.407419E-32  2.527002E-12   5.000000E-01 NotAppl  7.561528E-07  1.161762E-04  
1.656906E+03  2.975839E+02  -2.975653E+02  -3.195754E-06  1.000000E+00  1.688755E-04  4.330751E-23  1.676597E-20   5.000000E-01 NotAppl  1.262947E+01  0.000000E+00  
9.469988E+01  4.355606E-04  1.014868E-02  3.970417E-08  1.000000E+00  5.602307E-03  1.155991E-24  9.029167E-22   5.000000E-01 NotAppl  6.673924E+00  0.000000E+00  
2.224469E+01  4.956767E-03  3.132636E-02  1.020688E-05  1.000000E+00  2.515306E-03  2.105903E-35  1.136474E-15   5.000000E-01 NotAppl  6.357003E-10  1.390708E-07  
7.707525E+02  1.350727E+02  -1.349392E+02  1.617148E+00  1.000000E+00  4.930591E-04  1.433928E-23  2.046681E-08   2.648488E-114 LZ5Tmedian  9.240194E+00  0.000000E+00  
1.090454E+03  4.509058E+02  -3.611654E+02  -4.948659E-10  1.000000E+00  4.864012E-05  7.912971E-23  9.437254E-28   5.000000E-01 NotAppl  3.550971E+01  0.000000E+00  
5.352517E+01  1.416462E+02  -1.416379E+02  1.488117E-06  1.000000E+00  2.682915E-03  4.538120E-36  4.070222E-18   5.000000E-01 NotAppl  5.364066E-11  1.633700E-09  
3.844751E+03  1.087384E-04  1.334751E-02  -4.674571E-06  1.000000E+00  4.884415E+00  1.490089E-27  6.461338E-21   5.000000E-01 NotAppl  1.846445E-04  0.000000E+00  
1.383299E+03  3.802465E-01  2.779321E-02  4.241408E-06  1.000000E+00  6.748840E-01  1.156298E-26  4.267021E-20   5.000000E-01 NotAppl  4.073669E-03  0.000000E+00  
1.803921E+03  6.765892E-04  4.364257E+00  -2.498418E+00  1.000000E+00  2.617970E-02  4.434122E-25  8.617046E-09   2.512542E-21 LZ5Tmedian  1.270512E-01  0.000000E+00  
2.262683E+01  1.686606E+01  3.901487E+01  -7.495731E-02  1.000000E+00  1.831703E+00  1.145796E-27  5.922571E-08   0.000000E+00 XENON1T_2018  3.392969E-02  6.292901E-01  
1.767329E+03  5.098495E-03  2.002554E+01  -7.795172E-10  1.000000E+00  4.033392E-02  1.140456E-25  8.746195E-28   5.000000E-01 NotAppl  3.176790E-02  0.000000E+00  
2.894414E+03  7.883112E+01  4.444444E+02  -1.534571E-09  1.000000E+00  6.694136E-05  6.488284E-23  1.240919E-27   5.000000E-01 NotAppl  1.090018E+01  0.000000E+00  
1.040993E+02  4.957599E+02  -4.957593E+02  3.689859E-09  1.000000E+00  1.921659E-03  2.866143E-24  6.423224E-24   5.000000E-01 NotAppl  1.513284E+01  0.000000E+00  
4.098356E+02  3.150934E-02  3.746415E+00  -9.073032E-07  1.000000E+00  6.120831E-02  1.292717E-25  2.343516E-20   5.000000E-01 NotAppl  1.599338E-01  0.000000E+00  
1.673895E+01  4.344758E+01  -4.322428E+01  1.428402E+00  1.000000E+00  1.216507E-02  3.539935E-25  3.935959E-05   0.000000E+00 XENON1T_2018  1.465716E+01  3.770603E-01  
1.866240E+02  9.760346E+01  -9.271479E+01  4.206422E-06  1.000000E+00  1.333119E-03  3.188627E-24  2.522714E-18   5.000000E-01 NotAppl  9.044594E+00  0.000000E+00  
2.691889E+02  9.048883E+02  -9.004222E+02  -3.362418E-04  1.000000E+00  1.671715E-04  2.955594E-23  7.610100E-15   5.000000E-01 NotAppl  5.705173E+01  0.000000E+00  
1.722079E+03  2.410661E-04  1.119663E-01  -4.403420E-09  1.000000E+00  1.042937E+00  7.396603E-27  2.942440E-26   5.000000E-01 NotAppl  2.081231E-03  0.000000E+00  
4.271723E+02  2.042832E-04  3.469301E-04  3.661021E-03  1.000000E+00  7.351411E-02  1.155424E-25  3.505513E-13   5.000000E-01 NotAppl  1.368750E-01  0.000000E+00  
5.559999E+01  2.283486E-03  -2.078539E-03  -5.269911E-08  1.000000E+00  3.186522E-03  9.301601E-39  4.723568E-21   5.000000E-01 NotAppl  1.052934E-13  1.811928E-12  
1.632854E+02  6.883249E+02  -6.883246E+02  -7.191743E-03  1.000000E+00  6.552655E-04  9.096711E-24  9.696868E-12   5.000000E-01 NotAppl  3.047967E+01  0.000000E+00  
8.473945E+03  1.395391E-02  9.616393E-01  -1.153094E-04  1.000000E+00  9.036607E+00  5.642069E-28  7.887902E-19   5.000000E-01 NotAppl  3.159784E-05  0.000000E+00  
9.348754E+03  7.214245E-04  6.511251E-01  8.382299E-07  1.000000E+00  1.495352E+01  3.671495E-28  3.414392E-23   5.000000E-01 NotAppl  1.857631E-05  0.000000E+00  
2.597943E+01  6.297210E-02  1.268013E-02  1.430632E-09  1.000000E+00  3.152495E-03  4.553641E-43  1.632791E-23   5.000000E-01 NotAppl  1.159806E-17  2.658924E-15  
4.809358E+02  6.640965E-04  4.465315E-04  -3.266749E-02  1.000000E+00  9.168430E-02  9.234160E-26  2.190081E-11   5.000000E-01 NotAppl  9.681477E-02  0.000000E+00  
3.242660E+03  2.539203E+02  3.440395E+02  9.756451E-02  1.000000E+00  3.228240E-05  1.151720E-22  3.980382E-12   5.000000E-01 NotAppl  1.713734E+01  0.000000E+00  
4.431982E+01  1.001431E-02  3.615194E+01  7.142593E-09  1.000000E+00  2.018500E-04  3.016285E-41  1.377319E-22   5.000000E-01 NotAppl  4.337481E-16  5.138315E-14  
3.348736E+02  5.139853E-03  2.059282E-01  -6.218415E-01  1.000000E+00  9.319788E-03  1.247141E-24  1.664470E-08   6.910382E-209 LZ5Tmedian  2.067034E+00  0.000000E+00  
1.196708E+01  3.013582E-04  -1.781803E-04  -8.966942E-03  1.000000E+00  9.483450E-04  1.309451E-29  3.017552E-09   2.622591E-26 LZ5Tmedian  7.977306E-04  7.770034E-02  
1.284718E+02  9.195754E+00  -9.195030E+00  1.297546E-07  1.000000E+00  5.898282E-03  1.040521E-24  5.160488E-21   5.000000E-01 NotAppl  4.368459E+00  0.000000E+00  
4.827051E+01  2.459857E-02  3.897978E-02  -1.229498E-10  1.000000E+00  1.023212E-03  1.353050E-44  3.429736E-26   5.000000E-01 NotAppl  1.780994E-19  1.371591E-17  
3.337719E+01  3.159340E-03  2.895958E+02  1.129453E-09  1.000000E+00  1.294435E-03  3.717849E-43  6.128144E-24   5.000000E-01 NotAppl  7.210942E-18  1.540620E-15  
1.663285E+03  3.212059E-02  1.472064E-02  -7.790299E-04  1.000000E+00  9.769880E-01  7.923130E-27  9.885270E-16   5.000000E-01 NotAppl  2.310166E-03  0.000000E+00  
4.468400E+02  1.988670E-04  1.248776E+02  -2.134278E-09  1.000000E+00  1.524529E-03  3.163580E-24  1.086563E-25   5.000000E-01 NotAppl  3.608306E+00  0.000000E+00  
1.922131E+03  2.273789E-04  1.885964E-03  6.921842E-04  1.000000E+00  1.287543E+00  5.940028E-27  5.811593E-16   5.000000E-01 NotAppl  1.493436E-03  0.000000E+00  
5.454403E+03  1.015260E-03  1.970789E-02  1.483391E+00  1.000000E+00  5.674951E-01  1.876594E-26  3.195228E-10   5.000000E-01 NotAppl  1.718683E-03  0.000000E+00  
6.947046E+02  6.933031E-03  3.704033E-04  -1.103441E-03  1.000000E+00  1.859035E-01  4.465546E-26  1.178203E-14   5.000000E-01 NotAppl  3.195985E-02  0.000000E+00  
6.654658E+01  2.100032E-03  9.579358E+01  -4.427469E-07  1.000000E+00  4.741032E-03  1.616835E-36  2.310480E-19   5.000000E-01 NotAppl  1.518676E-11  0.000000E+00  
7.088916E+03  3.670109E+02  -3.602956E+02  1.562659E-05  1.000000E+00  9.640394E-05  7.552029E-23  2.081576E-20   5.000000E-01 NotAppl  5.002603E+00  0.000000E+00  
8.876803E+01  1.487086E+02  -1.483070E+02  -9.419659E-01  1.000000E+00  7.413813E-04  7.969629E-24  5.802602E-07   0.000000E+00 XENON1T_2018  5.019221E+01  0.000000E+00  
8.072105E+02  4.344209E+02  7.124477E+01  -8.853980E-03  1.000000E+00  3.719328E-05  9.765268E-23  5.582501E-13   5.000000E-01 NotAppl  6.015616E+01  0.000000E+00  
5.477714E+02  1.446603E+01  1.013710E+02  -3.127275E-02  1.000000E+00  1.368453E-03  2.989325E-24  1.538134E-11   5.000000E-01 NotAppl  2.767551E+00  0.000000E+00  
2.359232E+03  4.685125E-01  -4.683359E-01  -8.447802E-05  1.000000E+00  1.821026E+00  4.078138E-27  5.702311E-18   5.000000E-01 NotAppl  8.311689E-04  0.000000E+00  
1.063115E+03  2.092274E-02  1.238960E+01  6.592745E-05  1.000000E+00  8.469195E-02  6.033315E-26  1.764038E-17   5.000000E-01 NotAppl  2.818569E-02  0.000000E+00  
1.504731E+01  2.298192E-01  -4.458506E-02  8.531126E-02  1.000000E+00  2.613933E-03  1.276142E-27  1.735960E-07   0.000000E+00 XENON1T_2018  5.963006E-02  2.431819E-01  
6.560853E+03  2.842719E-04  7.172763E+00  5.890366E-08  1.000000E+00  2.996468E-01  1.439213E-26  3.461430E-25   5.000000E-01 NotAppl  1.053053E-03  0.000000E+00  
6.327138E+02  4.229531E-04  2.093150E-03  -1.144337E+00  1.000000E+00  1.285748E-02  9.495776E-25  1.533856E-08   4.472677E-104 LZ5Tmedian  8.064102E-01  0.000000E+00  
5.857518E+03  9.192047E-04  3.640305E+00  3.380200E-10  1.000000E+00  1.031102E+00  4.220907E-27  1.435270E-29   5.000000E-01 NotAppl  3.458957E-04  0.000000E+00  
1.869321E+02  1.143696E+00  -1.266963E-01  -1.013687E-03  1.000000E+00  1.393360E-02  5.422614E-25  1.460099E-13   5.000000E-01 NotAppl  1.520692E+00  0.000000E+00  
2.156790E+01  8.767740E-04  6.010637E+02  -2.049902E-03  1.000000E+00  1.502431E-03  8.366411E-31  4.877915E-11   1.411152E-02 LZ5Tmedian  2.610396E-05  5.540279E-03  
3.106490E+02  1.935290E+02  -1.935280E+02  -1.303893E-03  1.000000E+00  6.292154E-04  1.065519E-23  8.534282E-14   5.000000E-01 NotAppl  1.768059E+01  0.000000E+00  
7.420483E+03  2.101802E+02  -2.005947E+02  -8.460379E-07  1.000000E+00  2.805757E-04  2.538694E-23  5.560496E-23   5.000000E-01 NotAppl  1.605688E+00  0.000000E+00  
7.770899E+03  5.704214E-03  1.278139E-01  -7.921467E-02  1.000000E+00  1.823235E+01  3.835368E-28  4.438533E-13   5.000000E-01 NotAppl  2.336070E-05  0.000000E+00  
1.209927E+02  4.010143E-04  4.229491E+02  -4.217052E-01  1.000000E+00  2.486279E-03  1.243432E-24  6.164022E-08   0.000000E+00 XENON1T_2018  5.618045E+00  0.000000E+00  
9.640398E+03  1.134875E-01  3.902884E-02  7.104256E-01  1.000000E+00  5.289223E+00  1.805913E-27  2.304286E-11   5.000000E-01 NotAppl  9.176336E-05  0.000000E+00  
1.883560E+01  5.611697E+00  -5.611534E+00  4.913057E-05  1.000000E+00  5.225492E-02  4.544948E-34  3.677567E-14   5.000000E-01 NotAppl  1.647712E-08  2.780050E-06  
1.216134E+03  7.989200E-01  -7.179144E-01  -5.484690E-05  1.000000E+00  5.171121E-01  1.514286E-26  9.279131E-18   5.000000E-01 NotAppl  6.087776E-03  0.000000E+00  
1.538251E+01  3.775196E+01  -3.765760E+01  8.299876E-06  1.000000E+00  8.737855E-02  1.215746E-35  1.572671E-15   5.000000E-01 NotAppl  5.537468E-10  7.505886E-09  
2.218257E+03  1.453599E+01  -6.835575E+00  8.164927E-01  1.000000E+00  2.837883E-02  2.917695E-25  6.039097E-10   6.677939E-02 LZ5Tmedian  6.370938E-02  0.000000E+00  
3.320224E+02  1.336615E+00  8.129285E+02  4.183271E-04  1.000000E+00  2.404494E-04  1.936175E-23  7.665688E-15   5.000000E-01 NotAppl  2.991049E+01  0.000000E+00  
3.861528E+03  1.375837E-01  -1.373981E-01  1.482293E-10  1.000000E+00  4.874833E+00  1.488343E-27  6.439620E-30   5.000000E-01 NotAppl  1.836067E-04  0.000000E+00  
6.337373E+03  7.256160E-02  7.136362E+00  -1.432996E-05  1.000000E+00  2.984406E-01  1.457034E-26  2.198088E-20   5.000000E-01 NotAppl  1.104238E-03  0.000000E+00  
4.306568E+01  4.118898E+00  -4.118746E+00  3.094873E-05  1.000000E+00  7.846315E-05  5.080710E-34  2.741459E-15   5.000000E-01 NotAppl  7.527773E-09  7.612421E-07  
4.405279E+02  6.676545E+00  -6.664769E+00  -1.245825E-05  1.000000E+00  5.324457E-02  1.345608E-25  3.811595E-18   5.000000E-01 NotAppl  1.544536E-01  0.000000E+00  
1.694845E+03  1.926393E+01  -1.926139E+01  6.579693E+00  1.000000E+00  2.113532E-03  4.978352E-24  6.786578E-08   2.429515E-173 LZ5Tmedian  1.471334E+00  0.000000E+00  
2.020254E+01  4.337183E+02  -4.326942E+02  2.631785E-06  1.000000E+00  7.210488E-02  1.339779E-36  9.169307E-17   5.000000E-01 NotAppl  4.494296E-11  9.339122E-09  
3.346386E+01  4.561960E+02  -3.667721E+02  -8.943738E-08  1.000000E+00  1.172900E+06  2.340274E-39  3.822485E-20   5.000000E-01 NotAppl  4.526168E-14  9.653256E-12  
3.955865E+03  1.072604E-03  5.481019E+00  1.683171E-09  1.000000E+00  4.670390E-01  9.511749E-27  7.905421E-28   5.000000E-01 NotAppl  1.160864E-03  0.000000E+00  
2.736690E+01  2.498850E+01  -1.546261E-01  -2.386907E-06  1.000000E+00  2.604598E+04  1.321567E-36  4.091543E-17   5.000000E-01 NotAppl  3.180604E-11  6.217759E-10  
6.450746E+01  1.096178E+01  -1.096138E+01  -4.191497E-03  1.000000E+00  1.010109E-02  6.059617E-28  2.206591E-11   8.210899E-02 LZ5Tmedian  5.910571E-03  0.000000E+00  
4.480126E+02  1.450033E-02  1.220659E-01  -1.773109E-02  1.000000E+00  8.038981E-02  1.052160E-25  7.459257E-12   5.000000E-01 NotAppl  1.186620E-01  0.000000E+00  
1.968513E+02  9.346149E+01  -8.576304E+01  -2.301547E+00  1.000000E+00  2.041192E-05  2.131012E-22  6.770106E-07   0.000000E+00 XENON1T_2018  6.749980E+02  0.000000E+00  
1.993864E+01  1.794675E-03  1.791265E+02  -2.070826E-06  1.000000E+00  1.325438E-03  8.251104E-37  5.828870E-17   5.000000E-01 NotAppl  2.806918E-11  5.805571E-09  
3.054128E+01  5.140123E+01  -5.080272E+01  1.353324E-06  1.000000E+00  1.035488E-02  4.742771E-37  1.053335E-17   5.000000E-01 NotAppl  1.012347E-11  2.278934E-09  
8.977294E+02  7.772180E+02  -7.772170E+02  5.246949E-09  1.000000E+00  5.224958E-05  1.437335E-22  1.577978E-25   5.000000E-01 NotAppl  7.880499E+01  0.000000E+00  
4.305448E+02  6.941825E+00  1.293179E+02  6.776489E-08  1.000000E+00  1.182355E-03  3.628793E-24  1.181868E-22   5.000000E-01 NotAppl  4.299018E+00  0.000000E+00  
5.103199E+02  1.888717E-03  9.162884E-01  1.853557E+00  1.000000E+00  4.191704E-03  3.027050E-24  6.245483E-08   0.000000E+00 LZ5Tmedian  3.091327E+00  0.000000E+00  
8.872626E+01  1.380274E-01  3.183754E+01  9.579320E-06  1.000000E+00  4.591050E-03  7.541542E-25  6.006766E-17   5.000000E-01 NotAppl  4.743477E+00  0.000000E+00  
1.531839E+03  6.277902E-04  2.653526E+00  -5.068471E-10  1.000000E+00  6.017942E-01  1.123485E-26  4.949099E-28   5.000000E-01 NotAppl  3.575157E-03  0.000000E+00  
1.183310E+01  3.043676E+01  1.139514E+02  6.943914E-04  1.000000E+00  1.167309E+04  7.819172E-32  1.850116E-11   5.000000E-01 NotAppl  4.825871E-06  8.667966E-05  
5.841781E+01  3.198735E-03  1.751858E+00  -1.010243E-03  1.000000E+00  3.542285E-03  9.332064E-30  1.569350E-12   5.000000E-01 NotAppl  1.007842E-04  5.101534E-04  
1.941098E+03  4.247457E+02  -4.247258E+02  2.324372E-04  1.000000E+00  8.781737E-05  8.471732E-23  6.423525E-17   5.000000E-01 NotAppl  2.100128E+01  0.000000E+00  
5.718834E+02  2.871512E-03  2.125170E+01  -3.022554E-08  1.000000E+00  2.874129E-02  1.823248E-25  1.315713E-23   5.000000E-01 NotAppl  1.609045E-01  0.000000E+00  
1.212158E+03  1.885525E-01  5.040045E+00  2.004161E-05  1.000000E+00  2.789242E-01  2.223859E-26  1.247299E-18   5.000000E-01 NotAppl  9.023928E-03  0.000000E+00  
2.402763E+01  2.919357E-03  1.482235E+00  -1.384979E-01  1.000000E+00  1.842402E-03  4.047288E-27  1.791462E-07   0.000000E+00 XENON1T_2018  1.123734E-01  2.504569E-01  
9.553034E+02  3.039586E+01  -2.839746E+01  6.596045E-07  1.000000E+00  1.146562E-02  5.485367E-25  2.196526E-21   5.000000E-01 NotAppl  2.820489E-01  0.000000E+00  
5.117300E+01  3.702260E+01  -3.616075E+01  1.495130E-08  1.000000E+00  2.093340E-03  2.995771E-40  4.502864E-22   5.000000E-01 NotAppl  3.699819E-15  1.820522E-13  
3.952860E+01  1.727814E+00  -1.726786E+00  -4.876984E-08  1.000000E+00  1.739659E-04  9.714290E-40  8.104105E-21   5.000000E-01 NotAppl  1.574446E-14  2.509676E-12  
1.479061E+03  6.194598E-04  1.468671E-01  -8.232062E-08  1.000000E+00  7.801567E-01  1.001227E-26  1.402291E-23   5.000000E-01 NotAppl  3.292998E-03  0.000000E+00  
1.082686E+03  1.788099E-03  1.351134E+01  -1.812130E-03  1.000000E+00  7.459582E-02  6.703514E-26  1.284062E-14   5.000000E-01 NotAppl  3.075829E-02  0.000000E+00  
4.414455E+01  2.258826E-01  1.211507E+02  4.151558E-08  1.000000E+00  2.273657E-04  1.003110E-39  4.690813E-21   5.000000E-01 NotAppl  1.444941E-14  1.741215E-12  
1.260687E+03  1.980681E-01  -1.979272E-01  -1.319748E-10  1.000000E+00  5.746278E-01  1.376826E-26  4.992369E-29   5.000000E-01 NotAppl  5.333355E-03  0.000000E+00  
1.274847E+02  7.186647E-01  4.345292E+01  2.136351E-06  1.000000E+00  4.467654E-03  1.273997E-24  1.421209E-18   5.000000E-01 NotAppl  5.339328E+00  0.000000E+00  
1.029061E+01  8.084008E-04  9.834288E+02  1.688115E-03  1.000000E+00  4.192306E-04  4.341085E-31  1.437855E-10   2.339635E-01 NotAppl  3.157869E-05  3.967281E-03  
5.370592E+01  1.271588E+02  -1.025398E+02  8.334337E-07  1.000000E+00  3.116943E+01  1.478021E-36  1.267947E-18   5.000000E-01 NotAppl  1.735154E-11  5.076452E-10  
1.275506E+01  4.162071E-02  5.174815E-01  -9.783745E-03  1.000000E+00  7.952548E-04  1.594515E-29  3.167907E-09   8.261172E-35 LZ5Tmedian  9.017372E-04  8.807226E-02  
3.851003E+01  7.621872E+02  -7.621845E+02  5.430737E-02  1.000000E+00  1.275110E-03  1.128640E-27  1.059659E-08   0.000000E+00 LZ5Tmedian  1.876910E-02  4.344986E-01  
2.141236E+02  2.248489E+01  -2.247772E+01  7.422550E-10  1.000000E+00  8.957373E-03  6.790401E-25  5.926694E-26   5.000000E-01 NotAppl  1.658562E+00  0.000000E+00  
6.730013E+01  6.811373E+01  -6.554028E+01  2.535752E-02  1.000000E+00  2.195754E-02  3.728828E-27  7.406626E-10   2.457469E-36 LZ5Tmedian  3.482758E-02  0.000000E+00  
1.177715E+01  4.038404E-04  1.801747E+02  3.877426E-08  1.000000E+00  5.273417E-04  2.433581E-40  5.822724E-20   5.000000E-01 NotAppl  1.510603E-14  2.109119E-12  
4.488711E+02  7.275941E-03  -6.711522E-03  -3.819809E+00  1.000000E+00  4.047363E-04  3.439594E-23  3.448316E-07   0.000000E+00 XENON1T_2018  4.429435E+01  0.000000E+00  
2.462880E+02  3.110369E-02  -8.543853E-03  -2.330210E-09  1.000000E+00  2.597266E-02  3.282105E-25  4.385028E-25   5.000000E-01 NotAppl  6.900019E-01  0.000000E+00  
1.540995E+01  2.293671E-03  -1.728445E-03  -7.012372E-08  1.000000E+00  1.484517E-03  8.682913E-40  1.118624E-19   5.000000E-01 NotAppl  3.946771E-14  6.807312E-12  
5.065416E+03  9.590399E+00  -9.590253E+00  8.745128E-09  1.000000E+00  1.094232E-01  5.507582E-26  1.290755E-26   5.000000E-01 NotAppl  5.129833E-03  0.000000E+00  
2.028785E+01  1.253623E-01  -1.252451E-01  -5.964108E-05  1.000000E+00  3.352155E-03  6.892747E-34  4.669309E-14   5.000000E-01 NotAppl  2.300234E-08  4.805714E-06  
2.096812E+03  1.964082E+01  -1.772852E+01  -3.688929E-02  1.000000E+00  2.809983E-02  2.251517E-25  1.382552E-12   5.000000E-01 NotAppl  5.157298E-02  0.000000E+00  
3.474716E+03  3.369902E-03  -3.164051E-03  -8.517552E-05  1.000000E+00  4.016889E+00  1.823682E-27  2.635635E-18   5.000000E-01 NotAppl  2.504631E-04  0.000000E+00  
1.048072E+01  8.455009E-02  1.846928E+02  3.896046E-06  1.000000E+00  6.310979E-04  2.334180E-36  7.389650E-16   5.000000E-01 NotAppl  1.661780E-10  2.137538E-08  
1.144544E+01  6.904281E-02  1.844496E+00  -2.576137E-03  1.000000E+00  6.746793E-04  1.062091E-30  2.718740E-10   1.188468E-02 LZ5Tmedian  6.817405E-05  9.061833E-03  
4.085245E+03  1.584164E-04  4.971944E-02  1.401074E-08  1.000000E+00  5.487480E+00  1.320685E-27  5.130515E-26   5.000000E-01 NotAppl  1.538698E-04  0.000000E+00  
4.850861E+02  9.389061E+02  -9.359948E+02  1.033520E-02  1.000000E+00  7.581318E-05  8.270268E-23  2.153940E-12   5.000000E-01 NotAppl  8.596323E+01  0.000000E+00  
3.078457E+01  2.626959E-02  2.210057E-01  -1.395597E-10  1.000000E+00  2.182955E-03  5.091556E-45  1.102305E-25   5.000000E-01 NotAppl  1.077553E-19  2.420444E-17  
6.175151E+01  2.237756E+00  -2.233590E+00  -2.153833E-04  1.000000E+00  6.772762E-03  1.198622E-29  6.369586E-14   5.000000E-01 NotAppl  1.222654E-04  1.022512E-05  
2.048952E+03  1.606856E-02  9.064256E+02  -1.735411E-03  1.000000E+00  3.787066E-05  1.392597E-22  3.207124E-15   5.000000E-01 NotAppl  3.337149E+01  0.000000E+00  
1.712795E+02  6.266598E+00  -6.266318E+00  -8.614739E-02  1.000000E+00  1.116850E-02  5.815546E-25  1.261533E-09   3.102073E-30 LZ5Tmedian  1.829659E+00  0.000000E+00  
1.630500E+03  1.791950E+02  -1.023061E+02  4.540465E-02  1.000000E+00  2.201309E-04  1.851761E-23  3.497084E-12   5.000000E-01 NotAppl  5.499841E+00  0.000000E+00  
1.282069E+01  6.216800E+00  2.410019E+01  6.642955E-08  1.000000E+00  2.093532E+01  7.363611E-40  1.445717E-19   5.000000E-01 NotAppl  4.139533E-14  1.345908E-12  
3.427814E+02  7.166943E+01  -7.002694E+01  5.247527E-04  1.000000E+00  2.385669E-03  2.471753E-24  1.129992E-14   5.000000E-01 NotAppl  3.697296E+00  0.000000E+00  
7.016547E+02  6.602860E-03  -2.374738E-03  1.783801E-04  1.000000E+00  1.894487E-01  4.379425E-26  3.017037E-16   5.000000E-01 NotAppl  3.102263E-02  0.000000E+00  
2.655584E+03  2.093787E+00  1.507002E+02  -1.297907E-07  1.000000E+00  8.190598E-04  5.949654E-24  1.057794E-23   5.000000E-01 NotAppl  1.092917E+00  0.000000E+00  
4.214186E+02  3.107129E-03  6.000461E+02  -3.956619E-08  1.000000E+00  2.158417E-04  2.289432E-23  4.209642E-23   5.000000E-01 NotAppl  2.773004E+01  0.000000E+00  
2.196957E+03  2.506638E-02  -2.426068E-02  1.322554E-05  1.000000E+00  1.662643E+00  4.551730E-27  1.615958E-19   5.000000E-01 NotAppl  9.979877E-04  0.000000E+00  
5.615460E+03  3.998586E+00  -3.997457E+00  4.387847E-07  1.000000E+00  5.679853E-01  1.013588E-26  2.635143E-23   5.000000E-01 NotAppl  8.506354E-04  0.000000E+00  
1.662914E+02  3.010409E-03  -1.520600E-03  1.923499E-08  1.000000E+00  1.277078E-02  6.469001E-25  6.682022E-23   5.000000E-01 NotAppl  2.079424E+00  0.000000E+00  
2.165135E+03  2.354067E+00  -2.166462E+00  -1.529050E-05  1.000000E+00  8.426667E-01  7.961422E-27  2.225126E-19   5.000000E-01 NotAppl  1.768863E-03  0.000000E+00  
1.281540E+01  5.394932E+01  -5.394890E+01  6.744593E-04  1.000000E+00  1.312814E-01  7.589408E-32  1.491510E-11   5.000000E-01 NotAppl  4.267678E-06  6.355821E-04  
1.302650E+02  1.684534E-01  6.870603E+01  -5.349835E-10  1.000000E+00  3.952227E-03  1.446253E-24  8.526773E-26   5.000000E-01 NotAppl  5.907185E+00  0.000000E+00  
1.623253E+01  6.977535E-04  7.217764E-02  1.451142E-02  1.000000E+00  1.406270E-03  3.776743E-29  4.319021E-09   5.250654E-96 LZ5Tmedian  1.617889E-03  1.341564E-01  
4.203098E+03  6.490856E-04  6.182814E-02  -9.367679E-02  1.000000E+00  5.458281E+00  1.357519E-27  2.164613E-12   5.000000E-01 NotAppl  1.544186E-04  0.000000E+00  
1.554203E+03  1.054403E-01  -1.052862E-01  -7.101023E-06  1.000000E+00  8.575571E-01  9.073762E-27  9.431482E-20   5.000000E-01 NotAppl  2.836214E-03  0.000000E+00  
5.051723E+01  5.446451E+00  -5.446163E+00  -3.641532E-03  1.000000E+00  1.342558E-03  1.606742E-29  2.742302E-11   3.198917E-02 LZ5Tmedian  2.017494E-04  8.241013E-03  
4.079974E+02  1.465476E+01  -1.430505E+01  -1.701631E-03  1.000000E+00  2.596159E-02  2.443783E-25  8.319333E-14   5.000000E-01 NotAppl  3.041028E-01  0.000000E+00  
2.405339E+01  9.540598E+02  -9.540591E+02  5.093816E-07  1.000000E+00  2.527071E-02  5.478768E-38  2.418071E-18   5.000000E-01 NotAppl  1.519531E-12  3.421921E-10  
3.576593E+01  1.653373E-04  1.593232E-01  3.455805E-08  1.000000E+00  4.294662E-04  3.910054E-40  4.986154E-21   5.000000E-01 NotAppl  7.044134E-15  1.398750E-12  
3.967521E+01  1.886566E-01  -1.618808E-01  -2.638766E-05  1.000000E+00  3.532106E-05  2.871574E-34  2.354699E-15   5.000000E-01 NotAppl  4.636005E-09  7.681318E-07  
3.070929E+01  2.022017E-02  2.971389E+02  -3.179766E-08  1.000000E+00  1.939391E-03  2.635464E-40  5.750778E-21   5.000000E-01 NotAppl  5.585302E-15  1.257919E-12  
1.250909E+02  9.250547E-02  2.129896E+02  -2.421417E-09  1.000000E+00  2.383545E-03  2.069692E-24  1.898141E-24   5.000000E-01 NotAppl  8.752526E+00  0.000000E+00  
5.948436E+02  5.989865E+02  -4.876211E+02  -3.391791E-04  1.000000E+00  4.812947E-05  7.600018E-23  1.528703E-15   5.000000E-01 NotAppl  6.387657E+01  0.000000E+00  
3.660316E+02  3.744525E-03  1.361792E+00  -1.107181E-08  1.000000E+00  5.334053E-02  1.561661E-25  4.398086E-24   5.000000E-01 NotAppl  2.172722E-01  0.000000E+00  
6.071341E+03  5.855698E+01  -5.855368E+01  -3.900028E-06  1.000000E+00  3.390824E-03  2.006410E-24  1.776392E-21   5.000000E-01 NotAppl  1.555096E-01  0.000000E+00  
2.205125E+02  1.240524E+00  1.562522E+02  1.048711E-08  1.000000E+00  1.482089E-03  3.094364E-24  1.113921E-23   5.000000E-01 NotAppl  7.252746E+00  0.000000E+00  
1.363116E+02  5.004754E+02  -5.000849E+02  4.068585E-09  1.000000E+00  9.759997E-04  5.662314E-24  4.493606E-24   5.000000E-01 NotAppl  2.280141E+01  0.000000E+00  
1.666299E+03  4.790990E+00  -3.812945E+00  -1.257294E-09  1.000000E+00  3.074255E-01  2.164107E-26  2.565378E-27   5.000000E-01 NotAppl  6.285273E-03  0.000000E+00  
1.223566E+03  4.496867E-03  -4.196911E-03  4.701802E-07  1.000000E+00  5.448947E-01  1.458426E-26  6.734945E-22   5.000000E-01 NotAppl  5.827093E-03  0.000000E+00  
9.671188E+02  3.682058E-04  8.130095E-01  8.385339E-03  1.000000E+00  3.409599E-01  2.351615E-26  3.461878E-13   5.000000E-01 NotAppl  1.196758E-02  0.000000E+00  
1.711409E+03  1.829870E-03  6.435555E-01  1.667404E-04  1.000000E+00  1.001057E+00  7.599057E-27  4.272787E-17   5.000000E-01 NotAppl  2.152413E-03  0.000000E+00  
7.671654E+03  7.329490E-02  -7.216488E-02  1.750671E-08  1.000000E+00  1.843626E+01  3.779218E-28  2.225237E-26   5.000000E-01 NotAppl  2.323868E-05  0.000000E+00  
1.005566E+02  3.766268E-03  -2.426972E-03  -6.430209E-05  1.000000E+00  5.885415E-03  1.227535E-24  2.094151E-15   5.000000E-01 NotAppl  6.639867E+00  0.000000E+00  
8.353841E+01  1.302280E+00  -1.299900E+00  3.607866E-08  1.000000E+00  6.835625E-03  6.064280E-25  9.640363E-22   5.000000E-01 NotAppl  4.094027E+00  0.000000E+00  
7.758975E+01  1.029335E+00  -8.386787E-01  2.898116E-09  1.000000E+00  9.757210E-03  4.324026E-42  7.235013E-24   5.000000E-01 NotAppl  3.466979E-17  0.000000E+00  
2.554751E+03  1.534812E-04  2.983616E-03  1.177060E-07  1.000000E+00  2.221260E+00  3.368898E-27  9.413317E-24   5.000000E-01 NotAppl  6.330896E-04  0.000000E+00  
6.343505E+03  5.477693E-04  1.641034E-01  -5.457455E-10  1.000000E+00  1.257733E+01  5.552919E-28  3.181864E-29   5.000000E-01 NotAppl  4.140827E-05  0.000000E+00  
1.189729E+01  1.202251E-01  9.558288E-02  1.433742E-07  1.000000E+00  1.213366E-03  3.340310E-39  7.803844E-19   5.000000E-01 NotAppl  2.048934E-13  2.882445E-11  
1.098169E+03  3.699036E-01  1.431171E-02  8.443701E-07  1.000000E+00  4.366919E-01  1.819917E-26  2.708245E-21   5.000000E-01 NotAppl  8.125658E-03  0.000000E+00  
1.319191E+01  1.095231E-03  4.105876E+02  1.924518E-10  1.000000E+00  6.452039E-04  6.238449E-45  1.146847E-24   5.000000E-01 NotAppl  3.391831E-19  5.171455E-17  
3.402116E+01  5.413730E-01  1.019936E+00  7.571867E-01  1.000000E+00  9.553708E-04  1.707519E-25  2.649481E-06   0.000000E+00 XENON1T_2018  3.249981E+00  2.509906E-01  
1.570249E+03  1.374504E-01  2.969065E+02  -7.999486E-02  1.000000E+00  2.576559E-04  1.945254E-23  1.172108E-11   5.000000E-01 NotAppl  6.123172E+00  0.000000E+00  
4.088430E+01  1.442855E+02  1.093340E+02  8.726585E-07  1.000000E+00  1.846316E+05  3.413614E-37  2.422763E-18   5.000000E-01 NotAppl  5.339628E-12  8.230273E-10  
8.823624E+03  6.600481E+00  3.210791E+01  -3.199708E-01  1.000000E+00  1.297544E-02  4.139554E-25  5.594859E-12   5.000000E-01 NotAppl  2.241852E-02  0.000000E+00  
1.801480E+01  9.306901E-04  4.044975E-02  -5.965783E+00  1.000000E+00  1.715996E-03  2.099503E-25  5.928346E-04   0.000000E+00 XENON1T_2018  8.085889E+00  2.500132E-01  
1.557242E+03  2.895749E+00  -2.894961E+00  -4.127108E-01  1.000000E+00  4.081506E-01  1.796084E-26  3.173218E-10   1.324585E-01 NotAppl  5.947499E-03  0.000000E+00  
2.896431E+01  9.325085E+01  -9.317964E+01  -3.057106E-05  1.000000E+00  1.212547E-02  2.285228E-34  5.984133E-15   5.000000E-01 NotAppl  5.167931E-09  1.183363E-06  
8.257469E+01  2.483683E-01  4.251523E+02  -5.479261E-06  1.000000E+00  4.856422E-03  5.321227E-25  2.276999E-17   5.000000E-01 NotAppl  3.659027E+00  0.000000E+00  
1.857896E+03  1.094197E-01  -9.446520E-02  -1.182219E-09  1.000000E+00  1.204859E+00  6.363301E-27  1.816894E-27   5.000000E-01 NotAppl  1.656515E-03  0.000000E+00  
1.015831E+03  3.730285E+00  2.805320E+01  1.675408E-09  1.000000E+00  1.684296E-02  2.927512E-25  1.250105E-26   5.000000E-01 NotAppl  1.438457E-01  0.000000E+00  
8.920500E+02  7.359640E-01  -7.303691E-01  4.433017E-09  1.000000E+00  2.917142E-01  2.760355E-26  1.141075E-25   5.000000E-01 NotAppl  1.526364E-02  0.000000E+00  
4.873844E+01  1.919557E+01  1.313852E+01  -5.411392E-06  1.000000E+00  4.286785E+00  2.777764E-35  6.514594E-17   5.000000E-01 NotAppl  3.619630E-10  2.619375E-08  
9.632344E+02  3.797198E-01  -3.701312E-01  -8.093527E-08  1.000000E+00  3.428166E-01  2.352194E-26  3.251729E-23   5.000000E-01 NotAppl  1.201741E-02  0.000000E+00  
2.214720E+03  4.174086E-02  1.756704E+01  -4.480976E-04  1.000000E+00  5.208146E-02  8.747300E-26  1.824838E-16   5.000000E-01 NotAppl  1.933645E-02  0.000000E+00  
3.471750E+01  2.486519E-01  -2.484650E-01  -5.240713E-09  1.000000E+00  8.048720E-04  8.526934E-42  1.218089E-22   5.000000E-01 NotAppl  1.585594E-16  3.259593E-14  
2.564686E+01  1.314122E-03  4.633266E+01  -7.889276E-04  1.000000E+00  1.912971E-03  1.371704E-31  5.096219E-12   5.000000E-01 NotAppl  3.547305E-06  8.088185E-04  
5.782209E+03  1.017473E+00  -1.015671E+00  3.639734E-04  1.000000E+00  4.805642E+00  1.271934E-27  1.708481E-17   5.000000E-01 NotAppl  1.038805E-04  0.000000E+00  
9.712571E+01  6.276394E-02  -3.402789E-02  -2.127033E-02  1.000000E+00  6.074483E-03  1.045801E-24  2.460416E-10   5.512112E-10 LZ5Tmedian  5.871706E+00  0.000000E+00  
2.210620E+03  2.767887E+01  -2.767130E+01  2.033295E-01  1.000000E+00  1.348786E-02  4.964419E-25  3.771544E-11   5.000000E-01 NotAppl  1.077326E-01  0.000000E+00  
3.966389E+02  8.408180E+01  -8.407830E+01  -2.120465E-04  1.000000E+00  1.993440E-03  3.316772E-24  1.368710E-15   5.000000E-01 NotAppl  4.257623E+00  0.000000E+00  
2.990257E+03  1.724241E-01  -1.721602E-01  3.059102E+00  1.000000E+00  4.556106E-02  2.582188E-25  4.614853E-09   2.131726E-07 LZ5Tmedian  4.361837E-02  0.000000E+00  
4.462401E+01  1.006593E-04  5.177645E-04  1.414470E+00  1.000000E+00  9.135085E-05  1.037380E-24  5.326765E-06   0.000000E+00 XENON1T_2018  1.465336E+01  2.499692E-01  
1.660094E+03  4.231021E+02  -4.228090E+02  1.937273E-09  1.000000E+00  9.159742E-05  8.082022E-23  6.137082E-27   5.000000E-01 NotAppl  2.352234E+01  0.000000E+00  
1.884674E+01  5.495027E-03  4.083443E-01  -1.029205E-06  1.000000E+00  1.475363E-03  1.994893E-37  1.611930E-17   5.000000E-01 NotAppl  7.227435E-12  1.442104E-09  
6.626465E+01  3.725442E-03  -2.735616E-03  1.512645E-07  1.000000E+00  5.349504E-03  2.189099E-37  2.720382E-20   5.000000E-01 NotAppl  2.077713E-12  0.000000E+00  
9.231411E+03  3.348648E-04  5.526408E-04  -8.489197E-07  1.000000E+00  2.672957E+01  2.588533E-28  3.593015E-23   5.000000E-01 NotAppl  1.320126E-05  0.000000E+00  
1.354407E+03  1.736097E-04  5.454872E+01  -7.606167E-01  1.000000E+00  6.621906E-03  6.228958E-25  1.432624E-09   2.802813E-05 LZ5Tmedian  2.294461E-01  0.000000E+00  
2.081277E+03  8.151631E+02  -6.197883E+02  -1.399056E-10  1.000000E+00  1.446688E-05  2.690986E-22  2.018974E-29   5.000000E-01 NotAppl  6.214660E+01  0.000000E+00  
2.913603E+03  2.404543E+00  5.214966E+02  9.965354E-05  1.000000E+00  8.303597E-05  6.152840E-23  5.163134E-18   5.000000E-01 NotAppl  1.027882E+01  0.000000E+00  
1.701102E+01  7.236809E-02  3.600148E+01  2.322823E-01  1.000000E+00  1.244356E-03  9.818900E-27  1.007864E-06   0.000000E+00 XENON1T_2018  3.991014E-01  2.471781E-01  
2.992076E+01  1.179036E+02  -1.179032E+02  -3.198769E-06  1.000000E+00  1.039281E-02  2.588843E-36  6.134558E-17   5.000000E-01 NotAppl  5.644595E-11  1.283632E-08  
1.244317E+02  1.059547E-02  2.358250E-01  -3.028355E-05  1.000000E+00  7.777524E-03  1.014145E-24  3.001285E-16   5.000000E-01 NotAppl  4.391332E+00  0.000000E+00  
3.350309E+03  2.999796E-03  5.310904E-01  -6.308406E+00  1.000000E+00  1.409940E-02  8.714186E-25  1.557100E-08   7.972014E-21 LZ5Tmedian  1.317894E-01  0.000000E+00  
1.960706E+02  1.091659E-01  6.079148E+02  3.297082E-07  1.000000E+00  7.086345E-04  6.418149E-24  1.400722E-20   5.000000E-01 NotAppl  1.694402E+01  0.000000E+00  
8.854577E+03  1.139818E-03  4.167171E+02  1.396741E-05  1.000000E+00  1.167134E-04  4.471858E-23  1.058551E-20   5.000000E-01 NotAppl  2.415832E+00  0.000000E+00  
2.971857E+02  1.362527E-04  1.360540E+02  5.504498E-04  1.000000E+00  1.556492E-03  3.096964E-24  1.665404E-14   5.000000E-01 NotAppl  5.354917E+00  0.000000E+00  
1.524409E+03  1.273093E-01  1.023450E-01  -1.544358E-02  1.000000E+00  8.252074E-01  9.429286E-27  4.640598E-13   5.000000E-01 NotAppl  3.007068E-03  0.000000E+00  
4.667585E+03  1.513953E-03  -1.341710E-03  2.286610E-03  1.000000E+00  7.108226E+00  1.011606E-27  1.042132E-15   5.000000E-01 NotAppl  1.029340E-04  0.000000E+00  
3.945283E+02  3.246558E-03  1.446120E+02  -4.453354E-01  1.000000E+00  1.382682E-03  3.154745E-24  6.103311E-09   6.649744E-66 LZ5Tmedian  4.124499E+00  0.000000E+00  
3.850564E+03  2.933771E-01  -2.783055E-01  -1.183884E-01  1.000000E+00  4.527019E+00  1.606300E-27  4.131643E-12   5.000000E-01 NotAppl  2.004397E-04  0.000000E+00  
7.816051E+02  4.937826E+01  6.278880E+02  2.051574E-02  1.000000E+00  7.084735E-05  5.138656E-23  3.201259E-12   5.000000E-01 NotAppl  3.307952E+01  0.000000E+00  
2.141321E+02  2.977681E-04  2.653690E+01  7.559603E-07  1.000000E+00  1.052378E-02  5.918152E-25  6.147084E-20   5.000000E-01 NotAppl  1.436426E+00  0.000000E+00  
1.455080E+02  2.150500E-04  3.741050E+01  2.302912E-01  1.000000E+00  3.451099E-03  2.248349E-24  1.259321E-08   0.000000E+00 LZ5Tmedian  8.265872E+00  0.000000E+00  
4.185254E+02  2.006130E+01  -2.006117E+01  2.810140E-09  1.000000E+00  1.859784E-02  3.396394E-25  2.153646E-25   5.000000E-01 NotAppl  4.116620E-01  0.000000E+00  
1.164564E+03  5.550621E-04  2.656814E-02  -7.579599E-09  1.000000E+00  4.960495E-01  1.608740E-26  1.935937E-25   5.000000E-01 NotAppl  6.762290E-03  0.000000E+00  
4.724116E+01  1.033122E-01  4.505242E+00  7.537494E-08  1.000000E+00  1.088706E-03  4.507937E-39  1.346878E-20   5.000000E-01 NotAppl  6.050567E-14  4.451513E-12  
2.973100E+02  1.474165E-03  -1.139586E-03  -1.513039E-02  1.000000E+00  3.705996E-02  2.297992E-25  1.257224E-11   5.000000E-01 NotAppl  3.970191E-01  0.000000E+00  
3.102543E+03  2.361415E+02  -1.883625E+02  -3.410682E-08  1.000000E+00  1.729387E-04  3.107121E-23  5.321898E-25   5.000000E-01 NotAppl  4.768288E+00  0.000000E+00  
3.102640E+01  8.938531E+02  -8.938443E+02  2.944594E-01  1.000000E+00  8.316710E-03  2.287966E-26  4.830008E-07   0.000000E+00 XENON1T_2018  4.795361E-01  4.976778E-01  
2.435791E+01  3.194380E-01  1.809204E+00  6.672464E-10  1.000000E+00  3.181354E-03  9.475329E-44  4.045171E-24   5.000000E-01 NotAppl  2.592659E-18  5.751157E-16  
1.778315E+03  7.263283E+01  -7.263098E+01  2.928330E-06  1.000000E+00  2.282278E-03  2.988804E-24  1.218772E-20   5.000000E-01 NotAppl  8.106217E-01  0.000000E+00  
1.138780E+02  1.806243E-02  7.185172E+01  2.765001E-01  1.000000E+00  1.875024E-03  4.232589E-24  3.000495E-08   0.000000E+00 XENON1T_2018  2.002425E+01  0.000000E+00  
1.970819E+01  3.681963E-01  -3.680460E-01  -5.491082E+00  1.000000E+00  5.118023E-03  2.492180E-25  4.195112E-04   0.000000E+00 XENON1T_2018  8.688599E+00  2.502819E-01  
2.026196E+03  1.061734E-04  1.612500E+02  5.016276E-04  1.000000E+00  7.531437E-04  6.474495E-24  2.741296E-16   5.000000E-01 NotAppl  1.569408E+00  0.000000E+00  
2.244564E+01  1.617586E+01  -1.453472E+01  5.571127E-03  1.000000E+00  7.644162E-02  6.303044E-30  3.325046E-10   4.813508E-14 LZ5Tmedian  1.884190E-04  9.012119E-03  
2.448794E+02  4.632503E-01  -4.605362E-01  2.483062E-03  1.000000E+00  2.531410E-02  3.328924E-25  5.038026E-13   5.000000E-01 NotAppl  7.040701E-01  0.000000E+00  
6.905820E+01  6.591916E+01  -6.555016E+01  1.652018E+00  1.000000E+00  8.478886E-04  8.270550E-24  2.982418E-06   0.000000E+00 XENON1T_2018  7.518621E+01  0.000000E+00  
5.583391E+03  4.921326E+01  -4.920752E+01  1.402076E-01  1.000000E+00  4.697877E-03  1.440047E-24  2.722074E-12   5.000000E-01 NotAppl  1.215120E-01  0.000000E+00  
2.132696E+01  8.984294E+01  -8.981858E+01  1.819943E-10  1.000000E+00  3.692607E-02  6.559831E-45  3.932726E-25   5.000000E-01 NotAppl  2.072147E-19  4.448829E-17  
8.951409E+01  2.121560E+02  -2.121558E+02  -2.109770E-05  1.000000E+00  3.827290E-03  1.223155E-24  2.861365E-16   5.000000E-01 NotAppl  7.623468E+00  0.000000E+00  
8.118039E+02  1.769653E-02  -1.374271E-02  7.503826E-03  1.000000E+00  2.497947E-01  3.289804E-26  3.963547E-13   5.000000E-01 NotAppl  2.004846E-02  0.000000E+00  
6.265645E+03  8.154922E+00  -8.150165E+00  4.093310E-02  1.000000E+00  1.485085E-01  4.072387E-26  1.835480E-13   5.000000E-01 NotAppl  3.057297E-03  0.000000E+00  
5.441055E+03  8.280288E-02  1.909809E+00  -4.535116E-01  1.000000E+00  2.585683E+00  2.076820E-27  3.001444E-11   5.000000E-01 NotAppl  1.889613E-04  0.000000E+00  
4.259328E+02  2.289409E-02  6.850699E+00  9.621450E-10  1.000000E+00  5.679125E-02  1.291374E-25  2.435623E-26   5.000000E-01 NotAppl  1.535701E-01  0.000000E+00  
3.695326E+02  2.130325E+02  1.664419E+02  2.683831E-10  1.000000E+00  1.277449E-04  2.654327E-23  2.534400E-27   5.000000E-01 NotAppl  3.673636E+01  0.000000E+00  
7.772746E+03  1.843693E-03  3.976468E+02  1.713368E-06  1.000000E+00  1.278880E-04  4.054878E-23  2.075487E-22   5.000000E-01 NotAppl  2.499540E+00  0.000000E+00  
1.907309E+02  2.463579E+00  6.289417E+00  -3.358563E-01  1.000000E+00  5.003666E-03  1.288678E-24  1.538065E-08   0.000000E+00 LZ5Tmedian  3.875751E+00  0.000000E+00  
1.844470E+02  1.290980E+00  -3.501362E-01  -9.298091E-03  1.000000E+00  1.363034E-02  5.481987E-25  1.262624E-11   5.000000E-01 NotAppl  1.559186E+00  0.000000E+00  
1.