MD1           DMP           DM3           l345          ld           Omegah2       sigV          protonSI      PvalDD        expName      CMB_ID        brH_DMDM      
4.322013E+02  2.112093E-03  6.463421E-04  7.205267E-03  1.000000E+00  7.511110E-02  1.131046E-25  1.325724E-12   5.000000E-01 NotAppl  1.323738E-01  0.000000E+00  
8.918670E+03  4.334518E-01  -4.260473E-01  -1.777155E-02  1.000000E+00  1.665423E+01  3.742035E-28  1.688768E-14   5.000000E-01 NotAppl  1.973468E-05  0.000000E+00  
1.016722E+03  1.096297E-02  4.228932E+00  2.906776E-10  1.000000E+00  2.641786E-01  2.590765E-26  3.756217E-28   5.000000E-01 NotAppl  1.256153E-02  0.000000E+00  
2.906448E+01  2.313380E-01  -2.285194E-01  1.171807E-10  1.000000E+00  3.495460E-03  3.369485E-45  8.730883E-26   5.000000E-01 NotAppl  7.582949E-20  1.735527E-17  
3.963988E+03  1.680572E-03  -4.531714E-04  3.301966E-10  1.000000E+00  5.181820E+00  1.401878E-27  3.029715E-29   5.000000E-01 NotAppl  1.684058E-04  0.000000E+00  
3.393148E+02  3.090920E+01  -3.090906E+01  1.360300E-05  1.000000E+00  9.320762E-03  6.694928E-25  7.753052E-18   5.000000E-01 NotAppl  1.011329E+00  0.000000E+00  
1.097064E+02  7.482246E-01  3.156330E+00  2.200340E-05  1.000000E+00  5.131777E-03  1.194761E-24  2.051196E-16   5.000000E-01 NotAppl  5.895581E+00  0.000000E+00  
1.290660E+02  5.648127E-01  -5.647039E-01  -1.902839E-07  1.000000E+00  8.150404E-03  9.663889E-25  1.099363E-20   5.000000E-01 NotAppl  4.031921E+00  0.000000E+00  
1.843557E+03  1.395925E-02  1.325163E+00  -1.708969E-09  1.000000E+00  1.040087E+00  6.940290E-27  3.857087E-27   5.000000E-01 NotAppl  1.823379E-03  0.000000E+00  
7.852759E+02  9.887051E-01  4.196569E-01  -5.141041E-07  1.000000E+00  2.177439E-01  3.623300E-26  1.991096E-21   5.000000E-01 NotAppl  2.285424E-02  0.000000E+00  
6.263245E+02  8.591292E+00  -8.204894E+00  1.369786E-03  1.000000E+00  6.918151E-02  9.761138E-26  2.243834E-14   5.000000E-01 NotAppl  7.774366E-02  0.000000E+00  
4.772920E+02  7.127293E-03  1.004186E-01  -1.004587E-07  1.000000E+00  9.077226E-02  9.308975E-26  2.103583E-22   5.000000E-01 NotAppl  9.828299E-02  0.000000E+00  
5.004224E+03  3.033356E+02  -2.424677E+02  -1.836379E-05  1.000000E+00  1.101749E-04  5.209394E-23  5.834014E-20   5.000000E-01 NotAppl  4.914106E+00  0.000000E+00  
8.631097E+01  3.033320E+02  -3.033319E+02  -1.572633E-04  1.000000E+00  4.511610E-03  9.986193E-25  1.713128E-14   5.000000E-01 NotAppl  6.456338E+00  0.000000E+00  
8.668970E+01  3.216572E-04  1.225094E+02  2.378472E-05  1.000000E+00  4.379782E-03  7.217002E-25  3.883599E-16   5.000000E-01 NotAppl  4.647029E+00  0.000000E+00  
8.818936E+03  5.459211E-01  -5.456603E-01  -1.257963E-06  1.000000E+00  1.334473E+01  4.596739E-28  8.657109E-23   5.000000E-01 NotAppl  2.449843E-05  0.000000E+00  
1.550741E+02  1.636379E-03  -1.287289E-03  1.610870E+00  1.000000E+00  1.634632E-04  8.719604E-23  5.407755E-07   0.000000E+00 XENON1T_2018  3.418224E+02  0.000000E+00  
1.510245E+03  1.914799E-01  -1.892498E-01  -3.383121E-10  1.000000E+00  8.097567E-01  9.621561E-27  2.269756E-28   5.000000E-01 NotAppl  3.097394E-03  0.000000E+00  
2.492173E+02  2.597111E-04  6.588122E+02  -5.810815E-04  1.000000E+00  4.422776E-04  1.057387E-23  2.661566E-14   5.000000E-01 NotAppl  2.186883E+01  0.000000E+00  
2.280093E+02  1.687424E+00  -1.075873E+00  1.357393E+00  1.000000E+00  1.219944E-03  8.787786E-24  1.742631E-07   0.000000E+00 XENON1T_2018  2.067540E+01  0.000000E+00  
2.054689E+01  2.876375E+01  8.738013E+02  3.179826E-03  1.000000E+00  6.651614E+02  1.969802E-30  1.293908E-10   2.730071E-05 LZ5Tmedian  6.485878E-05  1.358812E-03  
2.800157E+02  4.903986E+02  -4.903954E+02  -6.807502E-05  1.000000E+00  2.817243E-04  2.378074E-23  2.877320E-16   5.000000E-01 NotAppl  4.403023E+01  0.000000E+00  
5.832145E+02  3.724188E+02  -3.639896E+02  -2.128076E-01  1.000000E+00  1.386421E-04  3.909411E-23  6.265672E-10   2.674355E-05 LZ5Tmedian  3.352488E+01  0.000000E+00  
7.848643E+02  5.593045E-02  -3.940645E-02  1.178982E-04  1.000000E+00  2.343950E-01  3.512239E-26  1.048261E-16   5.000000E-01 NotAppl  2.216055E-02  0.000000E+00  
1.244458E+02  1.067079E-02  1.886808E+00  2.498648E-04  1.000000E+00  7.247325E-03  1.021856E-24  2.042693E-14   5.000000E-01 NotAppl  4.423171E+00  0.000000E+00  
4.767562E+01  3.485550E+01  -3.485351E+01  -7.051069E-08  1.000000E+00  3.877818E-04  4.144925E-39  1.156874E-20   5.000000E-01 NotAppl  5.511635E-14  4.593597E-12  
2.089110E+01  1.255640E+02  -1.255638E+02  1.985144E-01  1.000000E+00  3.738135E-02  7.732363E-27  4.877374E-07   0.000000E+00 XENON1T_2018  2.498555E-01  4.953334E-01  
1.453490E+03  1.198986E+00  3.928898E+01  2.345095E-09  1.000000E+00  1.069362E-02  4.409195E-25  1.179199E-26   5.000000E-01 NotAppl  1.501769E-01  0.000000E+00  
9.861762E+01  4.756424E-01  -4.753651E-01  1.277838E-08  1.000000E+00  5.748426E-03  1.225996E-24  8.606809E-23   5.000000E-01 NotAppl  6.772428E+00  0.000000E+00  
5.417925E+03  4.636603E+00  -3.411612E+00  2.505989E-05  1.000000E+00  4.654268E-01  1.384294E-26  9.244269E-20   5.000000E-01 NotAppl  1.205399E-03  0.000000E+00  
2.558130E+01  1.419098E+00  2.768208E+01  1.797690E+00  1.000000E+00  4.235899E-03  5.848664E-25  2.659794E-05   0.000000E+00 XENON1T_2018  1.523579E+01  2.807722E-01  
1.220407E+02  6.496624E+02  -6.379674E+02  1.389464E-02  1.000000E+00  6.511421E-04  4.712288E-24  6.574498E-11   8.647547E-03 LZ5Tmedian  2.118846E+01  0.000000E+00  
8.887842E+03  3.804039E+00  -1.895605E+00  -1.998743E-02  1.000000E+00  7.146056E-01  9.626386E-27  2.151231E-14   5.000000E-01 NotAppl  5.084298E-04  0.000000E+00  
2.346050E+02  1.575884E+01  -1.573587E+01  2.960860E-03  1.000000E+00  1.251559E-02  4.975542E-25  7.820895E-13   5.000000E-01 NotAppl  1.103362E+00  0.000000E+00  
2.429887E+02  1.330476E+00  -1.327773E+00  -7.338409E-04  1.000000E+00  2.415185E-02  3.381892E-25  4.470798E-14   5.000000E-01 NotAppl  7.211129E-01  0.000000E+00  
1.542163E+02  1.134827E-01  -1.026379E-01  -2.042995E-03  1.000000E+00  1.119058E-02  7.304961E-25  8.797703E-13   5.000000E-01 NotAppl  2.536956E+00  0.000000E+00  
2.211494E+03  6.490172E-04  5.718948E-03  3.125850E-01  1.000000E+00  9.550424E-01  9.382669E-27  8.906459E-11   5.000000E-01 NotAppl  2.106429E-03  0.000000E+00  
3.714356E+01  2.951355E+02  -2.235310E+02  -1.554221E-05  1.000000E+00  2.115391E+05  8.524882E-35  9.340199E-16   5.000000E-01 NotAppl  1.473015E-09  2.775919E-07  
5.370771E+02  1.897807E+02  -1.897799E+02  -1.272092E+00  1.000000E+00  7.119717E-04  9.622568E-24  2.649763E-08   2.371481E-210 LZ5Tmedian  9.128352E+00  0.000000E+00  
4.392098E+03  3.272524E+00  9.704680E-01  8.529003E-01  1.000000E+00  2.380067E-01  3.901055E-26  1.640824E-10   5.000000E-01 NotAppl  4.289011E-03  0.000000E+00  
1.049416E+02  5.759472E+00  -5.481712E+00  1.807801E-08  1.000000E+00  4.736846E-03  1.260309E-24  1.516564E-22   5.000000E-01 NotAppl  6.522233E+00  0.000000E+00  
2.229950E+01  3.857749E+02  -3.826754E+02  1.350952E+00  1.000000E+00  7.952957E-03  3.617758E-25  1.981078E-05   0.000000E+00 XENON1T_2018  1.089116E+01  5.035754E-01  
8.289940E+01  2.083730E-03  -1.902167E-03  1.802152E-02  1.000000E+00  5.654112E-03  6.714203E-25  2.443481E-10   4.897788E-11 LZ5Tmedian  4.588625E+00  0.000000E+00  
5.018205E+03  1.892411E+01  -1.363105E+01  -2.218320E-03  1.000000E+00  3.140539E-02  2.189723E-25  8.465023E-16   5.000000E-01 NotAppl  2.060467E-02  0.000000E+00  
2.756214E+01  1.559451E-02  8.818234E-01  -3.283555E-05  1.000000E+00  2.243253E-03  2.516519E-34  7.632430E-15   5.000000E-01 NotAppl  6.009378E-09  1.377314E-06  
2.817853E+02  1.195546E-03  -1.356000E-04  -1.240046E-06  1.000000E+00  3.343183E-02  2.554101E-25  9.425073E-20   5.000000E-01 NotAppl  4.665442E-01  0.000000E+00  
1.405511E+01  2.471872E-01  -2.469553E-01  2.115309E-10  1.000000E+00  3.403171E-03  7.687118E-45  1.222078E-24   5.000000E-01 NotAppl  3.884818E-19  6.226927E-17  
5.917560E+01  3.993049E+00  6.174339E+02  5.080492E-10  1.000000E+00  1.666431E-02  3.516287E-42  3.865979E-25   5.000000E-01 NotAppl  3.747199E-17  1.186607E-16  
4.724487E+03  2.730555E-03  3.131559E-03  -2.883007E-02  1.000000E+00  7.234054E+00  9.957752E-28  1.616325E-13   5.000000E-01 NotAppl  1.001350E-04  0.000000E+00  
1.021685E+01  6.316369E+01  -6.270602E+01  -1.650636E-04  1.000000E+00  3.036678E-01  4.134563E-33  1.394167E-12   5.000000E-01 NotAppl  3.033178E-07  3.841241E-05  
3.734822E+01  5.927112E+01  8.187175E+01  1.188863E-09  1.000000E+00  5.795414E+05  5.046663E-43  5.404382E-24   5.000000E-01 NotAppl  8.669550E-18  1.619362E-15  
1.380466E+02  4.692821E-03  1.084693E-03  -1.640450E-06  1.000000E+00  9.301016E-03  8.732974E-25  7.118250E-19   5.000000E-01 NotAppl  3.401859E+00  0.000000E+00  
7.437448E+02  1.072235E+00  1.178533E+02  1.935761E-09  1.000000E+00  1.469213E-03  3.249790E-24  3.154278E-26   5.000000E-01 NotAppl  2.201788E+00  0.000000E+00  
4.925243E+03  3.416800E+02  -3.153646E+02  1.432387E-01  1.000000E+00  1.008037E-04  6.461974E-23  3.666157E-12   5.000000E-01 NotAppl  6.192709E+00  0.000000E+00  
3.276929E+03  2.069580E+01  -2.069562E+01  3.685861E-03  1.000000E+00  2.494203E-02  2.536860E-25  5.560675E-15   5.000000E-01 NotAppl  3.680171E-02  0.000000E+00  
2.629506E+03  4.562647E-04  4.121518E-01  -3.112020E-02  1.000000E+00  2.287892E+00  3.221483E-27  6.204759E-13   5.000000E-01 NotAppl  5.882185E-04  0.000000E+00  
1.758892E+01  4.387560E-01  1.066140E+00  1.080601E-07  1.000000E+00  3.351870E-03  2.147588E-39  2.040372E-19   5.000000E-01 NotAppl  8.405837E-14  1.591666E-11  
1.212209E+03  2.409593E-02  3.758012E-01  3.422225E-01  1.000000E+00  2.699492E-01  3.557206E-26  3.636508E-10   5.129855E-02 LZ5Tmedian  1.484073E-02  0.000000E+00  
4.934322E+03  9.774129E-01  -8.522207E-01  -5.082174E-08  1.000000E+00  4.410224E+00  1.473649E-27  4.597937E-25   5.000000E-01 NotAppl  1.414309E-04  0.000000E+00  
4.769718E+02  4.383325E+00  -4.381524E+00  6.947444E-05  1.000000E+00  7.241976E-02  1.045441E-25  1.007467E-16   5.000000E-01 NotAppl  1.104719E-01  0.000000E+00  
1.084535E+01  1.607371E-03  9.192219E-03  -7.889973E-08  1.000000E+00  7.799716E-04  9.731941E-40  2.834396E-19   5.000000E-01 NotAppl  6.654196E-14  8.757431E-12  
8.611162E+03  9.804896E+01  -9.801713E+01  -1.097224E-08  1.000000E+00  1.256996E-03  5.614880E-24  6.912814E-27   5.000000E-01 NotAppl  3.055010E-01  0.000000E+00  
2.448597E+01  1.087026E+00  7.634506E+00  -8.046800E-05  1.000000E+00  8.265411E-03  1.382678E-33  5.821270E-14   5.000000E-01 NotAppl  3.758686E-08  6.251708E-06  
8.805624E+03  8.844256E-02  1.379714E+02  1.093208E-06  1.000000E+00  9.994551E-04  5.067409E-24  6.558051E-23   5.000000E-01 NotAppl  2.752968E-01  0.000000E+00  
1.704996E+03  5.718112E-02  3.631560E+02  -5.686614E-09  1.000000E+00  1.779255E-04  2.851941E-23  5.007955E-26   5.000000E-01 NotAppl  8.251112E+00  0.000000E+00  
3.544144E+01  1.665002E+01  4.069937E+01  7.534022E-10  1.000000E+00  1.557316E+01  1.827357E-43  2.414114E-24   5.000000E-01 NotAppl  3.324007E-18  1.363080E-16  
1.151240E+02  4.169455E-02  -3.588390E-02  -4.565834E-06  1.000000E+00  6.999536E-03  1.115952E-24  8.001173E-18   5.000000E-01 NotAppl  5.242206E+00  0.000000E+00  
3.517285E+02  2.280020E+00  -2.270971E+00  1.957229E-09  1.000000E+00  4.686538E-02  1.712488E-25  1.491223E-25   5.000000E-01 NotAppl  2.482987E-01  0.000000E+00  
2.483040E+02  1.042562E-04  7.214189E+00  1.045030E-02  1.000000E+00  2.163756E-02  3.453133E-25  8.673363E-12   5.000000E-01 NotAppl  7.197061E-01  0.000000E+00  
4.928418E+01  1.165901E-03  -4.454529E-05  -1.360946E-03  1.000000E+00  1.368681E-03  1.886508E-30  4.028080E-12   5.000000E-01 NotAppl  2.430748E-05  1.616581E-03  
3.559216E+02  9.198985E+01  -9.198965E+01  -2.643618E-10  1.000000E+00  1.758626E-03  3.748891E-24  2.655349E-27   5.000000E-01 NotAppl  5.391540E+00  0.000000E+00  
4.035238E+01  2.898555E+00  2.801057E+01  1.000093E-10  1.000000E+00  8.705072E-04  4.318840E-45  3.267907E-26   5.000000E-01 NotAppl  6.835510E-20  9.563243E-18  
3.909160E+03  4.449152E-02  -2.794508E-03  1.769598E-10  1.000000E+00  5.037906E+00  1.443069E-27  8.951802E-30   5.000000E-01 NotAppl  1.758248E-04  0.000000E+00  
2.475599E+03  2.631702E+00  6.468111E-01  3.535917E-05  1.000000E+00  6.665514E-01  1.057033E-26  9.056971E-19   5.000000E-01 NotAppl  2.057413E-03  0.000000E+00  
1.938903E+03  6.263372E-01  -2.723669E-01  -7.000702E-03  1.000000E+00  1.245909E+00  6.057900E-27  5.840452E-14   5.000000E-01 NotAppl  1.509534E-03  0.000000E+00  
5.105296E+01  6.488469E+00  1.080693E+02  -5.630449E-02  1.000000E+00  3.557744E-02  4.170078E-27  6.416465E-09   0.000000E+00 LZ5Tmedian  5.179291E-02  5.471604E-01  
3.485923E+02  2.097100E+02  -2.063038E+02  8.532918E-07  1.000000E+00  4.313525E-04  1.294424E-23  2.886801E-20   5.000000E-01 NotAppl  1.902608E+01  0.000000E+00  
1.141683E+03  2.038945E+01  8.996132E+02  4.111388E-02  1.000000E+00  4.516580E-05  9.888979E-23  5.931444E-12   5.000000E-01 NotAppl  4.318250E+01  0.000000E+00  
9.649217E+03  2.183839E-02  -2.048972E-02  -8.965543E-06  1.000000E+00  2.908717E+01  2.372120E-28  3.663076E-21   5.000000E-01 NotAppl  1.156825E-05  0.000000E+00  
3.563262E+01  1.476298E-03  -1.103154E-03  4.883669E-08  1.000000E+00  4.830834E-04  7.754638E-40  1.003351E-20   5.000000E-01 NotAppl  1.402585E-14  2.798959E-12  
5.732152E+02  1.383415E+00  3.081456E+01  3.382368E-10  1.000000E+00  1.492414E-02  3.285435E-25  1.639794E-27   5.000000E-01 NotAppl  2.898396E-01  0.000000E+00  
3.162875E+02  2.012598E-02  1.407014E+01  7.342822E-03  1.000000E+00  2.533921E-02  2.614010E-25  2.608639E-12   5.000000E-01 NotAppl  4.235570E-01  0.000000E+00  
3.919145E+02  1.438657E+02  -1.417416E+02  6.289576E-06  1.000000E+00  7.571709E-04  7.984467E-24  1.234074E-18   5.000000E-01 NotAppl  1.037867E+01  0.000000E+00  
8.445361E+03  1.123707E+02  -1.123684E+02  4.783888E-07  1.000000E+00  9.658958E-04  7.360646E-24  1.367017E-23   5.000000E-01 NotAppl  4.084397E-01  0.000000E+00  
8.579145E+03  5.706630E+02  -5.658668E+02  4.760072E-07  1.000000E+00  4.176427E-05  1.798360E-22  1.310922E-23   5.000000E-01 NotAppl  9.821469E+00  0.000000E+00  
2.274063E+01  1.829168E-02  3.049099E-01  -4.725801E-09  1.000000E+00  2.177802E-03  4.566618E-42  2.330483E-22   5.000000E-01 NotAppl  1.345877E-16  2.970508E-14  
1.727247E+03  3.214821E+01  -1.605927E+01  -4.766684E-01  1.000000E+00  1.132019E-02  5.058763E-25  3.426949E-10   1.395132E-01 NotAppl  1.419173E-01  0.000000E+00  
2.375210E+03  1.692442E-04  2.732252E-03  -2.402801E-06  1.000000E+00  1.931203E+00  3.895799E-27  4.550183E-21   5.000000E-01 NotAppl  7.886574E-04  0.000000E+00  
5.916616E+03  2.568445E-04  8.567588E-03  4.051384E-08  1.000000E+00  1.125805E+01  6.298436E-28  2.020203E-25   5.000000E-01 NotAppl  5.039186E-05  0.000000E+00  
1.388611E+03  4.208383E-01  -4.203254E-01  2.339207E-05  1.000000E+00  6.820402E-01  1.144932E-26  1.287796E-18   5.000000E-01 NotAppl  4.017478E-03  0.000000E+00  
2.031787E+02  1.611133E+02  -1.609643E+02  1.930154E-10  1.000000E+00  1.061202E-03  5.910050E-24  4.462546E-27   5.000000E-01 NotAppl  1.534110E+01  0.000000E+00  
2.306048E+03  3.674128E-03  2.412262E-02  4.639453E-06  1.000000E+00  1.824576E+00  4.132460E-27  1.801630E-20   5.000000E-01 NotAppl  8.622578E-04  0.000000E+00  
3.192281E+02  1.751163E-04  2.822159E-03  -1.742459E-04  1.000000E+00  4.229858E-02  2.017868E-25  1.441400E-15   5.000000E-01 NotAppl  3.236638E-01  0.000000E+00  
1.872390E+01  1.817195E-04  1.585305E+00  1.620678E-04  1.000000E+00  1.209069E-03  4.935001E-33  4.049721E-13   5.000000E-01 NotAppl  1.801013E-07  3.554447E-05  
9.881229E+03  3.684552E-03  2.294026E+00  -2.664198E-02  1.000000E+00  2.592080E+00  1.603974E-27  3.082302E-14   5.000000E-01 NotAppl  7.738407E-05  0.000000E+00  
3.804444E+03  8.569075E+02  -8.568978E+02  7.811107E-01  1.000000E+00  2.225377E-05  3.458997E-22  1.843213E-10   5.000000E-01 NotAppl  4.309074E+01  0.000000E+00  
2.067119E+03  6.059433E-02  3.174429E+01  -3.339224E-05  1.000000E+00  1.690449E-02  2.739094E-25  1.166249E-18   5.000000E-01 NotAppl  6.502410E-02  0.000000E+00  
2.729608E+03  1.227265E-04  1.202810E+01  -2.082082E-07  1.000000E+00  1.073098E-01  4.183787E-26  2.573938E-23   5.000000E-01 NotAppl  7.463221E-03  0.000000E+00  
2.817746E+01  4.343075E+00  -4.320423E+00  -9.653633E-01  1.000000E+00  8.754318E-03  2.169901E-25  6.309039E-06   0.000000E+00 XENON1T_2018  5.058595E+00  2.578316E-01  
5.145919E+03  1.452410E-01  4.103381E+02  1.845823E-02  1.000000E+00  1.221841E-04  4.196399E-23  5.568908E-14   5.000000E-01 NotAppl  3.932124E+00  0.000000E+00  
3.371500E+02  3.271913E-01  6.706187E+02  -3.645367E-02  1.000000E+00  2.686704E-04  1.774473E-23  5.641254E-11   1.990995E-01 NotAppl  2.698892E+01  0.000000E+00  
1.673420E+03  8.849026E+02  -8.608415E+02  3.114511E+00  1.000000E+00  1.980958E-05  2.874298E-22  1.560564E-08   6.347970E-41 LZ5Tmedian  8.298766E+01  0.000000E+00  
1.009928E+03  3.773725E+01  -3.770841E+01  1.735427E-10  1.000000E+00  7.966967E-03  8.245164E-25  1.357327E-28   5.000000E-01 NotAppl  4.002780E-01  0.000000E+00  
3.637083E+03  7.301386E-03  -7.127090E-03  -5.025025E-06  1.000000E+00  4.387152E+00  1.664784E-27  8.359423E-21   5.000000E-01 NotAppl  2.182632E-04  0.000000E+00  
1.019657E+02  1.273689E+01  -1.273646E+01  9.827729E-10  1.000000E+00  4.314512E-03  1.339168E-24  4.754183E-25   5.000000E-01 NotAppl  7.149852E+00  0.000000E+00  
9.836792E+03  1.083688E+00  -4.618881E-01  7.635721E-10  1.000000E+00  6.497238E+00  1.026089E-27  2.555151E-29   5.000000E-01 NotAppl  4.896941E-05  0.000000E+00  
7.590418E+01  1.450578E-01  1.047873E+00  -2.652275E-04  1.000000E+00  6.767915E-03  4.682944E-32  6.337704E-14   5.000000E-01 NotAppl  3.840675E-07  0.000000E+00  
1.208207E+02  1.172337E-04  1.082943E+00  2.411758E-10  1.000000E+00  7.134387E-03  1.057437E-24  2.021998E-26   5.000000E-01 NotAppl  4.724911E+00  0.000000E+00  
3.899155E+02  3.828143E+01  2.779910E+01  -5.876348E-08  1.000000E+00  1.798669E-03  1.849632E-24  1.088575E-22   5.000000E-01 NotAppl  2.421416E+00  0.000000E+00  
3.627520E+03  1.404103E+01  -1.361879E+01  -2.893157E-07  1.000000E+00  5.296860E-02  1.176658E-25  2.785929E-23   5.000000E-01 NotAppl  1.538896E-02  0.000000E+00  
6.853967E+03  3.687825E-03  -3.484704E-03  -7.254383E-01  1.000000E+00  3.029708E+00  3.188631E-27  4.804013E-11   5.000000E-01 NotAppl  2.303476E-04  0.000000E+00  
2.526760E+01  1.698062E-04  2.039249E-01  5.339167E+00  1.000000E+00  2.366949E-03  2.836819E-25  2.405375E-04   0.000000E+00 XENON1T_2018  7.668354E+00  2.500891E-01  
4.563274E+02  6.122369E+02  -6.121396E+02  4.173033E-08  1.000000E+00  1.276059E-04  5.555528E-23  3.979154E-23   5.000000E-01 NotAppl  6.155724E+01  0.000000E+00  
1.077747E+01  2.973425E-01  -2.918898E-01  -7.623915E-04  1.000000E+00  3.475071E-03  9.060115E-32  2.679206E-11   5.000000E-01 NotAppl  6.241807E-06  8.158403E-04  
7.055623E+01  6.649508E-04  9.107447E-02  9.824179E+00  1.000000E+00  2.903830E-05  2.052404E-22  1.009482E-04   0.000000E+00 XENON1T_2018  1.682293E+03  0.000000E+00  
1.058956E+03  5.921236E+02  -5.782402E+02  2.551323E-01  1.000000E+00  4.925972E-05  1.159845E-22  2.663059E-10   8.319722E-02 LZ5Tmedian  5.361913E+01  0.000000E+00  
1.405846E+01  9.278506E-04  -5.706651E-04  -8.088764E-09  1.000000E+00  1.257404E-03  1.124117E-41  1.786118E-21   5.000000E-01 NotAppl  5.677834E-16  9.106565E-14  
8.437410E+03  3.910735E-03  -1.130635E-03  8.702392E-01  1.000000E+00  3.372444E+00  2.906194E-27  4.532314E-11   5.000000E-01 NotAppl  1.703662E-04  0.000000E+00  
3.503948E+01  1.021641E-04  1.294624E+02  3.196949E-09  1.000000E+00  6.997890E-04  3.224147E-42  4.448686E-23   5.000000E-01 NotAppl  5.936625E-17  1.208929E-14  
2.158534E+01  2.160837E+00  5.357598E-01  1.866146E-08  1.000000E+00  3.904471E-02  6.936369E-41  4.036018E-21   5.000000E-01 NotAppl  2.163693E-15  4.433799E-13  
5.968687E+01  3.134965E+00  -3.116432E+00  -2.102010E-02  1.000000E+00  9.124845E-04  8.340905E-27  6.502708E-10   5.623783E-34 LZ5Tmedian  8.811363E-02  1.364038E-01  
9.329789E+01  3.145250E-02  1.168064E+01  1.113667E-04  1.000000E+00  4.499263E-03  1.102668E-24  7.324239E-15   5.000000E-01 NotAppl  6.473801E+00  0.000000E+00  
5.467054E+02  5.632728E-04  6.536959E+00  1.606029E-08  1.000000E+00  8.620415E-02  8.304347E-26  4.072852E-24   5.000000E-01 NotAppl  7.628465E-02  0.000000E+00  
3.837779E+03  2.725668E+00  -2.626603E+00  7.954750E-10  1.000000E+00  1.018123E+00  5.881879E-27  1.878000E-28   5.000000E-01 NotAppl  7.273741E-04  0.000000E+00  
9.880436E+01  5.549003E-03  -5.166685E-03  -2.711628E-01  1.000000E+00  7.393565E-03  3.767129E-25  3.860704E-08   0.000000E+00 XENON1T_2018  2.106503E+00  0.000000E+00  
4.570807E+01  1.633024E-02  2.012336E-01  2.702539E-03  1.000000E+00  1.974964E-04  4.926849E-30  1.851810E-11   9.250409E-02 LZ5Tmedian  6.843800E-05  6.888461E-03  
1.121355E+03  6.042037E-04  1.620481E-02  -5.344511E-02  1.000000E+00  4.520055E-01  1.786210E-26  1.039731E-11   5.000000E-01 NotAppl  7.820846E-03  0.000000E+00  
1.673452E+01  2.059229E-02  -1.946567E-02  -1.875359E-06  1.000000E+00  1.850623E-03  6.366705E-37  6.788094E-17   5.000000E-01 NotAppl  2.635826E-11  4.840375E-09  
1.258570E+03  4.417297E-02  2.509169E-01  -2.496146E-10  1.000000E+00  5.722823E-01  1.381624E-26  1.792067E-28   5.000000E-01 NotAppl  5.361401E-03  0.000000E+00  
1.226570E+03  5.554524E-03  4.872888E+00  3.060453E-07  1.000000E+00  2.978798E-01  2.092219E-26  2.839251E-22   5.000000E-01 NotAppl  8.383893E-03  0.000000E+00  
1.798410E+03  1.551242E-01  7.620298E-01  1.846014E-03  1.000000E+00  1.067296E+00  7.034813E-27  4.733762E-15   5.000000E-01 NotAppl  1.894518E-03  0.000000E+00  
1.865901E+02  2.419997E-04  6.870055E+02  9.678823E-01  1.000000E+00  4.059138E-04  1.738567E-23  1.336131E-07   0.000000E+00 XENON1T_2018  4.895701E+01  0.000000E+00  
9.056758E+02  1.218224E+00  -1.218088E+00  3.162667E-04  1.000000E+00  2.904692E-01  2.736294E-26  5.630919E-16   5.000000E-01 NotAppl  1.489544E-02  0.000000E+00  
2.744970E+03  2.058620E-04  2.819045E+02  1.895286E-01  1.000000E+00  2.580025E-04  1.946276E-23  2.108579E-11   5.000000E-01 NotAppl  3.456014E+00  0.000000E+00  
8.505821E+01  4.379384E+00  -4.375843E+00  3.633096E-10  1.000000E+00  6.817497E-03  6.912563E-25  9.421092E-26   5.000000E-01 NotAppl  4.537118E+00  0.000000E+00  
5.919156E+01  3.257675E-01  -3.131438E-01  -7.703641E-04  1.000000E+00  4.395374E-03  8.161770E-30  8.883846E-13   5.000000E-01 NotAppl  8.655920E-05  2.719477E-04  
7.098677E+02  5.644531E+00  -5.644157E+00  4.466913E-05  1.000000E+00  1.160403E-01  6.134363E-26  1.847466E-17   5.000000E-01 NotAppl  4.291986E-02  0.000000E+00  
1.687813E+03  1.767108E+00  -8.137099E-01  -3.792928E-05  1.000000E+00  7.558575E-01  9.781812E-27  2.274412E-18   5.000000E-01 NotAppl  2.808905E-03  0.000000E+00  
2.684166E+02  3.984009E-02  -3.940760E-02  5.742024E-07  1.000000E+00  3.049902E-02  2.797589E-25  2.232403E-20   5.000000E-01 NotAppl  5.376184E-01  0.000000E+00  
1.109958E+03  1.444133E-02  3.634051E-02  9.722265E-08  1.000000E+00  4.527657E-01  1.769593E-26  3.513127E-23   5.000000E-01 NotAppl  7.814259E-03  0.000000E+00  
4.896257E+01  2.465027E+02  1.024122E+02  -8.054453E-03  1.000000E+00  4.046839E+00  6.333351E-29  1.429821E-10   1.370284E-08 LZ5Tmedian  8.192836E-04  5.447402E-02  
9.053687E+03  9.135960E+00  -9.132461E+00  -9.871638E-04  1.000000E+00  1.223440E-01  4.950801E-26  5.054142E-17   5.000000E-01 NotAppl  2.560625E-03  0.000000E+00  
3.466677E+03  2.088623E+02  -2.088463E+02  8.821736E-10  1.000000E+00  2.973305E-04  2.422935E-23  2.840604E-28   5.000000E-01 NotAppl  3.318605E+00  0.000000E+00  
3.054104E+03  4.973672E+00  2.089166E+00  -1.954985E-06  1.000000E+00  2.278683E-01  3.037478E-26  1.805432E-21   5.000000E-01 NotAppl  4.781427E-03  0.000000E+00  
3.978071E+01  1.291888E+02  -1.077575E+02  -1.136887E-06  1.000000E+00  7.477179E+01  5.367290E-37  4.347341E-18   5.000000E-01 NotAppl  8.624776E-12  5.537801E-10  
2.041430E+01  6.420977E+02  -6.365957E+02  -2.152736E-04  1.000000E+00  2.141644E+00  9.003203E-33  6.007929E-13   5.000000E-01 NotAppl  2.985599E-07  5.723373E-05  
7.022575E+03  1.092879E+01  -1.066460E+01  -7.613907E-09  1.000000E+00  8.699396E-02  7.090699E-26  5.037038E-27   5.000000E-01 NotAppl  4.741862E-03  0.000000E+00  
4.194914E+01  1.212841E+02  2.264244E+01  5.056164E-09  1.000000E+00  1.211951E+05  1.240277E-41  7.718816E-23   5.000000E-01 NotAppl  1.884799E-16  2.707844E-14  
3.521794E+02  8.385069E-03  -8.131492E-03  1.723018E-08  1.000000E+00  5.095000E-02  1.673436E-25  1.152658E-23   5.000000E-01 NotAppl  2.422879E-01  0.000000E+00  
2.698164E+01  4.071747E+00  1.276843E+02  -4.058138E-10  1.000000E+00  5.200894E-02  3.774825E-44  1.217072E-24   5.000000E-01 NotAppl  9.228440E-19  1.827598E-16  
6.209701E+01  1.794903E-04  3.150226E+02  3.957397E-07  1.000000E+00  4.131791E-03  1.388864E-34  2.125991E-19   5.000000E-01 NotAppl  1.401420E-09  2.536310E-11  
7.782308E+01  8.030206E-04  1.169559E-02  -6.456054E-04  1.000000E+00  7.256426E-03  2.075300E-31  3.568436E-13   5.000000E-01 NotAppl  1.673139E-06  0.000000E+00  
4.225074E+03  2.894650E+02  -2.894415E+02  -7.456011E-02  1.000000E+00  1.590713E-04  4.607062E-23  1.356822E-12   5.000000E-01 NotAppl  5.159083E+00  0.000000E+00  
3.387018E+02  1.004325E+00  4.365305E+00  -9.960862E+00  1.000000E+00  5.671795E-06  2.186327E-21  4.172578E-06   0.000000E+00 XENON1T_2018  4.006295E+03  0.000000E+00  
3.103112E+03  2.171854E+02  -2.171771E+02  1.231906E-02  1.000000E+00  2.777404E-04  2.594745E-23  6.940282E-14   5.000000E-01 NotAppl  3.979588E+00  0.000000E+00  
2.715143E+02  1.675445E-04  5.715560E-02  -3.569544E-01  1.000000E+00  1.361722E-02  7.716058E-25  8.426772E-09   1.944267E-129 LZ5Tmedian  1.564882E+00  0.000000E+00  
2.228685E+02  2.069119E+00  2.131974E+02  -1.167443E-03  1.000000E+00  1.029029E-03  4.255773E-24  1.350696E-13   5.000000E-01 NotAppl  9.864797E+00  0.000000E+00  
4.957292E+01  5.284964E+00  1.995325E+01  1.376279E-03  1.000000E+00  2.202259E-02  2.005745E-30  4.070616E-12   5.000000E-01 NotAppl  2.561101E-05  1.056262E-03  
1.487413E+02  7.015292E-02  9.400517E-01  -3.003992E-02  1.000000E+00  1.034986E-02  7.344311E-25  2.048391E-10   3.718703E-06 LZ5Tmedian  2.649968E+00  0.000000E+00  
1.367571E+02  4.758122E-03  2.017481E-02  -8.363333E-04  1.000000E+00  9.161824E-03  8.836606E-25  1.886086E-13   5.000000E-01 NotAppl  3.475312E+00  0.000000E+00  
1.063467E+02  1.565627E+02  -1.560107E+02  3.207236E-02  1.000000E+00  1.804274E-03  2.903439E-24  4.644937E-10   5.063437E-17 LZ5Tmedian  1.497595E+01  0.000000E+00  
6.459923E+01  4.609234E-04  4.336285E+01  -8.257864E-06  1.000000E+00  4.473806E-03  2.148326E-33  8.540016E-17   5.000000E-01 NotAppl  2.080817E-08  0.000000E+00  
1.049948E+03  6.227413E-04  -3.443208E-04  -2.527687E-05  1.000000E+00  4.075032E-01  1.975543E-26  2.659926E-18   5.000000E-01 NotAppl  9.236671E-03  0.000000E+00  
1.312243E+03  4.691065E+01  -4.690920E+01  -5.705535E-07  1.000000E+00  5.284461E-03  1.260032E-24  8.598232E-22   5.000000E-01 NotAppl  4.670546E-01  0.000000E+00  
2.783241E+03  1.201616E+02  -1.029264E+02  3.806772E-04  1.000000E+00  7.538003E-04  8.239304E-24  8.270117E-17   5.000000E-01 NotAppl  1.412475E+00  0.000000E+00  
3.599797E+02  2.285131E+01  5.044171E+01  1.044878E-01  1.000000E+00  1.924937E-03  1.851361E-24  4.053006E-10   1.868745E-05 LZ5Tmedian  2.634626E+00  0.000000E+00  
2.520693E+02  2.653250E-03  8.589335E+00  1.054316E-01  1.000000E+00  1.807367E-02  4.340565E-25  8.560158E-10   9.448020E-15 LZ5Tmedian  8.969102E-01  0.000000E+00  
2.719352E+02  7.993278E-03  2.543933E+02  1.974007E+00  1.000000E+00  3.052219E-04  2.670241E-23  2.568948E-07   0.000000E+00 XENON1T_2018  5.151178E+01  0.000000E+00  
1.219513E+02  5.014947E+02  -5.014944E+02  7.793959E-05  1.000000E+00  1.315960E-03  4.331060E-24  2.071746E-15   5.000000E-01 NotAppl  1.950026E+01  0.000000E+00  
4.185139E+02  8.340064E-04  2.550334E-02  -5.041421E-04  1.000000E+00  7.073678E-02  1.200683E-25  6.931840E-15   5.000000E-01 NotAppl  1.452948E-01  0.000000E+00  
1.153008E+03  4.457388E-01  -2.244158E-01  9.778349E-01  1.000000E+00  5.696960E-02  1.989297E-25  3.288263E-09   5.535093E-13 LZ5Tmedian  8.886832E-02  0.000000E+00  
1.691532E+01  4.771710E+02  -4.719668E+02  9.284743E-02  1.000000E+00  1.186885E+00  1.565779E-27  1.628554E-07   0.000000E+00 XENON1T_2018  6.403990E-02  4.532565E-01  
3.027187E+02  4.655104E-02  -4.641598E-02  1.627883E-06  1.000000E+00  3.823189E-02  2.231818E-25  1.402573E-19   5.000000E-01 NotAppl  3.783326E-01  0.000000E+00  
3.286671E+03  5.456798E+00  -1.629883E+00  3.645872E+00  1.000000E+00  2.411729E-02  4.588270E-25  5.407900E-09   7.673508E-08 LZ5Tmedian  6.912110E-02  0.000000E+00  
5.914260E+02  6.492106E-04  2.638831E+02  -9.080419E-05  1.000000E+00  4.280397E-04  1.160322E-23  1.108645E-16   5.000000E-01 NotAppl  9.939214E+00  0.000000E+00  
2.284952E+02  1.837880E-03  5.158657E+00  -5.724011E-01  1.000000E+00  3.893131E-03  2.597601E-24  3.085327E-08   0.000000E+00 LZ5Tmedian  6.559344E+00  0.000000E+00  
7.041965E+01  2.524805E-01  -1.802823E-01  -1.364786E+00  1.000000E+00  1.221926E-03  3.837227E-24  1.955931E-06   0.000000E+00 XENON1T_2018  3.372379E+01  0.000000E+00  
8.906366E+01  7.171871E+01  6.263835E+01  1.799958E-02  1.000000E+00  2.253656E-03  1.201389E-24  2.104349E-10   3.612005E-09 LZ5Tmedian  7.526207E+00  0.000000E+00  
1.180736E+03  2.443874E-01  -2.435532E-01  3.222380E-03  1.000000E+00  5.063430E-01  1.570457E-26  3.401974E-14   5.000000E-01 NotAppl  6.508586E-03  0.000000E+00  
3.495087E+02  6.886447E-01  -6.559206E-01  2.113770E-07  1.000000E+00  4.925156E-02  1.702570E-25  1.761988E-21   5.000000E-01 NotAppl  2.484698E-01  0.000000E+00  
9.084312E+01  2.082979E+01  -2.074500E+01  2.502925E-06  1.000000E+00  4.883938E-03  9.017493E-25  3.907338E-18   5.000000E-01 NotAppl  5.538540E+00  0.000000E+00  
7.584678E+03  6.731947E+00  -5.574957E+00  -2.362565E-05  1.000000E+00  2.318917E-01  2.749090E-26  4.147567E-20   5.000000E-01 NotAppl  1.701129E-03  0.000000E+00  
2.527074E+02  2.573339E+02  4.058805E+02  2.743589E-03  1.000000E+00  1.444417E-04  2.276475E-23  5.766722E-13   5.000000E-01 NotAppl  4.670892E+01  0.000000E+00  
4.871632E+03  2.224689E-03  3.860224E-01  1.025143E-08  1.000000E+00  7.141816E+00  9.693913E-28  1.920096E-26   5.000000E-01 NotAppl  9.450961E-05  0.000000E+00  
6.160620E+01  1.716027E-01  4.480710E+00  -7.688693E-09  1.000000E+00  4.239112E-03  1.073532E-38  8.156061E-23   5.000000E-01 NotAppl  1.092201E-13  1.422695E-14  
1.117157E+02  2.318126E+02  -2.208961E+02  -7.300012E-10  1.000000E+00  9.840935E-04  3.107461E-24  2.175288E-25   5.000000E-01 NotAppl  1.526326E+01  0.000000E+00  
1.164159E+01  1.572109E-04  7.380261E+01  8.190067E-08  1.000000E+00  5.159986E-04  1.080858E-39  2.657676E-19   5.000000E-01 NotAppl  6.800922E-14  9.413953E-12  
5.181613E+01  6.341817E-02  4.808323E+02  2.338331E-10  1.000000E+00  2.494854E-03  8.145293E-44  1.073710E-25   5.000000E-01 NotAppl  9.926336E-19  4.366969E-17  
2.134049E+02  1.007372E-02  4.418200E+02  -6.064177E-09  1.000000E+00  6.947102E-04  6.665910E-24  3.983290E-24   5.000000E-01 NotAppl  1.614453E+01  0.000000E+00  
7.526603E+02  1.564485E-02  1.467734E-02  8.574873E-10  1.000000E+00  2.164925E-01  3.814337E-26  6.040593E-27   5.000000E-01 NotAppl  2.512931E-02  0.000000E+00  
4.092676E+02  6.460948E-02  6.089814E-01  -5.743705E-02  1.000000E+00  6.586631E-02  1.280926E-25  9.418453E-11   1.069751E-01 NotAppl  1.591349E-01  0.000000E+00  
1.429107E+03  7.492365E-01  7.943738E+00  7.650820E-08  1.000000E+00  1.699275E-01  3.131716E-26  1.299169E-23   5.000000E-01 NotAppl  1.079188E-02  0.000000E+00  
2.250289E+03  1.661867E-01  -1.554327E-01  8.028716E-01  1.000000E+00  2.899108E-01  3.638007E-26  5.671217E-10   8.163516E-02 LZ5Tmedian  8.172216E-03  0.000000E+00  
4.626000E+02  1.056121E+02  -1.055994E+02  -2.956465E-03  1.000000E+00  1.329629E-03  5.078587E-24  1.942246E-13   5.000000E-01 NotAppl  5.547200E+00  0.000000E+00  
1.006530E+02  4.666677E+02  1.052293E+02  -1.184025E-06  1.000000E+00  9.831808E-04  2.880148E-24  7.086408E-19   5.000000E-01 NotAppl  1.565979E+01  0.000000E+00  
2.411037E+01  2.311612E+02  -2.250446E+02  -3.321451E-10  1.000000E+00  1.114576E+00  2.332836E-44  1.023214E-24   5.000000E-01 NotAppl  6.453603E-19  1.253014E-16  
2.022451E+03  1.364332E-04  1.385552E-01  -2.868264E-08  1.000000E+00  1.416189E+00  5.372769E-27  8.996395E-25   5.000000E-01 NotAppl  1.282211E-03  0.000000E+00  
5.438305E+01  1.726881E-04  2.745084E+01  -1.555007E-05  1.000000E+00  2.939816E-03  5.972066E-34  4.302574E-16   5.000000E-01 NotAppl  6.944526E-09  1.702242E-07  
1.310016E+01  1.392535E+01  3.205976E+02  -8.496793E-07  1.000000E+00  3.228878E+04  1.213290E-37  2.266548E-17   5.000000E-01 NotAppl  6.650262E-12  5.210174E-10  
3.143762E+03  1.551296E+02  -1.551263E+02  2.159507E-06  1.000000E+00  5.254818E-04  1.351505E-23  2.076956E-21   5.000000E-01 NotAppl  2.045447E+00  0.000000E+00  
4.905577E+03  1.872757E-01  -1.605313E-01  -1.828292E-02  1.000000E+00  7.657962E+00  9.272562E-28  6.021628E-14   5.000000E-01 NotAppl  8.971815E-05  0.000000E+00  
1.416314E+03  8.460650E+02  -8.418811E+02  -1.539018E-05  1.000000E+00  3.145550E-05  2.248701E-22  5.354279E-19   5.000000E-01 NotAppl  7.705543E+01  0.000000E+00  
1.326959E+03  1.535550E-03  2.712952E-01  -2.163049E-05  1.000000E+00  6.329425E-01  1.243550E-26  1.208008E-18   5.000000E-01 NotAppl  4.571979E-03  0.000000E+00  
1.389266E+03  6.478379E-02  3.640654E-01  -7.520882E-07  1.000000E+00  6.868518E-01  1.138641E-26  1.329932E-21   5.000000E-01 NotAppl  3.993906E-03  0.000000E+00  
9.389208E+03  5.152718E-01  -5.148639E-01  -2.855490E-01  1.000000E+00  1.585588E+01  3.604509E-28  3.927722E-12   5.000000E-01 NotAppl  1.872948E-05  0.000000E+00  
2.154109E+02  1.940630E+01  -3.264722E+00  -5.957508E-01  1.000000E+00  1.381858E-03  2.581609E-24  3.771392E-08   0.000000E+00 LZ5Tmedian  7.175831E+00  0.000000E+00  
2.594619E+01  8.191876E-01  -7.880721E-01  -4.306341E-06  1.000000E+00  7.787157E-03  4.121972E-36  1.483251E-16   5.000000E-01 NotAppl  1.051354E-10  2.396578E-08  
2.097509E+01  2.586885E-03  7.264151E-02  -4.259133E-04  1.000000E+00  2.188855E-03  3.565837E-32  2.227117E-12   5.000000E-01 NotAppl  1.147805E-06  2.438866E-04  
4.440561E+03  2.116201E-01  2.519360E+01  -8.855110E-04  1.000000E+00  2.649724E-02  1.743872E-25  1.729661E-16   5.000000E-01 NotAppl  1.897008E-02  0.000000E+00  
5.907635E+01  4.102806E-04  -2.395120E-04  2.325942E-04  1.000000E+00  3.955898E-03  6.960462E-31  8.130801E-14   5.000000E-01 NotAppl  7.430832E-06  2.522369E-05  
1.434722E+02  2.335630E+01  -2.335572E+01  -3.875898E-03  1.000000E+00  5.518457E-03  1.065264E-24  3.671732E-12   5.000000E-01 NotAppl  4.010003E+00  0.000000E+00  
8.054524E+03  2.633934E+02  -2.632625E+02  2.361897E-04  1.000000E+00  1.869053E-04  3.965496E-23  3.668832E-18   5.000000E-01 NotAppl  2.308439E+00  0.000000E+00  
1.004024E+02  9.013167E+01  -9.013074E+01  -4.899572E-07  1.000000E+00  2.857191E-03  1.963118E-24  1.219663E-19   5.000000E-01 NotAppl  1.071612E+01  0.000000E+00  
4.777207E+02  3.810854E+01  -3.753169E+01  -1.630204E-04  1.000000E+00  7.284590E-03  8.589344E-25  5.529309E-16   5.000000E-01 NotAppl  9.070764E-01  0.000000E+00  
2.629537E+01  9.371513E+01  -9.371494E+01  3.096032E-08  1.000000E+00  1.830769E-02  2.152189E-40  7.462459E-21   5.000000E-01 NotAppl  5.413357E-15  1.242552E-12  
1.033179E+03  1.529701E-03  1.425146E-02  2.500049E+00  1.000000E+00  9.111287E-03  1.384246E-24  2.688999E-08   1.852033E-112 LZ5Tmedian  6.918681E-01  0.000000E+00  
4.768752E+03  4.278346E-04  9.666318E+00  -1.559118E-04  1.000000E+00  1.675440E-01  2.614925E-26  4.638317E-18   5.000000E-01 NotAppl  2.645054E-03  0.000000E+00  
1.607329E+02  6.221271E+02  -6.218972E+02  3.277106E-03  1.000000E+00  6.661311E-04  8.723345E-24  2.079554E-12   5.000000E-01 NotAppl  2.969937E+01  0.000000E+00  
1.509444E+01  1.855899E-03  5.444832E-01  -3.837421E-01  1.000000E+00  9.161669E-04  2.584050E-26  3.490645E-06   0.000000E+00 XENON1T_2018  1.202858E+00  2.500254E-01  
4.056732E+03  2.015613E+01  -1.537031E+01  1.029194E-02  1.000000E+00  2.735623E-02  2.471934E-25  2.808149E-14   5.000000E-01 NotAppl  2.886707E-02  0.000000E+00  
5.011220E+01  6.706915E-01  5.060243E-01  1.112027E-05  1.000000E+00  2.125612E-03  1.412230E-34  2.599573E-16   5.000000E-01 NotAppl  1.788313E-09  1.032345E-07  
2.653897E+03  4.090221E+02  -4.065345E+02  -1.381692E-03  1.000000E+00  8.565487E-05  8.422511E-23  1.200323E-15   5.000000E-01 NotAppl  1.515440E+01  0.000000E+00  
5.244522E+02  1.269052E-04  1.496823E+01  -1.524849E-10  1.000000E+00  4.281650E-02  1.362507E-25  3.997130E-28   5.000000E-01 NotAppl  1.311008E-01  0.000000E+00  
8.070468E+01  6.488913E+00  8.072369E+02  7.627208E-05  1.000000E+00  6.948048E-03  2.294182E-25  4.623940E-15   5.000000E-01 NotAppl  1.635929E+00  0.000000E+00  
1.026391E+03  7.849906E+01  -6.822179E+01  2.766201E-10  1.000000E+00  1.653340E-03  3.387101E-24  3.336607E-28   5.000000E-01 NotAppl  1.617400E+00  0.000000E+00  
5.777987E+02  3.282994E-04  3.851254E+01  -1.926775E-05  1.000000E+00  1.109674E-02  4.348787E-25  5.235264E-18   5.000000E-01 NotAppl  3.807960E-01  0.000000E+00  
3.793653E+02  2.654422E-01  -2.652874E-01  -2.427173E-02  1.000000E+00  5.833355E-02  1.449244E-25  1.964376E-11   5.000000E-01 NotAppl  1.943801E-01  0.000000E+00  
2.867274E+02  2.575543E+02  -2.486885E+02  -2.606249E-10  1.000000E+00  3.059106E-04  1.401289E-23  4.017700E-27   5.000000E-01 NotAppl  2.530235E+01  0.000000E+00  
1.169059E+02  6.444351E+00  -6.444117E+00  4.976015E+00  1.000000E+00  1.771957E-05  3.222127E-22  9.208785E-06   0.000000E+00 XENON1T_2018  1.500513E+03  0.000000E+00  
1.613534E+01  6.065814E-02  4.101116E+00  -9.567708E-09  1.000000E+00  1.109181E-03  1.638784E-41  1.900119E-21   5.000000E-01 NotAppl  7.068371E-16  1.219234E-13  
3.836828E+01  1.225623E+01  -1.225609E+01  1.753709E+00  1.000000E+00  1.136196E-03  9.285437E-25  1.113317E-05   0.000000E+00 XENON1T_2018  1.561331E+01  2.817063E-01  
1.538525E+01  3.056976E-01  -3.055891E-01  1.954125E-02  1.000000E+00  4.414422E-03  6.739647E-29  8.714555E-09   2.101520E-168 LZ5Tmedian  3.070098E-03  1.678985E-01  
2.860110E+02  5.089217E-02  -4.587995E-02  -2.753951E-05  1.000000E+00  3.435017E-02  2.483928E-25  4.509028E-17   5.000000E-01 NotAppl  4.467330E-01  0.000000E+00  
1.036168E+01  9.740582E+02  -9.739836E+02  1.712992E-09  1.000000E+00  2.090897E-01  4.486029E-43  1.460773E-22   5.000000E-01 NotAppl  3.236956E-17  4.134749E-15  
2.211050E+02  2.987732E-04  3.929098E+01  6.234213E-09  1.000000E+00  7.843854E-03  7.314210E-25  3.914884E-24   5.000000E-01 NotAppl  1.715104E+00  0.000000E+00  
2.064842E+03  9.782035E-01  -1.367640E-01  -7.795619E-04  1.000000E+00  1.263019E+00  5.898134E-27  6.370544E-16   5.000000E-01 NotAppl  1.378186E-03  0.000000E+00  
1.668680E+03  2.417037E+00  -2.387246E+00  8.036305E-05  1.000000E+00  6.131753E-01  1.131444E-26  1.045024E-17   5.000000E-01 NotAppl  3.284312E-03  0.000000E+00  
7.147046E+01  5.990912E+01  -5.990894E+01  -3.486167E-03  1.000000E+00  1.631954E-02  1.908824E-29  1.238178E-11   2.661435E-01 NotAppl  1.677141E-04  0.000000E+00  
2.319185E+03  2.668951E+01  -2.668919E+01  -1.462565E-07  1.000000E+00  1.533698E-02  4.193790E-25  1.769856E-23   5.000000E-01 NotAppl  8.661836E-02  0.000000E+00  
5.019052E+02  1.799492E-04  9.883554E-03  1.708108E-02  1.000000E+00  9.960707E-02  8.496014E-26  5.487217E-12   5.000000E-01 NotAppl  8.515832E-02  0.000000E+00  
1.566029E+02  9.509835E-02  5.169123E+01  -1.544569E+00  1.000000E+00  5.986090E-05  1.781977E-22  4.872783E-07   0.000000E+00 XENON1T_2018  7.101933E+02  0.000000E+00  
8.678312E+03  6.075263E+02  -6.072283E+02  -2.550778E-06  1.000000E+00  3.781190E-05  2.030847E-22  3.677554E-22   5.000000E-01 NotAppl  1.096308E+01  0.000000E+00  
2.336389E+01  9.266353E-03  -9.112350E-03  3.045960E-10  1.000000E+00  2.838630E-03  1.925677E-44  9.168329E-25   5.000000E-01 NotAppl  5.511521E-19  1.229212E-16  
4.907267E+02  2.123150E+01  1.004760E+02  -3.614152E-10  1.000000E+00  1.128285E-03  3.356927E-24  2.572408E-27   5.000000E-01 NotAppl  3.476419E+00  0.000000E+00  
4.623780E+02  5.098748E-02  6.040449E+01  3.971533E-06  1.000000E+00  5.079746E-03  9.457847E-25  3.508338E-19   5.000000E-01 NotAppl  1.040976E+00  0.000000E+00  
2.192661E+01  2.287905E-03  1.496827E-01  -7.692211E-09  1.000000E+00  2.175056E-03  1.187490E-41  6.644489E-22   5.000000E-01 NotAppl  3.641296E-16  7.914389E-14  
4.062962E+01  3.856695E+01  -3.705900E+01  8.918827E+00  1.000000E+00  3.678044E-04  5.826885E-25  2.563051E-04   0.000000E+00 XENON1T_2018  9.210524E+00  5.068737E-01  
3.711103E+02  9.799347E+02  -4.150722E+02  8.478570E-05  1.000000E+00  4.772659E-05  7.321216E-23  2.507397E-16   5.000000E-01 NotAppl  1.008369E+02  0.000000E+00  
1.245976E+02  9.915808E-04  5.488706E+01  -6.380147E-04  1.000000E+00  4.406298E-03  1.364495E-24  1.328522E-13   5.000000E-01 NotAppl  5.846755E+00  0.000000E+00  
3.905719E+03  4.886649E+02  -4.886195E+02  -1.238776E-04  1.000000E+00  6.044999E-05  1.240280E-22  4.394654E-18   5.000000E-01 NotAppl  1.504497E+01  0.000000E+00  
1.954512E+02  1.041389E-02  3.844243E+02  1.178098E+00  1.000000E+00  3.816612E-04  2.009282E-23  1.799997E-07   0.000000E+00 XENON1T_2018  5.449907E+01  0.000000E+00  
1.192142E+02  3.885601E-02  -3.826937E-02  2.927887E-02  1.000000E+00  6.915801E-03  1.206913E-24  3.062943E-10   1.586208E-10 LZ5Tmedian  5.470448E+00  0.000000E+00  
6.977176E+01  1.299645E-04  9.418086E-01  2.459076E-10  1.000000E+00  5.484597E-03  1.478272E-43  6.470919E-26   5.000000E-01 NotAppl  1.331299E-18  0.000000E+00  
4.893280E+02  6.443876E-02  -6.426503E-02  4.253048E-06  1.000000E+00  9.523563E-02  8.868476E-26  3.583134E-19   5.000000E-01 NotAppl  9.124302E-02  0.000000E+00  
5.243446E+02  1.780459E+02  -1.771712E+02  1.360887E-07  1.000000E+00  5.272084E-04  1.274548E-23  3.185082E-22   5.000000E-01 NotAppl  1.221174E+01  0.000000E+00  
3.509405E+01  6.298240E-03  -1.475859E-03  7.814292E+00  1.000000E+00  6.611014E-04  1.803471E-25  2.649522E-04   0.000000E+00 XENON1T_2018  3.621211E+00  2.500124E-01  
2.416146E+03  8.749064E+02  -8.748975E+02  5.342159E-08  1.000000E+00  2.485226E-05  3.089534E-22  2.172265E-24   5.000000E-01 NotAppl  6.118725E+01  0.000000E+00  
3.820896E+01  4.538114E-04  2.114388E+00  9.520882E-01  1.000000E+00  6.415831E-05  3.322184E-25  3.309256E-06   0.000000E+00 XENON1T_2018  5.594617E+00  2.513854E-01  
1.454624E+02  1.245498E+00  2.897540E+02  1.244712E-05  1.000000E+00  1.533804E-03  2.841951E-24  3.681277E-17   5.000000E-01 NotAppl  1.026060E+01  0.000000E+00  
7.530324E+03  4.260966E-01  1.121545E+02  -3.227815E-10  1.000000E+00  1.485399E-03  3.372288E-24  7.855757E-30   5.000000E-01 NotAppl  2.146616E-01  0.000000E+00  
7.175584E+01  9.223050E-01  3.743814E+02  3.588873E+00  1.000000E+00  2.019990E-04  1.891547E-23  1.301573E-05   0.000000E+00 XENON1T_2018  1.654050E+02  0.000000E+00  
4.701879E+01  1.625835E-04  3.118451E-03  3.211304E-04  1.000000E+00  5.534307E-04  7.982460E-32  2.468372E-13   5.000000E-01 NotAppl  1.079641E-06  9.701139E-05  
4.173563E+01  6.494046E-03  1.202926E+00  8.588845E+00  1.000000E+00  2.401134E-04  2.023746E-25  2.250537E-04   0.000000E+00 XENON1T_2018  3.497063E+00  2.514695E-01  
3.116008E+03  5.697537E+00  -5.697126E+00  6.535364E+00  1.000000E+00  9.330800E-03  1.280198E-24  1.936849E-08   1.338845E-27 LZ5Tmedian  2.051630E-01  0.000000E+00  
9.659567E+03  7.190515E+01  -7.095501E+01  -5.149823E-02  1.000000E+00  2.299250E-03  3.025494E-24  1.205958E-13   5.000000E-01 NotAppl  1.465732E-01  0.000000E+00  
1.242597E+01  1.384709E+02  -1.384560E+02  -3.766710E-01  1.000000E+00  9.002002E-02  2.342297E-26  4.944120E-06   0.000000E+00 XENON1T_2018  1.365579E+00  4.987737E-01  
1.175547E+02  1.855958E-03  1.126080E-01  -2.118196E-10  1.000000E+00  7.176930E-03  1.089526E-24  1.649846E-26   5.000000E-01 NotAppl  5.009427E+00  0.000000E+00  
1.546974E+02  4.367602E-01  -4.364981E-01  6.768655E+00  1.000000E+00  4.585235E-07  3.508689E-20  9.595472E-06   0.000000E+00 XENON1T_2018  1.423393E+05  0.000000E+00  
8.993125E+02  5.486817E+01  -5.486311E+01  -2.277975E-07  1.000000E+00  3.977157E-03  1.680167E-24  2.963620E-22   5.000000E-01 NotAppl  9.195133E-01  0.000000E+00  
5.158790E+01  2.884687E-04  7.803853E+02  -4.603334E-05  1.000000E+00  2.367188E-03  3.038205E-33  4.198825E-15   5.000000E-01 NotAppl  3.732294E-08  1.708840E-06  
8.006927E+03  1.747217E-02  1.140359E-02  -4.227440E-08  1.000000E+00  2.023858E+01  3.444416E-28  1.189567E-25   5.000000E-01 NotAppl  2.028450E-05  0.000000E+00  
2.694373E+01  9.389561E-01  -9.383068E-01  -1.253283E-05  1.000000E+00  7.490838E-03  3.596124E-35  1.164113E-15   5.000000E-01 NotAppl  8.796429E-10  2.008865E-07  
9.116745E+03  4.731556E+01  -4.405883E+01  1.490219E-09  1.000000E+00  5.211256E-03  1.318789E-24  1.135660E-28   5.000000E-01 NotAppl  6.773807E-02  0.000000E+00  
1.054263E+03  5.500748E+01  -5.257047E+01  -5.813032E-06  1.000000E+00  3.752353E-03  1.702923E-24  1.395059E-19   5.000000E-01 NotAppl  7.908777E-01  0.000000E+00  
6.821107E+02  4.987106E-02  -4.396615E-02  6.596196E-04  1.000000E+00  1.794687E-01  4.630256E-26  4.370629E-15   5.000000E-01 NotAppl  3.377119E-02  0.000000E+00  
4.729187E+02  4.428530E-04  6.304034E+00  -3.930012E-06  1.000000E+00  6.962181E-02  1.056893E-25  3.280567E-19   5.000000E-01 NotAppl  1.127734E-01  0.000000E+00  
3.994540E+01  3.757492E-01  1.428148E+01  -3.269998E-10  1.000000E+00  5.026788E-05  4.490322E-44  3.566445E-25   5.000000E-01 NotAppl  7.183306E-19  4.598467E-17  
8.515795E+03  7.385112E+00  -5.389461E+00  4.404790E-09  1.000000E+00  1.988704E-01  3.356954E-26  1.139559E-27   5.000000E-01 NotAppl  1.848363E-03  0.000000E+00  
1.711081E+01  3.597360E-04  5.261843E+02  3.411255E-05  1.000000E+00  1.013110E-03  2.121287E-34  2.148449E-14   5.000000E-01 NotAppl  8.564392E-09  1.598723E-06  
1.586591E+01  5.988159E-02  -4.162720E-02  -2.750777E-09  1.000000E+00  1.926515E-03  1.347779E-42  1.624236E-22   5.000000E-01 NotAppl  5.925658E-17  1.045455E-14  
1.855837E+03  1.360202E-02  3.974205E-01  5.697450E-09  1.000000E+00  1.187098E+00  6.416306E-27  4.229372E-26   5.000000E-01 NotAppl  1.672431E-03  0.000000E+00  
2.562164E+01  9.382275E-01  -9.324264E-01  1.636267E-09  1.000000E+00  8.928548E-03  5.896398E-43  2.196569E-23   5.000000E-01 NotAppl  1.526514E-17  3.463344E-15  
1.020486E+03  1.433797E-04  2.224963E+00  2.078929E-04  1.000000E+00  3.408720E-01  2.225346E-26  1.906917E-16   5.000000E-01 NotAppl  1.072495E-02  0.000000E+00  
1.008048E+03  4.902980E-02  -4.128874E-02  -1.773409E-05  1.000000E+00  3.771014E-01  2.141715E-26  1.422789E-18   5.000000E-01 NotAppl  1.044162E-02  0.000000E+00  
1.810628E+02  3.305006E-02  7.542404E-01  8.045216E-10  1.000000E+00  1.442237E-02  5.708698E-25  9.818498E-26   5.000000E-01 NotAppl  1.655095E+00  0.000000E+00  
1.509207E+01  1.329918E-01  9.271497E-02  -3.447771E-09  1.000000E+00  1.788917E-03  2.086071E-42  2.818638E-22   5.000000E-01 NotAppl  9.711143E-17  1.647554E-14  
6.757906E+02  9.369305E-04  1.284937E-01  -4.248967E-09  1.000000E+00  1.761623E-01  4.715845E-26  1.848352E-25   5.000000E-01 NotAppl  3.472803E-02  0.000000E+00  
6.494595E+02  6.868206E-03  1.019051E+01  -8.452767E-10  1.000000E+00  7.814796E-02  7.868143E-26  7.933926E-27   5.000000E-01 NotAppl  6.059031E-02  0.000000E+00  
3.002937E+03  4.786466E-01  -4.780889E-01  -1.847513E+00  1.000000E+00  1.239524E-01  9.023204E-26  1.668802E-09   3.960189E-03 LZ5Tmedian  1.526223E-02  0.000000E+00  
1.103904E+03  6.354506E-04  1.610407E-02  2.319316E-06  1.000000E+00  4.481605E-01  1.788776E-26  2.021743E-20   5.000000E-01 NotAppl  7.943760E-03  0.000000E+00  
2.423964E+03  3.895602E-02  1.978218E+01  1.756838E-02  1.000000E+00  4.163120E-02  1.100707E-25  2.333917E-13   5.000000E-01 NotAppl  2.218699E-02  0.000000E+00  
3.289749E+03  7.535457E-02  -7.300779E-02  5.372312E-02  1.000000E+00  3.500732E+00  2.124525E-27  1.171982E-12   5.000000E-01 NotAppl  3.090387E-04  0.000000E+00  
1.015486E+02  3.136795E+02  2.303715E+01  -3.953727E-10  1.000000E+00  9.899844E-04  2.880851E-24  7.759460E-26   5.000000E-01 NotAppl  1.551446E+01  0.000000E+00  
1.743719E+01  4.900394E-02  -3.253155E-02  4.413280E-08  1.000000E+00  2.136678E-03  3.572068E-40  3.462770E-20   5.000000E-01 NotAppl  1.411813E-14  2.671694E-12  
1.595352E+02  2.253588E+00  2.081628E+01  5.703198E-10  1.000000E+00  6.215208E-03  8.363315E-25  6.395649E-26   5.000000E-01 NotAppl  2.792025E+00  0.000000E+00  
1.254372E+03  2.088817E-03  -1.646262E-04  3.411864E-09  1.000000E+00  5.712488E-01  1.388180E-26  3.370991E-26   5.000000E-01 NotAppl  5.405225E-03  0.000000E+00  
5.507376E+02  4.830202E+01  -4.793380E+01  -6.276328E-09  1.000000E+00  4.958597E-03  1.297942E-24  6.127423E-25   5.000000E-01 NotAppl  1.181508E+00  0.000000E+00  
5.982712E+01  1.708885E-03  1.048085E+00  2.732581E-05  1.000000E+00  3.709830E-03  1.557918E-32  1.093682E-15   5.000000E-01 NotAppl  1.641753E-07  3.067135E-07  
1.271403E+02  3.405184E+01  -3.396145E+01  1.882978E-04  1.000000E+00  4.109689E-03  1.413092E-24  1.110226E-14   5.000000E-01 NotAppl  6.029071E+00  0.000000E+00  
2.689862E+02  4.649119E-02  4.822503E+02  -8.860899E-09  1.000000E+00  4.584698E-04  1.031131E-23  5.293129E-24   5.000000E-01 NotAppl  1.973201E+01  0.000000E+00  
3.851024E+01  2.288012E-03  3.909787E+01  5.244126E-03  1.000000E+00  5.480476E-05  1.052545E-29  9.880757E-11   2.708421E-06 LZ5Tmedian  1.753485E-04  2.830836E-02  
4.007394E+03  4.223937E+00  1.665492E+02  2.868585E-03  1.000000E+00  6.570893E-04  7.554391E-24  2.236510E-15   5.000000E-01 NotAppl  9.121475E-01  0.000000E+00  
1.227794E+01  2.629040E+00  -2.360039E+00  -4.496958E+00  1.000000E+00  1.384053E-02  3.210825E-25  7.215468E-04   0.000000E+00 XENON1T_2018  1.902595E+01  2.513966E-01  
9.123844E+02  3.862218E+01  -3.862115E+01  -6.047012E-08  1.000000E+00  7.621664E-03  8.616048E-25  2.027728E-23   5.000000E-01 NotAppl  4.645169E-01  0.000000E+00  
8.248002E+02  1.484273E+00  -1.484072E+00  7.267832E-01  1.000000E+00  4.491216E-02  2.454911E-25  3.599486E-09   2.070767E-19 LZ5Tmedian  1.539635E-01  0.000000E+00  
6.931718E+02  5.802840E-01  -5.715178E-01  -4.366269E-07  1.000000E+00  1.824134E-01  4.506980E-26  1.853117E-21   5.000000E-01 NotAppl  3.233004E-02  0.000000E+00  
2.310805E+02  2.212861E+01  -2.165449E+01  9.418211E-03  1.000000E+00  9.292276E-03  6.362844E-25  8.162559E-12   5.000000E-01 NotAppl  1.435440E+00  0.000000E+00  
4.794549E+01  7.041052E-04  4.942165E-02  7.833097E-09  1.000000E+00  9.017690E-04  5.281100E-41  1.411397E-22   5.000000E-01 NotAppl  7.000127E-16  5.622296E-14  
1.552667E+01  1.068540E-03  4.217126E+01  -3.526629E-03  1.000000E+00  8.578991E-04  2.201038E-30  2.787091E-10   3.205984E-06 LZ5Tmedian  9.921964E-05  2.553378E-03  
2.070464E+03  2.814178E-03  2.424884E-01  -6.077838E-06  1.000000E+00  1.474714E+00  5.138771E-27  3.850950E-20   5.000000E-01 NotAppl  1.197263E-03  0.000000E+00  
1.626790E+03  7.717582E-01  -7.715939E-01  -6.037373E-04  1.000000E+00  8.808667E-01  8.627383E-27  6.211810E-16   5.000000E-01 NotAppl  2.572983E-03  0.000000E+00  
6.052356E+03  5.718483E-02  -5.598609E-02  3.845660E+00  1.000000E+00  1.156778E-01  9.918812E-26  1.738238E-09   5.703538E-02 LZ5Tmedian  8.182902E-03  0.000000E+00  
2.851467E+02  4.131251E+00  7.914800E+00  1.101582E+00  1.000000E+00  1.641097E-03  4.246571E-24  7.259318E-08   0.000000E+00 XENON1T_2018  7.837051E+00  0.000000E+00  
2.250212E+02  4.565237E-03  -4.392251E-03  7.899606E-07  1.000000E+00  2.199241E-02  3.872238E-25  6.063780E-20   5.000000E-01 NotAppl  8.945835E-01  0.000000E+00  
4.154630E+01  2.000316E+02  -1.997087E+02  9.816578E-06  1.000000E+00  2.120874E-04  4.534415E-35  2.967247E-16   5.000000E-01 NotAppl  6.960869E-10  1.027732E-07  
3.649761E+01  2.967752E+01  -2.545032E+01  -4.806359E-03  1.000000E+00  9.334343E-03  7.863885E-30  9.256341E-11   6.589355E-06 LZ5Tmedian  1.384417E-04  2.504254E-02  
1.937551E+01  7.268187E-02  -6.671276E-02  -1.201287E-08  1.000000E+00  2.720278E-03  2.745767E-41  2.077543E-21   5.000000E-01 NotAppl  9.647073E-16  1.959774E-13  
4.077804E+03  2.383045E-04  1.203945E+00  7.014774E-08  1.000000E+00  3.537996E+00  1.716400E-27  1.290852E-24   5.000000E-01 NotAppl  2.010846E-04  0.000000E+00  
4.321937E+02  3.671809E-01  2.670450E+02  5.171389E-05  1.000000E+00  4.964046E-04  9.804691E-24  6.829325E-17   5.000000E-01 NotAppl  1.157280E+01  0.000000E+00  
3.113422E+03  1.128797E+01  8.454214E+00  -1.383346E-04  1.000000E+00  3.690062E-02  1.817479E-25  8.692643E-18   5.000000E-01 NotAppl  2.812134E-02  0.000000E+00  
2.150000E+01  3.153621E-04  1.614791E-01  -7.782599E-10  1.000000E+00  2.075943E-03  1.204141E-43  7.075732E-24   5.000000E-01 NotAppl  3.770015E-18  8.123304E-16  
5.453984E+03  3.951165E+01  7.001176E+01  1.524632E-05  1.000000E+00  1.465760E-03  4.090623E-24  3.375890E-20   5.000000E-01 NotAppl  3.595447E-01  0.000000E+00  
4.823929E+02  4.808134E+00  1.396706E+02  5.618733E-02  1.000000E+00  1.069290E-03  4.249175E-24  6.438999E-11   2.718466E-01 NotAppl  4.481668E+00  0.000000E+00  
1.610988E+01  6.235051E+00  8.188688E+01  -6.330707E-03  1.000000E+00  6.972752E+00  7.171396E-30  8.345196E-10   8.503882E-19 LZ5Tmedian  3.099791E-04  5.196703E-02  
2.109010E+01  2.401545E-03  9.825338E-04  1.415842E-05  1.000000E+00  2.434460E-03  3.950135E-35  2.434207E-15   5.000000E-01 NotAppl  1.263123E-09  2.695523E-07  
1.635803E+03  1.002121E+02  -1.002100E+02  -8.828945E-03  1.000000E+00  1.246731E-03  5.554899E-24  1.313554E-13   5.000000E-01 NotAppl  1.641426E+00  0.000000E+00  
1.758038E+03  1.723682E+00  3.419306E+01  2.457578E-08  1.000000E+00  1.360414E-02  3.497506E-25  8.787154E-25   5.000000E-01 NotAppl  9.801140E-02  0.000000E+00  
4.206061E+03  6.808145E-04  -5.496075E-04  4.103697E-03  1.000000E+00  5.810423E+00  1.245624E-27  4.148053E-15   5.000000E-01 NotAppl  1.408876E-04  0.000000E+00  
2.911679E+02  1.229755E-02  2.133226E-02  -1.766795E-09  1.000000E+00  3.553924E-02  2.401752E-25  1.789162E-25   5.000000E-01 NotAppl  4.239743E-01  0.000000E+00  
2.945418E+01  1.146447E-01  3.865608E+01  9.536998E-10  1.000000E+00  2.278258E-03  2.262818E-43  5.629381E-24   5.000000E-01 NotAppl  5.024707E-18  1.145759E-15  
3.332283E+02  6.250918E-04  9.461694E-03  3.458705E-09  1.000000E+00  4.587448E-02  1.859826E-25  5.201428E-25   5.000000E-01 NotAppl  2.852786E-01  0.000000E+00  
1.834735E+03  1.769609E-01  9.553187E+02  -3.484627E+00  1.000000E+00  3.834448E-05  1.324069E-22  1.619381E-08   8.579906E-39 LZ5Tmedian  3.555458E+01  0.000000E+00  
1.440763E+03  7.089329E+00  -6.208073E+00  7.885103E-01  1.000000E+00  5.176159E-02  1.836902E-25  1.357281E-09   8.781538E-05 LZ5Tmedian  6.344323E-02  0.000000E+00  
2.201479E+03  5.180710E-02  -5.167189E-02  2.382317E-09  1.000000E+00  1.668526E+00  4.534349E-27  5.221354E-27   5.000000E-01 NotAppl  9.920867E-04  0.000000E+00  
1.356632E+03  1.001443E-02  8.247480E-02  -1.556178E-03  1.000000E+00  6.626345E-01  1.188235E-26  5.976753E-15   5.000000E-01 NotAppl  4.270477E-03  0.000000E+00  
4.086237E+02  3.954993E-03  -3.522360E-03  -3.734915E-08  1.000000E+00  6.759494E-02  1.257568E-25  3.995360E-23   5.000000E-01 NotAppl  1.560267E-01  0.000000E+00  
3.465252E+01  7.967521E+01  -7.964812E+01  1.820964E-04  1.000000E+00  4.137709E-03  1.026100E-32  1.476223E-13   5.000000E-01 NotAppl  1.911724E-07  3.942730E-05  
2.899703E+02  3.505946E-03  -3.335454E-03  6.579003E-09  1.000000E+00  3.528124E-02  2.420289E-25  2.501861E-24   5.000000E-01 NotAppl  4.290876E-01  0.000000E+00  
9.428353E+03  2.685982E-03  1.017665E+02  -7.768290E-03  1.000000E+00  1.812889E-03  2.766502E-24  2.882449E-15   5.000000E-01 NotAppl  1.402552E-01  0.000000E+00  
1.878546E+03  2.247950E-02  -2.193561E-02  2.957873E-09  1.000000E+00  1.232566E+00  6.217914E-27  1.112013E-26   5.000000E-01 NotAppl  1.600449E-03  0.000000E+00  
4.906389E+01  2.584203E-01  -1.719824E-01  -1.418478E-04  1.000000E+00  1.282308E-03  1.990698E-32  4.415964E-14   5.000000E-01 NotAppl  2.576899E-07  1.778738E-05  
1.659809E+01  2.175826E-03  3.250220E+01  6.195864E-05  1.000000E+00  9.689210E-04  6.931888E-34  7.531431E-14   5.000000E-01 NotAppl  2.895434E-08  9.282633E-07  
1.158222E+01  2.564303E-02  1.301202E-02  8.190403E-02  1.000000E+00  9.553671E-04  1.078776E-27  2.684743E-07   0.000000E+00 XENON1T_2018  6.827377E-02  2.434437E-01  
6.548737E+03  9.859520E+01  -9.859504E+01  -5.620955E-07  1.000000E+00  1.242049E-03  5.656386E-24  3.163897E-23   5.000000E-01 NotAppl  4.059968E-01  0.000000E+00  
3.879919E+01  5.534649E+02  -5.528112E+02  -5.034953E-05  1.000000E+00  1.088527E-03  9.877767E-34  8.970907E-15   5.000000E-01 NotAppl  1.632529E-08  2.830789E-06  
6.124282E+01  4.865417E+01  4.691749E+01  3.020665E-04  1.000000E+00  1.779113E-01  8.419362E-30  1.274160E-13   5.000000E-01 NotAppl  8.660235E-05  2.601621E-05  
9.208194E+03  1.526671E+00  -1.526328E+00  5.864780E-08  1.000000E+00  3.409934E+00  1.636789E-27  1.723653E-25   5.000000E-01 NotAppl  8.329685E-05  0.000000E+00  
8.081578E+02  2.325843E-01  -1.069122E-01  1.249788E-03  1.000000E+00  2.464982E-01  3.320388E-26  1.109645E-14   5.000000E-01 NotAppl  2.032812E-02  0.000000E+00  
8.089271E+03  1.293046E-01  8.415333E+02  -8.843665E-02  1.000000E+00  3.100915E-05  1.719428E-22  5.098866E-13   5.000000E-01 NotAppl  1.017906E+01  0.000000E+00  
2.505058E+03  8.777331E-03  4.857168E+00  -5.544660E-08  1.000000E+00  4.994404E-01  9.884479E-27  2.174036E-24   5.000000E-01 NotAppl  1.916050E-03  0.000000E+00  
1.075131E+01  1.541947E-04  2.930359E-03  -7.854055E-10  1.000000E+00  7.767738E-04  9.604366E-44  2.856961E-23   5.000000E-01 NotAppl  6.634566E-18  8.680206E-16  
1.560684E+03  5.311512E+01  1.274880E+02  -1.092534E-08  1.000000E+00  4.486655E-04  9.422461E-24  2.213723E-25   5.000000E-01 NotAppl  2.974004E+00  0.000000E+00  
2.810311E+02  1.033882E+00  2.923047E+01  -6.193199E+00  1.000000E+00  9.525568E-06  1.083368E-21  2.363868E-06   0.000000E+00 XENON1T_2018  2.394846E+03  0.000000E+00  
1.270423E+01  2.329591E-03  1.691303E-01  -6.373205E-04  1.000000E+00  8.073892E-04  6.756934E-32  1.354883E-11   5.000000E-01 NotAppl  3.839018E-06  5.669431E-04  
2.096865E+01  1.339389E-01  -1.336625E-01  -4.381824E-02  1.000000E+00  3.532245E-03  3.773598E-28  2.358731E-08   0.000000E+00 XENON1T_2018  1.214392E-02  2.289489E-01  
4.258665E+03  1.873746E+02  -1.873743E+02  9.854583E-03  1.000000E+00  3.627054E-04  1.983959E-23  2.332339E-14   5.000000E-01 NotAppl  2.203873E+00  0.000000E+00  
8.669901E+01  7.862283E-01  1.804724E+01  -1.707964E-09  1.000000E+00  4.777204E-03  7.255737E-25  2.002168E-24   5.000000E-01 NotAppl  4.671437E+00  0.000000E+00  
3.197429E+03  6.246356E-03  3.232321E+02  1.826056E-01  1.000000E+00  1.975202E-04  2.557963E-23  1.434778E-11   5.000000E-01 NotAppl  3.885944E+00  0.000000E+00  
2.216830E+01  3.031712E-03  7.790803E-02  3.039460E-02  1.000000E+00  2.361488E-03  1.864235E-28  1.014781E-08   0.000000E+00 LZ5Tmedian  5.648729E-03  2.075218E-01  
1.547407E+02  3.389895E+02  2.436808E+02  -3.259100E-06  1.000000E+00  3.141348E-04  9.728375E-24  2.223349E-18   5.000000E-01 NotAppl  3.384408E+01  0.000000E+00  
5.691161E+02  5.757553E+02  -4.760133E+02  4.838189E-10  1.000000E+00  5.250564E-05  6.943235E-23  3.404750E-27   5.000000E-01 NotAppl  6.110220E+01  0.000000E+00  
8.467647E+02  4.700023E-01  5.105265E+02  -5.979442E-10  1.000000E+00  1.372448E-04  3.710524E-23  2.309092E-27   5.000000E-01 NotAppl  2.201590E+01  0.000000E+00  
1.135323E+03  1.347132E-04  2.453372E+00  9.613980E-05  1.000000E+00  3.965723E-01  1.855360E-26  3.280502E-17   5.000000E-01 NotAppl  8.017677E-03  0.000000E+00  
1.649939E+03  8.217590E-03  4.007188E+01  1.059623E-10  1.000000E+00  1.081455E-02  4.308351E-25  1.859152E-29   5.000000E-01 NotAppl  1.288574E-01  0.000000E+00  
8.455176E+02  3.092598E+01  -3.092284E+01  -3.222764E-03  1.000000E+00  1.144555E-02  5.664986E-25  6.727974E-14   5.000000E-01 NotAppl  3.304727E-01  0.000000E+00  
9.023156E+03  1.515393E-01  1.881519E+00  -2.767627E-07  1.000000E+00  3.249000E+00  1.400534E-27  4.000029E-24   5.000000E-01 NotAppl  7.399559E-05  0.000000E+00  
1.194524E+01  5.711209E-01  -5.621946E-01  1.079452E-08  1.000000E+00  1.023874E-02  1.896316E-41  4.388692E-21   5.000000E-01 NotAppl  1.157730E-15  1.632727E-13  
1.053739E+02  4.754581E-01  8.770601E+00  3.485724E-08  1.000000E+00  4.741889E-03  1.250831E-24  5.590943E-22   5.000000E-01 NotAppl  6.433912E+00  0.000000E+00  
2.188183E+03  7.763792E+02  -7.763736E+02  -4.486142E-06  1.000000E+00  3.117052E-05  2.450764E-22  1.874516E-20   5.000000E-01 NotAppl  5.372545E+01  0.000000E+00  
2.401679E+03  1.056999E-03  7.498356E+00  9.315925E-02  1.000000E+00  2.315484E-01  2.161563E-26  6.687175E-12   5.000000E-01 NotAppl  4.391001E-03  0.000000E+00  
1.247834E+03  4.509032E-03  1.573149E+00  -1.719328E-07  1.000000E+00  5.155226E-01  1.470372E-26  8.652096E-23   5.000000E-01 NotAppl  5.760839E-03  0.000000E+00  
7.028247E+01  1.925583E+02  -1.752047E+02  -2.205128E-01  1.000000E+00  3.211759E-02  1.030517E-25  5.126505E-08   0.000000E+00 XENON1T_2018  9.209627E-01  0.000000E+00  
1.528303E+01  2.912375E+02  -2.911871E+02  -7.378344E-02  1.000000E+00  8.678824E-02  9.589170E-28  1.258980E-07   0.000000E+00 XENON1T_2018  4.401479E-02  4.692756E-01  
5.161138E+02  5.846144E+00  -5.825234E+00  6.062002E+00  1.000000E+00  3.833253E-04  2.946034E-23  6.527697E-07   0.000000E+00 XENON1T_2018  2.931936E+01  0.000000E+00  
4.872952E+02  2.645807E-04  5.645969E+02  -1.388558E-05  1.000000E+00  1.933450E-04  2.584254E-23  3.852016E-18   5.000000E-01 NotAppl  2.698082E+01  0.000000E+00  
1.453098E+02  1.737599E+00  2.421730E-01  -1.570128E-08  1.000000E+00  7.848710E-03  8.202279E-25  5.870372E-23   5.000000E-01 NotAppl  3.029729E+00  0.000000E+00  
1.938916E+02  3.006639E+01  -2.995380E+01  4.444673E-03  1.000000E+00  6.410622E-03  9.369978E-25  2.604466E-12   5.000000E-01 NotAppl  2.542318E+00  0.000000E+00  
1.549369E+03  1.507626E-02  1.401922E+00  -1.986498E-08  1.000000E+00  7.650235E-01  9.667837E-27  7.428018E-25   5.000000E-01 NotAppl  3.034608E-03  0.000000E+00  
2.125042E+02  6.019679E-01  -6.011233E-01  -4.787436E-01  1.000000E+00  5.014932E-03  2.180128E-24  2.504196E-08   0.000000E+00 LZ5Tmedian  5.898670E+00  0.000000E+00  
6.541499E+03  6.253837E-02  7.826142E-01  3.003707E-03  1.000000E+00  8.247092E+00  7.141507E-28  9.055101E-16   5.000000E-01 NotAppl  5.183663E-05  0.000000E+00  
4.204222E+02  6.736808E+01  -5.219521E+01  -1.239431E-03  1.000000E+00  1.734117E-03  2.349982E-24  4.150923E-14   5.000000E-01 NotAppl  2.837403E+00  0.000000E+00  
4.197348E+01  1.787969E+02  -1.787913E+02  -5.592969E+00  1.000000E+00  1.698214E-04  1.390800E-24  9.433670E-05   0.000000E+00 XENON1T_2018  2.111211E+01  5.000216E-01  
2.241443E+02  5.682347E-03  2.076688E+01  -1.188617E-07  1.000000E+00  1.289569E-02  4.998669E-25  1.383855E-21   5.000000E-01 NotAppl  1.157705E+00  0.000000E+00  
2.315788E+02  2.056313E+00  -6.912951E-01  -1.100541E-09  1.000000E+00  1.956202E-02  3.730453E-25  1.109648E-25   5.000000E-01 NotAppl  8.364454E-01  0.000000E+00  
2.505841E+03  2.709302E-01  2.498649E+00  -3.223799E-07  1.000000E+00  1.056530E+00  5.614421E-27  7.344743E-23   5.000000E-01 NotAppl  1.082839E-03  0.000000E+00  
3.498805E+02  1.242049E+02  -1.135207E+02  3.523157E-09  1.000000E+00  7.099851E-04  6.058309E-24  4.884349E-25   5.000000E-01 NotAppl  8.869864E+00  0.000000E+00  
1.565083E+02  2.079765E+00  6.478486E+02  -2.232750E-09  1.000000E+00  1.012231E-03  4.002641E-24  1.019486E-24   5.000000E-01 NotAppl  1.334807E+01  0.000000E+00  
7.150142E+02  2.641980E-02  -2.629076E-02  6.949515E-09  1.000000E+00  1.963587E-01  4.219882E-26  4.406163E-25   5.000000E-01 NotAppl  2.931540E-02  0.000000E+00  
9.519707E+03  1.705234E-02  6.741340E-02  -1.795697E-08  1.000000E+00  2.800503E+01  2.455175E-28  1.510338E-26   5.000000E-01 NotAppl  1.213943E-05  0.000000E+00  
1.238624E+03  2.830799E-03  5.592155E+01  6.442397E-08  1.000000E+00  5.731884E-03  8.191115E-25  1.233283E-23   5.000000E-01 NotAppl  3.287366E-01  0.000000E+00  
5.588974E+03  4.132585E-04  1.661202E+01  1.662273E-10  1.000000E+00  5.995606E-02  7.500909E-26  3.818381E-30   5.000000E-01 NotAppl  6.461575E-03  0.000000E+00  
1.563710E+01  2.853216E-04  1.716268E+02  3.527465E-09  1.000000E+00  8.651341E-04  2.206733E-42  2.749347E-22   5.000000E-01 NotAppl  9.867487E-17  1.720891E-14  
1.241240E+01  1.857929E-03  2.007812E+01  -3.279716E-07  1.000000E+00  5.829624E-04  1.775115E-38  3.756409E-18   5.000000E-01 NotAppl  1.036232E-12  6.992020E-11  
4.369969E+03  2.283477E+00  2.279831E+00  -2.537331E-05  1.000000E+00  6.462075E-01  9.848533E-27  1.467172E-19   5.000000E-01 NotAppl  1.079709E-03  0.000000E+00  
3.156352E+03  1.667058E+02  -1.198317E+02  1.135081E-03  1.000000E+00  