MD1           DMP           DM3           l345          ld           Omegah2       sigV          protonSI      PvalDD        expName      CMB_ID        brH_DMDM      
1.798224E+03  2.901109E+02  -2.900962E+02  -4.319792E-06  1.000000E+00  1.739113E-04  4.198399E-23  2.592738E-20   5.000000E-01 NotAppl  1.125745E+01  0.000000E+00  
5.551338E+02  1.521876E+01  -1.331179E+01  4.240236E-01  1.000000E+00  1.309210E-02  5.548347E-25  2.751609E-09   8.403140E-22 LZ5Tmedian  5.091527E-01  0.000000E+00  
9.269968E+02  7.219830E-02  -6.747221E-02  -9.530585E-02  1.000000E+00  3.012950E-01  2.766395E-26  4.876163E-11   5.000000E-01 NotAppl  1.479474E-02  0.000000E+00  
8.324007E+01  2.527407E-01  -1.355405E-01  5.434817E-04  1.000000E+00  6.132946E-03  5.877945E-25  2.203669E-13   5.000000E-01 NotAppl  3.990737E+00  0.000000E+00  
5.631527E+01  7.616597E-01  1.112673E+02  2.682726E-07  1.000000E+00  4.439723E-03  2.965259E-37  1.192597E-19   5.000000E-01 NotAppl  3.325765E-12  4.414459E-11  
5.887335E+01  2.647725E+00  -1.536923E-01  6.789046E-08  1.000000E+00  2.882433E-03  5.301130E-38  6.975941E-21   5.000000E-01 NotAppl  5.679106E-13  2.031859E-12  
2.320323E+01  1.552669E-03  2.865103E-04  5.139520E-09  1.000000E+00  2.736915E-03  5.461137E-42  2.646821E-22   5.000000E-01 NotAppl  1.574763E-16  3.503539E-14  
6.400279E+02  1.233747E-04  1.867016E+02  5.397078E-03  1.000000E+00  7.121125E-04  6.904600E-24  3.332667E-13   5.000000E-01 NotAppl  5.455390E+00  0.000000E+00  
2.057249E+03  1.215228E+02  -1.215222E+02  -5.995529E-01  1.000000E+00  9.086847E-04  7.630978E-24  3.796560E-10   1.597975E-01 NotAppl  1.782487E+00  0.000000E+00  
6.063234E+03  1.658108E-02  2.558167E-02  8.712357E-05  1.000000E+00  1.178986E+01  6.004079E-28  8.889020E-19   5.000000E-01 NotAppl  4.686181E-05  0.000000E+00  
9.158791E+03  2.057623E+00  -2.057164E+00  7.763919E-06  1.000000E+00  2.022666E+00  2.763518E-27  3.053882E-21   5.000000E-01 NotAppl  1.413532E-04  0.000000E+00  
1.654684E+02  5.711669E-04  -2.286023E-04  -6.210608E-05  1.000000E+00  1.266136E-02  6.522700E-25  7.037343E-16   5.000000E-01 NotAppl  2.107375E+00  0.000000E+00  
1.003429E+02  1.240273E-03  7.543058E+00  2.921558E-04  1.000000E+00  4.822894E-03  1.254438E-24  4.341899E-14   5.000000E-01 NotAppl  6.796589E+00  0.000000E+00  
3.605980E+03  6.544717E-04  1.605206E+00  4.276603E-07  1.000000E+00  2.453165E+00  2.389803E-27  6.161501E-23   5.000000E-01 NotAppl  3.175514E-04  0.000000E+00  
8.151111E+01  4.317229E-01  -4.292377E-01  -6.696933E-05  1.000000E+00  6.711552E-03  4.071136E-25  3.493069E-15   5.000000E-01 NotAppl  2.857518E+00  0.000000E+00  
1.839460E+01  2.501156E-02  8.450064E+01  6.228126E-03  1.000000E+00  1.240713E-03  7.242540E-30  6.196959E-10   1.041438E-18 LZ5Tmedian  2.696024E-04  4.565192E-02  
1.446022E+02  1.423953E-01  -1.236275E-01  2.097281E-07  1.000000E+00  9.991180E-03  8.135794E-25  1.057924E-20   5.000000E-01 NotAppl  3.020588E+00  0.000000E+00  
2.032252E+03  1.631514E+02  -1.630771E+02  -1.382554E+00  1.000000E+00  5.511356E-04  1.273571E-23  2.069744E-09   4.027526E-05 LZ5Tmedian  3.013742E+00  0.000000E+00  
6.459204E+03  1.806452E-03  -1.454341E-03  -4.309211E-03  1.000000E+00  1.334844E+01  5.286081E-28  1.912255E-15   5.000000E-01 NotAppl  3.869364E-05  0.000000E+00  
9.945811E+02  2.518204E-01  4.697014E+01  3.758245E-08  1.000000E+00  7.905274E-03  5.938314E-25  6.567749E-24   5.000000E-01 NotAppl  2.985206E-01  0.000000E+00  
2.642869E+01  9.841038E-01  1.780180E+01  6.918890E+00  1.000000E+00  4.997625E-03  2.047719E-25  3.688986E-04   0.000000E+00 XENON1T_2018  5.372842E+00  2.662072E-01  
7.064623E+01  9.949725E-02  -7.971180E-02  6.401263E-01  1.000000E+00  3.155075E-03  7.872776E-25  4.274709E-07   0.000000E+00 XENON1T_2018  6.987538E+00  0.000000E+00  
1.287900E+01  4.123547E-01  -3.875892E-01  9.444098E+00  1.000000E+00  5.350611E-03  8.185298E-26  2.895935E-03   0.000000E+00 XENON1T_2018  4.658576E+00  2.501751E-01  
8.547527E+02  8.224018E-04  1.573191E+02  5.506601E+00  1.000000E+00  3.792643E-04  2.143763E-23  1.921143E-07   0.000000E+00 XENON1T_2018  1.266554E+01  0.000000E+00  
2.638791E+03  8.615027E+02  -8.615015E+02  -7.363424E-04  1.000000E+00  2.466926E-05  3.112170E-22  3.448916E-16   5.000000E-01 NotAppl  5.632259E+01  0.000000E+00  
3.548790E+03  7.207493E-01  -7.201590E-01  9.905644E-02  1.000000E+00  2.881775E+00  2.594037E-27  3.414924E-12   5.000000E-01 NotAppl  3.497196E-04  0.000000E+00  
1.078249E+02  4.066067E+01  -4.060847E+01  3.587003E-09  1.000000E+00  3.517412E-03  1.632760E-24  5.647972E-24   5.000000E-01 NotAppl  8.257794E+00  0.000000E+00  
1.321598E+02  4.620801E-02  9.247174E-01  4.116975E-05  1.000000E+00  8.252248E-03  9.353212E-25  4.902339E-16   5.000000E-01 NotAppl  3.808731E+00  0.000000E+00  
2.416741E+02  1.474469E+01  -1.474454E+01  -1.251833E-09  1.000000E+00  1.367422E-02  4.589880E-25  1.315529E-25   5.000000E-01 NotAppl  9.865171E-01  0.000000E+00  
1.185430E+01  1.345894E-01  -1.304824E-01  3.245547E-05  1.000000E+00  1.823195E-03  1.709319E-34  4.027504E-14   5.000000E-01 NotAppl  1.052944E-08  1.477265E-06  
4.176780E+01  1.044976E+01  -1.017278E+01  -4.214232E-04  1.000000E+00  1.878604E-04  8.498328E-32  5.409696E-13   5.000000E-01 NotAppl  1.299972E-06  6.945219E-05  
2.229314E+01  3.095650E-03  -1.911207E-03  4.068330E-01  1.000000E+00  2.627035E-03  3.350967E-26  1.797643E-06   0.000000E+00 XENON1T_2018  1.009572E+00  2.497158E-01  
8.194077E+03  9.843017E-01  4.315475E+00  2.233585E-03  1.000000E+00  5.886251E-01  8.497398E-27  3.168539E-16   5.000000E-01 NotAppl  4.955287E-04  0.000000E+00  
2.809956E+03  1.354437E+01  -1.354415E+01  -6.073425E-06  1.000000E+00  5.571644E-02  1.105209E-25  2.064520E-20   5.000000E-01 NotAppl  1.876153E-02  0.000000E+00  
4.759307E+02  8.479200E+01  -8.479037E+01  -1.411199E-03  1.000000E+00  1.914029E-03  3.493291E-24  4.175400E-14   5.000000E-01 NotAppl  3.704125E+00  0.000000E+00  
6.592244E+01  1.882913E+00  -1.882436E+00  -5.324417E-05  1.000000E+00  8.304968E-03  3.297466E-32  3.406361E-15   5.000000E-01 NotAppl  3.146151E-07  0.000000E+00  
6.222586E+02  9.402226E+00  -9.397622E+00  6.417894E-10  1.000000E+00  6.317970E-02  1.062073E-25  4.991739E-27   5.000000E-01 NotAppl  8.516095E-02  0.000000E+00  
3.307482E+03  2.759127E-03  7.346123E-03  5.653914E-06  1.000000E+00  3.652051E+00  2.012424E-27  1.283943E-20   5.000000E-01 NotAppl  2.906330E-04  0.000000E+00  
3.018849E+01  5.630001E+02  -5.630000E+02  3.642812E-07  1.000000E+00  9.934573E-03  3.390971E-38  7.813688E-19   5.000000E-01 NotAppl  7.330160E-13  1.660265E-10  
1.027328E+03  3.610106E+00  -3.609855E+00  2.546595E-10  1.000000E+00  2.541480E-01  2.827141E-26  2.822589E-28   5.000000E-01 NotAppl  1.350892E-02  0.000000E+00  
2.986751E+02  8.904556E-03  1.536978E+02  -3.238830E-01  1.000000E+00  1.433916E-03  3.050103E-24  5.707089E-09   2.376179E-80 LZ5Tmedian  5.302337E+00  0.000000E+00  
3.993260E+02  3.679997E+02  -3.677874E+02  -7.184852E-06  1.000000E+00  2.374150E-04  2.905574E-23  1.549832E-18   5.000000E-01 NotAppl  3.703165E+01  0.000000E+00  
9.716792E+03  3.991277E-03  -2.833358E-03  -3.187679E-07  1.000000E+00  2.953068E+01  2.336569E-28  4.565500E-24   5.000000E-01 NotAppl  1.131486E-05  0.000000E+00  
4.743077E+01  3.256955E-04  4.676847E-01  5.382145E-10  1.000000E+00  8.149375E-04  2.348284E-43  6.811485E-25   5.000000E-01 NotAppl  3.138766E-18  2.688928E-16  
7.397107E+03  5.030959E+00  -5.030794E+00  3.728724E-05  1.000000E+00  3.787588E-01  1.534429E-26  1.087021E-19   5.000000E-01 NotAppl  9.736809E-04  0.000000E+00  
1.158050E+02  2.545755E+00  -2.544487E+00  -6.856601E-07  1.000000E+00  6.230866E-03  1.125715E-24  1.782707E-19   5.000000E-01 NotAppl  5.258006E+00  0.000000E+00  
3.832265E+01  2.100339E+02  -2.075748E+02  1.776906E-04  1.000000E+00  1.990925E-03  1.194447E-32  1.145732E-13   5.000000E-01 NotAppl  1.996625E-07  3.393316E-05  
2.988834E+02  1.925396E+00  -1.576331E+00  4.687670E-08  1.000000E+00  3.419427E-02  2.316146E-25  1.193802E-22   5.000000E-01 NotAppl  3.979152E-01  0.000000E+00  
6.964119E+03  5.503257E+02  -5.501258E+02  -1.445747E-08  1.000000E+00  4.607746E-05  1.650903E-22  1.847225E-26   5.000000E-01 NotAppl  1.113418E+01  0.000000E+00  
2.344913E+03  1.881510E-02  -1.109868E-02  -1.596299E-01  1.000000E+00  1.577146E+00  5.097297E-27  2.061468E-11   5.000000E-01 NotAppl  1.059360E-03  0.000000E+00  
1.019164E+02  7.852878E-03  3.537051E-01  3.350125E-08  1.000000E+00  5.823521E-03  1.227669E-24  5.529960E-22   5.000000E-01 NotAppl  6.546188E+00  0.000000E+00  
1.107771E+01  1.122695E+01  9.173424E+01  2.897939E-09  1.000000E+00  3.032196E+04  1.325507E-42  3.668128E-22   5.000000E-01 NotAppl  8.841697E-17  8.221377E-15  
4.198282E+01  3.699736E-02  -3.681842E-02  7.888236E-06  1.000000E+00  2.334736E-04  3.027054E-35  1.875681E-16   5.000000E-01 NotAppl  4.595606E-10  6.584362E-08  
6.497677E+02  1.938402E-02  -1.913238E-02  -1.708860E-07  1.000000E+00  1.636610E-01  5.093259E-26  3.239532E-22   5.000000E-01 NotAppl  3.906106E-02  0.000000E+00  
7.947046E+01  2.547007E-04  6.022943E-03  5.412335E-09  1.000000E+00  7.090856E-03  1.166611E-41  2.402846E-23   5.000000E-01 NotAppl  9.207992E-17  0.000000E+00  
2.288761E+02  8.542549E-01  -6.157103E-01  4.327308E-01  1.000000E+00  7.682296E-03  1.359825E-24  1.757333E-08   6.929577E-316 LZ5Tmedian  3.164329E+00  0.000000E+00  
9.067133E+01  2.584557E-04  8.060977E-04  4.828668E-06  1.000000E+00  5.753112E-03  7.675868E-25  1.459906E-17   5.000000E-01 NotAppl  4.723720E+00  0.000000E+00  
1.345450E+02  7.870291E+01  -7.870184E+01  -1.450402E-10  1.000000E+00  2.632048E-03  2.238953E-24  5.865407E-27   5.000000E-01 NotAppl  9.084350E+00  0.000000E+00  
6.927189E+01  1.260468E-01  -7.917238E-02  1.139319E-07  1.000000E+00  6.176382E-03  3.683410E-38  1.409580E-20   5.000000E-01 NotAppl  3.319323E-13  0.000000E+00  
3.021529E+03  2.778296E+02  -2.761212E+02  2.188479E-10  1.000000E+00  1.723473E-04  4.148319E-23  2.312372E-29   5.000000E-01 NotAppl  6.537923E+00  0.000000E+00  
4.961476E+03  1.942925E-03  -1.523664E-03  3.254324E+00  1.000000E+00  1.087733E-01  1.052473E-25  1.864402E-09   2.361630E-02 LZ5Tmedian  1.062690E-02  0.000000E+00  
5.489342E+01  1.819518E+00  -1.401365E+00  4.419342E-07  1.000000E+00  3.705731E-03  5.445768E-37  3.409623E-19   5.000000E-01 NotAppl  6.247595E-12  1.259340E-10  
1.513771E+02  2.173769E-04  5.375346E-02  -4.286004E-01  1.000000E+00  2.688945E-03  4.134899E-24  4.022374E-08   0.000000E+00 XENON1T_2018  1.642497E+01  0.000000E+00  
2.807584E+03  2.598160E+02  -2.492117E+02  -4.654334E-09  1.000000E+00  1.825149E-04  3.627992E-23  1.214545E-26   5.000000E-01 NotAppl  6.163201E+00  0.000000E+00  
1.576953E+03  5.069390E-03  1.446694E+00  1.440038E-04  1.000000E+00  7.839430E-01  9.380855E-27  3.765464E-17   5.000000E-01 NotAppl  2.891939E-03  0.000000E+00  
4.142860E+03  3.858122E+02  -3.855817E+02  1.185719E-01  1.000000E+00  9.254235E-05  8.011807E-23  3.571337E-12   5.000000E-01 NotAppl  9.153053E+00  0.000000E+00  
3.419337E+02  4.259655E-02  -4.248099E-02  6.932498E-05  1.000000E+00  4.814777E-02  1.770725E-25  1.982197E-16   5.000000E-01 NotAppl  2.643929E-01  0.000000E+00  
7.833438E+03  8.457257E+01  -8.457162E+01  2.154772E-04  1.000000E+00  1.670938E-03  4.180010E-24  3.231171E-18   5.000000E-01 NotAppl  2.502766E-01  0.000000E+00  
2.587342E+02  1.340802E+02  -1.317491E+02  3.712990E-06  1.000000E+00  9.510373E-04  5.742615E-24  1.006401E-18   5.000000E-01 NotAppl  1.155327E+01  0.000000E+00  
3.153078E+02  5.515627E+00  -5.494605E+00  -1.117510E-03  1.000000E+00  3.251804E-02  2.246783E-25  6.080639E-14   5.000000E-01 NotAppl  3.652269E-01  0.000000E+00  
2.820337E+02  4.474769E+02  -2.925215E+02  5.094075E-10  1.000000E+00  1.305248E-04  2.590425E-23  1.587656E-26   5.000000E-01 NotAppl  4.755305E+01  0.000000E+00  
2.150316E+02  4.497440E+02  -4.497439E+02  -5.042286E-06  1.000000E+00  4.435547E-04  1.452497E-23  2.711413E-18   5.000000E-01 NotAppl  3.553235E+01  0.000000E+00  
3.092365E+03  1.124899E-01  4.176258E+01  2.496033E-10  1.000000E+00  1.000079E-02  4.693075E-25  2.869388E-29   5.000000E-01 NotAppl  7.376215E-02  0.000000E+00  
1.005494E+02  4.227096E+01  1.090939E+02  1.389159E-07  1.000000E+00  1.578190E-03  1.853163E-24  9.775183E-21   5.000000E-01 NotAppl  1.002738E+01  0.000000E+00  
2.376148E+02  4.096667E+02  -4.096653E+02  7.325205E-02  1.000000E+00  3.817431E-04  1.719430E-23  4.663568E-10   8.395545E-09 LZ5Tmedian  3.786160E+01  0.000000E+00  
5.363100E+02  1.188444E+00  -9.469852E-01  -6.252878E-02  1.000000E+00  1.083134E-01  7.535404E-26  6.420948E-11   3.099726E-01 NotAppl  7.071876E-02  0.000000E+00  
2.355269E+01  5.520921E-02  1.765714E+01  -1.468141E-05  1.000000E+00  1.930238E-03  4.494556E-35  2.095721E-15   5.000000E-01 NotAppl  1.274211E-09  1.078928E-07  
2.767561E+03  1.470527E-01  -5.977400E-02  -1.404788E-06  1.000000E+00  2.575552E+00  2.886854E-27  1.139239E-21   5.000000E-01 NotAppl  4.999827E-04  0.000000E+00  
3.490793E+03  3.509392E+00  4.552514E+01  -2.356523E-05  1.000000E+00  7.606239E-03  6.491332E-25  1.998571E-19   5.000000E-01 NotAppl  9.014150E-02  0.000000E+00  
3.524744E+03  7.840261E+02  -7.840150E+02  1.107761E-05  1.000000E+00  2.658891E-05  2.881055E-22  4.330274E-20   5.000000E-01 NotAppl  3.879560E+01  0.000000E+00  
5.413025E+02  2.156226E-03  6.429953E-02  -1.009213E-07  1.000000E+00  1.154760E-01  7.283970E-26  1.641256E-22   5.000000E-01 NotAppl  6.748774E-02  0.000000E+00  
4.239698E+01  1.611740E-02  9.694649E+01  -2.882114E-08  1.000000E+00  3.381659E-04  4.173841E-40  2.454412E-21   5.000000E-01 NotAppl  6.285887E-15  8.718003E-13  
9.217613E+02  5.184658E+01  -4.981758E+01  1.180024E-01  1.000000E+00  3.951875E-03  1.627867E-24  7.562109E-11   4.448965E-01 NotAppl  8.685567E-01  0.000000E+00  
1.799271E+01  3.393224E-03  5.326335E-03  -2.610292E-10  1.000000E+00  1.897703E-03  1.262609E-44  1.137740E-24   5.000000E-01 NotAppl  4.817639E-19  9.320877E-17  
9.179247E+02  2.948651E-02  6.432971E+00  -1.094947E-10  1.000000E+00  1.711630E-01  3.699789E-26  6.566685E-29   5.000000E-01 NotAppl  1.996889E-02  0.000000E+00  
3.363288E+01  1.635622E-02  8.305970E+02  3.385168E-10  1.000000E+00  1.212509E-03  3.378970E-44  5.420379E-25   5.000000E-01 NotAppl  6.490309E-19  1.379690E-16  
2.193889E+02  2.082427E-04  4.476652E-03  -4.246435E-02  1.000000E+00  2.107961E-02  3.990483E-25  1.845601E-10   3.606977E-04 LZ5Tmedian  9.485243E-01  0.000000E+00  
3.429906E+02  2.605044E-04  2.382147E-04  1.860156E-02  1.000000E+00  4.811326E-02  1.780781E-25  1.418151E-11   5.000000E-01 NotAppl  2.651308E-01  0.000000E+00  
9.330641E+01  1.422457E-04  9.486271E-01  4.913399E-06  1.000000E+00  5.208671E-03  1.095074E-24  1.425394E-17   5.000000E-01 NotAppl  6.429988E+00  0.000000E+00  
1.508862E+02  1.464314E-04  3.281089E+00  6.562418E-05  1.000000E+00  9.687824E-03  7.700927E-25  9.492861E-16   5.000000E-01 NotAppl  2.733964E+00  0.000000E+00  
1.119662E+03  1.864488E-02  1.483668E+02  5.095644E-02  1.000000E+00  9.340733E-04  5.237319E-24  9.480728E-12   5.000000E-01 NotAppl  2.332739E+00  0.000000E+00  
4.525073E+03  6.617850E-01  -6.612166E-01  -1.408143E-10  1.000000E+00  5.045338E+00  1.334836E-27  4.209358E-30   5.000000E-01 NotAppl  1.400234E-04  0.000000E+00  
2.936587E+01  1.759379E-02  -1.733487E-02  -7.614081E-09  1.000000E+00  2.749396E-03  1.437787E-41  3.610042E-22   5.000000E-01 NotAppl  3.199407E-16  7.310267E-14  
3.389749E+03  2.211354E+02  -2.211313E+02  -1.016404E-07  1.000000E+00  2.671916E-04  2.702070E-23  3.946999E-24   5.000000E-01 NotAppl  3.786626E+00  0.000000E+00  
8.845177E+03  7.323304E-03  4.334773E-03  -1.799626E-08  1.000000E+00  2.458985E+01  2.820116E-28  1.761090E-26   5.000000E-01 NotAppl  1.501710E-05  0.000000E+00  
1.462733E+03  4.008586E+02  -4.008546E+02  5.587174E-04  1.000000E+00  1.045300E-04  7.100460E-23  6.607490E-16   5.000000E-01 NotAppl  2.353716E+01  0.000000E+00  
1.872871E+03  2.235077E-04  3.666293E+02  -4.182191E-06  1.000000E+00  1.713653E-04  2.960400E-23  2.236848E-20   5.000000E-01 NotAppl  7.779263E+00  0.000000E+00  
1.541456E+03  4.681327E-01  5.771094E+02  -2.389778E-06  1.000000E+00  8.511904E-05  6.067783E-23  1.086290E-20   5.000000E-01 NotAppl  1.946680E+01  0.000000E+00  
8.677068E+03  8.941972E+02  -8.834428E+02  -1.838612E-06  1.000000E+00  1.766898E-05  4.252170E-22  1.911262E-22   5.000000E-01 NotAppl  2.295758E+01  0.000000E+00  
4.672646E+03  1.489674E+02  -1.489559E+02  1.187090E-01  1.000000E+00  5.599304E-04  1.275663E-23  2.802520E-12   5.000000E-01 NotAppl  1.289554E+00  0.000000E+00  
5.038382E+02  5.221997E-04  -8.630804E-05  1.522101E-03  1.000000E+00  1.007518E-01  8.379629E-26  4.323088E-14   5.000000E-01 NotAppl  8.363654E-02  0.000000E+00  
7.745850E+01  1.232228E+00  2.593189E-01  -2.909363E+00  1.000000E+00  4.777637E-04  4.509307E-24  7.316541E-06   0.000000E+00 XENON1T_2018  3.702906E+01  0.000000E+00  
4.254465E+01  9.500859E-03  -9.398983E-03  -1.375125E+00  1.000000E+00  2.123905E-04  8.414585E-25  5.548011E-06   0.000000E+00 XENON1T_2018  1.266921E+01  2.499973E-01  
1.835873E+02  1.369950E+02  -1.368625E+02  7.106407E-03  1.000000E+00  1.346074E-03  4.594084E-24  7.446371E-12   5.000000E-01 NotAppl  1.326765E+01  0.000000E+00  
3.404985E+03  3.687910E-02  8.833412E+00  2.862877E-06  1.000000E+00  1.925496E-01  2.308917E-26  3.102961E-21   5.000000E-01 NotAppl  3.285365E-03  0.000000E+00  
1.921266E+01  1.475149E-01  -1.372999E-01  -2.009265E-04  1.000000E+00  3.321244E-03  7.657076E-33  5.911265E-13   5.000000E-01 NotAppl  2.715583E-07  5.487063E-05  
2.167511E+01  4.921999E+02  -4.868436E+02  1.012775E-01  1.000000E+00  6.494950E-01  2.046960E-27  1.178861E-07   0.000000E+00 XENON1T_2018  6.352344E-02  4.524180E-01  
9.671696E+01  3.146175E-01  -2.483238E-01  1.870254E-10  1.000000E+00  5.642802E-03  1.205357E-24  1.918737E-26   5.000000E-01 NotAppl  6.800150E+00  0.000000E+00  
1.156020E+02  8.718624E-04  1.327925E-02  -1.255527E-07  1.000000E+00  7.040503E-03  1.110546E-24  5.998968E-21   5.000000E-01 NotAppl  5.194630E+00  0.000000E+00  
4.861494E+01  2.737107E+01  -2.736979E+01  6.364926E-09  1.000000E+00  6.466727E-04  3.783501E-41  9.059435E-23   5.000000E-01 NotAppl  4.930040E-16  3.637959E-14  
4.135326E+03  4.293118E-01  8.906892E-02  -7.940447E-10  1.000000E+00  4.881739E+00  1.469778E-27  1.607553E-28   5.000000E-01 NotAppl  1.692021E-04  0.000000E+00  
6.419246E+03  5.185989E+00  -4.634592E+00  4.825135E-10  1.000000E+00  3.697639E-01  1.649014E-26  2.427983E-29   5.000000E-01 NotAppl  1.208232E-03  0.000000E+00  
2.101333E+01  2.207721E-02  -2.194321E-02  -8.316427E-05  1.000000E+00  2.611820E-03  1.360647E-33  8.460276E-14   5.000000E-01 NotAppl  4.368365E-08  9.304210E-06  
3.239823E+03  6.037464E-04  -4.196627E-04  -2.506913E-10  1.000000E+00  3.509397E+00  2.097148E-27  2.632652E-29   5.000000E-01 NotAppl  3.093177E-04  0.000000E+00  
1.540752E+01  1.444134E+00  -1.442569E+00  2.797382E+00  1.000000E+00  9.722576E-03  5.668220E-25  1.780715E-04   0.000000E+00 XENON1T_2018  2.586046E+01  2.506509E-01  
2.275305E+02  1.553446E+00  1.061471E+01  1.024573E-07  1.000000E+00  1.456572E-02  4.253708E-25  9.971282E-22   5.000000E-01 NotAppl  9.708113E-01  0.000000E+00  
4.691651E+03  2.400491E-01  3.512489E+01  -4.798439E-10  1.000000E+00  1.398488E-02  3.362119E-25  4.541472E-29   5.000000E-01 NotAppl  3.459332E-02  0.000000E+00  
4.201188E+03  3.151652E-02  1.403734E+01  -2.386475E-04  1.000000E+00  8.185255E-02  5.450975E-26  1.406150E-17   5.000000E-01 NotAppl  6.270863E-03  0.000000E+00  
2.470634E+03  4.122437E-01  2.522363E+02  1.970171E-07  1.000000E+00  3.203051E-04  1.552036E-23  2.823337E-23   5.000000E-01 NotAppl  3.069694E+00  0.000000E+00  
2.282780E+02  3.700023E+00  -3.624626E+00  -6.570423E-01  1.000000E+00  2.700229E-03  3.481534E-24  4.073178E-08   0.000000E+00 LZ5Tmedian  8.872302E+00  0.000000E+00  
2.197906E+02  7.461180E-01  -4.907497E-01  -1.425631E+00  1.000000E+00  4.122524E-04  3.026395E-23  2.072408E-07   0.000000E+00 XENON1T_2018  8.350366E+01  0.000000E+00  
2.038584E+02  3.106178E-04  4.494040E-01  3.101199E-03  1.000000E+00  1.808716E-02  4.648812E-25  1.144158E-12   5.000000E-01 NotAppl  1.190624E+00  0.000000E+00  
2.435576E+03  2.362751E-04  1.168598E-03  -1.655640E-05  1.000000E+00  2.026518E+00  3.705634E-27  2.052706E-19   5.000000E-01 NotAppl  7.311745E-04  0.000000E+00  
4.759913E+01  1.731856E-01  6.585029E+01  -3.868699E-01  1.000000E+00  1.281785E-03  1.237971E-25  3.494027E-07   0.000000E+00 XENON1T_2018  1.654111E+00  3.342979E-01  
1.712161E+02  2.053727E+01  -2.048523E+01  -2.097218E-04  1.000000E+00  7.135030E-03  8.246211E-25  7.482231E-15   5.000000E-01 NotAppl  2.588849E+00  0.000000E+00  
1.155163E+03  2.821870E+01  -2.821480E+01  -9.175226E-08  1.000000E+00  1.371340E-02  4.723380E-25  2.884129E-23   5.000000E-01 NotAppl  1.996614E-01  0.000000E+00  
2.287768E+01  6.630498E-01  5.663094E+01  -6.352918E-09  1.000000E+00  5.152465E-03  8.279364E-42  4.160894E-22   5.000000E-01 NotAppl  2.424252E-16  5.349412E-14  
1.725980E+03  1.999377E-04  4.160931E-03  1.839812E-08  1.000000E+00  1.048618E+00  7.359797E-27  5.112948E-25   5.000000E-01 NotAppl  2.066062E-03  0.000000E+00  
5.569530E+03  2.763276E-04  6.249527E-03  -1.457892E-03  1.000000E+00  1.001218E+01  7.107059E-28  2.958025E-16   5.000000E-01 NotAppl  6.044856E-05  0.000000E+00  
1.588752E+03  1.366505E-02  -1.303808E-02  -8.523370E-08  1.000000E+00  8.954034E-01  8.679048E-27  1.299252E-23   5.000000E-01 NotAppl  2.652345E-03  0.000000E+00  
9.046223E+03  6.819725E+02  -6.819724E+02  2.103156E-07  1.000000E+00  3.036164E-05  2.544952E-22  2.297943E-24   5.000000E-01 NotAppl  1.317393E+01  0.000000E+00  
6.311699E+02  2.676638E-04  9.969595E-05  -5.708382E-09  1.000000E+00  1.548610E-01  5.391912E-26  3.835934E-25   5.000000E-01 NotAppl  4.261219E-02  0.000000E+00  
1.122454E+02  4.266166E+02  -4.179205E+02  -1.231953E-04  1.000000E+00  8.950734E-04  3.490436E-24  6.135450E-15   5.000000E-01 NotAppl  1.708268E+01  0.000000E+00  
4.060453E+03  2.680725E+02  -2.665703E+02  -1.107473E-08  1.000000E+00  1.816551E-04  3.968635E-23  3.245504E-26   5.000000E-01 NotAppl  4.627692E+00  0.000000E+00  
2.556769E+03  1.358804E-04  5.389516E-03  -1.204141E-09  1.000000E+00  2.224624E+00  3.363604E-27  9.835617E-28   5.000000E-01 NotAppl  6.315856E-04  0.000000E+00  
5.017305E+03  3.701535E+01  -3.694877E+01  9.248975E-07  1.000000E+00  8.202672E-03  8.040913E-25  1.472059E-22   5.000000E-01 NotAppl  7.561941E-02  0.000000E+00  
1.021527E+03  9.925846E+02  -9.925618E+02  -1.270053E-06  1.000000E+00  3.568702E-05  2.125593E-22  7.102183E-21   5.000000E-01 NotAppl  1.019748E+02  0.000000E+00  
8.253855E+02  1.164308E-02  9.778093E-02  -2.225692E-09  1.000000E+00  2.578060E-01  3.180326E-26  3.370788E-26   5.000000E-01 NotAppl  1.905193E-02  0.000000E+00  
6.046803E+02  3.073859E-04  -1.192405E-07  -4.628450E-08  1.000000E+00  1.427114E-01  5.864851E-26  2.752807E-23   5.000000E-01 NotAppl  4.845346E-02  0.000000E+00  
7.413211E+02  1.523683E-03  -1.918845E-04  1.000183E-07  1.000000E+00  2.103517E-01  3.929987E-26  8.477177E-23   5.000000E-01 NotAppl  2.630057E-02  0.000000E+00  
1.095084E+02  1.438873E-04  1.087907E-02  8.474149E-10  1.000000E+00  6.523163E-03  1.173889E-24  3.053710E-25   5.000000E-01 NotAppl  5.805654E+00  0.000000E+00  
1.479111E+02  2.943331E-01  1.439134E+02  4.032489E-05  1.000000E+00  2.345810E-03  2.111393E-24  3.733746E-16   5.000000E-01 NotAppl  7.508530E+00  0.000000E+00  
5.262939E+01  1.744081E-01  1.919877E-01  5.495817E-09  1.000000E+00  2.524020E-03  5.197470E-41  5.745825E-23   5.000000E-01 NotAppl  6.253200E-16  2.322642E-14  
4.432324E+03  3.256192E-03  1.458038E-01  1.962721E+00  1.000000E+00  2.243217E-01  4.928081E-26  8.529628E-10   1.469335E-01 NotAppl  5.575127E-03  0.000000E+00  
5.339522E+02  2.352230E+02  -2.352229E+02  -2.024821E-08  1.000000E+00  3.543277E-04  1.993160E-23  6.793992E-24   5.000000E-01 NotAppl  1.873836E+01  0.000000E+00  
5.534618E+01  7.615573E-03  3.711404E-02  -2.382758E-05  1.000000E+00  3.115757E-03  1.776455E-33  9.747111E-16   5.000000E-01 NotAppl  2.020555E-08  3.767603E-07  
8.998556E+02  1.921708E+01  -1.883707E+01  7.116151E-07  1.000000E+00  2.666694E-02  2.382812E-25  2.888549E-21   5.000000E-01 NotAppl  1.303555E-01  0.000000E+00  
6.127980E+02  2.148012E-02  8.320621E+01  -2.461899E-09  1.000000E+00  2.863367E-03  1.664441E-24  7.578916E-26   5.000000E-01 NotAppl  1.374408E+00  0.000000E+00  
1.164261E+02  1.028636E+01  -8.946926E+00  1.681842E-07  1.000000E+00  4.181071E-03  1.195138E-24  1.060891E-20   5.000000E-01 NotAppl  5.558350E+00  0.000000E+00  
1.750792E+03  1.686066E+01  -1.649297E+01  4.939965E-10  1.000000E+00  3.638289E-02  1.730461E-25  3.580450E-28   5.000000E-01 NotAppl  4.769794E-02  0.000000E+00  
2.163750E+02  2.744188E+01  6.225986E+02  -4.429452E-06  1.000000E+00  3.724412E-04  8.370292E-24  2.065849E-18   5.000000E-01 NotAppl  2.000345E+01  0.000000E+00  
3.538719E+01  7.709731E+00  -8.157393E-01  -1.483415E-09  1.000000E+00  3.235839E-03  7.064984E-43  9.388140E-24   5.000000E-01 NotAppl  1.287282E-17  1.160924E-15  
3.468220E+01  3.097225E-03  1.069113E+02  5.218951E-09  1.000000E+00  8.290596E-04  8.441631E-42  1.210490E-22   5.000000E-01 NotAppl  1.571435E-16  3.236724E-14  
4.310077E+01  1.024369E-02  2.558559E-01  -2.461477E-02  1.000000E+00  1.729180E-04  3.223205E-28  1.731282E-09   3.724382E-98 LZ5Tmedian  4.760606E-03  1.810902E-01  
7.035799E+02  7.730075E-02  1.476635E-01  -1.116655E-07  1.000000E+00  1.897943E-01  4.358336E-26  1.175695E-22   5.000000E-01 NotAppl  3.078615E-02  0.000000E+00  
2.071952E+03  4.693882E+02  -4.693880E+02  -4.962947E-09  1.000000E+00  7.281191E-05  1.026496E-22  2.563971E-26   5.000000E-01 NotAppl  2.379794E+01  0.000000E+00  
1.821953E+01  1.218573E+01  3.170605E+02  -8.851786E-09  1.000000E+00  1.502052E+03  1.458162E-41  1.275966E-21   5.000000E-01 NotAppl  5.486359E-16  5.302108E-14  
1.149237E+02  5.029230E-03  1.336727E+02  7.103049E-02  1.000000E+00  2.671199E-03  2.245210E-24  1.943361E-09   8.522179E-65 LZ5Tmedian  1.045662E+01  0.000000E+00  
8.808238E+03  3.741181E-03  -3.608224E-03  -1.195811E+00  1.000000E+00  2.134604E+00  4.760199E-27  7.842112E-11   5.000000E-01 NotAppl  2.679363E-04  0.000000E+00  
3.322389E+01  2.403861E-04  2.411253E-03  -1.691589E-09  1.000000E+00  1.433918E-03  8.282149E-43  1.387515E-23   5.000000E-01 NotAppl  1.614322E-17  3.462115E-15  
7.917455E+03  8.956949E-03  4.585908E-01  2.119939E-05  1.000000E+00  1.518777E+01  4.109489E-28  3.060507E-20   5.000000E-01 NotAppl  2.453257E-05  0.000000E+00  
2.535323E+03  3.314101E-03  1.117688E-01  -3.058012E-05  1.000000E+00  2.184449E+00  3.424216E-27  6.453193E-19   5.000000E-01 NotAppl  6.485295E-04  0.000000E+00  
5.947524E+02  2.419861E+02  -2.419824E+02  4.932000E+00  1.000000E+00  1.168601E-04  6.297124E-23  3.233311E-07   0.000000E+00 XENON1T_2018  5.310443E+01  0.000000E+00  
1.609489E+02  1.354964E+02  -1.354932E+02  -1.340806E+00  1.000000E+00  7.746812E-05  9.161000E-23  3.471569E-07   0.000000E+00 XENON1T_2018  3.558199E+02  0.000000E+00  
1.146897E+01  6.502373E-03  -5.460785E-03  1.322025E-09  1.000000E+00  9.216582E-04  2.799417E-43  7.131109E-23   5.000000E-01 NotAppl  1.792581E-17  2.454176E-15  
1.529709E+01  3.015214E-03  -1.772345E-03  4.157578E-01  1.000000E+00  1.467383E-03  3.046275E-26  3.990130E-06   0.000000E+00 XENON1T_2018  1.397095E+00  2.497378E-01  
6.368380E+01  4.146055E-03  -2.962359E-03  2.740009E-03  1.000000E+00  4.868365E-03  7.536459E-28  9.680102E-12   3.315462E-01 NotAppl  7.448950E-03  0.000000E+00  
8.176996E+02  1.429896E+00  1.778290E+02  4.037678E-06  1.000000E+00  7.040403E-04  6.888975E-24  1.130741E-19   5.000000E-01 NotAppl  4.236121E+00  0.000000E+00  
1.500003E+02  4.611554E+00  -4.590902E+00  -1.192946E-08  1.000000E+00  8.643095E-03  7.903567E-25  3.175069E-23   5.000000E-01 NotAppl  2.826133E+00  0.000000E+00  
8.098544E+01  1.369006E-04  1.471616E-04  1.843053E-07  1.000000E+00  6.261639E-03  3.074847E-25  2.680865E-20   5.000000E-01 NotAppl  2.180480E+00  0.000000E+00  
9.043343E+03  5.816462E-01  1.966437E-01  -2.130838E-04  1.000000E+00  1.056741E+01  6.327744E-28  2.360358E-18   5.000000E-01 NotAppl  3.302450E-05  0.000000E+00  
9.406426E+02  2.221014E-03  3.210314E+01  -1.071174E-05  1.000000E+00  1.611701E-02  2.925139E-25  5.978638E-19   5.000000E-01 NotAppl  1.555909E-01  0.000000E+00  
9.622367E+02  3.759677E-04  6.583100E+00  -4.157033E-01  1.000000E+00  1.290451E-01  5.921799E-26  8.596558E-10   1.471205E-04 LZ5Tmedian  3.178818E-02  0.000000E+00  
1.240310E+02  1.457528E-01  4.319785E-02  6.228760E-05  1.000000E+00  7.673391E-03  1.019359E-24  1.278112E-15   5.000000E-01 NotAppl  4.429278E+00  0.000000E+00  
4.574747E+03  3.542139E+00  -3.539894E+00  -8.683100E-08  1.000000E+00  6.841680E-01  8.456819E-27  1.565417E-24   5.000000E-01 NotAppl  8.740671E-04  0.000000E+00  
1.397765E+02  4.386363E-01  -4.284862E-01  -2.635991E-10  1.000000E+00  9.332887E-03  8.587004E-25  1.791627E-26   5.000000E-01 NotAppl  3.303053E+00  0.000000E+00  
5.630117E+02  1.057290E-01  9.720563E-01  1.553871E-04  1.000000E+00  1.217577E-01  6.782994E-26  3.590248E-16   5.000000E-01 NotAppl  6.034232E-02  0.000000E+00  
2.845748E+01  3.804869E+01  -1.870485E+01  5.306484E-04  1.000000E+00  1.331031E+03  6.766895E-32  1.868563E-12   5.000000E-01 NotAppl  1.558678E-06  1.060131E-04  
4.339515E+01  1.563244E+00  5.591153E+00  -3.541342E-06  1.000000E+00  6.291815E-04  6.838542E-36  3.534239E-17   5.000000E-01 NotAppl  1.005212E-10  8.680715E-09  
5.056336E+02  7.200924E-03  1.144233E+02  5.691954E-05  1.000000E+00  1.706636E-03  2.821014E-24  6.001651E-17   5.000000E-01 NotAppl  2.835169E+00  0.000000E+00  
1.502482E+02  2.880638E+02  -2.880621E+02  3.492260E-09  1.000000E+00  1.014587E-03  5.837624E-24  2.711781E-24   5.000000E-01 NotAppl  2.127001E+01  0.000000E+00  
2.092949E+02  5.885208E+02  -5.843128E+02  3.553279E-06  1.000000E+00  2.957138E-04  1.554594E-23  1.423190E-18   5.000000E-01 NotAppl  3.913296E+01  0.000000E+00  
1.248970E+03  1.488615E-02  8.317091E+01  -8.863127E-06  1.000000E+00  2.703716E-03  1.755840E-24  2.294941E-19   5.000000E-01 NotAppl  6.987957E-01  0.000000E+00  
1.681635E+02  9.644478E-02  -9.108923E-02  1.018969E-06  1.000000E+00  1.298342E-02  6.349505E-25  1.832653E-19   5.000000E-01 NotAppl  2.017748E+00  0.000000E+00  
3.757978E+03  4.304730E-02  5.554451E+02  -1.117379E-07  1.000000E+00  7.229616E-05  7.155574E-23  3.867308E-24   5.000000E-01 NotAppl  9.221138E+00  0.000000E+00  
1.352873E+02  6.893134E-04  6.261441E-01  5.169610E-09  1.000000E+00  8.748172E-03  9.022075E-25  7.367818E-24   5.000000E-01 NotAppl  3.587391E+00  0.000000E+00  
1.573866E+01  2.779906E+00  -2.779551E+00  -2.640875E-08  1.000000E+00  7.927685E-02  1.239249E-40  1.521251E-20   5.000000E-01 NotAppl  5.500595E-15  9.371357E-13  
4.534258E+01  5.663256E+00  -5.661210E+00  -2.916837E-06  1.000000E+00  4.047979E-05  5.536055E-36  2.192684E-17   5.000000E-01 NotAppl  7.774407E-11  5.322650E-09  
6.351611E+02  1.116565E+00  9.213189E+00  2.427475E-01  1.000000E+00  4.819116E-02  1.582913E-25  6.847931E-10   2.531592E-05 LZ5Tmedian  1.267994E-01  0.000000E+00  
3.149471E+01  9.701050E+01  -9.700145E+01  -1.620435E-10  1.000000E+00  7.890618E-03  7.059426E-45  1.418977E-25   5.000000E-01 NotAppl  1.457478E-19  3.240816E-17  
8.544744E+02  7.935698E-03  5.059016E-02  1.135471E-01  1.000000E+00  2.480977E-01  3.436728E-26  8.173979E-11   3.892715E-01 NotAppl  2.003045E-02  0.000000E+00  
1.040719E+03  7.790626E+02  -3.802200E+02  -3.148633E-08  1.000000E+00  1.967021E-05  1.912714E-22  4.202350E-24   5.000000E-01 NotAppl  9.029292E+01  0.000000E+00  
1.977979E+01  9.201426E-03  1.080705E+02  5.156797E-05  1.000000E+00  1.339647E-03  5.100385E-34  3.673062E-14   5.000000E-01 NotAppl  1.750519E-08  3.603311E-06  
1.763466E+01  5.927920E-02  -5.683455E-02  -1.074042E-07  1.000000E+00  2.306075E-03  2.123400E-39  2.005240E-19   5.000000E-01 NotAppl  8.283151E-14  1.580834E-11  
6.496112E+02  1.237256E+02  -2.894578E+01  3.071663E-07  1.000000E+00  3.687557E-04  9.377565E-24  1.047201E-21   5.000000E-01 NotAppl  7.212931E+00  0.000000E+00  
1.321409E+03  2.547823E-01  -2.531752E-01  -7.872545E-01  1.000000E+00  1.113587E-01  9.806167E-26  1.613914E-09   5.552687E-06 LZ5Tmedian  3.831196E-02  0.000000E+00  
3.750192E+01  2.588420E+00  -2.586846E+00  4.134663E-08  1.000000E+00  1.567601E-04  6.159338E-40  6.482448E-21   5.000000E-01 NotAppl  1.055289E-14  1.771379E-12  
9.608197E+03  6.515051E-03  -2.912753E-03  1.637893E-05  1.000000E+00  2.888932E+01  2.389854E-28  1.233163E-20   5.000000E-01 NotAppl  1.170509E-05  0.000000E+00  
2.230548E+02  1.784362E-04  1.914401E+01  2.215217E-08  1.000000E+00  1.337924E-02  4.887507E-25  4.854846E-23   5.000000E-01 NotAppl  1.137906E+00  0.000000E+00  
6.632113E+01  5.687141E-02  1.785767E+00  1.960693E-03  1.000000E+00  4.961532E-03  3.567189E-29  4.562675E-12   5.000000E-01 NotAppl  3.362433E-04  0.000000E+00  
4.515313E+03  3.427124E-04  5.405159E-01  2.324259E-06  1.000000E+00  5.867702E+00  1.159853E-27  1.151857E-21   5.000000E-01 NotAppl  1.221989E-04  0.000000E+00  
3.556272E+03  1.318482E-01  1.528761E+02  -5.686514E-06  1.000000E+00  8.120036E-04  6.053508E-24  1.120590E-20   5.000000E-01 NotAppl  8.251154E-01  0.000000E+00  
2.236311E+03  3.146561E-03  -2.871869E-03  6.416451E-02  1.000000E+00  1.665136E+00  4.598170E-27  3.668480E-12   5.000000E-01 NotAppl  9.926079E-04  0.000000E+00  
7.973544E+01  4.353640E+02  -4.353638E+02  -5.514731E-01  1.000000E+00  5.228542E-03  1.170167E-25  2.477716E-07   0.000000E+00 XENON1T_2018  9.125670E-01  0.000000E+00  
3.994485E+02  6.408061E+02  -3.585555E+02  1.324519E-07  1.000000E+00  6.062317E-05  5.809146E-23  5.263722E-22   5.000000E-01 NotAppl  7.406995E+01  0.000000E+00  
2.536395E+01  8.629121E-01  4.653522E+00  2.394959E-10  1.000000E+00  6.040675E-03  1.254148E-44  4.802813E-25   5.000000E-01 NotAppl  3.283550E-19  6.539876E-17  
1.049490E+02  2.528624E+00  -2.528026E+00  1.108295E-06  1.000000E+00  5.519875E-03  1.231364E-24  5.699110E-19   5.000000E-01 NotAppl  6.369133E+00  0.000000E+00  
3.338147E+02  1.168659E+01  3.773831E+01  -1.630757E-02  1.000000E+00  5.058469E-03  7.843110E-25  1.152155E-11   5.000000E-01 NotAppl  1.204339E+00  0.000000E+00  
5.458065E+01  1.666487E-03  5.295423E+02  2.606774E-09  1.000000E+00  2.978416E-03  1.757250E-41  1.200213E-23   5.000000E-01 NotAppl  2.035729E-16  4.729103E-15  
1.921595E+03  1.830021E+00  -1.829675E+00  -2.820034E-09  1.000000E+00  8.810642E-01  7.917811E-27  9.651779E-27   5.000000E-01 NotAppl  1.989297E-03  0.000000E+00  
7.730576E+03  3.046815E-02  -2.993159E-02  1.190017E-03  1.000000E+00  1.888660E+01  3.696957E-28  1.012334E-16   5.000000E-01 NotAppl  2.255850E-05  0.000000E+00  
1.459362E+02  1.358215E-04  2.609488E-03  -2.476927E-02  1.000000E+00  1.046957E-02  7.595976E-25  1.448080E-10   1.251258E-04 LZ5Tmedian  2.795075E+00  0.000000E+00  
5.247882E+01  6.923430E-02  -1.371227E-02  -1.183651E-07  1.000000E+00  2.408511E-03  2.345070E-38  2.680846E-20   5.000000E-01 NotAppl  2.829834E-13  1.086792E-11  
1.902336E+03  1.025912E+02  -1.025911E+02  5.637071E-08  1.000000E+00  1.180477E-03  5.878213E-24  3.936588E-24   5.000000E-01 NotAppl  1.487705E+00  0.000000E+00  
1.777300E+03  5.395601E+01  -5.386215E+01  -2.509467E-09  1.000000E+00  4.019392E-03  1.670124E-24  8.960884E-27   5.000000E-01 NotAppl  4.532235E-01  0.000000E+00  
4.572215E+02  2.003955E-01  1.402613E+01  1.658994E-07  1.000000E+00  3.952636E-02  1.543938E-25  6.263800E-22   5.000000E-01 NotAppl  1.709961E-01  0.000000E+00  
4.017861E+03  1.421671E+00  1.988988E+00  -1.789161E-05  1.000000E+00  1.077326E+00  5.696275E-27  8.654262E-20   5.000000E-01 NotAppl  6.802802E-04  0.000000E+00  
7.453175E+01  3.326474E-02  2.656612E-01  -4.818288E-06  1.000000E+00  6.643368E-03  1.950603E-35  2.171042E-17   5.000000E-01 NotAppl  1.642951E-10  0.000000E+00  
6.008642E+01  1.425664E+01  5.186506E+01  9.099418E-10  1.000000E+00  6.202508E-01  2.109860E-41  1.202098E-24   5.000000E-01 NotAppl  2.213262E-16  3.255680E-16  
2.150726E+01  7.584853E-02  4.181316E+02  -6.770911E+00  1.000000E+00  1.675296E-03  3.025151E-25  5.352064E-04   0.000000E+00 XENON1T_2018  9.680330E+00  3.334440E-01  
3.872814E+01  1.119050E+02  -6.980615E+01  2.092132E-04  1.000000E+00  1.454334E+04  1.697882E-32  1.554682E-13   5.000000E-01 NotAppl  2.811567E-07  4.908567E-05  
6.195914E+03  1.652583E-03  -1.441681E-03  7.079029E-02  1.000000E+00  1.184112E+01  6.065319E-28  5.615972E-13   5.000000E-01 NotAppl  4.644791E-05  0.000000E+00  
1.039995E+02  5.546251E-01  -4.937275E-01  3.783975E-05  1.000000E+00  5.969496E-03  1.222216E-24  6.768362E-16   5.000000E-01 NotAppl  6.380588E+00  0.000000E+00  
4.226112E+03  8.737242E-03  1.179113E+02  -3.235634E-02  1.000000E+00  1.343966E-03  3.644666E-24  2.553946E-13   5.000000E-01 NotAppl  4.169334E-01  0.000000E+00  
7.572887E+01  2.629687E+00  -2.258626E+00  1.299595E-07  1.000000E+00  1.301613E-02  1.156739E-38  1.528842E-20   5.000000E-01 NotAppl  9.509943E-14  0.000000E+00  
6.184601E+02  4.446169E-03  7.264332E+00  -7.013006E-07  1.000000E+00  9.700761E-02  7.034069E-26  6.035462E-21   5.000000E-01 NotAppl  5.693411E-02  0.000000E+00  
1.089673E+03  1.489982E+01  -1.489669E+01  9.045031E-07  1.000000E+00  4.312795E-02  1.468422E-25  3.157372E-21   5.000000E-01 NotAppl  6.593539E-02  0.000000E+00  
2.317629E+03  7.814004E-02  4.662107E-01  -7.610109E-10  1.000000E+00  1.779762E+00  4.175183E-27  4.798245E-28   5.000000E-01 NotAppl  8.670088E-04  0.000000E+00  
1.034475E+02  1.642820E-03  2.016187E+00  5.785744E-09  1.000000E+00  5.489853E-03  1.228311E-24  1.599718E-23   5.000000E-01 NotAppl  6.446593E+00  0.000000E+00  
2.323856E+01  1.903165E+00  -1.787587E+00  -6.530432E+00  1.000000E+00  1.263810E-02  1.917696E-25  4.260222E-04   0.000000E+00 XENON1T_2018  5.658521E+00  2.519065E-01  
4.300897E+01  9.499170E-03  1.995618E+00  -3.006113E-06  1.000000E+00  2.219493E-04  4.771045E-36  2.593411E-17   5.000000E-01 NotAppl  7.078683E-11  9.041782E-09  
4.931677E+03  1.688409E-02  3.128153E+00  -2.975150E-01  1.000000E+00  1.388848E+00  2.941823E-27  1.577449E-11   5.000000E-01 NotAppl  2.898235E-04  0.000000E+00  
9.471894E+03  7.921489E-03  1.583472E+00  1.959133E-02  1.000000E+00  4.694420E+00  9.571602E-28  1.816251E-14   5.000000E-01 NotAppl  4.811209E-05  0.000000E+00  
7.581983E+03  9.113771E+02  -9.113756E+02  -1.311494E-01  1.000000E+00  1.797097E-05  4.335906E-22  1.279005E-12   5.000000E-01 NotAppl  2.683092E+01  0.000000E+00  
5.516382E+01  6.653532E+01  -6.653522E+01  -1.765842E-04  1.000000E+00  3.565181E-03  9.303665E-32  5.389434E-14   5.000000E-01 NotAppl  1.065860E-06  2.094332E-05  
3.078039E+01  7.760673E+02  -7.760655E+02  5.138279E+00  1.000000E+00  3.459798E-03  1.125387E-24  1.494641E-04   0.000000E+00 XENON1T_2018  2.381902E+01  4.999968E-01  
3.071179E+01  4.791665E+01  -4.791043E+01  7.222004E-05  1.000000E+00  9.073306E-03  1.359514E-33  2.966060E-14   5.000000E-01 NotAppl  2.884394E-08  6.491310E-06  
9.772054E+02  5.282496E+00  8.502302E+01  -8.617023E-08  1.000000E+00  2.307674E-03  2.034000E-24  3.579203E-23   5.000000E-01 NotAppl  1.041426E+00  0.000000E+00  
1.368148E+03  1.218836E-02  5.722806E-01  -3.489431E-05  1.000000E+00  6.621113E-01  1.177702E-26  2.953715E-18   5.000000E-01 NotAppl  4.196641E-03  0.000000E+00  
7.512739E+01  8.046032E-03  2.987895E-01  -2.656782E-02  1.000000E+00  6.649502E-03  5.345544E-28  6.494308E-10   5.756165E-30 LZ5Tmedian  4.466664E-03  0.000000E+00  
9.573080E+01  8.784110E+00  -7.256523E+00  -1.790135E-04  1.000000E+00  3.581339E-03  1.255530E-24  1.795184E-14   5.000000E-01 NotAppl  7.167920E+00  0.000000E+00  
3.139494E+01  2.794035E-01  4.602163E-01  1.044566E-09  1.000000E+00  2.181130E-03  2.921901E-43  5.934404E-24   5.000000E-01 NotAppl  6.053640E-18  1.342280E-15  
3.795584E+02  3.557901E-01  2.128997E+02  -1.341956E-07  1.000000E+00  7.281530E-04  6.613883E-24  5.998568E-22   5.000000E-01 NotAppl  8.915698E+00  0.000000E+00  
2.042686E+02  1.324172E-01  5.165434E+02  1.863051E-02  1.000000E+00  6.889813E-04  6.701185E-24  4.112323E-11   1.515358E-01 NotAppl  1.696968E+01  0.000000E+00  
4.760422E+01  9.934869E+02  -9.934866E+02  2.696637E-07  1.000000E+00  3.699112E-04  6.012536E-38  1.697254E-19   5.000000E-01 NotAppl  8.007522E-13  6.732722E-11  
4.583030E+02  2.462995E-04  1.226720E+00  4.617702E-05  1.000000E+00  8.220512E-02  1.012309E-25  4.829487E-17   5.000000E-01 NotAppl  1.114840E-01  0.000000E+00  
1.121782E+02  4.487963E-02  -4.134510E-02  6.204042E-03  1.000000E+00  6.648128E-03  1.181178E-24  1.557904E-11   2.993861E-01 NotAppl  5.698701E+00  0.000000E+00  
2.338318E+03  6.210570E-04  1.921125E-03  -1.096507E-05  1.000000E+00  1.874059E+00  4.019308E-27  9.782789E-20   5.000000E-01 NotAppl  8.267815E-04  0.000000E+00  
7.587925E+01  1.206239E+02  4.527976E+02  1.464994E-03  1.000000E+00  1.327896E-01  1.433959E-30  1.934898E-12   5.000000E-01 NotAppl  1.185674E-05  0.000000E+00  
5.617051E+01  2.752058E+00  -2.751577E+00  1.379294E+00  1.000000E+00  8.507350E-04  5.666631E-24  3.169090E-06   0.000000E+00 XENON1T_2018  6.317926E+01  2.820352E-01  
3.530293E+03  1.104698E-01  2.815144E+02  -1.535100E-08  1.000000E+00  2.539483E-04  1.974468E-23  8.289085E-26   5.000000E-01 NotAppl  2.711405E+00  0.000000E+00  
5.009837E+01  1.478191E-01  -1.417567E-01  3.558948E-05  1.000000E+00  1.648972E-03  1.443637E-33  2.664154E-15   5.000000E-01 NotAppl  1.828615E-08  1.081225E-06  
2.036257E+03  1.484364E-03  1.530045E+02  1.842990E-09  1.000000E+00  8.308559E-04  5.856466E-24  3.663163E-27   5.000000E-01 NotAppl  1.412394E+00  0.000000E+00  
5.968487E+02  2.904358E+01  -2.903962E+01  -2.242039E-09  1.000000E+00  1.222418E-02  5.245931E-25  6.633826E-26   5.000000E-01 NotAppl  4.391877E-01  0.000000E+00  
1.147109E+03  4.004150E-04  8.728377E+02  -1.316238E-07  1.000000E+00  5.648427E-05  9.268719E-23  6.020745E-23   5.000000E-01 NotAppl  4.027273E+01  0.000000E+00  
8.491898E+02  2.056228E+02  6.025905E+01  1.652268E-09  1.000000E+00  1.072616E-04  3.282220E-23  1.752850E-26   5.000000E-01 NotAppl  1.920890E+01  0.000000E+00  
3.302166E+03  1.342532E+00  -6.842893E-01  2.381499E-05  1.000000E+00  2.198554E+00  3.200098E-27  2.285439E-19   5.000000E-01 NotAppl  4.624595E-04  0.000000E+00  
1.708717E+03  9.115703E+02  -5.213026E+02  8.475027E-02  1.000000E+00  1.222320E-05  3.125357E-22  1.107402E-11   5.000000E-01 NotAppl  8.850453E+01  0.000000E+00  
2.182059E+02  2.395971E+01  6.890325E+02  2.250529E-02  1.000000E+00  3.558131E-04  8.845197E-24  5.241667E-11   1.040592E-01 NotAppl  2.095541E+01  0.000000E+00  
1.915045E+01  2.834089E+02  -2.828090E+02  7.230881E-03  1.000000E+00  6.354160E-02  9.904527E-30  7.705694E-10   7.526917E-25 LZ5Tmedian  3.525243E-04  6.138852E-02  
9.717628E+02  1.155117E-04  4.016175E+01  -1.865329E-03  1.000000E+00  1.068553E-02  4.386456E-25  1.696424E-14   5.000000E-01 NotAppl  2.257704E-01  0.000000E+00  
1.787978E+01  1.201117E-02  8.587832E-01  2.586339E-10  1.000000E+00  1.227121E-03  1.236928E-44  1.131113E-24   5.000000E-01 NotAppl  4.753066E-19  9.141028E-17  
1.048912E+03  7.775547E+01  -7.529769E+01  4.242836E-04  1.000000E+00  1.956640E-03  3.306417E-24  7.509483E-16   5.000000E-01 NotAppl  1.543666E+00  0.000000E+00  
2.228819E+01  5.533597E+02  -5.518552E+02  -3.836241E+00  1.000000E+00  2.667436E-03  1.257550E-24  1.599105E-04   0.000000E+00 XENON1T_2018  3.785536E+01  5.028633E-01  
1.679799E+02  3.369450E-01  1.268556E+01  1.483582E-01  1.000000E+00  6.834247E-03  1.095408E-24  3.893622E-09   2.103805E-93 LZ5Tmedian  3.495690E+00  0.000000E+00  
2.950582E+02  2.346585E-01  1.920563E+01  -6.965119E-02  1.000000E+00  1.959119E-02  3.041471E-25  2.706018E-10   1.515488E-04 LZ5Tmedian  5.316908E-01  0.000000E+00  
2.570412E+02  7.007539E+00  4.196406E+01  6.447072E-07  1.000000E+00  4.982886E-03  8.389848E-25  3.075311E-20   5.000000E-01 NotAppl  1.684051E+00  0.000000E+00  
2.639252E+02  3.038540E-02  3.159133E+00  8.367534E-07  1.000000E+00  2.723756E-02  2.928168E-25  4.907361E-20   5.000000E-01 NotAppl  5.726871E-01  0.000000E+00  
1.103363E+03  9.370486E+00  -9.368048E+00  1.669038E+00  1.000000E+00  1.206451E-02  8.574058E-25  1.048027E-08   1.566766E-41 LZ5Tmedian  3.942851E-01  0.000000E+00  
2.523137E+03  9.312374E-02  1.770047E+02  1.994327E-05  1.000000E+00  6.218179E-04  7.885282E-24  2.771721E-19   5.000000E-01 NotAppl  1.526356E+00  0.000000E+00  
3.667123E+03  4.373733E+01  7.508774E+02  -1.336411E-08  1.000000E+00  3.487898E-05  1.372637E-22  5.814497E-26   5.000000E-01 NotAppl  1.813103E+01  0.000000E+00  
2.873934E+03  3.372136E-04  5.287856E+00  1.433192E-09  1.000000E+00  4.606809E-01  1.020080E-26  1.098137E-27   5.000000E-01 NotAppl  1.720896E-03  0.000000E+00  
2.728867E+02  2.066117E-04  3.814110E+01  -2.959691E-07  1.000000E+00  9.113475E-03  6.010217E-25  5.733817E-21   5.000000E-01 NotAppl  1.134234E+00  0.000000E+00  
2.697390E+01  2.276976E+01  -1.785345E+01  6.638940E-02  1.000000E+00  2.368548E-01  1.010014E-27  3.259206E-08   0.000000E+00 XENON1T_2018  2.469948E-02  1.376285E-01  
1.203655E+01  1.886269E-01  1.966961E-01  -3.441668E-02  1.000000E+00  1.417730E-03  1.933179E-28  4.394955E-08   0.000000E+00 LZ5Tmedian  1.169757E-02  2.191534E-01  
2.112163E+02  1.511111E-04  2.369755E-03  -4.501296E-06  1.000000E+00  1.958081E-02  4.341522E-25  2.241544E-18   5.000000E-01 NotAppl  1.071455E+00  0.000000E+00  
1.111893E+03  2.102181E-03  1.897885E-03  -3.299023E-02  1.000000E+00  4.507801E-01  1.782842E-26  4.030744E-12   5.000000E-01 NotAppl  7.864743E-03  0.000000E+00  
1.846724E+02  2.574837E-01  8.860037E+01  -4.841536E-10  1.000000E+00  3.170706E-03  1.618158E-24  3.414801E-26   5.000000E-01 NotAppl  4.556093E+00  0.000000E+00  
7.324818E+03  1.068737E+00  -1.068174E+00  -3.448995E-01  1.000000E+00  6.358673E+00  7.531485E-28  9.487831E-12   5.000000E-01 NotAppl  5.055276E-05  0.000000E+00  
1.856024E+02  1.868344E+02  -1.841626E+02  3.255035E-03  1.000000E+00  7.839793E-04  6.225471E-24  1.527705E-12   5.000000E-01 NotAppl  1.777988E+01  0.000000E+00  
2.010141E+02  6.910450E-04  4.474229E-04  6.220986E-07  1.000000E+00  1.789407E-02  4.742749E-25  4.738595E-20   5.000000E-01 NotAppl  1.232610E+00  0.000000E+00  
6.038355E+03  5.220567E-02  -1.297998E-02  8.844107E-03  1.000000E+00  1.163944E+01  6.090419E-28  9.236758E-15   5.000000E-01 NotAppl  4.773391E-05  0.000000E+00  
2.402273E+03  4.618566E+01  1.934943E+02  -1.764831E-05  1.000000E+00  3.027658E-04  1.523825E-23  2.398715E-19   5.000000E-01 NotAppl  3.096425E+00  0.000000E+00  
1.141100E+03  1.293572E-01  5.616437E+02  -9.031733E-05  1.000000E+00  1.021326E-04  5.057293E-23  2.865349E-17   5.000000E-01 NotAppl  2.209277E+01  0.000000E+00  
1.200833E+01  2.714214E-01  -2.707624E-01  -4.685392E-08  1.000000E+00  3.328000E-03  3.579739E-40  8.183067E-20   5.000000E-01 NotAppl  2.172055E-14  3.076993E-12  
8.956721E+03  7.880262E-01  -7.870908E-01  1.403412E-03  1.000000E+00  9.085817E+00  6.439280E-28  1.044084E-16   5.000000E-01 NotAppl  3.374937E-05  0.000000E+00  
2.917637E+03  2.269912E-04  2.441805E+01  -9.393081E+00  1.000000E+00  5.010575E-03  2.149174E-24  4.574260E-08   1.715563E-68 LZ5Tmedian  3.788612E-01  0.000000E+00  
2.206529E+01  1.980936E+02  -1.980435E+02  1.968879E-10  1.000000E+00  3.333223E-02  7.803784E-45  4.298214E-25   5.000000E-01 NotAppl  2.376476E-19  5.182323E-17  
2.111492E+01  8.919592E-03  7.106946E+01  2.047907E-07  1.000000E+00  1.488912E-03  8.268625E-39  5.080683E-19   5.000000E-01 NotAppl  2.640623E-13  5.638568E-11  
8.685735E+01  8.658237E+00  7.899010E+00  4.469812E-08  1.000000E+00  3.905696E-03  7.658201E-25  1.366147E-21   5.000000E-01 NotAppl  4.921220E+00  0.000000E+00  
7.261233E+01  1.335269E-02  1.317504E+01  -6.483988E-06  1.000000E+00  5.596216E-03  5.122220E-35  4.146786E-17   5.000000E-01 NotAppl  4.429932E-10  0.000000E+00  
8.370534E+03  5.203304E-02  9.090697E+02  1.120428E-10  1.000000E+00  2.680677E-05  1.997408E-22  7.635375E-31   5.000000E-01 NotAppl  1.142240E+01  0.000000E+00  
8.540807E+02  3.487541E+02  -3.487539E+02  9.538553E-01  1.000000E+00  1.419428E-04  5.183377E-23  5.773710E-09   1.107199E-29 LZ5Tmedian  2.993251E+01  0.000000E+00  
1.440880E+01  4.972044E-01  4.390968E+01  1.395469E-10  1.000000E+00  3.340561E-03  3.370612E-45  5.062648E-25   5.000000E-01 NotAppl  1.655319E-19  3.898924E-18  
3.166485E+03  6.728533E-01  -6.618267E-01  -1.700592E-04  1.000000E+00  2.878710E+00  2.462025E-27  1.269267E-17   5.000000E-01 NotAppl  3.715485E-04  0.000000E+00  
6.003657E+02  7.532980E+02  -7.532900E+02  -7.168129E-08  1.000000E+00  7.895058E-05  9.266434E-23  6.699978E-23   5.000000E-01 NotAppl  7.709949E+01  0.000000E+00  
3.452248E+02  2.385884E+00  -1.509600E+00  -2.104047E-10  1.000000E+00  4.320379E-02  1.780685E-25  1.790451E-27   5.000000E-01 NotAppl  2.632649E-01  0.000000E+00  
1.004675E+01  3.379511E-03  8.015384E-02  4.417113E-07  1.000000E+00  5.892895E-04  2.933658E-38  1.031615E-17   5.000000E-01 NotAppl  2.195165E-12  2.750774E-10  
1.843716E+02  2.952430E+00  -2.945149E+00  -3.742311E-10  1.000000E+00  1.341254E-02  5.614818E-25  2.047058E-26   5.000000E-01 NotAppl  1.597845E+00  0.000000E+00  
3.309349E+01  5.138694E-01  6.376212E-01  4.534008E+00  1.000000E+00  1.348123E-03  4.434225E-25  1.004793E-04   0.000000E+00 XENON1T_2018  8.968407E+00  2.515025E-01  
6.025725E+02  4.952946E+01  -4.912272E+01  -2.057987E-05  1.000000E+00  4.747867E-03  1.361950E-24  5.481382E-18   5.000000E-01 NotAppl  1.128905E+00  0.000000E+00  
1.762403E+01  2.215295E-01  -4.029183E-02  9.533055E-02  1.000000E+00  3.054265E-03  1.672603E-27  1.581655E-07   0.000000E+00 XENON1T_2018  6.532388E-02  2.443127E-01  
1.496716E+03  1.162805E+02  -1.161570E+02  1.649051E-09  1.000000E+00  9.464643E-04  7.359282E-24  5.492640E-27   5.000000E-01 NotAppl  2.382641E+00  0.000000E+00  
2.588946E+02  1.053652E-02  9.575577E-03  1.321080E-07  1.000000E+00  2.851872E-02  2.992148E-25  1.272420E-21   5.000000E-01 NotAppl  5.971030E-01  0.000000E+00  
9.579099E+02  1.487418E-02  2.858925E+02  4.608168E-02  1.000000E+00  3.117365E-04  1.617388E-23  1.066129E-11   5.000000E-01 NotAppl  8.455783E+00  0.000000E+00  
8.380397E+03  4.988576E-04  1.625085E-02  7.535427E-10  1.000000E+00  2.213560E+01  3.141446E-28  3.445389E-29   5.000000E-01 NotAppl  1.766632E-05  0.000000E+00  
7.235346E+01  1.085341E-03  1.790690E+02  2.309760E-10  1.000000E+00  5.523663E-03  6.868537E-44  5.300650E-26   5.000000E-01 NotAppl  5.961766E-19  0.000000E+00  
1.345823E+02  1.545143E+02  -1.541369E+02  4.143107E-08  1.000000E+00  1.593770E-03  3.508299E-24  4.783301E-22   5.000000E-01 NotAppl  1.428080E+01  0.000000E+00  
9.589423E+01  9.287064E-01  -9.281680E-01  -2.548788E-01  1.000000E+00  9.285137E-03  2.752295E-25  3.626490E-08   0.000000E+00 XENON1T_2018  1.587189E+00  0.000000E+00  
4.418676E+01  4.784563E-03  -3.764691E-03  -2.586409E-09  1.000000E+00  1.027070E-04  3.908038E-42  1.817086E-23   5.000000E-01 NotAppl  5.623763E-17  6.757979E-15  
1.920421E+02  2.705389E-03  1.151697E-01  -2.765313E-09  1.000000E+00  1.642164E-02  5.142260E-25  1.028155E-24   5.000000E-01 NotAppl  1.401877E+00  0.000000E+00  
4.776439E+01  1.869681E-02  -1.457156E-02  -4.683148E-01  1.000000E+00  8.090175E-04  1.845171E-25  5.084008E-07   0.000000E+00 XENON1T_2018  2.457135E+00  2.498026E-01  
8.541753E+01  6.516112E+01  -6.516097E+01  9.107604E-04  1.000000E+00  5.398584E-03  8.446999E-25  5.869541E-13   5.000000E-01 NotAppl  5.519470E+00  0.000000E+00  
1.514914E+01  1.150635E+00  -7.359865E-01  -4.377240E-06  1.000000E+00  2.597853E-02  3.366192E-36  4.509238E-16   5.000000E-01 NotAppl  1.560760E-10  2.643601E-08  
1.837599E+03  1.943332E+02  6.400577E+02  2.189293E-03  1.000000E+00  2.609249E-05  1.364932E-22  6.371822E-15   5.000000E-01 NotAppl  3.645896E+01  0.000000E+00  
3.401457E+03  3.311400E-04  2.243593E+02  6.352591E-04  1.000000E+00  3.908041E-04  1.271174E-23  1.531047E-16   5.000000E-01 NotAppl  1.813036E+00  0.000000E+00  
1.279719E+01  8.134963E-02  5.764583E+01  2.658885E-02  1.000000E+00  8.303711E-04  1.178972E-28  2.324520E-08   9.091777E-254 LZ5Tmedian  6.640349E-03  2.486300E-01  
7.283933E+03  8.052531E+00  -8.052101E+00  4.945832E-08  1.000000E+00  1.547111E-01  3.867597E-26  1.973326E-25   5.000000E-01 NotAppl  2.492439E-03  0.000000E+00  
8.103627E+03  2.937067E-01  -2.933690E-01  4.913946E-03  1.000000E+00  1.711424E+01  3.900172E-28  1.568577E-15   5.000000E-01 NotAppl  2.267406E-05  0.000000E+00  
1.332052E+03  2.496715E-04  8.776100E-03  8.063687E-04  1.000000E+00  6.403177E-01  1.232071E-26  1.665754E-15   5.000000E-01 NotAppl  4.511874E-03  0.000000E+00  
1.270126E+03  7.213540E+02  -7.208714E+02  1.691143E-01  1.000000E+00  4.421301E-05  1.695038E-22  8.073787E-11   5.000000E-01 NotAppl  6.495308E+01  0.000000E+00  
3.807086E+01  5.464663E-01  2.463359E+02  5.507356E-05  1.000000E+00  5.686061E-05  1.130171E-33  1.115470E-14   5.000000E-01 NotAppl  1.905770E-08  3.419117E-06  
3.935399E+02  9.028069E-04  3.661694E+02  5.259237E-04  1.000000E+00  3.690752E-04  1.327133E-23  8.555898E-15   5.000000E-01 NotAppl  1.724251E+01  0.000000E+00  
1.290186E+03  1.451693E-02  7.194968E-04  2.698599E-05  1.000000E+00  6.026135E-01  1.312742E-26  1.991178E-18   5.000000E-01 NotAppl  4.965662E-03  0.000000E+00  
4.680734E+02  2.211639E+01  8.175228E+02  2.300650E-02  1.000000E+00  1.081278E-04  3.418021E-23  1.148182E-11   5.000000E-01 NotAppl  3.718490E+01  0.000000E+00  
1.161799E+03  2.416128E-02  5.228124E+01  1.658596E-04  1.000000E+00  6.513356E-03  7.201734E-25  9.315064E-17   5.000000E-01 NotAppl  3.087206E-01  0.000000E+00  
2.159761E+02  4.820578E+00  -4.165693E+00  -8.906316E-07  1.000000E+00  1.581598E-02  4.349535E-25  8.383716E-20   5.000000E-01 NotAppl  1.049277E+00  0.000000E+00  
1.419959E+02  1.418873E-03  1.782396E+02  -8.300287E-08  1.000000E+00  2.184644E-03  2.261110E-24  1.719969E-21   5.000000E-01 NotAppl  8.397213E+00  0.000000E+00  
1.756771E+02  6.350007E+01  -6.343503E+01  -1.048420E-08  1.000000E+00  3.128161E-03  1.896920E-24  1.773858E-23   5.000000E-01 NotAppl  5.862912E+00  0.000000E+00  
1.093040E+01  2.471005E-04  2.800832E-01  -2.244149E-01  1.000000E+00  5.500415E-04  7.901097E-27  2.258221E-06   0.000000E+00 XENON1T_2018  5.353212E-01  2.492902E-01  
9.094784E+03  1.480583E+02  -1.460841E+02  4.481112E-05  1.000000E+00  5.654875E-04  1.274125E-23  1.031921E-19   5.000000E-01 NotAppl  6.560051E-01  0.000000E+00  
1.322462E+02  4.431808E+00  9.094799E+01  8.847519E-04  1.000000E+00  2.362692E-03  1.671771E-24  2.261039E-13   5.000000E-01 NotAppl  6.709991E+00  0.000000E+00  
1.815169E+02  2.810095E+00  -2.797395E+00  -4.701154E-04  1.000000E+00  1.312087E-02  5.756350E-25  3.335407E-14   5.000000E-01 NotAppl  1.664910E+00  0.000000E+00  
9.524026E+02  2.768739E-02  2.496955E+01  1.282994E-03  1.000000E+00  2.537434E-02  1.880552E-25  8.362085E-15   5.000000E-01 NotAppl  9.868727E-02  0.000000E+00  
1.286763E+01  5.923669E+02  -5.921549E+02  -3.318615E-07  1.000000E+00  1.389980E-01  1.839946E-38  3.582113E-18   5.000000E-01 NotAppl  1.029741E-12  1.539856E-10  
9.474689E+02  1.441606E-01  -1.011592E-01  3.434091E-02  1.000000E+00  3.302559E-01  2.469412E-26  6.054722E-12   5.000000E-01 NotAppl  1.284371E-02  0.000000E+00  
4.774438E+01  9.193986E-04  4.001412E+00  -1.752669E-09  1.000000E+00  1.204780E-03  2.582037E-42  7.126906E-24   5.000000E-01 NotAppl  3.427684E-17  2.467209E-15  
3.263675E+01  3.133979E-03  2.741427E+01  2.812123E-06  1.000000E+00  1.516960E-03  2.230368E-36  3.975767E-17   5.000000E-01 NotAppl  4.431488E-11  2.425269E-09  
1.679463E+02  1.304905E-01  -1.303000E-01  -3.226786E-06  1.000000E+00  1.293963E-02  6.364161E-25  1.842676E-18   5.000000E-01 NotAppl  2.025092E+00  0.000000E+00  
8.702816E+02  3.799992E-02  2.044999E+01  -1.357162E+00  1.000000E+00  1.572189E-02  5.250073E-25  1.124832E-08   4.216889E-56 LZ5Tmedian  3.232443E-01  0.000000E+00  
1.640452E+02  1.510990E-01  1.660482E+02  6.579901E-01  1.000000E+00  8.820285E-04  8.357911E-24  8.040242E-08   0.000000E+00 XENON1T_2018  2.699704E+01  0.000000E+00  
4.229070E+01  5.930478E-01  -5.675323E-01  3.929281E-03  1.000000E+00  2.065763E-04  7.693047E-30  4.585317E-11   2.603699E-03 LZ5Tmedian  1.159026E-04  1.476930E-02  
2.287896E+01  4.773891E+01  1.481414E+01  1.456170E-03  1.000000E+00  2.593837E+03  4.349701E-31  2.185825E-11   1.267372E-01 NotAppl  1.273470E-05  2.812181E-03  
6.657289E+03  4.361613E+02  -3.227898E+02  -5.171445E+00  1.000000E+00  5.263997E-05  1.023399E-22  2.590111E-09   2.063834E-02 LZ5Tmedian  7.229025E+00  0.000000E+00  
6.429250E+01  7.663926E-04  8.500294E-02  -1.542130E-01  1.000000E+00  3.678055E-03  1.033188E-24  3.007353E-08   0.000000E+00 XENON1T_2018  1.004609E+01  0.000000E+00  
3.067658E+03  4.914789E+02  -4.914762E+02  1.287388E-06  1.000000E+00  6.196036E-05  1.208763E-22  7.758878E-22   5.000000E-01 NotAppl  1.875755E+01  0.000000E+00  
2.370922E+01  8.891267E+02  -8.268205E+02  -3.995177E-01  1.000000E+00  7.571418E-02  3.341148E-26  1.531343E-06   0.000000E+00 XENON1T_2018  9.404900E-01  9.952834E-01  
1.448994E+03  3.603081E-03  7.280831E-02  -7.599117E-02  1.000000E+00  7.206112E-01  1.104883E-26  1.246051E-11   5.000000E-01 NotAppl  3.725155E-03  0.000000E+00  
2.026821E+01  1.940788E-03  2.137337E+00  3.750635E+00  1.000000E+00  1.319256E-03  4.665362E-25  1.850187E-04   0.000000E+00 XENON1T_2018  1.574453E+01  2.507188E-01  
6.448105E+01  1.258477E+02  1.078331E+02  -3.041106E-04  1.000000E+00  3.336412E+01  3.276178E-30  1.162545E-13   5.000000E-01 NotAppl  3.196535E-05  0.000000E+00  
4.480268E+03  6.743513E-02  1.016589E+01  7.055514E-03  1.000000E+00  1.504082E-01  2.944367E-26  1.078371E-14   5.000000E-01 NotAppl  3.172644E-03  0.000000E+00  
4.497811E+02  8.360984E-04  4.852307E+00  8.207204E-03  1.000000E+00  6.872720E-02  1.120555E-25  1.585312E-12   5.000000E-01 NotAppl  1.259105E-01  0.000000E+00  
1.346249E+01  1.440716E+02  -1.344051E+02  6.725694E-01  1.000000E+00  3.631617E-02  7.668368E-26  1.345519E-05   0.000000E+00 XENON1T_2018  4.072388E+00  5.031820E-01  
5.690427E+02  1.375032E+00  -1.374386E+00  -1.618436E-03  1.000000E+00  1.216120E-01  6.715194E-26  3.810880E-14   5.000000E-01 NotAppl  5.907983E-02  0.000000E+00  
5.881178E+03  4.947650E-04  7.508990E+01  2.111441E-10  1.000000E+00  3.243175E-03  1.503879E-24  5.554546E-30   5.000000E-01 NotAppl  1.230391E-01  0.000000E+00  
2.523216E+03  4.797617E+01  1.545100E+02  2.567225E+00  1.000000E+00  3.484285E-04  1.418438E-23  4.592587E-09   1.371971E-08 LZ5Tmedian  2.738566E+00  0.000000E+00  
2.956926E+02  1.443973E+00  -1.415588E+00  -7.369190E-01  1.000000E+00  4.827975E-03  2.316651E-24  3.015805E-08   0.000000E+00 LZ5Tmedian  4.440534E+00  0.000000E+00  
1.555365E+01  1.990584E+01  -1.990568E+01  4.266176E-05  1.000000E+00  8.446939E-02  3.222661E-34  4.064511E-14   5.000000E-01 NotAppl  1.449368E-08  6.577325E-07  
1.757052E+03  2.722228E+01  -2.716716E+01  1.317491E-03  1.000000E+00  1.476437E-02  4.372265E-25  2.528283E-15   5.000000E-01 NotAppl  1.200576E-01  0.000000E+00  
7.163872E+01  2.081797E-04  4.459074E-03  2.928272E-10  1.000000E+00  6.302152E-03  1.295207E-43  8.694085E-26   5.000000E-01 NotAppl  1.135586E-18  0.000000E+00  
4.802076E+03  1.854031E-02  -1.756006E-02  -3.338811E-01  1.000000E+00  4.069586E+00  2.109400E-27  2.097184E-11   5.000000E-01 NotAppl  2.151892E-04  0.000000E+00  
3.261209E+01  5.455220E-01  4.968812E+00  4.865592E-08  1.000000E+00  1.732869E-03  6.669855E-40  1.192036E-20   5.000000E-01 NotAppl  1.324423E-14  2.396194E-12  
7.430416E+02  8.634554E-01  7.319157E+01  2.828035E-02  1.000000E+00  3.421627E-03  1.388879E-24  6.745363E-12   5.000000E-01 NotAppl  9.416335E-01  0.000000E+00  
1.609303E+03  1.846701E-04  4.753674E-01  3.060263E-02  1.000000E+00  8.911527E-01  8.686379E-27  1.631581E-12   5.000000E-01 NotAppl  2.622174E-03  0.000000E+00  
1.292430E+01  3.874153E-01  2.964222E-01  5.051673E+00  1.000000E+00  2.474217E-03  2.663986E-25  8.228588E-04   0.000000E+00 XENON1T_2018  1.473066E+01  2.502877E-01  
3.848581E+01  9.922600E+00  -9.922465E+00  1.825246E-09  1.000000E+00  1.288734E-03  1.273139E-42  1.198524E-23   5.000000E-01 NotAppl  2.122381E-17  1.463383E-15  
1.523526E+01  1.956277E-02  9.813709E-02  4.632195E-10  1.000000E+00  1.306797E-03  3.776078E-44  4.993204E-24   5.000000E-01 NotAppl  1.739486E-18  2.972531E-16  
8.192002E+01  4.129209E-02  1.405795E+00  -7.999933E-06  1.000000E+00  5.447012E-03  4.633134E-25  4.933724E-17   5.000000E-01 NotAppl  3.226269E+00  0.000000E+00  
3.280382E+03  1.731545E+00  -1.731431E+00  2.374838E-04  1.000000E+00  1.660172E+00  3.817292E-27  2.303493E-17   5.000000E-01 NotAppl  5.546904E-04  0.000000E+00  
2.133613E+03  7.742237E-02  2.029353E+00  8.857968E-09  1.000000E+00  1.081904E+00  6.026705E-27  7.694049E-26   5.000000E-01 NotAppl  1.366276E-03  0.000000E+00  
1.469864E+02  2.353702E-02  6.696774E+00  -2.775467E-02  1.000000E+00  8.937681E-03  7.663639E-25  1.791654E-10   1.590225E-05 LZ5Tmedian  2.797387E+00  0.000000E+00  
9.727469E+02  8.400416E-04  2.333981E-01  -1.664890E-04  1.000000E+00  3.515469E-01  2.299775E-26  1.348643E-16   5.000000E-01 NotAppl  1.163146E-02  0.000000E+00  
6.139538E+02  1.566865E+01  1.623617E+02  2.465360E+00  1.000000E+00  3.100610E-04  1.579668E-23  7.571020E-08   0.000000E+00 LZ5Tmedian  1.307977E+01  0.000000E+00  
7.250390E+03  2.367751E-02  -6.738750E-03  -3.397144E-07  1.000000E+00  1.669217E+01  4.199416E-28  9.397670E-24   5.000000E-01 NotAppl  2.734275E-05  0.000000E+00  
1.960832E+03  5.071793E-02  3.057978E+02  -5.007372E-10  1.000000E+00  2.338690E-04  2.149042E-23  2.920319E-28   5.000000E-01 NotAppl  5.387694E+00  0.000000E+00  
3.298466E+02  6.918575E-01  -4.760469E-01  -2.253497E-01  1.000000E+00  3.078400E-02  2.994917E-25  2.254648E-09   2.461058E-29 LZ5Tmedian  4.816278E-01  0.000000E+00  
9.119677E+02  3.890386E-01  -3.869320E-01  8.867220E-06  1.000000E+00  3.089570E-01  2.620451E-26  4.364235E-19   5.000000E-01 NotAppl  1.416421E-02  0.000000E+00  
7.412627E+03  1.094816E-04  1.182640E+00  -3.589160E-03  1.000000E+00  6.459321E+00  7.746458E-28  1.002892E-15   5.000000E-01 NotAppl  4.969699E-05  0.000000E+00  
2.768643E+01  1.732111E-04  1.004630E-01  5.713569E-10  1.000000E+00  2.679697E-03  7.649791E-44  2.290013E-24   5.000000E-01 NotAppl  1.817716E-18  4.180462E-16  
1.321429E+02  9.049548E+02  -9.048830E+02  9.073071E-05  1.000000E+00  1.011325E-03  5.648046E-24  2.381604E-15   5.000000E-01 NotAppl  2.348463E+01  0.000000E+00  
1.538271E+03  1.561989E-01  3.135042E+02  -3.257299E-08  1.000000E+00  2.347585E-04  2.146944E-23  2.026642E-24   5.000000E-01 NotAppl  6.902539E+00  0.000000E+00  
9.440603E+03  1.353042E-03  2.748441E+01  1.377767E-07  1.000000E+00  2.297815E-02  2.036787E-25  9.043103E-25   5.000000E-01 NotAppl  1.031223E-02  0.000000E+00  
7.617727E+02  7.063567E-04  3.869386E+01  1.278408E-05  1.000000E+00  1.129915E-02  4.190973E-25  1.310046E-18   5.000000E-01 NotAppl  2.767241E-01  0.000000E+00  
5.547582E+01  2.576899E+01  -2.557444E+01  2.096817E-08  1.000000E+00  3.843008E-03  1.423595E-39  7.512160E-22   5.000000E-01 NotAppl  1.621456E-14  2.892351E-13  
2.951488E+01  6.935714E+02  -6.935662E+02  -1.563640E-10  1.000000E+00  1.111175E-02  6.095585E-45  1.506956E-25   5.000000E-01 NotAppl  1.350451E-19  3.079454E-17  
8.746392E+01  5.191413E+02  -5.191412E+02  1.464246E-03  1.000000E+00  4.089511E-03  1.125194E-24  1.445283E-12   5.000000E-01 NotAppl  7.177975E+00  0.000000E+00  
4.562470E+02  1.434439E-01  -1.428769E-01  -1.482967E-09  1.000000E+00  8.317375E-02  1.016254E-25  5.026973E-26   5.000000E-01 NotAppl  1.124368E-01  0.000000E+00  
1.019301E+02  2.039822E-01  -1.964560E-01  -2.230373E+00  1.000000E+00  1.813599E-04  6.565820E-23  2.450391E-06   0.000000E+00 XENON1T_2018  3.530080E+02  0.000000E+00  
4.574946E+02  1.523138E+01  -1.523110E+01  -1.331147E-04  1.000000E+00  2.792279E-02  2.303287E-25  4.027820E-16   5.000000E-01 NotAppl  2.543537E-01  0.000000E+00  
3.792104E+02  1.578069E+00  -1.557729E+00  5.317351E-06  1.000000E+00  5.576608E-02  1.469548E-25  9.435756E-19   5.000000E-01 NotAppl  1.970906E-01  0.000000E+00  
4.192162E+02  1.174509E-03  6.935191E-02  -1.328313E-02  1.000000E+00  7.094428E-02  1.195458E-25  4.795720E-12   5.000000E-01 NotAppl  1.444290E-01  0.000000E+00  
1.877883E+02  5.002905E-04  7.667086E+00  -1.096876E-01  1.000000E+00  1.292912E-02  5.457839E-25  1.693642E-09   3.526589E-37 LZ5Tmedian  1.546724E+00  0.000000E+00  
1.116050E+02  8.385490E+02  -8.385408E+02  -1.486915E-05  1.000000E+00  1.557334E-03  3.583925E-24  9.043249E-17   5.000000E-01 NotAppl  1.765858E+01  0.000000E+00  
1.373285E+02  3.555611E+01  3.635121E+02  -9.271352E-01  1.000000E+00  6.661253E-05  5.145390E-23  2.298140E-07   0.000000E+00 XENON1T_2018  2.347934E+02  0.000000E+00  
4.480278E+03  2.544401E-03  3.350710E+00  1.195232E-04  1.000000E+00  1.109899E+00  4.132750E-27  3.094661E-18   5.000000E-01 NotAppl  4.436789E-04  0.000000E+00  
4.071263E+01  2.017378E-01  -2.005748E-01  -1.415651E-05  1.000000E+00  1.277063E-04  8.875095E-35  6.430596E-16   5.000000E-01 NotAppl  1.394511E-09  2.170622E-07  
5.565571E+02  3.286415E-04  2.226760E+00  2.866800E-01  1.000000E+00  6.489259E-02  1.487484E-25  1.251203E-09   2.757830E-10 LZ5Tmedian  1.378912E-01  0.000000E+00  
1.198841E+02  7.818100E-02  5.217962E+02  2.199880E-01  1.000000E+00  1.440023E-03  4.298335E-24  1.709384E-08   0.000000E+00 LZ5Tmedian  1.915150E+01  0.000000E+00  
2.210316E+03  7.020436E-02  7.383779E+01  3.152207E-01  1.000000E+00  3.239815E-03  1.516785E-24  9.067119E-11   5.000000E-01 NotAppl  3.362984E-01  0.000000E+00  
8.429017E+01  1.083124E-01  3.831606E+00  -7.753109E-10  1.000000E+00  4.999627E-03  6.439307E-25  4.370908E-25   5.000000E-01 NotAppl  4.285671E+00  0.000000E+00  
4.873110E+02  8.862812E-04  8.481047E-03  -7.817189E-10  1.000000E+00  9.455595E-02  8.939214E-26  1.220766E-26   5.000000E-01 NotAppl  9.236589E-02  0.000000E+00  
3.180278E+03  7.698082E-02  6.696266E-01  2.504936E+00  1.000000E+00  7.264964E-02  1.581781E-25  2.729631E-09   1.945277E-04 LZ5Tmedian  2.506990E-02  0.000000E+00  
1.160654E+01  9.495911E-01  -9.494549E-01  -1.338439E-04  1.000000E+00  3.606578E-02  2.883178E-33  7.140002E-13   5.000000E-01 NotAppl  1.820565E-07  2.511342E-05  
4.332895E+03  1.037102E-04  6.192209E+02  4.531210E-10  1.000000E+00  5.824125E-05  8.938383E-23  4.760807E-29   5.000000E-01 NotAppl  9.969538E+00  0.000000E+00  
2.875531E+03  2.189988E+00  -2.006354E+00  2.616285E-03  1.000000E+00  1.167812E+00  5.535108E-27  3.655331E-15   5.000000E-01 NotAppl  9.198100E-04  0.000000E+00  
9.758186E+01  5.832387E+02  -5.832381E+02  2.509769E-08  1.000000E+00  2.280253E-03  2.348176E-24  3.392788E-22   5.000000E-01 NotAppl  1.322492E+01  0.000000E+00  
3.682695E+01  6.953920E-01  -6.655649E-01  -2.177007E-02  1.000000E+00  1.813528E-04  1.643147E-28  1.864673E-09   2.986336E-105 LZ5Tmedian  2.869812E-03  1.820594E-01  
2.014220E+02  1.354424E-02  -1.198722E-02  1.585303E-07  1.000000E+00  1.795875E-02  4.725896E-25  3.064445E-21   5.000000E-01 NotAppl  1.225629E+00  0.000000E+00  
2.223404E+01  1.166761E-04  1.032693E+02  -1.495066E-03  1.000000E+00  1.571861E-03  4.517171E-31  2.440688E-11   1.082884E-01 NotAppl  1.363357E-05  2.957591E-03  
1.771360E+02  1.248332E-04  3.815051E+00  -2.375405E-01  1.000000E+00  8.599647E-03  9.361615E-25  8.952857E-09   6.733277E-204 LZ5Tmedian  2.993920E+00  0.000000E+00  
1.388269E+03  2.764207E-03  1.999202E-01  3.183128E-01  1.000000E+00  3.794815E-01  2.467516E-26  2.385809E-10   1.820606E-01 NotAppl  8.938519E-03  0.000000E+00  
2.755585E+01  3.728965E-01  6.465760E+01  -2.895093E-05  1.000000E+00  3.204351E-03  1.955916E-34  5.936080E-15   5.000000E-01 NotAppl  4.667007E-09  1.073353E-06  
1.398883E+01  1.268360E-01  -1.266281E-01  -1.123876E+00  1.000000E+00  2.091814E-03  2.088454E-25  3.482232E-05   0.000000E+00 XENON1T_2018  1.061131E+01  2.500517E-01  
2.571438E+03  7.205831E+01  -7.205493E+01  -1.182893E-01  1.000000E+00  2.322751E-03  2.925344E-24  9.381632E-12   5.000000E-01 NotAppl  5.436298E-01  0.000000E+00  
3.368775E+02  4.224223E-04  6.929019E+01  2.927562E-08  1.000000E+00  4.118335E-03  1.189026E-24  3.644386E-23   5.000000E-01 NotAppl  1.808985E+00  0.000000E+00  
2.883180E+02  3.095917E+01  -3.095453E+01  7.558037E-09  1.000000E+00  8.552610E-03  7.227831E-25  3.340747E-24   5.000000E-01 NotAppl  1.294842E+00  0.000000E+00  
1.866325E+01  9.704816E+01  -9.700482E+01  -2.471338E-10  1.000000E+00  5.358728E-02  1.146153E-44  9.478039E-25   5.000000E-01 NotAppl  4.196167E-19  8.329005E-17  
5.269832E+01  9.253144E+00  -8.589957E+00  -4.024866E+00  1.000000E+00  9.280243E-04  3.682571E-24  3.073489E-05   0.000000E+00 XENON1T_2018  4.734508E+01  4.081205E-01  
1.340875E+01  6.878066E-04  7.038779E-02  5.485615E-05  1.000000E+00  9.953461E-04  5.094973E-34  9.022032E-14   5.000000E-01 NotAppl  2.718250E-08  4.198254E-06  
9.189057E+01  1.733072E+02  -1.732748E+02  -3.271677E-01  1.000000E+00  2.660407E-02  3.393463E-26  6.521112E-08   0.000000E+00 XENON1T_2018  2.138632E-01  0.000000E+00  
3.549106E+01  2.184739E-04  4.792923E+02  -3.842376E-06  1.000000E+00  5.462351E-04  4.765335E-36  6.261381E-17   5.000000E-01 NotAppl  8.641336E-11  1.735927E-08  
3.433982E+01  3.393537E-01  -3.367935E-01  1.260533E-03  1.000000E+00  9.763792E-04  4.843503E-31  7.205217E-12   4.001026E-01 NotAppl  9.112336E-06  1.870436E-03  
1.305672E+02  3.535282E-01  -3.325415E-02  -5.836424E-10  1.000000E+00  8.156541E-03  9.507303E-25  1.010031E-25   5.000000E-01 NotAppl  3.920130E+00  0.000000E+00  
4.069394E+02  8.408673E+02  -8.124333E+02  -4.604698E-10  1.000000E+00  6.323948E-05  5.941339E-23  6.124453E-27   5.000000E-01 NotAppl  7.423863E+01  0.000000E+00  
1.696539E+03  7.489362E-04  1.068685E-03  2.191140E-08  1.000000E+00  1.014767E+00  7.616192E-27  7.510961E-25   5.000000E-01 NotAppl  2.176069E-03  0.000000E+00  
1.273592E+03  2.002941E-01  -1.997591E-01  -1.321135E-10  1.000000E+00  5.857944E-01  1.349361E-26  4.900002E-29   5.000000E-01 NotAppl  5.172491E-03  0.000000E+00  
8.073846E+03  5.073023E-03  -4.812188E-03  -7.499120E-08  1.000000E+00  2.059564E+01  3.383739E-28  3.680554E-25   5.000000E-01 NotAppl  1.976002E-05  0.000000E+00  
2.684034E+02  5.175876E-04  2.291895E+01  -5.063488E-05  1.000000E+00  1.490389E-02  4.104003E-25  1.736144E-16   5.000000E-01 NotAppl  7.881987E-01  0.000000E+00  
1.712952E+02  2.216735E-04  -7.082933E-05  -6.003309E-02  1.000000E+00  1.368731E-02  5.846247E-25  6.125113E-10   4.720734E-15 LZ5Tmedian  1.830635E+00  0.000000E+00  
1.929573E+01  1.379845E-01  3.229419E+01  6.935151E-05  1.000000E+00  1.761486E-03  9.137007E-34  6.981699E-14   5.000000E-01 NotAppl  3.224958E-08  1.097169E-06  
3.489152E+03  2.100048E+00  1.803688E+00  2.808126E-02  1.000000E+00  7.356474E-01  9.078775E-27  2.840698E-13   5.000000E-01 NotAppl  1.249399E-03  0.000000E+00  
4.037773E+03  1.271318E+01  -1.270842E+01  -4.825846E-02  1.000000E+00  6.441153E-02  9.389188E-26  6.233196E-13   5.000000E-01 NotAppl  1.101154E-02  0.000000E+00  
5.650669E+01  3.913086E+02  -3.913084E+02  -3.288933E-01  1.000000E+00  2.137996E-03  4.730224E-25  1.780104E-07   0.000000E+00 XENON1T_2018  5.266121E+00  4.962474E-01  
7.641342E+01  3.199665E+01  5.572426E+02  1.266925E-05  1.000000E+00  1.137876E-01  9.854151E-35  1.426475E-16   5.000000E-01 NotAppl  8.091056E-10  0.000000E+00  
2.866240E+02  1.993759E-01  1.922928E-01  -1.650478E-06  1.000000E+00  3.382328E-02  2.476845E-25  1.612448E-19   5.000000E-01 NotAppl  4.444666E-01  0.000000E+00  
8.588729E+01  1.757927E+00  6.488647E+01  1.939648E-05  1.000000E+00  4.666488E-03  7.095802E-25  2.632454E-16   5.000000E-01 NotAppl  4.612019E+00  0.000000E+00  
1.227196E+02  4.199105E+02  -4.199100E+02  5.132676E+00  1.000000E+00  2.274512E-06  3.505645E-22  8.869854E-06   0.000000E+00 XENON1T_2018  1.554274E+03  0.000000E+00  
3.968294E+03  1.634095E+02  -1.550933E+02  2.911386E-01  1.000000E+00  4.449785E-04  1.535427E-23  2.350159E-11   5.000000E-01 NotAppl  1.832760E+00  0.000000E+00  
2.997697E+02  3.135031E-02  4.119058E+01  2.161000E-03  1.000000E+00  8.591657E-03  6.160110E-25  2.521706E-13   5.000000E-01 NotAppl  1.055491E+00  0.000000E+00  
1.004718E+03  5.466941E+01  -5.452061E+01  4.763463E-01  1.000000E+00  3.187694E-03  2.166607E-24  1.033481E-09   3.849559E-05 LZ5Tmedian  1.059115E+00  0.000000E+00  
5.640924E+03  6.952226E-04  2.803578E-02  8.858533E-04  1.000000E+00  1.025638E+01  6.931033E-28  1.064219E-16   5.000000E-01 NotAppl  5.819465E-05  0.000000E+00  
1.598955E+03  1.555620E+01  -1.555157E+01  -1.750721E-01  1.000000E+00  4.655743E-02  1.233173E-25  5.410490E-11   5.000000E-01 NotAppl  3.736974E-02  0.000000E+00  
1.432608E+03  3.212529E+02  -2.892490E+02  2.709651E+00  1.000000E+00  8.473270E-05  5.899618E-23  1.621470E-08   1.846076E-49 LZ5Tmedian  2.000221E+01  0.000000E+00  
1.907111E+03  6.046676E+00  6.514088E+01  4.772854E-02  1.000000E+00  3.612821E-03  1.360669E-24  2.807701E-12   5.000000E-01 NotAppl  3.508060E-01  0.000000E+00  
1.228263E+03  4.860073E+02  -4.860063E+02  -1.930849E-05  1.000000E+00  8.169533E-05  9.149759E-23  1.126956E-18   5.000000E-01 NotAppl  3.630246E+01  0.000000E+00  
2.736011E+03  1.450700E-03  1.117927E-02  -6.385490E-02  1.000000E+00  2.457999E+00  3.067173E-27  2.409459E-12   5.000000E-01 NotAppl  5.388265E-04  0.000000E+00  
3.467644E+01  1.901242E-03  2.788858E+02  5.549008E-04  1.000000E+00  8.312134E-04  9.540441E-32  1.368900E-12   5.000000E-01 NotAppl  1.776298E-06  3.655272E-04  
4.540063E+02  7.256306E-03  2.319998E-02  1.433318E-01  1.000000E+00  6.913645E-02  1.316144E-25  4.743544E-10   3.795865E-05 LZ5Tmedian  1.483010E-01  0.000000E+00  
3.848667E+01  3.660085E-01  2.119210E+01  -3.849195E-07  1.000000E+00  4.523646E-05  5.662389E-38  5.329962E-19   5.000000E-01 NotAppl  9.439301E-13  5.410109E-11  
1.352612E+03  1.555267E+01  -1.555255E+01  -1.783380E-08  1.000000E+00  4.126221E-02  1.525582E-25  7.897028E-25   5.000000E-01 NotAppl  5.482918E-02  0.000000E+00  
2.477360E+03  5.013657E-03  -3.697667E-03  -1.432780E-02  1.000000E+00  2.090839E+00  3.589277E-27  1.484941E-13   5.000000E-01 NotAppl  6.961144E-04  0.000000E+00  
8.341562E+02  1.957417E+01  2.052659E+02  1.726371E-10  1.000000E+00  4.046007E-04  1.047137E-23  1.984697E-28   5.000000E-01 NotAppl  6.306548E+00  0.000000E+00  
1.329377E+03  6.988652E-04  1.992303E-03  -1.479630E-03  1.000000E+00  6.379003E-01  1.236940E-26  5.631587E-15   5.000000E-01 NotAppl  4.539060E-03  0.000000E+00  
2.832457E+03  1.849635E-03  2.651779E+02  -4.842912E+00  1.000000E+00  3.129311E-04  1.455793E-23  1.291557E-08   1.963257E-20 LZ5Tmedian  2.508859E+00  0.000000E+00  
1.778813E+03  3.724905E-02  1.934812E-01  -6.878539E-07  1.000000E+00  1.105983E+00  6.946655E-27  6.720896E-22   5.000000E-01 NotAppl  1.890832E-03  0.000000E+00  
2.625177E+03  3.602897E-03  -3.172521E-03  -2.864863E-02  1.000000E+00  2.326191E+00  3.218761E-27  5.276001E-13   5.000000E-01 NotAppl  5.886323E-04  0.000000E+00  
7.684662E+01  1.966952E+00  -1.966831E+00  -1.339041E-04  1.000000E+00  1.202464E-02  1.030212E-32  1.575196E-14   5.000000E-01 NotAppl  8.412337E-08  0.000000E+00  
1.817746E+03  4.662522E-04  1.504162E-02  -2.497281E-10  1.000000E+00  1.157560E+00  6.638674E-27  8.476285E-29   5.000000E-01 NotAppl  1.767320E-03  0.000000E+00  
1.008047E+02  3.795742E-02  -3.670622E-02  -9.298702E+00  1.000000E+00  1.048704E-05  1.367543E-21  4.357204E-05   0.000000E+00 XENON1T_2018  7.434237E+03  0.000000E+00  
2.665505E+03  3.112510E-02  -2.935910E-02  -6.485324E-05  1.000000E+00  2.409418E+00  3.096035E-27  2.621076E-18   5.000000E-01 NotAppl  5.571566E-04  0.000000E+00  
2.808955E+01  2.157726E-01  1.858289E+02  -7.430240E+00  1.000000E+00  2.423166E-03  2.850667E-25  3.761251E-04   0.000000E+00 XENON1T_2018  6.991006E+00  3.337908E-01  
5.414629E+01  1.133477E-01  -1.103653E-01  -5.877888E-08  1.000000E+00  2.906441E-03  8.088328E-39  6.202548E-21   5.000000E-01 NotAppl  9.448005E-14  2.464309E-12  
8.678374E+03  2.582058E+00  1.111873E+02  -8.693721E-10  1.000000E+00  1.473519E-03  3.453736E-24  4.271877E-29   5.000000E-01 NotAppl  1.904261E-01  0.000000E+00  
1.846645E+02  1.623858E+01  -1.623674E+01  2.847572E-06  1.000000E+00  8.803473E-03  6.949972E-25  1.181373E-18   5.000000E-01 NotAppl  1.979080E+00  0.000000E+00  
4.478154E+01  3.068331E-04  2.593925E+01  -4.916003E-04  1.000000E+00  1.903672E-04  1.490731E-31  6.388289E-13   5.000000E-01 NotAppl  2.120735E-06  2.406422E-04  
2.049545E+03  1.891082E-03  5.641674E+02  -9.883684E-01  1.000000E+00  8.143110E-05  6.261930E-23  1.039663E-09   6.469577E-03 LZ5Tmedian  1.500241E+01  0.000000E+00  
3.009771E+02  4.869266E-04  4.898961E-02  -1.022922E-02  1.000000E+00  3.788893E-02  2.247659E-25  5.603966E-12   5.000000E-01 NotAppl  3.833520E-01  0.000000E+00  
1.316926E+02  2.698913E+00  -2.697495E+00  4.457542E+00  1.000000E+00  7.881867E-07  1.387440E-20  5.788827E-06   0.000000E+00 XENON1T_2018  6.614160E+04  0.000000E+00  
1.773285E+02  8.774636E-01  6.665927E-01  -1.257628E-04  1.000000E+00  1.254490E-02  5.843294E-25  2.503940E-15   5.000000E-01 NotAppl  1.758559E+00  0.000000E+00  
1.125352E+03  8.408851E+00  -8.396489E+00  6.676880E-06  1.000000E+00  1.096691E-01  5.844521E-26  1.611012E-19   5.000000E-01 NotAppl  2.539766E-02  0.000000E+00  
1.292597E+03  3.731366E-04  3.602764E-01  1.024198E-05  1.000000E+00  6.006115E-01  1.311511E-26  2.857247E-19   5.000000E-01 NotAppl  4.951744E-03  0.000000E+00  
2.235889E+01  5.427218E-03  2.912918E+00  -1.450106E-08  1.000000E+00  1.620364E-03  4.261748E-41  2.270368E-21   5.000000E-01 NotAppl  1.278445E-15  2.724954E-13  
4.360306E+02  1.039214E+00  -1.027655E+00  3.850434E+00  1.000000E+00  8.082894E-04  1.622499E-23  3.718171E-07   0.000000E+00 XENON1T_2018  1.921511E+01  0.000000E+00  
1.171123E+01  1.355967E-02  1.456795E+00  5.927970E-01  1.000000E+00  5.608028E-04  5.660792E-26  1.376088E-05   0.000000E+00 XENON1T_2018  3.537637E+00  2.499151E-01  
4.901589E+02  1.680638E+00  -1.535309E+00  5.438727E-01  1.000000E+00  2.448609E-02  4.340047E-25  5.839156E-09   3.121451E-51 LZ5Tmedian  4.642994E-01  0.000000E+00  
1.044257E+01  8.300838E+01  -8.168997E+01  -6.497760E-03  1.000000E+00  9.445377E-01  6.480504E-30  2.070136E-09   1.801945E-10 LZ5Tmedian  4.633485E-04  5.398249E-02  
1.206507E+01  1.155348E-04  3.496432E+01  -2.229642E-05  1.000000E+00  5.488777E-04  8.120610E-35  1.835959E-14   5.000000E-01 NotAppl  4.900196E-09  1.229276E-07  
5.524695E+01  3.653471E+00  1.008694E+01  1.149851E-02  1.000000E+00  8.636031E-03  4.030547E-28  2.278181E-10   9.091787E-13 LZ5Tmedian  4.593631E-03  5.133467E-02  
6.186892E+03  1.053729E-01  -9.137049E-02  9.899679E-07  1.000000E+00  1.209990E+01  5.826540E-28  1.101554E-22   5.000000E-01 NotAppl  4.455156E-05  0.000000E+00  
6.408536E+01  5.450141E-03  4.725158E+00  -6.163346E-06  1.000000E+00  4.439978E-03  2.113867E-33  4.835447E-17   5.000000E-01 NotAppl  2.064436E-08  0.000000E+00  
4.665239E+02  9.862315E-02  -9.843542E-02  3.054293E-04  1.000000E+00  8.687727E-02  9.732078E-26  2.037402E-15   5.000000E-01 NotAppl  1.052130E-01  0.000000E+00  
5.920613E+03  1.259721E-04  1.110173E-01  -3.266566E-07  1.000000E+00  1.116348E+01  6.323133E-28  1.311520E-23   5.000000E-01 NotAppl  5.055914E-05  0.000000E+00  
2.729809E+01  6.013745E-01  -5.814700E-01  6.719002E-10  1.000000E+00  5.667529E-03  1.044975E-43  3.258637E-24   5.000000E-01 NotAppl  2.519429E-18  5.782116E-16  
2.778914E+03  1.964813E-03  1.227730E+01  -5.899329E-10  1.000000E+00  1.034256E-01  4.337432E-26  1.992411E-28   5.000000E-01 NotAppl  7.597462E-03  0.000000E+00  
2.395690E+02  2.258451E-01  1.001716E-01  -5.589496E-03  1.000000E+00  2.419915E-02  3.442172E-25  2.670156E-12   5.000000E-01 NotAppl  7.448913E-01  0.000000E+00  
3.939028E+03  1.767309E-04  4.640383E+02  7.862417E-01  1.000000E+00  9.892974E-05  5.223066E-23  1.739999E-10   5.000000E-01 NotAppl  6.417288E+00  0.000000E+00  
1.456828E+02  4.215643E-04  1.912862E-02  1.176364E-09  1.000000E+00  1.016711E-02  8.036069E-25  3.277909E-25   5.000000E-01 NotAppl  2.960433E+00  0.000000E+00  
5.630330E+03  2.864270E-02  -2.803801E-02  3.167638E-01  1.000000E+00  5.664745E+00  1.494487E-27  1.365960E-11   5.000000E-01 NotAppl  1.293857E-04  0.000000E+00  
1.964849E+02  3.029965E-01  -2.361517E-01  -6.044986E-06  1.000000E+00  1.691158E-02  4.943765E-25  4.688182E-18   5.000000E-01 NotAppl  1.315885E+00  0.000000E+00  
2.731315E+02  1.044952E+00  1.122889E+00  2.241804E-09  1.000000E+00  2.790688E-02  2.741295E-25  3.283587E-25   5.000000E-01 NotAppl  5.173261E-01  0.000000E+00  
1.170891E+03  4.564341E+00  -2.930228E+00  5.654550E-06  1.000000E+00  2.449720E-01  2.885305E-26  1.065598E-19   5.000000E-01 NotAppl  1.205201E-02  0.000000E+00  
8.291098E+01  2.487058E-04  1.866326E-01  3.051524E-04  1.000000E+00  5.800517E-03  5.616616E-25  7.003830E-14   5.000000E-01 NotAppl  3.837307E+00  0.000000E+00  
1.261501E+02  3.346580E+00  2.294660E+00  6.393885E-10  1.000000E+00  4.685854E-03  1.040085E-24  1.300804E-25   5.000000E-01 NotAppl  4.438685E+00  0.000000E+00  
2.129459E+03  1.895837E+00  -1.802560E+00  -3.925884E+00  1.000000E+00  1.502105E-02  7.956957E-25  1.517351E-08   1.751496E-31 LZ5Tmedian  1.925374E-01  0.000000E+00  
7.309197E+01  1.705788E-02  1.500643E-01  7.280451E-10  1.000000E+00  6.445649E-03  5.850636E-43  5.158266E-25   5.000000E-01 NotAppl  4.988642E-18  0.000000E+00  
4.845262E+03  1.557033E-03  3.694533E+00  -1.372710E-06  1.000000E+00  9.650815E-01  4.625146E-27  3.481004E-22   5.000000E-01 NotAppl  4.591199E-04  0.000000E+00  
2.118111E+03  2.681056E-03  -2.484999E-03  -2.237928E-06  1.000000E+00  1.550408E+00  4.895234E-27  4.984607E-21   5.000000E-01 NotAppl  1.114198E-03  0.000000E+00  
2.638854E+02  6.080282E+00  -5.934478E+00  -2.300658E+00  1.000000E+00  1.621982E-04  5.886642E-23  3.711001E-07   0.000000E+00 XENON1T_2018  1.346495E+02  0.000000E+00  
1.331699E+01  1.435290E-02  1.299380E+00  -1.062783E-10  1.000000E+00  7.058489E-04  1.908245E-45  3.432766E-25   5.000000E-01 NotAppl  1.026215E-19  1.572968E-17  
9.656694E+02  2.980462E-01  1.672694E+00  1.677613E-06  1.000000E+00  3.166728E-01  2.443405E-26  1.389901E-20   5.000000E-01 NotAppl  1.246048E-02  0.000000E+00  
5.367983E+02  4.137477E-02  8.283263E+00  -5.235129E-10  1.000000E+00  7.345533E-02  9.267847E-26  4.492476E-27   5.000000E-01 NotAppl  8.682476E-02  0.000000E+00  
2.207304E+03  3.349658E+02  -3.349613E+02  8.193940E-06  1.000000E+00  1.298446E-04  5.659385E-23  6.143728E-20   5.000000E-01 NotAppl  1.229667E+01  0.000000E+00  
6.846782E+02  2.910501E-03  3.586920E+00  -2.817545E-04  1.000000E+00  1.542737E-01  4.947634E-26  7.913426E-16   5.000000E-01 NotAppl  3.598491E-02  0.000000E+00  
1.375613E+01  7.795077E-04  6.954186E-03  -5.679636E-10  1.000000E+00  1.181073E-03  5.505542E-44  9.193913E-24   5.000000E-01 NotAppl  2.852246E-18  4.494934E-16  
4.317858E+01  5.986984E-01  -5.553512E-01  7.214622E-08  1.000000E+00  1.276600E-04  2.787048E-39  1.481867E-20   5.000000E-01 NotAppl  4.108578E-14  5.341144E-12  
1.371951E+02  1.706342E-01  1.946960E+01  1.055485E-04  1.000000E+00  6.543339E-03  9.913316E-25  2.984419E-15   5.000000E-01 NotAppl  3.873157E+00  0.000000E+00  
2.634390E+01  9.652629E-01  2.807702E+02  -4.666539E-04  1.000000E+00  6.194322E-03  4.896708E-32  1.689053E-12   5.000000E-01 NotAppl  1.229206E-06  2.807844E-04  
9.126177E+03  2.349437E+00  -1.762074E+00  4.372194E-10  1.000000E+00  1.723902E+00  3.617970E-27  9.755176E-30   5.000000E-01 NotAppl  1.858053E-04  0.000000E+00  
9.021713E+03  6.917348E+01  -6.916604E+01  2.326074E-05  1.000000E+00  2.465883E-03  2.805295E-24  2.826415E-20   5.000000E-01 NotAppl  1.456176E-01  0.000000E+00  
3.640882E+03  5.941638E+00  -3.914215E+00  -9.578783E-09  1.000000E+00  2.818604E-01  2.358005E-26  3.031084E-26   5.000000E-01 NotAppl  3.076543E-03  0.000000E+00  
1.126049E+03  2.222432E-02  1.089323E+01  -3.084112E-09  1.000000E+00  1.054716E-01  4.902862E-26  3.432917E-26   5.000000E-01 NotAppl  2.157875E-02  0.000000E+00  
8.683077E+03  1.195965E-01  1.392900E+00  -5.693247E-06  1.000000E+00  5.188216E+00  9.187249E-28  1.829994E-21   5.000000E-01 NotAppl  5.036645E-05  0.000000E+00  
2.716797E+01  1.354063E+02  -1.354062E+02  -8.126973E-03  1.000000E+00  1.607394E-02  1.522541E-29  4.813698E-10   3.106694E-24 LZ5Tmedian  3.693825E-04  7.264403E-02  
6.659451E+02  2.344134E-04  2.514928E-02  -1.067411E-07  1.000000E+00  1.715012E-01  4.853070E-26  1.202005E-22   5.000000E-01 NotAppl  3.628479E-02  0.000000E+00  
1.604204E+02  8.303674E-04  -2.454968E-04  -2.745369E-02  1.000000E+00  1.225471E-02  6.572224E-25  1.465288E-10   2.323755E-04 LZ5Tmedian  2.193647E+00  0.000000E+00  
6.199612E+02  4.572007E-01  -3.179091E-01  1.288703E-03  1.000000E+00  1.475605E-01  5.603002E-26  2.027942E-14   5.000000E-01 NotAppl  4.510960E-02  0.000000E+00  
7.722426E+02  1.888404E+02  5.549852E+02  -3.377599E+00  1.000000E+00  6.963513E-05  4.864904E-23  8.893107E-08   0.000000E+00 LZ5Tmedian  3.195916E+01  0.000000E+00  
2.244102E+01  1.993911E-02  4.000436E-02  5.090519E-10  1.000000E+00  2.602350E-03  5.261801E-44  2.777255E-24   5.000000E-01 NotAppl  1.572156E-18  3.454709E-16  
3.071689E+03  1.027056E+02  2.787083E+02  1.492103E+00  1.000000E+00  1.008821E-04  4.287933E-23  1.039482E-09   3.443588E-02 LZ5Tmedian  6.764244E+00  0.000000E+00  
9.502805E+02  1.173150E-01  6.984657E+02  -2.702575E-04  1.000000E+00  8.522993E-05  6.075681E-23  3.727339E-16   5.000000E-01 NotAppl  3.202709E+01  0.000000E+00  
5.743081E+01  6.789144E-02  1.021748E+01  6.463990E-10  1.000000E+00  3.564702E-03  2.516811E-42  6.652212E-25   5.000000E-01 NotAppl  2.766228E-17  2.354437E-16  
2.815339E+02  5.255112E+02  -5.240119E+02  7.961105E-09  1.000000E+00  2.392789E-04  2.506224E-23  3.891794E-24   5.000000E-01 NotAppl  4.613925E+01  0.000000E+00  
5.355443E+01  8.529470E-01  -8.526410E-01  -1.037170E+00  1.000000E+00  1.644531E-03  2.050422E-24  1.974969E-06   0.000000E+00 XENON1T_2018  2.437673E+01  2.564788E-01  
1.201271E+01  2.460896E-02  -1.989453E-02  4.099015E-10  1.000000E+00  1.094993E-03  2.740170E-44  6.258521E-24   5.000000E-01 NotAppl  1.661927E-18  2.355318E-16  
8.127126E+01  5.853971E-03  2.520408E+02  8.217721E-10  1.000000E+00  4.953103E-03  3.667310E-25  5.291461E-25   5.000000E-01 NotAppl  2.586113E+00  0.000000E+00  
3.297344E+03  2.087230E+02  -2.082748E+02  -9.150879E-01  1.000000E+00  3.083833E-04  2.316633E-23  3.384435E-10   3.598793E-01 NotAppl  3.339556E+00  0.000000E+00  
2.084664E+01  3.099366E-04  1.451278E-02  -5.766488E-06  1.000000E+00  2.318945E-03  6.518720E-36  4.133177E-16   5.000000E-01 NotAppl  2.112510E-10  4.477921E-08  
1.417239E+02  1.376816E-02  4.249872E-02  -4.135138E-08  1.000000E+00  9.690162E-03  8.390813E-25  4.285695E-22   5.000000E-01 NotAppl  3.181315E+00  0.000000E+00  
4.978827E+02  3.656820E-03  3.943855E+01  -8.444652E-06  1.000000E+00  1.043768E-02  4.684471E-25  1.363427E-18   5.000000E-01 NotAppl  4.774883E-01  0.000000E+00  
1.348542E+03  4.281510E+00  2.930700E+01  8.615156E-10  1.000000E+00  1.556859E-02  3.193499E-25  1.854263E-27   5.000000E-01 NotAppl  1.173726E-01  0.000000E+00  
3.431325E+03  5.838467E-03  1.720873E-02  -2.846050E-05  1.000000E+00  3.920104E+00  1.870174E-27  3.018878E-19   5.000000E-01 NotAppl  2.601639E-04  0.000000E+00  
1.828219E+02  1.560541E+00  -1.498818E+00  -3.783565E-06  1.000000E+00  1.401052E-02  5.642229E-25  2.128952E-18   5.000000E-01 NotAppl  1.619690E+00  0.000000E+00  
8.178441E+01  2.190878E-04  2.535757E-01  -3.814184E-01  1.000000E+00  5.046718E-03  5.903138E-25  1.125329E-07   0.000000E+00 XENON1T_2018  4.157584E+00  0.000000E+00  
5.721296E+03  9.709418E+02  -9.709400E+02  5.806719E+00  1.000000E+00  1.610641E-05  4.833229E-22  4.443044E-09   4.335417E-04 LZ5Tmedian  3.978516E+01  0.000000E+00  
1.751293E+02  1.394343E+02  -1.394317E+02  4.381727E-05  1.000000E+00  1.406400E-03  4.292276E-24  3.118307E-16   5.000000E-01 NotAppl  1.336504E+01  0.000000E+00  
8.894719E+02  2.929649E+02  -2.929632E+02  3.993149E-01  1.000000E+00  1.949725E-04  3.742093E-23  9.313498E-10   3.255940E-05 LZ5Tmedian  2.071557E+01  0.000000E+00  
6.007205E+01  9.777855E-03  -9.025839E-03  3.045715E-10  1.000000E+00  4.181319E-03  2.336768E-42  1.347420E-25   5.000000E-01 NotAppl  2.440479E-17  3.657451E-17  
7.295356E+02  1.331230E-04  3.170000E+00  -3.636745E+00  1.000000E+00  1.698019E-03  7.578554E-24  1.158077E-07   0.000000E+00 LZ5Tmedian  5.672739E+00  0.000000E+00  
1.505053E+01  1.849800E-02  -1.838290E-02  -2.091901E+00  1.000000E+00  1.456974E-03  5.281724E-25  1.043338E-04   0.000000E+00 XENON1T_2018  2.468210E+01  2.500014E-01  
4.357960E+03  1.790291E-01  3.585862E+02  3.502482E-02  1.000000E+00  1.589556E-04  3.198287E-23  2.811312E-13   5.000000E-01 NotAppl  3.546454E+00  0.000000E+00  
5.556763E+03  1.975283E-01  3.619274E+00  -3.400019E-03  1.000000E+00  9.730412E-01  4.647969E-27  1.616366E-15   5.000000E-01 NotAppl  4.017955E-04  0.000000E+00  
3.178455E+01  2.319730E+01  -2.137937E+01  1.829085E-08  1.000000E+00  1.383164E-02  9.101499E-41  1.774665E-21   5.000000E-01 NotAppl  1.860576E-15  5.545729E-14  
2.780183E+02  1.623584E+00  -1.354526E+00  1.528545E-08  1.000000E+00  3.027228E-02  2.643765E-25  1.472098E-23   5.00