MD1           DMP           DM3           l345          ld           Omegah2       sigV          protonSI      PvalDD        expName      CMB_ID        brH_DMDM      
1.419762E+02  1.287882E-02  -1.268875E-02  7.283539E-08  1.000000E+00  9.744308E-03  8.366088E-25  1.324795E-21   5.000000E-01 NotAppl  3.166079E+00  0.000000E+00  
3.080248E+03  4.822712E+02  -4.820178E+02  2.634785E-01  1.000000E+00  6.357812E-05  1.174984E-22  3.222922E-11   5.000000E-01 NotAppl  1.815722E+01  0.000000E+00  
1.434531E+02  4.168577E+00  -9.358272E-01  2.199589E-10  1.000000E+00  6.119436E-03  8.559320E-25  1.182844E-26   5.000000E-01 NotAppl  3.205088E+00  0.000000E+00  
6.645838E+02  8.435175E-02  6.668376E+00  7.710626E-04  1.000000E+00  1.120524E-01  6.108401E-26  6.298515E-15   5.000000E-01 NotAppl  4.590431E-02  0.000000E+00  
5.984989E+01  1.978632E-04  7.014324E+00  1.184632E-02  1.000000E+00  1.573061E-03  2.977191E-27  2.053878E-10   3.245790E-11 LZ5Tmedian  3.135977E-02  4.922886E-02  
1.785264E+03  5.621712E+02  -4.798290E+02  -2.013134E-07  1.000000E+00  3.136212E-05  1.356593E-22  5.714466E-23   5.000000E-01 NotAppl  3.665565E+01  0.000000E+00  
2.364562E+03  1.965204E-02  1.610922E+00  3.763129E+00  1.000000E+00  1.904672E-02  6.325017E-25  1.126329E-08   2.685247E-21 LZ5Tmedian  1.356184E-01  0.000000E+00  
3.854141E+03  4.210788E+00  2.547215E+02  -2.524325E-06  1.000000E+00  2.947868E-04  1.691957E-23  1.874884E-21   5.000000E-01 NotAppl  2.125338E+00  0.000000E+00  
2.078751E+03  1.369947E+01  -1.369920E+01  -5.954703E-02  1.000000E+00  5.555333E-02  1.084379E-25  3.666530E-12   5.000000E-01 NotAppl  2.506495E-02  0.000000E+00  
1.879082E+01  1.480451E-04  3.088607E-03  1.106311E-01  1.000000E+00  2.020684E-03  2.302703E-27  1.873626E-07   0.000000E+00 XENON1T_2018  8.365682E-02  2.463000E-01  
3.353368E+03  1.913524E-04  1.126053E+02  8.097983E-02  1.000000E+00  1.464062E-03  3.332457E-24  2.561087E-12   5.000000E-01 NotAppl  4.822534E-01  0.000000E+00  
6.243268E+02  9.834674E-03  2.622242E+01  3.240530E-08  1.000000E+00  2.144493E-02  2.320904E-25  1.264019E-23   5.000000E-01 NotAppl  1.874919E-01  0.000000E+00  
1.672686E+01  4.402185E-03  7.737642E-01  -5.308235E-10  1.000000E+00  1.072092E-03  5.100170E-44  5.443476E-24   5.000000E-01 NotAppl  2.111763E-18  3.873785E-16  
3.563224E+02  5.854255E-01  1.159592E+01  -5.636447E-01  1.000000E+00  1.111805E-02  7.848278E-25  1.204300E-08   1.293757E-142 LZ5Tmedian  1.223462E+00  0.000000E+00  
2.399765E+01  2.769232E-03  2.194529E+00  -7.106316E-04  1.000000E+00  1.798151E-03  1.064845E-31  4.728276E-12   5.000000E-01 NotAppl  2.960844E-06  6.568442E-04  
1.794540E+02  8.863807E-03  3.383727E+00  -4.510197E-10  1.000000E+00  1.319153E-02  5.752315E-25  3.142714E-26   5.000000E-01 NotAppl  1.709557E+00  0.000000E+00  
2.559578E+02  2.131946E-01  -2.126955E-01  1.276942E-10  1.000000E+00  2.775455E-02  3.057749E-25  1.216926E-27   5.000000E-01 NotAppl  6.175027E-01  0.000000E+00  
5.355009E+03  3.361866E+02  -3.361751E+02  -1.365242E-06  1.000000E+00  1.183051E-04  6.263824E-23  2.809607E-22   5.000000E-01 NotAppl  5.514043E+00  0.000000E+00  
3.695807E+02  2.028817E+01  -1.840381E+01  -6.005252E-06  1.000000E+00  1.529139E-02  3.758164E-25  1.268562E-18   5.000000E-01 NotAppl  5.188207E-01  0.000000E+00  
1.071340E+03  1.479204E+00  6.417344E+02  2.093422E-10  1.000000E+00  8.626757E-05  5.919240E-23  1.750887E-28   5.000000E-01 NotAppl  2.758906E+01  0.000000E+00  
3.777736E+03  5.119802E-01  -5.075488E-01  7.671934E-03  1.000000E+00  4.121144E+00  1.717258E-27  1.803783E-14   5.000000E-01 NotAppl  2.165080E-04  0.000000E+00  
3.752241E+03  1.911262E+02  7.320552E+02  -6.941964E-05  1.000000E+00  1.983086E-05  1.986185E-22  1.497347E-18   5.000000E-01 NotAppl  2.557940E+01  0.000000E+00  
1.457270E+01  6.651752E+02  -6.651751E+02  2.481043E-07  1.000000E+00  9.833886E-02  1.069051E-38  1.564781E-18   5.000000E-01 NotAppl  5.182210E-13  8.553089E-11  
1.118680E+01  2.797954E-04  4.582062E-03  -1.670881E-02  1.000000E+00  8.274700E-04  4.425320E-29  1.196214E-08   1.329882E-77 LZ5Tmedian  2.917542E-03  1.527218E-01  
7.090873E+02  6.791388E+01  -6.756712E+01  1.064918E+00  1.000000E+00  1.467576E-03  4.670991E-24  1.052373E-08   4.017586E-64 LZ5Tmedian  3.290760E+00  0.000000E+00  
6.612870E+03  2.137776E+02  -2.134219E+02  -2.409670E-07  1.000000E+00  2.794912E-04  2.613052E-23  5.700560E-24   5.000000E-01 NotAppl  1.857127E+00  0.000000E+00  
4.068027E+02  2.528166E+01  4.739719E+01  5.793497E-08  1.000000E+00  2.193233E-03  1.622929E-24  9.701639E-23   5.000000E-01 NotAppl  2.034997E+00  0.000000E+00  
4.596853E+02  2.561229E+00  -2.560134E+00  3.062207E-09  1.000000E+00  7.652669E-02  1.041509E-25  2.110779E-25   5.000000E-01 NotAppl  1.143453E-01  0.000000E+00  
1.093088E+03  1.682500E+00  -1.681913E+00  2.175257E-02  1.000000E+00  3.766954E-01  2.060025E-26  1.814485E-12   5.000000E-01 NotAppl  9.241541E-03  0.000000E+00  
1.799728E+02  8.252622E+00  4.830995E+01  -1.387752E-10  1.000000E+00  3.216912E-03  1.169380E-24  2.957794E-27   5.000000E-01 NotAppl  3.391519E+00  0.000000E+00  
5.104946E+02  8.588510E-03  8.365195E+01  3.491643E-05  1.000000E+00  2.898469E-03  1.649382E-24  2.214676E-17   5.000000E-01 NotAppl  1.641209E+00  0.000000E+00  
1.874760E+03  1.277171E-04  7.187433E-02  -1.611524E+00  1.000000E+00  6.125330E-02  1.886463E-25  3.314436E-09   2.366950E-08 LZ5Tmedian  5.161632E-02  0.000000E+00  
1.402583E+03  4.072079E+01  -3.280818E+01  -2.013359E-04  1.000000E+00  6.277033E-03  9.747764E-25  9.347271E-17   5.000000E-01 NotAppl  3.375221E-01  0.000000E+00  
7.125400E+03  5.623187E-04  2.068159E-03  -1.658380E-03  1.000000E+00  1.615452E+01  4.343775E-28  2.320079E-16   5.000000E-01 NotAppl  2.878516E-05  0.000000E+00  
1.032449E+02  2.837738E+01  -2.837077E+01  -1.307501E-05  1.000000E+00  3.829422E-03  1.498679E-24  8.202659E-17   5.000000E-01 NotAppl  7.914570E+00  0.000000E+00  
1.132387E+01  1.156388E+02  -1.156373E+02  6.037385E-05  1.000000E+00  1.715490E-01  5.807583E-34  1.524878E-13   5.000000E-01 NotAppl  3.774194E-08  5.122184E-06  
3.477895E+01  7.308528E-02  4.091332E+01  -2.117566E-05  1.000000E+00  7.820472E-04  1.396363E-34  1.981588E-15   5.000000E-01 NotAppl  2.591661E-09  5.321680E-07  
8.263280E+01  3.084127E+01  -3.052836E+01  -3.468412E-10  1.000000E+00  6.542452E-03  5.725240E-25  9.110746E-26   5.000000E-01 NotAppl  3.934021E+00  0.000000E+00  
1.913499E+02  1.015938E-01  8.975206E+01  6.425867E+00  1.000000E+00  1.715439E-06  7.038636E-21  5.593034E-06   0.000000E+00 XENON1T_2018  2.301138E+04  0.000000E+00  
1.865377E+02  3.514044E-04  7.297796E-05  8.945082E-09  1.000000E+00  1.564006E-02  5.408535E-25  1.141886E-23   5.000000E-01 NotAppl  1.520090E+00  0.000000E+00  
1.729990E+03  5.634425E+02  -6.811819E+01  3.418114E-06  1.000000E+00  2.043298E-05  1.820035E-22  1.756481E-20   5.000000E-01 NotAppl  5.107260E+01  0.000000E+00  
1.839211E+02  1.473633E-04  8.729110E-03  -3.178935E-01  1.000000E+00  7.271892E-03  1.369170E-24  1.484536E-08   0.000000E+00 LZ5Tmedian  4.283894E+00  0.000000E+00  
2.579618E+03  2.434380E+01  -2.433566E+01  5.701245E-02  1.000000E+00  1.800644E-02  3.590274E-25  2.165302E-12   5.000000E-01 NotAppl  6.650403E-02  0.000000E+00  
1.868048E+03  2.396761E+02  -2.385250E+02  -7.553188E-04  1.000000E+00  2.389507E-04  2.967406E-23  7.334511E-16   5.000000E-01 NotAppl  7.651473E+00  0.000000E+00  
7.722988E+02  6.113020E+00  -6.112778E+00  -8.291929E-02  1.000000E+00  1.325515E-01  4.949758E-26  5.359002E-11   5.000000E-01 NotAppl  3.186868E-02  0.000000E+00  
1.294580E+01  2.106154E+02  -4.415337E+01  6.727807E-05  1.000000E+00  5.264475E+05  7.577207E-34  1.454709E-13   5.000000E-01 NotAppl  4.210886E-08  6.327308E-06  
1.579531E+01  1.292685E+02  -1.289804E+02  -4.681711E-01  1.000000E+00  5.151724E-02  3.898835E-26  4.746857E-06   0.000000E+00 XENON1T_2018  1.723471E+00  4.998229E-01  
5.237554E+03  1.285078E-01  2.099023E+02  2.317172E-10  1.000000E+00  4.389293E-04  1.144017E-23  8.466858E-30   5.000000E-01 NotAppl  1.052953E+00  0.000000E+00  
2.000236E+03  8.314500E+02  -7.898939E+02  -3.437639E-04  1.000000E+00  1.974292E-05  2.638349E-22  1.321674E-16   5.000000E-01 NotAppl  6.342086E+01  0.000000E+00  
6.251410E+02  3.800418E+01  -3.765819E+01  3.886235E-10  1.000000E+00  7.628633E-03  8.408894E-25  1.813104E-27   5.000000E-01 NotAppl  6.708482E-01  0.000000E+00  
2.469420E+01  4.534827E+01  -3.084684E+01  1.466617E-07  1.000000E+00  1.996228E+02  4.618083E-39  1.901018E-19   5.000000E-01 NotAppl  1.244997E-13  1.337552E-11  
4.409545E+02  3.643743E-03  -1.463931E-03  -7.103546E-07  1.000000E+00  7.814882E-02  1.085384E-25  1.236754E-20   5.000000E-01 NotAppl  1.244102E-01  0.000000E+00  
1.455554E+03  3.322512E-01  -3.286000E-01  6.056348E-05  1.000000E+00  7.496784E-01  1.039629E-26  7.842078E-18   5.000000E-01 NotAppl  3.475889E-03  0.000000E+00  
2.027667E+01  7.098972E-04  6.144939E+02  -2.340192E-07  1.000000E+00  1.357451E-03  1.060975E-38  7.196902E-19   5.000000E-01 NotAppl  3.544783E-13  7.399769E-11  
1.020702E+01  2.557396E+01  -2.556237E+01  -8.666662E-02  1.000000E+00  2.050518E-01  1.139226E-27  3.850632E-07   0.000000E+00 XENON1T_2018  8.367071E-02  3.885098E-01  
4.646728E+03  6.761048E-02  1.784024E+00  -2.595173E-04  1.000000E+00  2.702722E+00  1.948037E-27  1.354646E-17   5.000000E-01 NotAppl  2.006844E-04  0.000000E+00  
9.766364E+02  4.769378E-01  -4.221980E-01  -6.655212E-03  1.000000E+00  3.510419E-01  2.288654E-26  2.137529E-13   5.000000E-01 NotAppl  1.152787E-02  0.000000E+00  
1.089179E+03  4.375620E+02  -9.088616E+01  1.744679E-06  1.000000E+00  3.803857E-05  9.669937E-23  1.175814E-20   5.000000E-01 NotAppl  4.363683E+01  0.000000E+00  
7.132252E+01  1.376311E+00  1.648654E+02  -7.432803E-02  1.000000E+00  8.541318E-03  8.992869E-27  5.652364E-09   1.719372E-263 LZ5Tmedian  7.921847E-02  0.000000E+00  
1.749839E+02  1.860454E+00  3.118106E+02  5.889408E-04  1.000000E+00  1.060996E-03  3.991471E-24  5.643010E-14   5.000000E-01 NotAppl  1.187084E+01  0.000000E+00  
5.047660E+01  5.124022E-02  7.624087E-04  1.317870E-08  1.000000E+00  1.784627E-03  2.091808E-40  3.597527E-22   5.000000E-01 NotAppl  2.628865E-15  1.462861E-13  
3.995828E+01  8.468229E-02  1.425480E+00  8.744636E-02  1.000000E+00  4.608385E-05  3.214383E-27  2.548821E-08   0.000000E+00 XENON1T_2018  5.139768E-02  2.383619E-01  
3.469990E+01  2.060699E-01  -1.826998E-01  4.113512E-01  1.000000E+00  8.062422E-04  5.253718E-26  7.512256E-07   0.000000E+00 XENON1T_2018  9.781399E-01  2.497260E-01  
1.408413E+01  5.653282E-03  5.742912E+01  2.119384E-09  1.000000E+00  7.392439E-04  7.721589E-43  1.221782E-22   5.000000E-01 NotAppl  3.892970E-17  6.251253E-15  
4.217444E+01  7.547838E-03  9.601233E+00  -3.424612E-02  1.000000E+00  3.318621E-04  5.790628E-28  3.502663E-09   3.504747E-198 LZ5Tmedian  8.768685E-03  2.622144E-01  
3.587852E+02  3.797671E-01  -3.295634E-01  -7.084130E-01  1.000000E+00  8.638380E-03  1.352079E-24  1.875746E-08   2.911570E-220 LZ5Tmedian  2.090064E+00  0.000000E+00  
1.008884E+01  5.820567E+00  -5.811061E+00  -2.037415E-08  1.000000E+00  2.188985E-01  6.256113E-41  2.176998E-20   5.000000E-01 NotAppl  4.658271E-15  5.450575E-13  
2.665942E+02  1.345046E+00  1.150736E+00  -2.512266E-06  1.000000E+00  2.582603E-02  2.878783E-25  4.333450E-19   5.000000E-01 NotAppl  5.571878E-01  0.000000E+00  
2.104622E+02  5.844867E-03  1.300280E+02  1.149771E-01  1.000000E+00  1.816182E-03  2.927231E-24  1.473253E-09   2.750822E-29 LZ5Tmedian  7.210745E+00  0.000000E+00  
1.747302E+03  6.354829E+01  -6.354796E+01  8.740361E-02  1.000000E+00  2.891320E-03  2.354510E-24  1.125421E-11   5.000000E-01 NotAppl  6.502307E-01  0.000000E+00  
3.834911E+01  2.817184E+01  -2.817147E+01  -4.278501E-01  1.000000E+00  1.344185E-03  6.941477E-26  6.633273E-07   0.000000E+00 XENON1T_2018  1.162047E+00  4.987926E-01  
3.723928E+03  9.390986E-02  -4.279807E-02  3.812490E-01  1.000000E+00  2.073380E+00  4.354586E-27  4.586351E-11   5.000000E-01 NotAppl  5.761207E-04  0.000000E+00  
7.034553E+01  5.113298E-03  7.228310E-01  9.273118E-04  1.000000E+00  5.649626E-03  1.792273E-30  9.049194E-13   5.000000E-01 NotAppl  1.589718E-05  0.000000E+00  
1.927231E+03  1.913574E-04  3.459765E-03  -1.730041E-09  1.000000E+00  1.294096E+00  5.908671E-27  3.610931E-27   5.000000E-01 NotAppl  1.481523E-03  0.000000E+00  
7.406776E+02  6.548249E+01  -6.544663E+01  -5.169458E-04  1.000000E+00  2.896387E-03  2.316212E-24  2.268574E-15   5.000000E-01 NotAppl  1.549291E+00  0.000000E+00  
3.680583E+01  5.113477E-03  1.138178E-01  -9.063027E-02  1.000000E+00  2.034181E-04  2.844184E-27  3.235456E-08   0.000000E+00 XENON1T_2018  4.970202E-02  2.441161E-01  
5.709301E+01  1.587494E-01  1.253457E+00  1.000077E-06  1.000000E+00  3.594522E-03  5.324014E-36  1.611603E-18   5.000000E-01 NotAppl  5.887398E-11  5.721130E-10  
2.542399E+02  2.149068E-03  3.297303E+01  -5.815047E-06  1.000000E+00  1.023692E-02  5.604935E-25  2.558697E-18   5.000000E-01 NotAppl  1.138079E+00  0.000000E+00  
9.505922E+02  9.211032E-04  5.503219E+00  5.371830E-03  1.000000E+00  2.019964E-01  3.246806E-26  1.471624E-13   5.000000E-01 NotAppl  1.689164E-02  0.000000E+00  
8.548237E+01  6.440661E+02  -6.281801E+02  -9.721538E-07  1.000000E+00  2.731578E-03  9.380144E-25  6.677140E-19   5.000000E-01 NotAppl  6.123818E+00  0.000000E+00  
3.686869E+03  1.256820E-03  1.001444E-03  -1.550741E-03  1.000000E+00  4.504019E+00  1.620188E-27  7.744002E-16   5.000000E-01 NotAppl  2.095015E-04  0.000000E+00  
2.577085E+03  7.310866E-02  1.924638E+02  -2.453446E-03  1.000000E+00  5.304201E-04  9.274856E-24  4.017917E-15   5.000000E-01 NotAppl  1.756839E+00  0.000000E+00  
1.368535E+03  2.928352E-01  -2.920349E-01  -1.300415E-01  1.000000E+00  6.057248E-01  1.343442E-26  4.099899E-11   5.000000E-01 NotAppl  4.834951E-03  0.000000E+00  
3.006392E+02  2.590581E+01  -2.590567E+01  8.233313E-04  1.000000E+00  1.080126E-02  5.725101E-25  3.638803E-14   5.000000E-01 NotAppl  9.811933E-01  0.000000E+00  
2.270109E+02  3.821907E+02  -3.590099E+02  -4.626366E-09  1.000000E+00  2.301671E-04  1.461506E-23  2.042581E-24   5.000000E-01 NotAppl  3.376202E+01  0.000000E+00  
2.555971E+02  1.199988E-01  -1.192599E-01  5.138412E+00  1.000000E+00  3.554735E-05  4.214544E-22  1.976213E-06   0.000000E+00 XENON1T_2018  1.002732E+03  0.000000E+00  
2.882926E+02  2.979746E-04  5.247514E-04  -1.481268E-07  1.000000E+00  3.489793E-02  2.446848E-25  1.283428E-21   5.000000E-01 NotAppl  4.364303E-01  0.000000E+00  
2.255841E+03  2.432315E-01  7.371329E+00  9.869647E-03  1.000000E+00  2.387720E-01  2.023930E-26  8.527223E-14   5.000000E-01 NotAppl  4.378060E-03  0.000000E+00  
1.280935E+02  5.756574E-02  -5.398555E-02  4.915951E-03  1.000000E+00  8.159254E-03  9.906384E-25  7.452225E-12   5.000000E-01 NotAppl  4.164530E+00  0.000000E+00  
1.417812E+01  8.635749E+02  -8.633717E+02  9.791232E-08  1.000000E+00  1.103915E-01  1.651315E-39  2.573478E-19   5.000000E-01 NotAppl  8.259680E-14  1.334046E-11  
2.012817E+01  4.466896E-01  -4.436309E-01  1.437307E-03  1.000000E+00  6.881052E-03  3.990136E-31  2.755179E-11   1.147943E-01 NotAppl  1.344001E-05  2.746943E-03  
1.232584E+02  2.281930E-02  -2.238880E-02  -1.096388E-04  1.000000E+00  7.760421E-03  1.025761E-24  4.011042E-15   5.000000E-01 NotAppl  4.487023E+00  0.000000E+00  
1.558983E+01  6.609141E+02  -6.588354E+02  1.575628E-03  1.000000E+00  5.025718E-01  4.398788E-31  5.518604E-11   7.952981E-02 LZ5Tmedian  1.973713E-05  3.352585E-03  
5.190402E+03  7.182433E+02  -7.182424E+02  1.899344E-03  1.000000E+00  2.897712E-05  2.643317E-22  5.794255E-16   5.000000E-01 NotAppl  2.401785E+01  0.000000E+00  
3.929681E+03  6.329126E+02  -6.329124E+02  1.473077E-05  1.000000E+00  3.788667E-05  2.003638E-22  6.137430E-20   5.000000E-01 NotAppl  2.415379E+01  0.000000E+00  
1.843794E+03  9.144990E-04  1.670319E-01  1.879244E-08  1.000000E+00  1.186340E+00  6.460998E-27  4.662767E-25   5.000000E-01 NotAppl  1.695170E-03  0.000000E+00  
1.577244E+03  2.011849E-02  1.248495E+01  1.461507E-08  1.000000E+00  9.347666E-02  5.066334E-26  3.877121E-25   5.000000E-01 NotAppl  1.582720E-02  0.000000E+00  
1.369381E+02  1.442811E-02  5.299529E-01  -5.723892E-02  1.000000E+00  9.413082E-03  7.851885E-25  8.810650E-10   8.179797E-26 LZ5Tmedian  3.096701E+00  0.000000E+00  
1.771594E+01  5.442956E-01  2.418555E+01  1.037387E-02  1.000000E+00  4.036203E-03  1.983952E-29  1.853585E-09   1.431661E-50 LZ5Tmedian  7.702780E-04  2.731890E-02  
1.880713E+02  1.709143E+00  7.354962E+00  -1.898463E-08  1.000000E+00  1.076076E-02  5.671801E-25  5.057905E-23   5.000000E-01 NotAppl  1.579582E+00  0.000000E+00  
1.287187E+02  9.843222E-02  -9.664887E-02  -4.549855E-05  1.000000E+00  8.285631E-03  9.675670E-25  6.320208E-16   5.000000E-01 NotAppl  4.047577E+00  0.000000E+00  
8.825922E+02  1.852800E-03  3.643396E+00  3.149839E-06  1.000000E+00  2.318142E-01  3.145972E-26  5.887683E-20   5.000000E-01 NotAppl  1.762292E-02  0.000000E+00  
3.760133E+03  7.829040E+01  -6.363011E+01  4.517781E-02  1.000000E+00  1.827136E-03  3.620805E-24  6.314684E-13   5.000000E-01 NotAppl  4.566564E-01  0.000000E+00  
6.374724E+03  5.725109E+02  -5.725104E+02  -6.065783E-06  1.000000E+00  4.305745E-05  1.766819E-22  3.891728E-21   5.000000E-01 NotAppl  1.303331E+01  0.000000E+00  
4.723576E+03  7.230408E-01  6.011295E+02  -5.756663E-08  1.000000E+00  6.056378E-05  8.582596E-23  6.446877E-25   5.000000E-01 NotAppl  8.770947E+00  0.000000E+00  
1.234984E+03  4.042091E-04  9.755489E+01  -1.393465E-03  1.000000E+00  2.007449E-03  2.378318E-24  5.804528E-15   5.000000E-01 NotAppl  9.576041E-01  0.000000E+00  
1.542426E+01  2.673203E+01  -2.673168E+01  1.632612E-08  1.000000E+00  8.615201E-02  4.707870E-41  6.052273E-21   5.000000E-01 NotAppl  2.137652E-15  5.416640E-14  
5.946387E+02  1.700145E+02  -1.699671E+02  -9.847881E+00  1.000000E+00  5.221035E-05  1.381920E-22  1.289605E-06   0.000000E+00 XENON1T_2018  1.401803E+02  0.000000E+00  
2.364147E+03  5.134033E-04  7.752990E+01  3.702996E-03  1.000000E+00  3.029533E-03  1.574332E-24  1.091010E-14   5.000000E-01 NotAppl  3.257383E-01  0.000000E+00  
7.664673E+02  1.771983E-01  3.573705E+00  -1.813226E+00  1.000000E+00  8.026145E-03  1.493943E-24  2.602561E-08   6.025141E-146 LZ5Tmedian  1.045847E+00  0.000000E+00  
1.839787E+01  2.013754E+00  -1.769822E+00  -1.107033E-07  1.000000E+00  4.457325E-02  2.288356E-39  1.957179E-19   5.000000E-01 NotAppl  8.516660E-14  1.641310E-11  
1.601255E+03  1.895940E+01  -1.892442E+01  -5.665416E-09  1.000000E+00  2.907424E-02  2.176756E-25  5.649290E-26   5.000000E-01 NotAppl  6.575659E-02  0.000000E+00  
1.092923E+01  3.733661E+00  3.451856E+02  -6.935751E-01  1.000000E+00  3.781696E-02  7.524391E-26  2.157453E-05   0.000000E+00 XENON1T_2018  5.098818E+00  3.381155E-01  
2.555869E+01  5.879581E+00  2.523759E+01  -1.474723E+00  1.000000E+00  6.435296E-03  4.411534E-25  1.793142E-05   0.000000E+00 XENON1T_2018  1.143048E+01  3.054213E-01  
2.250750E+03  1.463942E-02  -1.448756E-02  -1.677504E-01  1.000000E+00  1.431490E+00  5.669006E-27  2.474744E-11   5.000000E-01 NotAppl  1.229970E-03  0.000000E+00  
1.386494E+03  5.961939E-03  7.181233E-03  5.593365E+00  1.000000E+00  3.517428E-03  3.714222E-24  7.385972E-08   4.865275E-230 LZ5Tmedian  1.367021E+00  0.000000E+00  
5.078951E+01  1.547873E-01  1.236557E+00  4.332515E-05  1.000000E+00  2.166098E-03  2.369957E-33  3.839454E-15   5.000000E-01 NotAppl  2.959239E-08  1.532470E-06  
4.036299E+03  1.505967E-01  -1.432712E-01  -3.079012E-10  1.000000E+00  5.295253E+00  1.365601E-27  2.539273E-29   5.000000E-01 NotAppl  1.610537E-04  0.000000E+00  
1.893964E+02  5.181665E-03  7.632159E+00  4.822345E-07  1.000000E+00  1.328839E-02  5.493543E-25  3.216871E-20   5.000000E-01 NotAppl  1.518795E+00  0.000000E+00  
5.978939E+02  2.979766E-01  -2.978468E-01  -1.441857E-10  1.000000E+00  1.388123E-01  6.002786E-26  2.733811E-28   5.000000E-01 NotAppl  5.017585E-02  0.000000E+00  
6.634608E+03  1.340355E-03  1.713770E-02  4.481572E-02  1.000000E+00  1.381593E+01  5.133375E-28  1.958695E-13   5.000000E-01 NotAppl  3.661472E-05  0.000000E+00  
3.070729E+01  5.800964E+00  -5.800773E+00  3.366099E-10  1.000000E+00  8.493126E-03  2.953197E-44  6.445360E-25   5.000000E-01 NotAppl  6.267146E-19  9.997553E-17  
1.126017E+01  7.987354E+00  -7.652250E+00  4.115899E-06  1.000000E+00  2.091007E-01  2.692771E-36  7.165985E-16   5.000000E-01 NotAppl  1.761895E-10  2.003540E-08  
1.117079E+01  2.209704E-01  1.298838E+02  6.427668E-03  1.000000E+00  1.158265E-03  6.544778E-30  1.775189E-09   4.589698E-12 LZ5Tmedian  4.322876E-04  4.919211E-02  
5.670410E+03  9.069244E+00  4.731345E+02  5.696262E-10  1.000000E+00  8.903829E-05  5.762491E-23  4.353967E-29   5.000000E-01 NotAppl  4.892767E+00  0.000000E+00  
7.392080E+01  2.841180E-03  8.987552E-01  2.692867E-04  1.000000E+00  6.164136E-03  6.813433E-32  6.896274E-14   5.000000E-01 NotAppl  5.786879E-07  0.000000E+00  
5.474539E+02  5.303906E-03  1.655907E+01  2.197256E-08  1.000000E+00  3.928219E-02  1.429598E-25  7.602179E-24   5.000000E-01 NotAppl  1.317217E-01  0.000000E+00  
3.947028E+02  2.882022E-04  1.793855E+02  -6.891592E-05  1.000000E+00  9.154948E-04  5.294400E-24  1.460283E-16   5.000000E-01 NotAppl  6.857219E+00  0.000000E+00  
6.667403E+03  1.335812E+00  -1.331665E+00  -1.525541E-08  1.000000E+00  3.743309E+00  1.549889E-27  2.246999E-26   5.000000E-01 NotAppl  1.094368E-04  0.000000E+00  
8.949302E+02  1.685031E-01  5.248832E+00  1.503683E-02  1.000000E+00  1.888670E-01  3.588367E-26  1.304275E-12   5.000000E-01 NotAppl  1.986092E-02  0.000000E+00  
1.439575E+02  1.240418E-01  2.090744E-02  4.276638E-10  1.000000E+00  9.816668E-03  8.195875E-25  4.439400E-26   5.000000E-01 NotAppl  3.057066E+00  0.000000E+00  
3.638119E+02  2.587616E+00  -2.580453E+00  1.986004E+00  1.000000E+00  1.717378E-03  6.685441E-24  1.432826E-07   0.000000E+00 XENON1T_2018  9.576341E+00  0.000000E+00  
3.537870E+03  4.499897E+00  -4.498001E+00  1.770129E-04  1.000000E+00  4.286799E-01  1.370302E-26  1.097359E-17   5.000000E-01 NotAppl  1.839594E-03  0.000000E+00  
1.535845E+02  7.778035E-04  2.726318E+00  -4.946002E-03  1.000000E+00  1.020133E-02  7.379144E-25  5.199935E-12   5.000000E-01 NotAppl  2.572773E+00  0.000000E+00  
3.113748E+01  4.084734E-03  6.437039E-03  2.666273E-03  1.000000E+00  2.215166E-03  1.884272E-30  3.931528E-11   8.090329E-03 LZ5Tmedian  3.933669E-05  8.503074E-03  
2.897936E+02  2.103133E-04  6.854301E-04  -1.871100E-04  1.000000E+00  3.524255E-02  2.422807E-25  2.026187E-15   5.000000E-01 NotAppl  4.298071E-01  0.000000E+00  
4.347226E+03  7.044873E-01  -7.043657E-01  6.247941E-01  1.000000E+00  1.178146E+00  8.238007E-27  8.991025E-11   5.000000E-01 NotAppl  9.311775E-04  0.000000E+00  
1.616240E+01  9.101032E+01  -9.056717E+01  -2.006872E+00  1.000000E+00  6.315348E-03  6.578433E-25  8.332088E-05   0.000000E+00 XENON1T_2018  2.831692E+01  5.005771E-01  
2.351513E+02  1.943959E-03  1.617446E+00  3.732737E-02  1.000000E+00  2.208808E-02  3.792430E-25  1.237104E-10   6.866099E-03 LZ5Tmedian  8.378556E-01  0.000000E+00  
3.221136E+01  1.761206E-04  2.217155E+02  -3.660954E-07  1.000000E+00  1.622112E-03  3.711876E-38  6.919804E-19   5.000000E-01 NotAppl  7.480067E-13  1.640643E-10  
6.577487E+02  5.916293E+02  -5.908727E+02  -9.830916E-07  1.000000E+00  8.955611E-05  7.963990E-23  1.045736E-20   5.000000E-01 NotAppl  6.026650E+01  0.000000E+00  
4.871187E+01  4.739903E-02  2.564897E-02  1.010599E-04  1.000000E+00  1.183630E-03  9.657247E-33  2.274624E-14   5.000000E-01 NotAppl  1.259267E-07  9.138377E-06  
8.666278E+03  5.158144E-03  -4.691518E-03  2.148480E-04  1.000000E+00  2.363638E+01  2.937167E-28  2.616375E-18   5.000000E-01 NotAppl  1.596672E-05  0.000000E+00  
9.083758E+03  2.669063E-04  9.714874E-02  2.237100E-06  1.000000E+00  2.545195E+01  2.698974E-28  2.578194E-22   5.000000E-01 NotAppl  1.399267E-05  0.000000E+00  
1.232023E+02  5.610232E+02  -5.598839E+02  -4.384040E-04  1.000000E+00  1.075574E-03  4.505634E-24  6.419224E-14   5.000000E-01 NotAppl  2.007131E+01  0.000000E+00  
1.192334E+02  8.699283E-04  2.967087E+00  2.039001E+00  1.000000E+00  1.617973E-04  5.753752E-23  1.484985E-06   0.000000E+00 XENON1T_2018  2.623320E+02  0.000000E+00  
7.738502E+03  1.257569E+02  8.931724E+01  -2.683903E-02  1.000000E+00  2.755732E-04  2.132528E-23  5.138627E-14   5.000000E-01 NotAppl  1.308505E+00  0.000000E+00  
6.351197E+01  1.673348E+01  -1.673239E+01  1.683096E-09  1.000000E+00  9.318072E-03  3.900476E-40  3.672729E-24   5.000000E-01 NotAppl  3.845565E-15  0.000000E+00  
1.210948E+03  3.907337E+00  -3.876238E+00  1.322161E-03  1.000000E+00  2.894300E-01  2.392153E-26  5.439496E-15   5.000000E-01 NotAppl  9.649600E-03  0.000000E+00  
6.241141E+03  2.705292E+01  -1.797293E+01  -1.298984E-07  1.000000E+00  1.573270E-02  4.532050E-25  1.863230E-24   5.000000E-01 NotAppl  3.419416E-02  0.000000E+00  
2.047253E+01  1.136813E+01  -1.136275E+01  -3.616474E-03  1.000000E+00  4.162164E-02  2.544046E-30  1.685893E-10   1.223586E-06 LZ5Tmedian  8.405399E-05  1.027462E-02  
3.572773E+03  1.969386E-04  5.614355E+01  -2.405905E-07  1.000000E+00  5.665500E-03  8.394448E-25  1.987104E-23   5.000000E-01 NotAppl  1.138769E-01  0.000000E+00  
1.886451E+03  1.477984E-01  -1.460150E-01  4.656660E+00  1.000000E+00  8.658796E-03  1.450359E-24  2.732644E-08   3.274196E-63 LZ5Tmedian  3.915565E-01  0.000000E+00  
6.839218E+03  3.279123E+02  -3.176236E+02  -4.817343E-04  1.000000E+00  1.182525E-04  6.054022E-23  2.127744E-17   5.000000E-01 NotAppl  4.158605E+00  0.000000E+00  
3.037722E+03  3.274695E+01  -3.273996E+01  2.270178E-04  1.000000E+00  1.036813E-02  6.285261E-25  2.461320E-17   5.000000E-01 NotAppl  9.852157E-02  0.000000E+00  
5.403825E+03  6.421545E-04  2.934806E-02  -1.640083E-05  1.000000E+00  9.437037E+00  7.551508E-28  3.980581E-20   5.000000E-01 NotAppl  6.622723E-05  0.000000E+00  
8.141930E+02  1.149357E+01  -1.149120E+01  2.936774E-06  1.000000E+00  5.936849E-02  1.088178E-25  6.034663E-20   5.000000E-01 NotAppl  6.603798E-02  0.000000E+00  
4.470031E+03  1.398755E+01  -1.385030E+01  -2.987672E-08  1.000000E+00  5.327856E-02  1.162833E-25  1.942661E-25   5.000000E-01 NotAppl  1.229629E-02  0.000000E+00  
1.848497E+03  1.750649E-01  5.382461E+00  2.464335E-09  1.000000E+00  3.604491E-01  1.475340E-26  7.976674E-27   5.000000E-01 NotAppl  3.899253E-03  0.000000E+00  
8.769918E+02  1.430584E+02  -1.430581E+02  -5.029448E+00  1.000000E+00  9.140190E-04  7.158466E-24  1.520735E-07   0.000000E+00 LZ5Tmedian  4.574398E+00  0.000000E+00  
9.876566E+02  2.180868E-03  2.114387E+01  1.328638E-06  1.000000E+00  3.429739E-02  1.401668E-25  8.326335E-21   5.000000E-01 NotAppl  7.082013E-02  0.000000E+00  
1.036840E+02  7.498252E+01  -7.471236E+01  1.104743E-05  1.000000E+00  2.811638E-03  1.944118E-24  5.805160E-17   5.000000E-01 NotAppl  1.026228E+01  0.000000E+00  
7.815070E+03  2.019937E-02  -1.833813E-02  -2.227509E-08  1.000000E+00  1.931534E+01  3.613679E-28  3.469501E-26   5.000000E-01 NotAppl  2.180941E-05  0.000000E+00  
5.790437E+02  2.034579E-04  4.363232E+02  1.726504E-02  1.000000E+00  2.187569E-04  2.303065E-23  4.185048E-12   5.000000E-01 NotAppl  2.015994E+01  0.000000E+00  
3.316828E+01  3.465441E+01  -3.465135E+01  9.621894E-03  1.000000E+00  5.723485E-03  2.672577E-29  4.504479E-10   2.504744E-25 LZ5Tmedian  5.218084E-04  9.158864E-02  
1.037522E+02  3.115717E-01  1.409385E+00  -3.095716E-01  1.000000E+00  6.010813E-03  5.660000E-25  4.552282E-08   0.000000E+00 XENON1T_2018  3.006396E+00  0.000000E+00  
5.419091E+02  2.667630E-04  -2.786934E-05  -7.617305E+00  1.000000E+00  1.266633E-04  1.145039E-22  9.328658E-07   0.000000E+00 XENON1T_2018  1.233580E+02  0.000000E+00  
1.934876E+02  5.508738E+00  5.754963E+01  1.166536E-06  1.000000E+00  3.423330E-03  1.205487E-24  1.801740E-19   5.000000E-01 NotAppl  3.240272E+00  0.000000E+00  
7.261710E+01  1.527541E+02  -1.449313E+02  -3.052416E-10  1.000000E+00  1.214987E-01  1.133621E-43  9.188752E-26   5.000000E-01 NotAppl  9.734648E-19  0.000000E+00  
5.463493E+03  2.465397E-04  1.673496E-04  -1.022087E-09  1.000000E+00  9.645930E+00  7.385226E-28  1.511805E-28   5.000000E-01 NotAppl  6.405067E-05  0.000000E+00  
3.242494E+03  1.746867E-04  1.521105E+02  5.575119E-01  1.000000E+00  8.091690E-04  6.168019E-24  1.299854E-10   5.000000E-01 NotAppl  9.238163E-01  0.000000E+00  
6.710423E+02  5.180973E-02  -2.182530E-03  -4.183832E-02  1.000000E+00  1.720447E-01  4.852447E-26  1.818126E-11   5.000000E-01 NotAppl  3.604415E-02  0.000000E+00  
5.542400E+01  3.499571E+01  4.677200E+01  2.741391E-09  1.000000E+00  7.375707E+02  2.399889E-41  1.286511E-23   5.000000E-01 NotAppl  2.726200E-16  4.962850E-15  
3.174883E+03  1.305240E+01  3.225035E+01  -1.410018E-03  1.000000E+00  8.827090E-03  6.482614E-25  8.678825E-16   5.000000E-01 NotAppl  9.887129E-02  0.000000E+00  
3.413559E+01  4.427902E+02  -4.422488E+02  3.949776E-06  1.000000E+00  4.912708E-03  4.708980E-36  7.160459E-17   5.000000E-01 NotAppl  8.915297E-11  1.863697E-08  
5.398174E+02  3.349236E+01  -3.328488E+01  -1.423750E-03  1.000000E+00  9.387416E-03  6.782775E-25  3.284872E-14   5.000000E-01 NotAppl  6.304573E-01  0.000000E+00  
4.975961E+02  3.292393E-01  5.900144E+00  1.168688E-04  1.000000E+00  7.525842E-02  9.657135E-26  2.614430E-16   5.000000E-01 NotAppl  9.775677E-02  0.000000E+00  
5.162160E+02  2.534871E-04  3.764210E+02  9.751713E-08  1.000000E+00  2.859127E-04  1.743499E-23  1.688549E-22   5.000000E-01 NotAppl  1.716061E+01  0.000000E+00  
1.477354E+03  2.676835E-03  -2.397479E-03  3.669602E-05  1.000000E+00  7.796810E-01  1.002901E-26  2.793070E-18   5.000000E-01 NotAppl  3.302382E-03  0.000000E+00  
3.831635E+01  6.487492E-02  -6.033748E-02  -5.079965E-10  1.000000E+00  5.706379E-05  9.759787E-44  9.367430E-25   5.000000E-01 NotAppl  1.634602E-18  2.912086E-16  
4.569310E+03  1.826017E-03  -1.701456E-03  4.236730E-10  1.000000E+00  6.821596E+00  1.055455E-27  3.735874E-29   5.000000E-01 NotAppl  1.097420E-04  0.000000E+00  
1.970102E+02  9.587979E+02  -8.748586E+02  1.959958E-03  1.000000E+00  1.948659E-04  1.602458E-23  4.901523E-13   5.000000E-01 NotAppl  4.419359E+01  0.000000E+00  
3.088722E+02  1.980760E-01  -1.966371E-01  -1.310510E+00  1.000000E+00  1.671699E-03  7.683235E-24  8.722981E-08   0.000000E+00 XENON1T_2018  1.434713E+01  0.000000E+00  
1.416206E+03  1.850130E+01  6.770467E+02  -6.216491E-03  1.000000E+00  5.948572E-05  7.792329E-23  8.737185E-14   5.000000E-01 NotAppl  2.727542E+01  0.000000E+00  
5.592806E+01  4.540457E-02  2.438201E+02  -2.638874E+00  1.000000E+00  9.205207E-04  6.686460E-24  1.170281E-05   0.000000E+00 XENON1T_2018  7.121103E+01  3.340637E-01  
1.798761E+02  3.563333E-01  -3.285433E-01  -4.062182E-05  1.000000E+00  1.445375E-02  5.767176E-25  2.537122E-16   5.000000E-01 NotAppl  1.683670E+00  0.000000E+00  
1.737354E+02  6.185873E-01  6.153388E+00  -3.781199E+00  1.000000E+00  4.445616E-06  2.536979E-21  2.360480E-06   0.000000E+00 XENON1T_2018  9.165001E+03  0.000000E+00  
1.743071E+03  1.020772E+02  4.142748E+02  -2.520320E-02  1.000000E+00  6.441862E-05  5.845952E-23  9.404019E-13   5.000000E-01 NotAppl  1.650016E+01  0.000000E+00  
7.341272E+02  4.264329E-04  3.971136E-03  9.692046E-08  1.000000E+00  2.064844E-01  4.006201E-26  8.120364E-23   5.000000E-01 NotAppl  2.708223E-02  0.000000E+00  
2.907608E+01  3.394640E-01  -3.393169E-01  -5.875650E-09  1.000000E+00  3.797346E-03  8.474982E-42  2.193344E-22   5.000000E-01 NotAppl  1.906442E-16  4.360267E-14  
1.575294E+03  4.659941E-02  5.599448E-01  4.320984E-03  1.000000E+00  8.601578E-01  8.946925E-27  3.397568E-14   5.000000E-01 NotAppl  2.758821E-03  0.000000E+00  
2.906912E+02  2.770762E-04  2.298436E-03  7.955056E-03  1.000000E+00  3.534063E-02  2.421515E-25  3.639329E-12   5.000000E-01 NotAppl  4.282249E-01  0.000000E+00  
1.362440E+03  5.644638E-03  9.483621E-04  2.810054E-03  1.000000E+00  6.683008E-01  1.178255E-26  1.931933E-14   5.000000E-01 NotAppl  4.216094E-03  0.000000E+00  
4.617587E+01  1.097803E-03  5.599759E-01  -1.453292E-02  1.000000E+00  3.838850E-04  1.494088E-28  5.245095E-10   5.910095E-30 LZ5Tmedian  2.058970E-03  1.152560E-01  
7.907312E+01  4.137273E+01  2.531950E+01  3.070377E-04  1.000000E+00  2.007365E-02  3.953365E-32  7.812458E-14   5.000000E-01 NotAppl  3.135353E-07  0.000000E+00  
2.044133E+01  6.609935E+00  -6.609479E+00  1.062810E-01  1.000000E+00  4.114565E-02  2.195931E-27  1.460496E-07   0.000000E+00 XENON1T_2018  7.272267E-02  2.284540E-01  
5.819708E+01  1.045556E+02  -1.045530E+02  3.572052E-05  1.000000E+00  5.433713E-03  1.053489E-32  1.977231E-15   5.000000E-01 NotAppl  1.141989E-07  6.647682E-07  
4.872859E+03  9.600776E-03  9.372337E-01  2.095880E-09  1.000000E+00  5.225972E+00  1.170355E-27  8.021670E-28   5.000000E-01 NotAppl  1.143859E-04  0.000000E+00  
7.225008E+01  4.596563E+01  -4.592650E+01  2.065685E-08  1.000000E+00  1.708221E-02  5.616522E-40  4.251987E-22   5.000000E-01 NotAppl  4.880895E-15  0.000000E+00  
1.388486E+01  2.362333E+01  -2.359069E+01  2.684882E+00  1.000000E+00  9.294344E-03  6.070375E-25  2.016945E-04   0.000000E+00 XENON1T_2018  3.119058E+01  2.708700E-01  
2.011020E+01  1.503202E+02  -1.324017E+02  3.816853E-06  1.000000E+00  2.183882E+04  2.812726E-36  1.946438E-16   5.000000E-01 NotAppl  9.483221E-11  8.105933E-09  
1.048696E+02  1.805378E-04  3.637491E-04  -6.384985E-09  1.000000E+00  6.171863E-03  1.212252E-24  1.894479E-23   5.000000E-01 NotAppl  6.273061E+00  0.000000E+00  
5.985707E+03  6.687934E+00  -6.687787E+00  -2.146533E-05  1.000000E+00  2.185453E-01  2.700422E-26  5.538805E-20   5.000000E-01 NotAppl  2.123558E-03  0.000000E+00  
3.858946E+02  1.458546E-04  2.372617E+01  -2.137309E-09  1.000000E+00  1.976232E-02  2.822452E-25  1.470926E-25   5.000000E-01 NotAppl  3.729357E-01  0.000000E+00  
4.613630E+03  4.808288E-02  3.225876E+02  -1.667975E+00  1.000000E+00  1.966387E-04  2.532003E-23  5.677865E-10   2.933030E-01 NotAppl  2.650289E+00  0.000000E+00  
2.635295E+01  1.384211E-02  7.543530E+00  6.007799E-01  1.000000E+00  1.997285E-03  8.098598E-26  2.797583E-06   0.000000E+00 XENON1T_2018  2.034052E+00  2.514460E-01  
8.609594E+02  1.598282E+00  2.351111E+01  7.419697E-05  1.000000E+00  2.514378E-02  1.955113E-25  3.436750E-17   5.000000E-01 NotAppl  1.137436E-01  0.000000E+00  
3.662449E+01  1.411817E+01  -1.313582E+01  -7.421180E-09  1.000000E+00  2.772243E-03  1.888119E-41  2.191250E-22   5.000000E-01 NotAppl  3.311331E-16  1.610549E-14  
1.596940E+03  3.398059E-03  1.036522E+02  -6.435783E-07  1.000000E+00  1.759953E-03  2.720713E-24  7.330307E-22   5.000000E-01 NotAppl  8.416772E-01  0.000000E+00  
1.077014E+02  1.025303E-02  2.843490E-02  1.680325E-06  1.000000E+00  6.368910E-03  1.190640E-24  1.242325E-18   5.000000E-01 NotAppl  5.991715E+00  0.000000E+00  
2.962457E+02  9.996477E+02  -9.761580E+02  6.947904E-08  1.000000E+00  9.688129E-05  3.682853E-23  2.670602E-22   5.000000E-01 NotAppl  6.425441E+01  0.000000E+00  
1.229347E+03  8.404314E-01  5.011110E-02  -4.573930E-10  1.000000E+00  5.138225E-01  1.508608E-26  6.312598E-28   5.000000E-01 NotAppl  5.999580E-03  0.000000E+00  
2.288925E+02  1.858819E-04  4.205509E+00  5.932175E-06  1.000000E+00  2.031486E-02  3.828071E-25  3.302042E-18   5.000000E-01 NotAppl  8.686617E-01  0.000000E+00  
3.825244E+01  7.722836E-02  -7.568922E-02  -5.772960E-03  1.000000E+00  5.986703E-05  1.255513E-29  1.213862E-10   1.459993E-07 LZ5Tmedian  2.106510E-04  3.287283E-02  
1.044630E+02  3.110378E-01  2.950157E+02  6.785238E-08  1.000000E+00  2.948021E-03  1.633545E-24  2.156546E-21   5.000000E-01 NotAppl  8.415436E+00  0.000000E+00  
6.481811E+01  6.334161E-01  1.635035E-02  1.605778E-03  1.000000E+00  5.996058E-03  6.640736E-29  3.206975E-12   5.000000E-01 NotAppl  6.446236E-04  0.000000E+00  
6.115315E+03  8.229786E-04  3.847604E+00  -1.154787E-04  1.000000E+00  9.416343E-01  4.586148E-27  1.534750E-18   5.000000E-01 NotAppl  3.598788E-04  0.000000E+00  
5.497591E+03  5.603091E-02  -5.542493E-02  4.437192E-02  1.000000E+00  9.511612E+00  7.550392E-28  2.813484E-13   5.000000E-01 NotAppl  6.514310E-05  0.000000E+00  
3.276560E+01  3.279924E+02  -2.688441E+02  -5.128461E-09  1.000000E+00  1.223233E+06  7.459012E-42  1.311766E-22   5.000000E-01 NotAppl  1.475659E-16  3.200257E-14  
5.963143E+01  1.534681E-04  9.459757E-01  5.038437E-02  1.000000E+00  7.683688E-04  4.610884E-26  3.743175E-09   3.308905E-192 LZ5Tmedian  4.874210E-01  2.051838E-01  
6.617955E+01  2.367553E+01  -2.366480E+01  -4.311207E+00  1.000000E+00  5.167023E-05  1.883757E-22  2.215607E-05   0.000000E+00 XENON1T_2018  1.760542E+03  0.000000E+00  
4.390544E+02  1.902319E-01  1.805864E-01  1.568807E-09  1.000000E+00  7.644173E-02  1.095738E-25  6.085677E-26   5.000000E-01 NotAppl  1.261623E-01  0.000000E+00  
3.124838E+01  1.402633E-04  4.604402E-03  7.722014E-03  1.000000E+00  2.175372E-03  1.587491E-29  3.274044E-10   3.539007E-18 LZ5Tmedian  3.301314E-04  5.694941E-02  
2.353875E+03  1.360242E+01  -1.360184E+01  -2.094162E-08  1.000000E+00  5.488620E-02  1.124716E-25  3.520422E-25   5.000000E-01 NotAppl  2.288320E-02  0.000000E+00  
4.868544E+03  3.305686E-04  6.531489E-04  9.373022E-01  1.000000E+00  1.024760E+00  9.945357E-27  1.607213E-10   5.000000E-01 NotAppl  1.019495E-03  0.000000E+00  
7.796074E+01  7.111848E+02  -3.709649E+02  2.995941E-06  1.000000E+00  3.610963E-02  4.380780E-36  7.656707E-18   5.000000E-01 NotAppl  3.496726E-11  0.000000E+00  
1.488261E+03  9.375979E-04  7.335035E-04  -5.062837E-07  1.000000E+00  7.906729E-01  9.883380E-27  5.237426E-22   5.000000E-01 NotAppl  3.229943E-03  0.000000E+00  
2.657597E+01  8.565741E-01  4.245709E+01  1.563516E-03  1.000000E+00  5.473814E-03  5.534919E-31  1.862783E-11   1.277957E-01 NotAppl  1.375989E-05  3.072939E-03  
5.517735E+03  5.178850E+01  -4.647955E+01  -9.984400E-04  1.000000E+00  4.322467E-03  1.577395E-24  1.413979E-16   5.000000E-01 NotAppl  1.347211E-01  0.000000E+00  
1.500386E+02  4.053300E+02  -4.052913E+02  2.040871E-01  1.000000E+00  6.415801E-04  9.428435E-24  9.287849E-09   4.709920E-245 LZ5Tmedian  3.441542E+01  0.000000E+00  
5.521157E+02  6.066866E-02  2.777121E+02  1.982538E-09  1.000000E+00  4.109278E-04  1.207045E-23  6.082620E-26   5.000000E-01 NotAppl  1.109209E+01  0.000000E+00  
3.028202E+03  1.376104E-04  3.382584E-04  5.445207E-01  1.000000E+00  9.435395E-01  1.027432E-26  1.425122E-10   5.000000E-01 NotAppl  1.695677E-03  0.000000E+00  
3.245072E+02  2.459095E-01  -2.457623E-01  3.060927E-05  1.000000E+00  4.335421E-02  1.957305E-25  4.301115E-17   5.000000E-01 NotAppl  3.086323E-01  0.000000E+00  
1.208216E+02  5.491206E+01  -5.491180E+01  -1.529749E-05  1.000000E+00  3.252318E-03  1.799337E-24  8.134798E-17   5.000000E-01 NotAppl  8.118002E+00  0.000000E+00  
1.392003E+03  3.623018E-04  9.954308E-03  -3.678745E-08  1.000000E+00  6.962265E-01  1.128844E-26  3.169187E-24   5.000000E-01 NotAppl  3.951240E-03  0.000000E+00  
5.913579E+03  2.960127E+01  -2.959953E+01  -1.309805E-07  1.000000E+00  1.261990E-02  5.155832E-25  2.113754E-24   5.000000E-01 NotAppl  4.104195E-02  0.000000E+00  
1.176779E+01  1.318615E+02  -1.260184E+02  3.672796E-04  1.000000E+00  5.852459E+01  2.182800E-32  5.232538E-12   5.000000E-01 NotAppl  1.355980E-06  1.797330E-04  
2.492493E+03  2.500781E+01  -2.293587E+01  6.991359E-05  1.000000E+00  1.745253E-02  3.699429E-25  3.492104E-18   5.000000E-01 NotAppl  7.097985E-02  0.000000E+00  
3.200017E+02  6.249184E-02  -6.236300E-02  -7.185452E-10  1.000000E+00  4.244337E-02  2.009008E-25  2.439020E-26   5.000000E-01 NotAppl  3.214322E-01  0.000000E+00  
3.493835E+02  1.602093E+02  3.240298E+01  3.763917E-10  1.000000E+00  2.372537E-04  1.415385E-23  5.590956E-27   5.000000E-01 NotAppl  2.075682E+01  0.000000E+00  
1.280629E+02  1.063233E-02  -9.790189E-03  2.949380E-03  1.000000E+00  8.196771E-03  9.840445E-25  2.683769E-12   5.000000E-01 NotAppl  4.137748E+00  0.000000E+00  
1.248334E+02  1.161919E+00  -9.941249E-01  -4.149712E-01  1.000000E+00  2.705877E-03  1.245503E-24  5.598352E-08   0.000000E+00 XENON1T_2018  5.422105E+00  0.000000E+00  
1.706844E+03  9.195734E-01  1.648546E+01  -4.106819E-05  1.000000E+00  5.359723E-02  8.891888E-26  2.606184E-18   5.000000E-01 NotAppl  2.565498E-02  0.000000E+00  
1.087570E+02  3.691813E-03  5.647316E-03  -2.065789E-09  1.000000E+00  6.465155E-03  1.180978E-24  1.840507E-24   5.000000E-01 NotAppl  5.882902E+00  0.000000E+00  
2.744027E+03  1.765219E-01  2.527142E-01  -7.664299E+00  1.000000E+00  6.495787E-03  1.942652E-24  3.450557E-08   4.573456E-55 LZ5Tmedian  3.612210E-01  0.000000E+00  
6.172316E+02  2.515669E-02  1.352351E+02  -1.250672E+00  1.000000E+00  1.368813E-03  3.166825E-24  1.927320E-08   8.795861E-134 LZ5Tmedian  2.661057E+00  0.000000E+00  
6.090278E+03  1.112715E+02  -1.112687E+02  5.322827E-05  1.000000E+00  9.837401E-04  7.180787E-24  3.288057E-19   5.000000E-01 NotAppl  5.548016E-01  0.000000E+00  
4.565841E+03  9.571462E-02  -9.520284E-02  4.504771E+00  1.000000E+00  4.949018E-02  2.382319E-25  4.230063E-09   9.772901E-05 LZ5Tmedian  2.616139E-02  0.000000E+00  
8.452577E+03  4.352875E-04  5.531649E-01  4.774615E-05  1.000000E+00  1.507742E+01  3.915243E-28  1.359363E-19   5.000000E-01 NotAppl  2.189971E-05  0.000000E+00  
1.365158E+01  3.081176E-04  1.517402E+01  -2.244933E-10  1.000000E+00  6.818330E-04  8.581047E-45  1.458240E-24   5.000000E-01 NotAppl  4.484948E-19  4.356968E-17  
3.794332E+03  9.447268E-04  2.943744E-01  4.428984E+00  1.000000E+00  3.568613E-02  3.332796E-25  5.958130E-09   1.609969E-07 LZ5Tmedian  4.417559E-02  0.000000E+00  
2.856014E+02  6.735826E+02  -6.735677E+02  1.483328E-05  1.000000E+00  2.284966E-04  2.939765E-23  1.311957E-17   5.000000E-01 NotAppl  5.330893E+01  0.000000E+00  
4.854621E+01  1.060305E-02  1.113254E-02  -7.036153E-07  1.000000E+00  1.113897E-03  4.584743E-37  1.110291E-18   5.000000E-01 NotAppl  5.999398E-12  4.454001E-10  
3.658643E+03  1.814100E-02  2.685278E+01  -2.335635E-03  1.000000E+00  2.357233E-02  1.950323E-25  1.784381E-15   5.000000E-01 NotAppl  2.582257E-02  0.000000E+00  
1.707586E+03  3.309832E+02  -3.097135E+02  -1.633237E-03  1.000000E+00  1.071105E-04  5.289887E-23  4.118204E-15   5.000000E-01 NotAppl  1.495757E+01  0.000000E+00  
6.794032E+01  1.851466E-02  1.197202E+01  -1.429242E-03  1.000000E+00  4.973956E-03  9.144340E-30  2.307933E-12   5.000000E-01 NotAppl  8.407167E-05  0.000000E+00  
1.872526E+03  1.382684E+02  -1.044965E+02  -6.532199E-08  1.000000E+00  4.758486E-04  1.075791E-23  5.458964E-24   5.000000E-01 NotAppl  2.768856E+00  0.000000E+00  
1.874642E+03  1.477058E+01  -1.476641E+01  1.246874E-09  1.000000E+00  4.654614E-02  1.338005E-25  1.984437E-27   5.000000E-01 NotAppl  3.438377E-02  0.000000E+00  
1.272138E+03  1.202485E-02  4.079200E-02  -1.165320E-02  1.000000E+00  5.862671E-01  1.351127E-26  3.821243E-13   5.000000E-01 NotAppl  5.185852E-03  0.000000E+00  
1.645037E+03  1.693679E+02  -1.693676E+02  -2.001146E-01  1.000000E+00  4.771633E-04  1.487424E-23  6.671206E-11   5.000000E-01 NotAppl  4.369927E+00  0.000000E+00  
1.504881E+03  6.445429E-03  2.745994E+01  -8.141006E-05  1.000000E+00  2.213610E-02  2.093935E-25  1.323887E-17   5.000000E-01 NotAppl  6.879785E-02  0.000000E+00  
1.986599E+02  2.239912E+01  8.447102E+01  -3.984591E-02  1.000000E+00  1.550928E-03  2.024041E-24  1.991516E-10   8.482762E-05 LZ5Tmedian  5.294926E+00  0.000000E+00  
3.429163E+02  2.570954E+02  -2.529868E+02  -7.220317E-09  1.000000E+00  3.251619E-04  1.659283E-23  2.137613E-24   5.000000E-01 NotAppl  2.481533E+01  0.000000E+00  
5.559569E+03  2.594999E-04  2.249648E+02  2.532683E-09  1.000000E+00  3.842157E-04  1.312009E-23  8.959691E-28   5.000000E-01 NotAppl  1.136521E+00  0.000000E+00  
1.050016E+01  8.619217E+01  -8.609814E+01  5.205790E-01  1.000000E+00  7.988020E-02  4.171108E-26  1.314546E-05   0.000000E+00 XENON1T_2018  2.963018E+00  4.993468E-01  
2.979869E+01  8.776192E-04  2.582469E+01  -1.380530E-03  1.000000E+00  1.985965E-03  4.800862E-31  1.152137E-11   2.517131E-01 NotAppl  1.051368E-05  5.248290E-04  
7.180627E+02  3.794479E+02  -1.540669E+02  4.954945E-06  1.000000E+00  6.303855E-05  5.761153E-23  2.220517E-19   5.000000E-01 NotAppl  3.991304E+01  0.000000E+00  
2.161135E+02  6.291741E+01  -6.291523E+01  7.130561E+00  1.000000E+00  1.659244E-06  4.874726E-21  5.366879E-06   0.000000E+00 XENON1T_2018  1.408148E+04  0.000000E+00  
8.298134E+03  5.311532E+01  1.541981E+02  -2.058387E-09  1.000000E+00  4.464583E-04  1.297501E-23  2.622875E-28   5.000000E-01 NotAppl  7.465452E-01  0.000000E+00  
1.636836E+01  6.756857E-01  -6.739074E-01  4.253133E-03  1.000000E+00  1.199223E-02  3.252468E-30  3.648942E-10   6.111436E-09 LZ5Tmedian  1.380689E-04  2.227986E-02  
8.289279E+01  7.960072E+02  -7.953904E+02  1.587298E-06  1.000000E+00  5.222836E-03  6.539364E-25  1.895894E-18   5.000000E-01 NotAppl  4.473032E+00  0.000000E+00  
1.880528E+02  1.670834E+02  -1.666699E+02  -1.359527E-09  1.000000E+00  1.067441E-03  5.663232E-24  2.594355E-25   5.000000E-01 NotAppl  1.595044E+01  0.000000E+00  
3.141907E+01  5.204931E+01  -5.204911E+01  2.165482E-08  1.000000E+00  8.006675E-03  1.256853E-40  2.546467E-21   5.000000E-01 NotAppl  2.601610E-15  5.792669E-13  
2.565710E+02  4.239291E-01  -4.237363E-01  1.168916E-01  1.000000E+00  2.337731E-02  3.883861E-25  1.014750E-09   4.461373E-17 LZ5Tmedian  7.900555E-01  0.000000E+00  
1.208091E+01  2.735824E+00  3.947739E-01  8.425328E-08  1.000000E+00  1.112836E+00  1.160118E-39  2.614832E-19   5.000000E-01 NotAppl  6.989738E-14  9.665933E-12  
1.927223E+03  1.017510E-04  4.914518E+01  -6.003809E+00  1.000000E+00  3.988515E-03  1.929591E-24  4.348745E-08   4.498856E-98 LZ5Tmedian  5.239613E-01  0.000000E+00  
3.309508E+02  5.305569E-03  5.753232E+02  -5.629442E+00  1.000000E+00  3.147122E-05  3.392669E-22  1.397410E-06   0.000000E+00 XENON1T_2018  6.301563E+02  0.000000E+00  
1.103420E+02  2.039554E-01  1.157107E+02  2.386202E-03  1.000000E+00  3.301208E-03  1.623607E-24  2.383959E-12   5.000000E-01 NotAppl  7.889236E+00  0.000000E+00  
8.091374E+03  1.620438E-04  2.576597E-01  -1.366535E-09  1.000000E+00  1.882429E+01  3.548503E-28  1.216806E-28   5.000000E-01 NotAppl  2.069305E-05  0.000000E+00  
1.255924E+03  2.365567E-01  2.001963E+00  -3.728525E-09  1.000000E+00  4.830815E-01  1.523987E-26  4.015617E-26   5.000000E-01 NotAppl  5.935805E-03  0.000000E+00  
2.174206E+02  2.366903E+01  3.693563E+00  -4.702211E-03  1.000000E+00  3.787158E-03  8.568736E-25  2.305222E-12   5.000000E-01 NotAppl  2.055239E+00  0.000000E+00  
1.343067E+01  8.861434E+01  -8.085343E+01  -4.880631E-02  1.000000E+00  5.026798E+00  4.035166E-28  7.118723E-08   0.000000E+00 XENON1T_2018  2.149263E-02  5.164374E-01  
1.084546E+03  3.439465E-02  -3.421528E-02  -3.267782E-06  1.000000E+00  4.333184E-01  1.852705E-26  4.160946E-20   5.000000E-01 NotAppl  8.378564E-03  0.000000E+00  
1.098248E+01  8.747618E+02  -7.226225E+02  -2.600543E-01  1.000000E+00  2.390369E-01  1.063309E-26  3.004314E-06   0.000000E+00 XENON1T_2018  7.163831E-01  9.895972E-01  
4.588113E+02  8.800172E+01  7.086644E+01  -2.993278E-01  1.000000E+00  4.773222E-04  6.884811E-24  2.024691E-09   2.105421E-19 LZ5Tmedian  7.629242E+00  0.000000E+00  
9.274745E+03  1.534784E+01  -1.532248E+01  1.966125E-05  1.000000E+00  4.512306E-02  1.391782E-25  1.909054E-20   5.000000E-01 NotAppl  7.025318E-03  0.000000E+00  
2.877246E+02  2.477616E-04  5.283728E-03  3.865360E-09  1.000000E+00  3.476765E-02  2.455960E-25  8.774809E-25   5.000000E-01 NotAppl  4.389580E-01  0.000000E+00  
6.908414E+03  1.381438E-02  9.068331E+02  -5.981719E-09  1.000000E+00  2.747686E-05  1.940905E-22  3.214205E-27   5.000000E-01 NotAppl  1.348433E+01  0.000000E+00  
2.245870E+03  1.836711E-02  4.463604E-01  4.396215E+00  1.000000E+00  1.330330E-02  9.255750E-25  1.707186E-08   1.515276E-33 LZ5Tmedian  2.092683E-01  0.000000E+00  
6.350624E+03  6.843741E+01  4.500739E+02  -7.052482E-03  1.000000E+00  7.233013E-05  6.954479E-23  5.301459E-15   5.000000E-01 NotAppl  5.258227E+00  0.000000E+00  
2.789319E+03  3.974593E-02  8.289956E-01  -3.450689E-06  1.000000E+00  2.323847E+00  3.032374E-27  6.765204E-21   5.000000E-01 NotAppl  5.215955E-04  0.000000E+00  
1.872836E+02  6.774918E+00  -6.773733E+00  -2.028527E-07  1.000000E+00  1.189074E-02  5.704108E-25  5.824568E-21   5.000000E-01 NotAppl  1.597627E+00  0.000000E+00  
8.015202E+02  5.993165E-03  2.552810E-02  -4.865713E-05  1.000000E+00  2.439986E-01  3.369426E-26  1.710487E-17   5.000000E-01 NotAppl  2.080435E-02  0.000000E+00  
3.189335E+02  6.464359E+01  -7.175798E+00  -1.682784E-05  1.000000E+00  1.162130E-03  2.780928E-24  1.346905E-17   5.000000E-01 NotAppl  4.484539E+00  0.000000E+00  
8.972505E+03  8.968746E-03  3.886825E+01  -1.227697E-09  1.000000E+00  1.173501E-02  4.066726E-25  7.961494E-29   5.000000E-01 NotAppl  2.167789E-02  0.000000E+00  
1.987200E+03  1.250936E-01  3.374354E+02  -