MD1           DMP           DM3           l345          ld           Omegah2       sigV          protonSI      PvalDD        expName      CMB_ID        brH_DMDM      
1.063964E+02  2.394256E-03  3.174112E-01  -6.556695E-07  1.000000E+00  6.159113E-03  1.202567E-24  1.939449E-19   5.000000E-01 NotAppl  6.129216E+00  0.000000E+00  
1.898760E+01  1.895566E-01  1.792309E+02  -9.515490E-08  1.000000E+00  1.940540E-03  1.709842E-39  1.357454E-19   5.000000E-01 NotAppl  6.143559E-14  1.232045E-11  
1.247276E+01  4.223118E-02  -3.182630E-02  8.005101E-08  1.000000E+00  1.254754E-03  1.059314E-39  2.216556E-19   5.000000E-01 NotAppl  6.148913E-14  8.969570E-12  
1.013569E+01  1.420834E-04  1.473825E+02  -3.183777E-10  1.000000E+00  4.064557E-04  1.531581E-44  5.268153E-24   5.000000E-01 NotAppl  1.134203E-18  1.428772E-16  
2.118274E+03  1.193164E-04  2.269664E-04  1.876933E-08  1.000000E+00  1.550640E+00  4.894475E-27  3.505647E-25   5.000000E-01 NotAppl  1.113938E-03  0.000000E+00  
4.465497E+01  9.555081E-04  1.169637E+00  -3.337787E+00  1.000000E+00  1.405445E-04  1.076416E-24  2.961965E-05   0.000000E+00 XENON1T_2018  1.471279E+01  2.518982E-01  
1.624395E+02  5.552414E-04  6.357728E-04  -3.437070E-01  1.000000E+00  4.944633E-03  2.077803E-24  2.238534E-08   0.000000E+00 LZ5Tmedian  7.517458E+00  0.000000E+00  
3.177030E+02  9.541056E+02  -9.540834E+02  4.238021E-05  1.000000E+00  1.654164E-04  4.119383E-23  8.610802E-17   5.000000E-01 NotAppl  6.676657E+01  0.000000E+00  
6.573902E+02  9.605091E-02  1.608036E+02  4.958793E-06  1.000000E+00  9.040674E-04  5.399306E-24  2.663605E-19   5.000000E-01 NotAppl  4.150793E+00  0.000000E+00  
2.829955E+01  1.872761E+02  -1.871379E+02  -4.612776E-04  1.000000E+00  1.353366E-02  5.086615E-32  1.427934E-12   5.000000E-01 NotAppl  1.179920E-06  2.709940E-04  
3.041578E+02  4.465708E+01  -4.258023E+01  -1.114330E-09  1.000000E+00  4.710565E-03  1.171198E-24  6.508624E-26   5.000000E-01 NotAppl  1.985221E+00  0.000000E+00  
2.953571E+03  3.283659E+01  -3.283215E+01  -1.183217E-04  1.000000E+00  1.031528E-02  6.317806E-25  7.079656E-18   5.000000E-01 NotAppl  1.019148E-01  0.000000E+00  
3.764296E+01  4.544609E+01  -4.138017E+01  -6.874358E-03  1.000000E+00  4.753821E-03  1.716471E-29  1.778323E-10   1.004885E-10 LZ5Tmedian  2.924223E-04  5.028246E-02  
3.768188E+02  8.392583E+01  -7.465911E+01  -4.404571E-08  1.000000E+00  1.364578E-03  3.292154E-24  6.558681E-23   5.000000E-01 NotAppl  4.459745E+00  0.000000E+00  
4.606419E+01  1.842691E-01  4.439387E+00  -9.262353E-07  1.000000E+00  6.381647E-04  5.999549E-37  2.141075E-18   5.000000E-01 NotAppl  8.266794E-12  6.930371E-10  
1.904744E+01  6.435101E-03  -1.724325E-04  1.555297E-07  1.000000E+00  2.120815E-03  4.573221E-39  3.603717E-19   5.000000E-01 NotAppl  1.636738E-13  3.290969E-11  
3.867979E+03  1.794841E-04  3.002981E-04  4.840504E-04  1.000000E+00  4.941908E+00  1.472231E-27  6.843822E-17   5.000000E-01 NotAppl  1.813185E-04  0.000000E+00  
3.779421E+01  1.315256E-02  4.578325E-02  6.039799E-03  1.000000E+00  8.839495E-05  1.337025E-29  1.361611E-10   2.195130E-08 LZ5Tmedian  2.272025E-04  3.550125E-02  
6.975827E+03  2.173220E+00  -1.766724E+00  4.140148E+00  1.000000E+00  1.004167E-01  1.130270E-25  1.509680E-09   1.154688E-01 NotAppl  7.967356E-03  0.000000E+00  
4.832428E+01  8.353312E-04  4.788184E+01  8.216914E+00  1.000000E+00  1.332781E-03  5.555215E-25  1.528402E-04   0.000000E+00 XENON1T_2018  8.371200E+00  3.333362E-01  
1.430299E+01  1.291695E-03  1.613292E-01  -8.542776E-08  1.000000E+00  1.009328E-03  1.260394E-39  1.925255E-19   5.000000E-01 NotAppl  6.242588E-14  1.014768E-11  
2.871121E+03  4.792920E+01  -4.745701E+01  -7.723459E-07  1.000000E+00  4.990285E-03  1.335826E-24  3.195486E-22   5.000000E-01 NotAppl  2.218046E-01  0.000000E+00  
2.786870E+03  3.712580E+02  -3.712045E+02  -3.941934E-06  1.000000E+00  1.041006E-04  7.094067E-23  8.844323E-21   5.000000E-01 NotAppl  1.214248E+01  0.000000E+00  
9.825001E+03  5.415544E-04  1.105430E+01  -7.202348E-05  1.000000E+00  1.333212E-01  3.319538E-26  2.278884E-19   5.000000E-01 NotAppl  1.613943E-03  0.000000E+00  
1.921408E+02  2.440874E-02  -2.324839E-02  -2.638391E+00  1.000000E+00  3.688678E-05  4.024929E-22  9.349551E-07   0.000000E+00 XENON1T_2018  1.304084E+03  0.000000E+00  
2.248026E+01  1.586918E-03  -1.229135E-03  1.586213E-09  1.000000E+00  2.650427E-03  5.113608E-43  2.687120E-23   5.000000E-01 NotAppl  1.526047E-17  3.353544E-15  
1.636833E+01  7.306525E+02  -7.306450E+02  -4.857594E-03  1.000000E+00  7.468526E-02  4.242562E-30  4.759845E-10   1.929794E-11 LZ5Tmedian  1.800958E-04  3.055416E-02  
4.009680E+02  2.792374E-02  3.452913E-01  4.786385E-06  1.000000E+00  6.478901E-02  1.305253E-25  6.820520E-19   5.000000E-01 NotAppl  1.651647E-01  0.000000E+00  
3.900784E+03  1.318196E+02  -1.317843E+02  4.495225E-02  1.000000E+00  7.116195E-04  9.943524E-24  5.801750E-13   5.000000E-01 NotAppl  1.207762E+00  0.000000E+00  
2.214707E+03  5.704516E-03  1.737498E+02  -1.216499E-03  1.000000E+00  6.502351E-04  7.524711E-24  1.344954E-15   5.000000E-01 NotAppl  1.664865E+00  0.000000E+00  
1.869615E+02  3.243917E+02  4.631123E+02  -4.070618E-01  1.000000E+00  3.089138E-04  1.008053E-23  2.353719E-08   0.000000E+00 LZ5Tmedian  2.890871E+01  0.000000E+00  
6.276540E+03  7.126546E+00  -7.126339E+00  6.948419E-04  1.000000E+00  1.941206E-01  3.053760E-26  5.270347E-17   5.000000E-01 NotAppl  2.288595E-03  0.000000E+00  
2.902092E+01  3.810462E-04  1.650206E+00  -5.543475E-04  1.000000E+00  2.061403E-03  7.529314E-32  1.959875E-12   5.000000E-01 NotAppl  1.699183E-06  3.845587E-04  
8.014123E+01  4.957638E+02  5.058670E+01  -1.488777E-10  1.000000E+00  8.244564E-03  8.102660E-45  1.787135E-26   5.000000E-01 NotAppl  6.338491E-20  0.000000E+00  
1.458322E+02  5.333074E+00  1.644766E+02  -1.644349E+00  1.000000E+00  1.650225E-05  3.106831E-22  6.391285E-07   0.000000E+00 XENON1T_2018  1.334989E+03  0.000000E+00  
1.071088E+03  5.444091E-01  -5.426006E-01  2.487802E-10  1.000000E+00  4.155241E-01  1.916912E-26  2.473914E-28   5.000000E-01 NotAppl  8.780650E-03  0.000000E+00  
2.959024E+03  8.782520E+02  -2.988867E+02  -1.767730E-04  1.000000E+00  9.339085E-06  4.079002E-22  1.574288E-17   5.000000E-01 NotAppl  6.592563E+01  0.000000E+00  
3.305405E+03  1.549816E+01  -1.549142E+01  1.925024E-02  1.000000E+00  4.310776E-02  1.447035E-25  1.490304E-13   5.000000E-01 NotAppl  2.080787E-02  0.000000E+00  
4.462877E+03  1.877774E-04  7.126732E+01  -1.183282E-05  1.000000E+00  3.574596E-03  1.350740E-24  3.057189E-20   5.000000E-01 NotAppl  1.462071E-01  0.000000E+00  
2.226360E+02  3.229018E+01  -3.220631E+01  -3.839971E-04  1.000000E+00  6.866099E-03  8.836306E-25  1.464438E-14   5.000000E-01 NotAppl  2.075503E+00  0.000000E+00  
1.995760E+02  3.958390E+01  -3.957564E+01  -1.167743E-04  1.000000E+00  5.281868E-03  1.155731E-24  1.694400E-15   5.000000E-01 NotAppl  3.046004E+00  0.000000E+00  
4.052784E+01  9.995561E+02  -9.995557E+02  -1.770137E-04  1.000000E+00  4.475438E-04  1.369490E-32  1.014777E-13   5.000000E-01 NotAppl  2.157914E-07  3.408083E-05  
2.310956E+01  2.763189E-03  8.282799E-01  1.455192E-10  1.000000E+00  1.853797E-03  4.368144E-45  2.139239E-25   5.000000E-01 NotAppl  1.264127E-19  2.803911E-17  
2.419242E+01  3.090230E+02  -2.893461E+02  8.549884E-02  1.000000E+00  1.372779E+00  1.549043E-27  6.733731E-08   0.000000E+00 XENON1T_2018  4.266326E-02  3.422291E-01  
3.374662E+02  8.057383E-03  9.069417E+01  2.179816E-02  1.000000E+00  2.682995E-03  1.825477E-24  2.013258E-11   5.000000E-01 NotAppl  2.772995E+00  0.000000E+00  
8.646381E+01  3.657222E+01  -3.591858E+01  -1.865233E-08  1.000000E+00  5.021750E-03  8.464959E-25  2.401191E-22   5.000000E-01 NotAppl  5.463963E+00  0.000000E+00  
2.696935E+01  1.390390E-03  -1.280101E-03  -2.256120E-05  1.000000E+00  2.952912E-03  1.166273E-34  3.765189E-15   5.000000E-01 NotAppl  2.852642E-09  6.559138E-07  
4.709322E+02  2.190082E+00  -1.935110E+00  -1.059057E-10  1.000000E+00  8.092573E-02  9.854466E-26  2.402918E-28   5.000000E-01 NotAppl  1.055074E-01  0.000000E+00  
1.458569E+01  2.235535E+01  -2.235248E+01  2.331151E-01  1.000000E+00  8.484033E-02  9.441220E-27  1.378977E-06   0.000000E+00 XENON1T_2018  4.570301E-01  2.337210E-01  
4.666340E+01  1.575331E+01  1.250668E+01  2.802152E-09  1.000000E+00  1.711817E+00  5.845579E-42  1.908720E-23   5.000000E-01 NotAppl  7.949508E-17  4.955433E-15  
5.918419E+02  2.634948E-01  -1.963016E-01  1.501104E-01  1.000000E+00  1.121802E-01  7.991372E-26  3.025366E-10   6.661640E-03 LZ5Tmedian  6.841713E-02  0.000000E+00  
3.060731E+01  1.899816E+01  -1.647069E+01  -2.110628E-05  1.000000E+00  2.644145E-02  1.156594E-34  2.550855E-15   5.000000E-01 NotAppl  2.460073E-09  9.689301E-08  
3.207421E+03  9.001069E+01  -8.661132E+01  -8.892867E-08  1.000000E+00  1.456004E-03  4.654274E-24  3.381290E-24   5.000000E-01 NotAppl  6.901420E-01  0.000000E+00  
2.523689E+01  6.220102E-02  1.648009E+02  2.900822E-10  1.000000E+00  2.109710E-03  1.833460E-44  7.117773E-25   5.000000E-01 NotAppl  4.827168E-19  1.099624E-16  
4.691131E+03  5.334236E+00  3.869215E+01  -1.544297E-07  1.000000E+00  9.616727E-03  5.362844E-25  4.704959E-24   5.000000E-01 NotAppl  5.514986E-02  0.000000E+00  
9.408624E+02  1.783176E-02  -1.766327E-02  2.039759E-07  1.000000E+00  3.308775E-01  2.454820E-26  2.166868E-22   5.000000E-01 NotAppl  1.284924E-02  0.000000E+00  
3.103626E+01  1.553148E-04  3.364075E+01  -1.447225E-05  1.000000E+00  1.849747E-03  5.529304E-35  1.165976E-15   5.000000E-01 NotAppl  1.158408E-09  2.596881E-07  
7.435583E+02  1.284141E+01  -1.283775E+01  6.378364E-06  1.000000E+00  4.827163E-02  1.336419E-25  3.426396E-19   5.000000E-01 NotAppl  8.907444E-02  0.000000E+00  
1.323842E+03  4.137944E-04  9.862497E-03  -1.679984E+00  1.000000E+00  2.855802E-02  4.186344E-25  7.322022E-09   1.585832E-24 LZ5Tmedian  1.643100E-01  0.000000E+00  
4.639805E+02  2.632891E-01  -2.432993E-01  1.592782E-09  1.000000E+00  8.561756E-02  9.840752E-26  5.603047E-26   5.000000E-01 NotAppl  1.069936E-01  0.000000E+00  
1.294803E+02  2.180739E-02  3.102956E+01  -5.749449E-06  1.000000E+00  5.545110E-03  1.152030E-24  9.970947E-18   5.000000E-01 NotAppl  4.762919E+00  0.000000E+00  
1.672641E+01  6.978288E+01  -5.072620E+01  -9.669940E-08  1.000000E+00  8.052901E+04  1.692453E-39  1.806537E-19   5.000000E-01 NotAppl  7.010462E-14  5.445491E-12  
1.463827E+01  7.861990E-03  4.469855E-03  1.679401E-01  1.000000E+00  1.364275E-03  4.905212E-27  7.105938E-07   0.000000E+00 XENON1T_2018  2.364728E-01  2.483984E-01  
2.011749E+03  1.902884E-01  7.628706E-01  -8.577416E-03  1.000000E+00  1.306685E+00  5.649925E-27  8.132761E-14   5.000000E-01 NotAppl  1.356644E-03  0.000000E+00  
1.036888E+01  7.738301E+00  3.853007E+01  3.828179E-10  1.000000E+00  2.737720E+03  2.241281E-44  7.285632E-24   5.000000E-01 NotAppl  1.615918E-18  2.611045E-17  
1.647019E+03  8.650544E+01  -8.588682E+01  -1.621451E-07  1.000000E+00  1.625978E-03  4.185594E-24  4.369068E-23   5.000000E-01 NotAppl  1.228166E+00  0.000000E+00  
8.969299E+02  1.170168E-01  2.288841E+00  -5.865490E-04  1.000000E+00  2.692347E-01  2.855989E-26  1.975540E-15   5.000000E-01 NotAppl  1.571907E-02  0.000000E+00  
1.498880E+01  3.713559E-01  -2.298249E-01  -6.093170E-04  1.000000E+00  4.373723E-03  6.502121E-32  8.924368E-12   5.000000E-01 NotAppl  3.051738E-06  5.143699E-04  
1.460735E+03  1.192101E+02  4.415525E+01  -6.924140E-03  1.000000E+00  2.609170E-04  1.410051E-23  1.017640E-13   5.000000E-01 NotAppl  4.726251E+00  0.000000E+00  
1.509156E+03  3.286249E+01  -3.286063E+01  -3.725567E-02  1.000000E+00  1.049413E-02  6.176046E-25  2.756562E-12   5.000000E-01 NotAppl  1.982722E-01  0.000000E+00  
5.097846E+03  1.257726E-02  2.077361E-01  -3.299818E-04  1.000000E+00  8.206915E+00  8.612398E-28  1.814081E-17   5.000000E-01 NotAppl  8.015265E-05  0.000000E+00  
3.905977E+02  1.428290E-01  -2.116184E-02  5.023678E-05  1.000000E+00  6.162630E-02  1.372482E-25  7.927448E-17   5.000000E-01 NotAppl  1.784883E-01  0.000000E+00  
1.576324E+03  1.153189E+01  4.852561E+02  -5.558300E-09  1.000000E+00  1.008150E-04  4.790619E-23  5.614462E-26   5.000000E-01 NotAppl  1.502110E+01  0.000000E+00  
5.196235E+02  8.302949E-02  4.705564E+00  3.381125E-08  1.000000E+00  8.905320E-02  8.524688E-26  2.002772E-23   5.000000E-01 NotAppl  8.247199E-02  0.000000E+00  
7.181501E+01  1.602478E+01  -1.602430E+01  -2.521288E-02  1.000000E+00  1.660680E-02  9.219867E-28  6.413073E-10   2.043109E-30 LZ5Tmedian  8.006500E-03  0.000000E+00  
2.704953E+03  1.971098E+02  -1.963801E+02  -1.359409E-08  1.000000E+00  3.336507E-04  2.129136E-23  1.117702E-25   5.000000E-01 NotAppl  3.757123E+00  0.000000E+00  
9.845770E+01  1.823942E+02  -1.821077E+02  -4.660213E-04  1.000000E+00  2.395221E-03  2.177821E-24  1.148541E-13   5.000000E-01 NotAppl  1.214518E+01  0.000000E+00  
1.817253E+01  2.369513E-02  -2.344490E-02  3.356661E-06  1.000000E+00  2.133545E-03  2.094935E-36  1.844326E-16   5.000000E-01 NotAppl  7.901481E-11  1.539918E-08  
5.315504E+02  6.581354E-03  -5.706324E-03  -6.313044E-04  1.000000E+00  1.116090E-01  7.545955E-26  6.665507E-15   5.000000E-01 NotAppl  7.124492E-02  0.000000E+00  
7.579098E+01  5.317594E-04  -3.552950E-04  -2.413274E-09  1.000000E+00  7.036374E-03  3.948727E-42  5.262988E-24   5.000000E-01 NotAppl  3.243493E-17  0.000000E+00  
6.243874E+01  5.376310E-03  1.215104E+02  -4.191074E-06  1.000000E+00  4.190321E-03  6.709873E-31  2.357916E-17   5.000000E-01 NotAppl  6.732106E-06  1.110603E-09  
7.925951E+02  1.647460E-03  1.557868E-02  6.664765E-09  1.000000E+00  2.388737E-01  3.444640E-26  3.283445E-25   5.000000E-01 NotAppl  2.151559E-02  0.000000E+00  
3.468879E+02  4.091569E-01  -4.088929E-01  -3.724708E-07  1.000000E+00  4.898374E-02  1.724648E-25  5.556016E-21   5.000000E-01 NotAppl  2.536850E-01  0.000000E+00  
9.984871E+02  4.531577E-04  4.437394E+00  6.769678E-04  1.000000E+00  2.505300E-01  2.716197E-26  2.114013E-15   5.000000E-01 NotAppl  1.341915E-02  0.000000E+00  
1.682611E+01  1.229561E-02  1.462190E+02  1.359702E-01  1.000000E+00  1.029006E-03  3.352764E-27  3.529673E-07   0.000000E+00 XENON1T_2018  1.379601E-01  3.289839E-01  
3.138851E+02  3.324754E-01  3.447370E+02  -1.300380E-05  1.000000E+00  4.866078E-04  9.800218E-24  8.310135E-18   5.000000E-01 NotAppl  1.602967E+01  0.000000E+00  
1.510200E+01  3.937149E+01  -2.971337E+01  -6.118532E-09  1.000000E+00  4.746298E+02  6.570874E-42  8.865201E-22   5.000000E-01 NotAppl  3.057479E-16  3.858568E-15  
2.494691E+01  8.580249E-01  -8.354424E-01  1.641064E-02  1.000000E+00  9.021174E-03  5.821814E-29  2.331751E-09   3.231077E-106 LZ5Tmedian  1.552532E-03  1.388409E-01  
3.207417E+02  5.706043E+02  -5.705974E+02  4.979177E+00  1.000000E+00  3.821310E-05  1.933688E-22  1.165650E-06   0.000000E+00 XENON1T_2018  3.291561E+02  0.000000E+00  
5.785966E+02  3.991135E-03  -3.700377E-03  2.971018E+00  1.000000E+00  2.362176E-03  5.621187E-24  1.241257E-07   0.000000E+00 XENON1T_2018  5.005132E+00  0.000000E+00  
1.152228E+03  1.934987E-02  -1.367016E-02  -7.985100E-05  1.000000E+00  4.861362E-01  1.643083E-26  2.195816E-17   5.000000E-01 NotAppl  6.982528E-03  0.000000E+00  
1.749014E+01  2.936041E-04  -1.040400E-04  -4.081484E-04  1.000000E+00  1.815023E-03  3.058156E-32  2.943776E-12   5.000000E-01 NotAppl  1.204584E-06  2.282433E-04  
3.264260E+02  3.327908E-04  6.306383E-02  -1.092900E-10  1.000000E+00  4.407798E-02  1.934461E-25  5.417445E-28   5.000000E-01 NotAppl  3.031635E-01  0.000000E+00  
4.877002E+02  2.776063E-02  8.801669E-01  6.447813E-02  1.000000E+00  8.868527E-02  9.614548E-26  8.291769E-11   1.902310E-01 NotAppl  9.959886E-02  0.000000E+00  
8.645626E+01  6.414431E-02  2.296749E+01  3.947615E+00  1.000000E+00  3.319287E-05  3.027706E-22  1.075741E-05   0.000000E+00 XENON1T_2018  1.956364E+03  0.000000E+00  
1.642653E+03  1.373301E-03  8.358147E-04  3.569949E-06  1.000000E+00  9.542016E-01  8.121485E-27  2.129388E-20   5.000000E-01 NotAppl  2.398489E-03  0.000000E+00  
2.706079E+01  2.775843E-01  1.499198E+01  4.549297E-10  1.000000E+00  2.926132E-03  4.755380E-44  1.520477E-24   5.000000E-01 NotAppl  1.157642E-18  1.123065E-16  
6.781922E+01  2.136182E-01  -2.128483E-01  -2.491057E-05  1.000000E+00  6.143977E-03  2.910548E-33  7.036565E-16   5.000000E-01 NotAppl  2.697944E-08  0.000000E+00  
1.523559E+03  5.620093E+01  -5.529679E+01  2.625776E-10  1.000000E+00  3.683156E-03  1.800273E-24  1.343036E-28   5.000000E-01 NotAppl  5.723049E-01  0.000000E+00  
5.082187E+02  6.830110E+00  -6.778796E+00  -3.059402E-04  1.000000E+00  6.505097E-02  1.092539E-25  1.715900E-15   5.000000E-01 NotAppl  1.080920E-01  0.000000E+00  
3.665169E+01  1.332583E-01  8.596351E+02  -1.722293E-10  1.000000E+00  2.298054E-04  1.018499E-44  1.178433E-25   5.000000E-01 NotAppl  1.784758E-19  3.431254E-17  
7.274234E+03  7.049382E+00  -7.047441E+00  2.955273E-05  1.000000E+00  1.994889E-01  2.974275E-26  7.064652E-20   5.000000E-01 NotAppl  1.919492E-03  0.000000E+00  
6.217873E+02  1.072795E-02  8.407729E+02  3.410820E-03  1.000000E+00  1.039358E-04  4.906373E-23  1.412073E-13   5.000000E-01 NotAppl  3.993269E+01  0.000000E+00  
1.403334E+01  2.036170E+00  -2.034842E+00  1.802024E+00  1.000000E+00  1.240404E-02  4.481116E-25  8.896250E-05   0.000000E+00 XENON1T_2018  2.271577E+01  2.507375E-01  
8.977281E+02  2.104592E+02  -1.915734E+02  -2.205315E-10  1.000000E+00  2.437971E-04  2.037328E-23  2.787595E-28   5.000000E-01 NotAppl  1.117117E+01  0.000000E+00  
2.374348E+03  3.121450E+01  -1.991654E+01  1.286182E+00  1.000000E+00  7.372774E-03  1.015396E-24  1.304724E-09   4.235066E-03 LZ5Tmedian  2.059961E-01  0.000000E+00  
8.597682E+01  3.710104E-02  -9.694719E-04  3.407704E-07  1.000000E+00  5.847295E-03  7.044817E-25  8.107953E-20   5.000000E-01 NotAppl  4.574128E+00  0.000000E+00  
1.447538E+02  6.195955E-03  -6.071193E-03  -2.640787E-06  1.000000E+00  1.006594E-02  8.116947E-25  1.673690E-18   5.000000E-01 NotAppl  3.010260E+00  0.000000E+00  
3.413177E+02  1.518157E-03  6.986388E+00  3.793629E-05  1.000000E+00  3.878300E-02  1.916901E-25  5.957722E-17   5.000000E-01 NotAppl  2.868416E-01  0.000000E+00  
1.350718E+02  7.005368E-01  -6.998138E-01  -9.449524E-03  1.000000E+00  8.845789E-03  8.805805E-25  2.469803E-11   1.942882E-01 NotAppl  3.507859E+00  0.000000E+00  
1.462920E+01  2.082563E-03  2.500733E+00  2.821969E-06  1.000000E+00  7.782863E-04  1.384655E-36  2.008869E-16   5.000000E-01 NotAppl  6.680457E-11  1.094870E-08  
9.521706E+02  1.601727E+00  -1.599606E+00  -3.771138E-02  1.000000E+00  3.128817E-01  2.475170E-26  7.228138E-12   5.000000E-01 NotAppl  1.280980E-02  0.000000E+00  
2.116380E+01  7.083114E+00  -7.082049E+00  8.805034E+00  1.000000E+00  2.227036E-02  1.119004E-25  9.348571E-04   0.000000E+00 XENON1T_2018  3.748364E+00  2.563278E-01  
2.532807E+02  1.061065E+02  -1.061008E+02  -5.606492E-06  1.000000E+00  1.568489E-03  4.109003E-24  2.396942E-18   5.000000E-01 NotAppl  8.456818E+00  0.000000E+00  
9.097044E+02  8.882261E+02  -8.866295E+02  2.644463E-05  1.000000E+00  4.263726E-05  1.689374E-22  3.901320E-18   5.000000E-01 NotAppl  9.135239E+01  0.000000E+00  
2.103472E+01  1.130053E+01  -1.130034E+01  7.097995E-08  1.000000E+00  3.850569E-02  9.916220E-40  6.150276E-20   5.000000E-01 NotAppl  3.182032E-14  3.331283E-12  
2.004347E+03  9.957617E-03  1.258603E-01  -1.088527E-09  1.000000E+00  1.392313E+00  5.469651E-27  1.319671E-27   5.000000E-01 NotAppl  1.317411E-03  0.000000E+00  
3.601496E+03  2.436129E-04  7.317806E+00  6.358984E-06  1.000000E+00  2.745421E-01  1.612893E-26  1.365726E-20   5.000000E-01 NotAppl  2.166749E-03  0.000000E+00  
2.653254E+02  1.125567E-03  -3.184701E-04  -7.337268E-04  1.000000E+00  2.987211E-02  2.857076E-25  3.732630E-14   5.000000E-01 NotAppl  5.557258E-01  0.000000E+00  
2.363791E+01  4.210788E-04  2.477312E-01  -1.899627E-04  1.000000E+00  2.248873E-03  7.540599E-33  3.483165E-13   5.000000E-01 NotAppl  2.131166E-07  4.770837E-05  
5.623114E+03  1.582919E-04  8.789448E-01  -1.284148E-06  1.000000E+00  6.571698E+00  9.059312E-28  2.250760E-22   5.000000E-01 NotAppl  7.660747E-05  0.000000E+00  
1.476121E+01  2.362343E+00  -2.361877E+00  2.550031E-01  1.000000E+00  7.624541E-02  1.133811E-26  1.611343E-06   0.000000E+00 XENON1T_2018  5.416176E-01  2.480984E-01  
1.158051E+02  1.153182E+02  -1.153172E+02  7.554816E-08  1.000000E+00  2.275290E-03  2.536211E-24  2.164260E-21   5.000000E-01 NotAppl  1.199723E+01  0.000000E+00  
5.064635E+01  3.802904E+00  -3.786373E+00  -4.525179E-03  1.000000E+00  1.445310E-03  2.529723E-29  4.212686E-11   5.071744E-03 LZ5Tmedian  3.168017E-04  1.490327E-02  
1.822694E+03  6.768488E-02  8.371213E+01  -1.916536E-10  1.000000E+00  2.625285E-03  1.813892E-24  4.964764E-29   5.000000E-01 NotAppl  4.900537E-01  0.000000E+00  
2.575768E+02  1.131562E-04  5.238548E-04  -1.641166E-06  1.000000E+00  2.825532E-02  3.020461E-25  1.984345E-19   5.000000E-01 NotAppl  6.059669E-01  0.000000E+00  
1.140246E+03  1.268957E+02  -1.268195E+02  1.902943E-06  1.000000E+00  8.282558E-04  8.442925E-24  1.273945E-20   5.000000E-01 NotAppl  3.616574E+00  0.000000E+00  
2.267780E+03  1.375059E-02  -1.362567E-02  -2.789273E-06  1.000000E+00  1.767056E+00  4.272519E-27  6.737782E-21   5.000000E-01 NotAppl  9.068599E-04  0.000000E+00  
4.044151E+03  4.426958E-03  3.350662E-03  2.572115E-10  1.000000E+00  5.386235E+00  1.346960E-27  1.765024E-29   5.000000E-01 NotAppl  1.585500E-04  0.000000E+00  
3.938520E+02  5.136672E-03  6.932463E+00  8.233937E-09  1.000000E+00  4.968392E-02  1.484518E-25  2.093779E-24   5.000000E-01 NotAppl  1.915193E-01  0.000000E+00  
1.454470E+02  1.643386E+00  -5.226207E-01  -2.183663E-05  1.000000E+00  8.369006E-03  8.156793E-25  1.133253E-16   5.000000E-01 NotAppl  3.010235E+00  0.000000E+00  
6.494659E+02  8.476814E+00  -8.194104E+00  1.787507E-03  1.000000E+00  7.287409E-02  9.282759E-26  3.547949E-14   5.000000E-01 NotAppl  7.120333E-02  0.000000E+00  
4.253375E+03  6.809391E-02  4.549206E-01  1.556439E-03  1.000000E+00  5.370029E+00  1.296498E-27  5.832797E-16   5.000000E-01 NotAppl  1.451185E-04  0.000000E+00  
5.764542E+03  3.250442E-04  5.189580E+02  -3.096586E+00  1.000000E+00  7.935524E-05  6.430848E-23  1.244338E-09   1.161995E-01 NotAppl  5.369916E+00  0.000000E+00  
1.231177E+02  4.178262E+01  -4.178052E+01  8.666909E-02  1.000000E+00  2.663925E-03  2.254083E-24  2.512313E-09   5.444522E-79 LZ5Tmedian  9.957794E+00  0.000000E+00  
4.770030E+01  1.436719E-03  -1.186446E-03  1.426189E-10  1.000000E+00  7.977748E-04  1.700917E-44  4.727946E-26   5.000000E-01 NotAppl  2.266558E-19  1.877401E-17  
4.933863E+01  1.372153E-02  2.046208E+00  -8.507781E-05  1.000000E+00  1.707021E-03  7.426172E-33  1.570623E-14   5.000000E-01 NotAppl  9.557631E-08  6.104370E-06  
2.018066E+01  7.874979E-02  -7.371766E-02  2.890337E-09  1.000000E+00  2.915336E-03  1.615282E-42  1.108351E-22   5.000000E-01 NotAppl  5.425093E-17  1.129377E-14  
5.095750E+03  1.979565E-01  3.812091E-01  2.226394E-02  1.000000E+00  6.936763E+00  1.002315E-27  8.265018E-14   5.000000E-01 NotAppl  9.347408E-05  0.000000E+00  
3.750769E+01  2.999972E-02  6.665878E+01  -1.469734E-07  1.000000E+00  1.236116E-04  7.785275E-39  8.188436E-20   5.000000E-01 NotAppl  1.333640E-13  2.468178E-11  
2.276002E+03  3.970341E-01  -3.966011E-01  -4.211855E-09  1.000000E+00  1.724760E+00  4.335019E-27  1.525037E-26   5.000000E-01 NotAppl  9.166445E-04  0.000000E+00  
5.133220E+03  2.543357E-03  1.298507E-02  2.013828E-09  1.000000E+00  8.546048E+00  8.365827E-28  6.662173E-28   5.000000E-01 NotAppl  7.729369E-05  0.000000E+00  
9.574211E+01  2.188232E-03  9.054492E-02  -1.025817E-10  1.000000E+00  5.594608E-03  1.184789E-24  5.893487E-27   5.000000E-01 NotAppl  6.758328E+00  0.000000E+00  
7.742742E+03  2.063520E-04  7.983123E-02  -1.086473E-03  1.000000E+00  1.882541E+01  3.695466E-28  8.411398E-17   5.000000E-01 NotAppl  2.251537E-05  0.000000E+00  
4.392475E+02  5.745469E-04  1.979505E-05  9.184049E-05  1.000000E+00  7.757243E-02  1.093587E-25  2.083759E-16   5.000000E-01 NotAppl  1.258561E-01  0.000000E+00  
4.058342E+03  8.617976E-03  1.869629E+02  4.998157E-06  1.000000E+00  5.505910E-04  9.010688E-24  6.617518E-21   5.000000E-01 NotAppl  1.074050E+00  0.000000E+00  
3.562018E+01  2.571988E-01  3.878749E+02  -1.201103E-05  1.000000E+00  4.539169E-04  4.687597E-35  6.073358E-16   5.000000E-01 NotAppl  8.467519E-10  1.691813E-07  
1.848786E+01  1.770294E-03  4.342007E+00  -3.352656E-09  1.000000E+00  1.166072E-03  2.102422E-42  1.777643E-22   5.000000E-01 NotAppl  7.782129E-17  1.460985E-14  
2.204449E+03  1.267953E+01  -1.265908E+01  -2.485712E-03  1.000000E+00  6.246914E-02  9.853800E-26  5.668826E-15   5.000000E-01 NotAppl  2.144390E-02  0.000000E+00  
9.848272E+01  1.498613E-03  1.048920E+01  1.301092E-06  1.000000E+00  4.657026E-03  1.249240E-24  8.947974E-19   5.000000E-01 NotAppl  6.906006E+00  0.000000E+00  
1.176759E+02  1.132720E-02  2.271909E-01  -1.459319E-06  1.000000E+00  7.138936E-03  1.088765E-24  7.814370E-19   5.000000E-01 NotAppl  5.000563E+00  0.000000E+00  
1.185199E+01  2.282728E-02  3.825916E+00  -2.643445E-10  1.000000E+00  5.917365E-04  1.133850E-44  2.672806E-24   5.000000E-01 NotAppl  6.984902E-19  9.626527E-17  
1.764535E+01  5.385747E-04  4.769057E-01  1.486684E-06  1.000000E+00  1.248480E-03  4.069240E-37  3.837382E-17   5.000000E-01 NotAppl  1.586285E-11  3.027350E-09  
9.162654E+03  6.126123E-04  7.993942E-01  -4.558172E-05  1.000000E+00  1.198276E+01  4.355575E-28  1.051720E-19   5.000000E-01 NotAppl  2.251921E-05  0.000000E+00  
1.226788E+03  1.039801E-01  -9.892012E-02  9.904208E-04  1.000000E+00  5.470015E-01  1.451737E-26  2.972448E-15   5.000000E-01 NotAppl  5.784738E-03  0.000000E+00  
5.588457E+03  3.180031E-02  4.238859E+01  -1.370980E-09  1.000000E+00  9.821689E-03  4.829614E-25  2.597878E-28   5.000000E-01 NotAppl  4.161539E-02  0.000000E+00  
3.419020E+01  8.500090E+02  -8.499491E+02  -1.074711E-05  1.000000E+00  4.586262E-03  3.495355E-35  5.284092E-16   5.000000E-01 NotAppl  6.597141E-10  1.381485E-07  
2.118922E+03  6.244125E+00  3.007918E+01  4.591514E-04  1.000000E+00  1.372373E-02  3.778539E-25  2.096582E-16   5.000000E-01 NotAppl  8.734359E-02  0.000000E+00  
3.148284E+03  3.876067E-01  8.959398E+00  7.894461E-05  1.000000E+00  1.777909E-01  2.582994E-26  2.767532E-18   5.000000E-01 NotAppl  3.980805E-03  0.000000E+00  
1.854240E+01  2.625094E-02  3.441335E+00  8.919397E+00  1.000000E+00  1.250704E-03  1.006747E-25  1.250764E-03   0.000000E+00 XENON1T_2018  3.850982E+00  2.512011E-01  
3.083419E+01  2.527029E-02  7.141173E-02  -1.163060E-06  1.000000E+00  2.273515E-03  3.543000E-37  7.630788E-18   5.000000E-01 NotAppl  7.485152E-12  1.680659E-09  
1.539518E+01  1.801257E-02  1.227427E+01  3.218960E+00  1.000000E+00  8.721783E-04  5.299004E-25  2.361644E-04   0.000000E+00 XENON1T_2018  2.421689E+01  2.541051E-01  
3.100063E+03  2.044449E-04  4.131916E+02  5.665282E-03  1.000000E+00  1.267686E-04  4.019928E-23  1.470734E-14   5.000000E-01 NotAppl  6.302801E+00  0.000000E+00  
1.613110E+02  1.043488E-04  5.351725E-02  -5.802845E-06  1.000000E+00  1.208966E-02  6.809499E-25  6.472544E-18   5.000000E-01 NotAppl  2.258182E+00  0.000000E+00  
9.696480E+03  1.610301E-04  4.166765E+02  1.844626E-06  1.000000E+00  1.166945E-04  4.489702E-23  1.535328E-22   5.000000E-01 NotAppl  2.212486E+00  0.000000E+00  
2.788801E+02  3.674172E+01  -2.313311E+01  -7.277108E-06  1.000000E+00  3.818784E-03  9.613755E-25  3.315469E-18   5.000000E-01 NotAppl  1.783683E+00  0.000000E+00  
1.536955E+03  1.131733E-02  3.136370E+01  -4.993261E-03  1.000000E+00  1.724990E-02  2.685376E-25  4.770772E-14   5.000000E-01 NotAppl  8.635955E-02  0.000000E+00  
2.913932E+01  3.348002E-03  -3.205262E-03  -8.443077E-10  1.000000E+00  2.734820E-03  1.753835E-43  4.509068E-24   5.000000E-01 NotAppl  3.940422E-18  9.008335E-16  
8.550180E+03  9.696525E+00  -9.695730E+00  2.168076E+00  1.000000E+00  7.166806E-02  1.139769E-25  2.738303E-10   5.000000E-01 NotAppl  6.298661E-03  0.000000E+00  
3.164471E+03  1.884994E-02  3.944288E+02  5.508364E-05  1.000000E+00  1.375631E-04  3.696323E-23  1.333399E-18   5.000000E-01 NotAppl  5.675023E+00  0.000000E+00  
1.336680E+02  3.405195E-03  7.215067E-01  1.477838E+00  1.000000E+00  9.616965E-05  1.403066E-22  6.171601E-07   0.000000E+00 XENON1T_2018  6.445145E+02  0.000000E+00  
6.574118E+03  4.167132E+01  -3.078853E+01  -1.842321E+00  1.000000E+00  7.666536E-03  8.450190E-25  3.372248E-10   5.000000E-01 NotAppl  6.051298E-02  0.000000E+00  
3.052050E+01  6.471084E-02  -6.085384E-02  1.337409E-04  1.000000E+00  2.557222E-03  4.628617E-33  1.030125E-13   5.000000E-01 NotAppl  9.887823E-08  2.229149E-05  
6.017006E+03  5.141422E-04  2.650386E+01  6.584187E+00  1.000000E+00  1.191303E-02  7.085218E-25  5.156345E-09   1.943412E-04 LZ5Tmedian  5.752833E-02  0.000000E+00  
3.775383E+03  3.027221E+02  -2.952899E+02  2.147256E-01  1.000000E+00  1.388608E-04  5.017552E-23  1.414792E-11   5.000000E-01 NotAppl  6.299846E+00  0.000000E+00  
8.064012E+02  5.586148E+01  -5.585985E+01  3.075458E-10  1.000000E+00  3.860425E-03  1.728223E-24  6.749339E-28   5.000000E-01 NotAppl  1.058683E+00  0.000000E+00  
1.218781E+03  4.699006E+02  -4.698936E+02  1.037264E-07  1.000000E+00  8.634321E-05  8.645052E-23  3.304123E-23   5.000000E-01 NotAppl  3.457464E+01  0.000000E+00  
3.657911E+01  2.006314E-03  -1.660343E-03  2.793312E-01  1.000000E+00  2.473344E-04  2.669918E-26  3.112277E-07   0.000000E+00 XENON1T_2018  4.685796E-01  2.493082E-01  
1.073154E+01  3.031550E-04  6.336475E-03  1.483293E-10  1.000000E+00  7.653362E-04  3.422601E-45  1.022669E-24   5.000000E-01 NotAppl  2.369811E-19  3.096138E-17  
2.829555E+03  1.390001E-03  -7.292377E-04  1.698590E-09  1.000000E+00  2.703524E+00  2.747754E-27  1.592149E-27   5.000000E-01 NotAppl  4.652671E-04  0.000000E+00  
2.004236E+01  1.435167E-01  -1.433331E-01  6.671947E-06  1.000000E+00  3.473467E-03  8.582986E-36  5.987981E-16   5.000000E-01 NotAppl  2.904686E-10  6.022225E-08  
4.551225E+03  1.057509E-01  -9.918809E-02  1.283099E-10  1.000000E+00  6.713418E+00  1.070477E-27  3.454251E-30   5.000000E-01 NotAppl  1.117496E-04  0.000000E+00  
8.162436E+01  1.919731E+01  5.314821E+02  1.039420E-10  1.000000E+00  5.228079E-03  4.355802E-25  8.390764E-27   5.000000E-01 NotAppl  3.051275E+00  0.000000E+00  
5.146026E+01  1.924953E+01  -1.924748E+01  1.923776E-03  1.000000E+00  1.708830E-03  5.194839E-30  7.370292E-12   3.985475E-01 NotAppl  6.397379E-05  2.983047E-03  
1.377097E+01  1.865029E-02  1.307425E+01  -1.490477E-04  1.000000E+00  7.476444E-04  3.792750E-33  6.318034E-13   5.000000E-01 NotAppl  1.961948E-07  2.183360E-05  
1.736655E+03  7.363267E-04  1.178875E+01  -7.490813E-03  1.000000E+00  1.057351E-01  4.412567E-26  8.369976E-14   5.000000E-01 NotAppl  1.249165E-02  0.000000E+00  
3.228320E+03  5.631077E+02  -5.631063E+02  2.343318E-02  1.000000E+00  4.821089E-05  1.563998E-22  2.316973E-13   5.000000E-01 NotAppl  2.303664E+01  0.000000E+00  
6.550315E+02  2.091248E+01  -2.091024E+01  -1.033900E-01  1.000000E+00  2.459150E-02  2.466807E-25  1.166448E-10   1.739239E-01 NotAppl  1.878312E-01  0.000000E+00  
4.058154E+01  1.522705E-03  1.044947E+00  1.251114E-02  1.000000E+00  1.054155E-04  6.868112E-29  5.055702E-10   2.890309E-29 LZ5Tmedian  1.080556E-03  9.636853E-02  
5.337273E+02  6.613531E-02  2.075463E-01  -7.725068E-03  1.000000E+00  1.120102E-01  7.482782E-26  9.897620E-13   5.000000E-01 NotAppl  7.035322E-02  0.000000E+00  
2.881992E+01  4.653148E+01  -4.653129E+01  1.902679E-09  1.000000E+00  1.244180E-02  8.807781E-43  2.341551E-23   5.000000E-01 NotAppl  2.000770E-17  4.590583E-15  
6.427340E+02  2.604058E+00  -2.599258E+00  2.753000E-05  1.000000E+00  1.401352E-01  5.605783E-26  8.596901E-18   5.000000E-01 NotAppl  4.347668E-02  0.000000E+00  
7.381053E+03  1.394804E-03  1.616422E-01  -2.586352E-10  1.000000E+00  1.675178E+01  4.120013E-28  5.253028E-30   5.000000E-01 NotAppl  2.635238E-05  0.000000E+00  
4.564312E+01  1.253682E+01  2.574786E+01  -3.361202E-04  1.000000E+00  5.299860E-01  7.570738E-32  2.872758E-13   5.000000E-01 NotAppl  1.055827E-06  3.644256E-05  
7.099360E+02  2.034774E+00  1.963427E+01  3.925586E-02  1.000000E+00  2.946466E-02  1.797837E-25  1.426544E-11   5.000000E-01 NotAppl  1.272836E-01  0.000000E+00  
3.127103E+02  2.342341E+01  -2.342147E+01  6.838234E-05  1.000000E+00  1.247792E-02  4.969608E-25  2.315742E-16   5.000000E-01 NotAppl  8.171432E-01  0.000000E+00  
5.055864E+03  9.966146E-04  2.304109E-02  -1.975653E-10  1.000000E+00  8.296518E+00  8.624377E-28  6.613017E-30   5.000000E-01 NotAppl  8.091867E-05  0.000000E+00  
2.340457E+02  6.574390E-01  3.358898E+00  -3.966680E-01  1.000000E+00  7.668239E-03  1.188849E-24  1.410584E-08   1.761753E-248 LZ5Tmedian  2.865044E+00  0.000000E+00  
2.861894E+01  3.702739E+00  -3.702560E+00  -3.395604E-02  1.000000E+00  1.118561E-02  2.786214E-28  7.564089E-09   0.000000E+00 LZ5Tmedian  6.384289E-03  2.607874E-01  
1.662684E+01  6.551697E+01  -6.518050E+01  4.785993E-08  1.000000E+00  8.012863E-02  4.138197E-40  4.478352E-20   5.000000E-01 NotAppl  1.725736E-14  3.154738E-12  
1.956610E+01  2.616731E-01  1.030033E+02  -2.987319E-03  1.000000E+00  2.353151E-03  1.704362E-30  1.259779E-10   7.993968E-05 LZ5Tmedian  5.923519E-05  1.174381E-02  
8.340662E+02  3.196549E-02  1.018935E-01  -6.599360E-07  1.000000E+00  2.628940E-01  3.115609E-26  2.900851E-21   5.000000E-01 NotAppl  1.846416E-02  0.000000E+00  
8.537686E+03  1.204866E+01  -1.178005E+01  2.261368E-03  1.000000E+00  7.241191E-02  8.601233E-26  2.987893E-16   5.000000E-01 NotAppl  4.720571E-03  0.000000E+00  
3.550348E+02  2.604483E+01  -2.604168E+01  1.489682E-05  1.000000E+00  1.197373E-02  5.211946E-25  8.474787E-18   5.000000E-01 NotAppl  7.505172E-01  0.000000E+00  
1.818504E+01  1.934880E-02  -1.862354E-02  2.068180E+00  1.000000E+00  1.969451E-03  5.519371E-25  6.991997E-05   0.000000E+00 XENON1T_2018  2.086925E+01  2.499985E-01  
4.959020E+03  2.364970E-03  2.403125E+01  5.518604E-10  1.000000E+00  2.937420E-02  1.561166E-25  5.366778E-29   5.000000E-01 NotAppl  1.518575E-02  0.000000E+00  
1.088847E+01  3.136075E-01  4.623397E-01  -8.872816E-07  1.000000E+00  1.775148E-03  1.233005E-37  3.556777E-17   5.000000E-01 NotAppl  8.392866E-12  1.106650E-09  
5.079069E+01  3.828336E-01  1.001838E+01  -5.021809E-07  1.000000E+00  2.591802E-03  3.184626E-37  5.158093E-19   5.000000E-01 NotAppl  3.963541E-12  1.436310E-10  
1.555469E+01  4.104600E+00  -4.104327E+00  -5.483733E+00  1.000000E+00  1.941886E-02  2.434965E-25  6.714686E-04   0.000000E+00 XENON1T_2018  1.102806E+01  2.527383E-01  
1.558147E+03  3.119568E-04  1.776935E+01  -4.958510E-08  1.000000E+00  4.981358E-02  9.322651E-26  4.575058E-24   5.000000E-01 NotAppl  2.952917E-02  0.000000E+00  
4.578320E+01  1.659571E-04  1.004167E+00  4.953832E-09  1.000000E+00  3.087870E-04  1.667919E-41  6.201298E-23   5.000000E-01 NotAppl  2.318944E-16  2.363792E-14  
3.376235E+02  4.913563E-03  2.342805E-02  1.211662E-03  1.000000E+00  4.700429E-02  1.814927E-25  6.214532E-14   5.000000E-01 NotAppl  2.746007E-01  0.000000E+00  
1.792075E+02  1.079986E-02  -9.790619E-03  -6.045239E-09  1.000000E+00  1.456184E-02  5.688625E-25  5.661927E-24   5.000000E-01 NotAppl  1.693688E+00  0.000000E+00  
3.213858E+02  2.891741E-03  5.204698E+00  -6.270267E-01  1.000000E+00  7.810028E-03  1.331422E-24  1.840947E-08   3.292481E-240 LZ5Tmedian  2.317696E+00  0.000000E+00  
1.073350E+01  9.575379E-03  6.949675E-01  -1.604547E-01  1.000000E+00  4.946072E-04  4.005263E-27  1.196275E-06   0.000000E+00 XENON1T_2018  2.772577E-01  2.488389E-01  
3.783922E+02  4.205787E+01  1.828714E+02  1.701753E-02  1.000000E+00  4.069344E-04  8.070525E-24  9.707311E-12   5.000000E-01 NotAppl  1.091051E+01  0.000000E+00  
2.866825E+01  2.972980E-01  2.839988E+01  1.708691E-01  1.000000E+00  2.816216E-03  7.068980E-27  1.908696E-07   0.000000E+00 XENON1T_2018  1.617106E-01  2.481082E-01  
6.328935E+03  4.320061E-03  -3.951315E-03  -4.264632E-05  1.000000E+00  1.283157E+01  5.504997E-28  1.952063E-19   5.000000E-01 NotAppl  4.113792E-05  0.000000E+00  
1.495253E+03  8.191442E+00  3.311995E+01  2.686752E-03  1.000000E+00  1.035423E-02  4.974211E-25  1.460946E-14   5.000000E-01 NotAppl  1.643075E-01  0.000000E+00  
7.811368E+03  3.932988E-02  1.544326E+02  -3.070260E-04  1.000000E+00  8.006359E-04  6.317514E-24  6.597759E-18   5.000000E-01 NotAppl  3.874801E-01  0.000000E+00  
2.110334E+03  3.451938E+00  1.251828E+02  -8.494781E-03  1.000000E+00  1.149230E-03  4.204609E-24  7.235983E-14   5.000000E-01 NotAppl  9.774379E-01  0.000000E+00  
1.345387E+03  8.979635E+01  -8.932897E+01  2.456997E-09  1.000000E+00  1.535316E-03  4.440450E-24  1.515407E-26   5.000000E-01 NotAppl  1.604258E+00  0.000000E+00  
6.569106E+01  2.435709E+01  -2.207678E+01  2.694632E-05  1.000000E+00  1.862550E-02  9.744923E-33  8.787452E-16   5.000000E-01 NotAppl  9.329881E-08  0.000000E+00  
2.430587E+02  7.976123E+02  -7.852738E+02  -9.354672E-08  1.000000E+00  1.614644E-04  2.327065E-23  7.260757E-22   5.000000E-01 NotAppl  5.002963E+01  0.000000E+00  
5.216651E+01  7.488385E-03  6.368099E+02  3.141405E-09  1.000000E+00  2.507731E-03  1.561900E-41  1.911423E-23   5.000000E-01 NotAppl  1.896516E-16  7.763791E-15  
8.753049E+02  1.095672E-04  3.526168E-01  -1.204701E-03  1.000000E+00  2.871014E-01  2.834889E-26  8.759488E-15   5.000000E-01 NotAppl  1.598579E-02  0.000000E+00  
1.947871E+01  1.393289E-02  -2.864687E-03  8.680411E-04  1.000000E+00  2.242683E-03  1.436585E-31  1.073275E-11   4.504581E-01 NotAppl  5.017710E-06  1.018424E-03  
1.092771E+01  5.653384E+00  -5.419666E+00  -1.800830E-07  1.000000E+00  2.048811E-01  5.087452E-39  1.454849E-18   5.000000E-01 NotAppl  3.448343E-13  4.232809E-11  
6.651613E+02  4.646083E+01  -4.646055E+01  3.016822E-01  1.000000E+00  4.189022E-03  1.612620E-24  9.624703E-10   6.695210E-07 LZ5Tmedian  1.208598E+00  0.000000E+00  
4.758338E+02  6.995476E+00  7.895189E+01  -3.844127E-08  1.000000E+00  2.507386E-03  1.742309E-24  3.099545E-23   5.000000E-01 NotAppl  1.862762E+00  0.000000E+00  
2.256956E+01  4.777919E-01  -1.472250E-01  1.727230E-04  1.000000E+00  5.610556E-03  6.075834E-33  3.160812E-13   5.000000E-01 NotAppl  1.805413E-07  3.962485E-05  
8.252026E+02  1.447462E+01  -1.345391E+01  9.038820E-08  1.000000E+00  4.156009E-02  1.524106E-25  5.561879E-23   5.000000E-01 NotAppl  9.120400E-02  0.000000E+00  
4.459133E+01  4.955105E-03  1.054794E+00  2.117362E-08  1.000000E+00  1.347791E-04  2.717101E-40  1.195401E-21   5.000000E-01 NotAppl  3.882523E-15  4.441195E-13  
4.143966E+01  4.455492E-01  1.703041E+02  -4.384080E-10  1.000000E+00  2.726878E-04  8.973427E-44  5.949232E-25   5.000000E-01 NotAppl  1.384054E-18  2.048284E-16  
3.621326E+01  1.155653E-02  1.189907E+02  -5.941954E-05  1.000000E+00  3.392854E-04  1.183693E-33  1.437356E-14   5.000000E-01 NotAppl  2.104533E-08  4.110518E-06  
1.545756E+03  4.746531E+01  -4.746201E+01  1.178269E-09  1.000000E+00  5.149029E-03  1.294616E-24  2.625742E-27   5.000000E-01 NotAppl  4.054590E-01  0.000000E+00  
2.269881E+02  7.364030E+00  -5.068200E+00  4.331109E-02  1.000000E+00  1.262494E-02  4.684088E-25  1.790552E-10   5.806942E-04 LZ5Tmedian  1.075175E+00  0.000000E+00  
3.715949E+01  1.429688E+00  -9.761384E-01  1.353938E-02  1.000000E+00  1.140051E-04  6.476017E-29  7.081908E-10   1.778740E-40 LZ5Tmedian  1.120374E-03  9.911118E-02  
2.362312E+03  7.144698E+02  2.633990E+01  -2.308085E-05  1.000000E+00  1.147882E-05  3.261879E-22  4.245347E-19   5.000000E-01 NotAppl  6.657858E+01  0.000000E+00  
3.788504E+01  1.008388E+00  -1.008273E+00  7.062125E-08  1.000000E+00  7.388992E-05  1.837819E-39  1.852510E-20   5.000000E-01 NotAppl  3.109368E-14  5.579140E-12  
1.590652E+01  7.693826E-03  7.435595E-01  -5.411140E-05  1.000000E+00  9.946424E-04  5.219367E-34  6.253229E-14   5.000000E-01 NotAppl  2.288858E-08  4.041411E-06  
1.720915E+01  4.507059E+00  -4.485932E+00  -4.627368E-08  1.000000E+00  6.571428E-02  3.910488E-40  3.908345E-20   5.000000E-01 NotAppl  1.567968E-14  2.683047E-12  
1.943186E+02  1.710992E+01  3.486846E+02  5.320489E-03  1.000000E+00  5.962379E-04  5.341959E-24  3.715217E-12   5.000000E-01 NotAppl  1.424535E+01  0.000000E+00  
1.473167E+03  4.984667E-03  6.811908E-03  1.142024E-10  1.000000E+00  7.754722E-01  1.008584E-26  2.720868E-29   5.000000E-01 NotAppl  3.330784E-03  0.000000E+00  
1.275276E+01  1.793355E-04  7.774745E+02  -2.667928E-06  1.000000E+00  6.048010E-04  1.185609E-36  2.356487E-16   5.000000E-01 NotAppl  6.706333E-11  9.953567E-09  
2.605291E+02  2.923307E-03  6.611227E+02  -1.653004E-07  1.000000E+00  4.088800E-04  1.149817E-23  1.966625E-21   5.000000E-01 NotAppl  2.272961E+01  0.000000E+00  
5.011425E+01  6.853007E-01  1.739796E-01  -2.061690E-05  1.000000E+00  1.981571E-03  4.855676E-34  8.934749E-16   5.000000E-01 NotAppl  6.129246E-09  3.570194E-07  
1.776978E+01  1.145867E+02  -1.145856E+02  -5.931453E-09  1.000000E+00  6.091425E-02  6.492224E-42  6.023064E-22   5.000000E-01 NotAppl  2.511050E-16  4.819760E-14  
1.481728E+02  8.202721E+01  1.479174E+02  7.427126E-01  1.000000E+00  1.829964E-04  1.783927E-23  1.262020E-07   0.000000E+00 XENON1T_2018  6.565701E+01  0.000000E+00  
6.815343E+02  2.260921E-04  7.268522E-04  1.791086E-07  1.000000E+00  1.792437E-01  4.637210E-26  3.228049E-22   5.000000E-01 NotAppl  3.385145E-02  0.000000E+00  
2.724771E+01  3.947332E+02  -3.947121E+02  3.532553E+00  1.000000E+00  3.488069E-03  1.391788E-24  9.041192E-05   0.000000E+00 XENON1T_2018  3.365622E+01  5.000243E-01  
1.596122E+03  1.622262E+00  -1.620754E+00  -8.028016E-10  1.000000E+00  7.187170E-01  1.015148E-26  1.141798E-27   5.000000E-01 NotAppl  3.085910E-03  0.000000E+00  
2.413762E+02  3.926581E+02  -3.900786E+02  1.044886E-02  1.000000E+00  3.255997E-04  1.637979E-23  9.188461E-12   5.000000E-01 NotAppl  3.547165E+01  0.000000E+00  
2.187732E+01  5.533670E-04  1.452154E+00  -5.450064E-05  1.000000E+00  1.591169E-03  5.954592E-34  3.350647E-14   5.000000E-01 NotAppl  1.830390E-08  3.949490E-06  
1.850888E+03  3.637346E+00  -3.600669E+00  5.935046E+00  1.000000E+00  4.715106E-03  2.616003E-24  4.614522E-08   2.939758E-108 LZ5Tmedian  7.159418E-01  0.000000E+00  
6.181140E+01  8.517551E-03  -8.355332E-03  -1.027440E-08  1.000000E+00  4.526071E-03  3.219913E-38  1.446575E-22   5.000000E-01 NotAppl  3.281346E-13  2.232212E-14  
9.489794E+01  6.928899E-01  -6.921374E-01  -2.882442E-03  1.000000E+00  5.683418E-03  1.143876E-24  4.738457E-12   5.000000E-01 NotAppl  6.589052E+00  0.000000E+00  
1.788132E+01  5.553733E-02  -4.647497E-02  1.283564E-09  1.000000E+00  2.296563E-03  3.046640E-43  2.785449E-23   5.000000E-01 NotAppl  1.170600E-17  2.255019E-15  
1.217668E+02  9.851761E+00  -9.851561E+00  1.256151E-02  1.000000E+00  5.140284E-03  1.186083E-24  5.398236E-11   2.008399E-02 LZ5Tmedian  5.265874E+00  0.000000E+00  
2.066906E+03  5.467157E-04  7.887620E+01  -1.080112E-06  1.000000E+00  2.937258E-03  1.620351E-24  1.220474E-21   5.000000E-01 NotAppl  3.848057E-01  0.000000E+00  
1.235199E+02  7.163854E-04  -5.822518E-04  -4.511963E-02  1.000000E+00  8.347235E-03  8.744521E-25  6.763514E-10   9.711805E-22 LZ5Tmedian  3.817064E+00  0.000000E+00  
9.837063E+03  9.070024E+02  -9.070022E+02  -2.357786E-06  1.000000E+00  1.771086E-05  4.424141E-22  2.436132E-22   5.000000E-01 NotAppl  2.104187E+01  0.000000E+00  
5.447787E+01  2.976592E-02  4.198906E+02  -1.325205E-10  1.000000E+00  3.001692E-03  4.433436E-44  3.113777E-26   5.000000E-01 NotAppl  5.126576E-19  1.229535E-17  
7.464149E+02  1.525076E-01  -8.607186E-02  6.017079E-03  1.000000E+00  2.123721E-01  3.885381E-26  3.025439E-13   5.000000E-01 NotAppl  2.581949E-02  0.000000E+00  
3.250097E+02  7.251531E-03  8.065721E-02  6.858467E-08  1.000000E+00  4.369587E-02  1.950627E-25  2.152551E-22   5.000000E-01 NotAppl  3.070830E-01  0.000000E+00  
2.955001E+01  1.696464E-02  1.791993E-02  -3.417001E-03  1.000000E+00  2.645677E-03  2.914780E-30  7.179128E-11   1.928109E-04 LZ5Tmedian  6.441932E-05  1.389647E-02  
1.547879E+03  3.485806E-02  4.455998E+01  1.066222E-09  1.000000E+00  8.817180E-03  5.300360E-25  2.144095E-27   5.000000E-01 NotAppl  1.692662E-01  0.000000E+00  
6.045099E+02  1.660643E+01  -1.660602E+01  -3.215804E-02  1.000000E+00  3.139943E-02  2.000426E-25  1.329640E-11   5.000000E-01 NotAppl  1.653180E-01  0.000000E+00  
2.848757E+02  2.051602E+02  -2.051594E+02  -9.904979E-08  1.000000E+00  6.221934E-04  1.069046E-23  5.880511E-22   5.000000E-01 NotAppl  1.943490E+01  0.000000E+00  
2.592300E+01  2.441464E-04  1.229518E+01  -3.567994E+00  1.000000E+00  1.708423E-03  5.642749E-25  1.020071E-04   0.000000E+00 XENON1T_2018  1.453499E+01  2.592976E-01  
2.008951E+02  2.067405E-04  3.556905E-03  -3.233919E-04  1.000000E+00  1.787795E-02  4.745922E-25  1.282085E-14   5.000000E-01 NotAppl  1.234199E+00  0.000000E+00  
2.810460E+02  1.208542E-04  2.355588E+02  1.322149E-10  1.000000E+00  8.110987E-04  5.895414E-24  1.077226E-27   5.000000E-01 NotAppl  1.078965E+01  0.000000E+00  
6.102816E+02  1.077705E+00  -1.036068E+00  3.683296E-07  1.000000E+00  1.405281E-01  5.832623E-26  1.710774E-21   5.000000E-01 NotAppl  4.772965E-02  0.000000E+00  
2.529048E+02  9.378425E+02  -9.378421E+02  -1.498767E-03  1.000000E+00  2.504131E-04  2.634724E-23  1.718163E-13   5.000000E-01 NotAppl  5.432039E+01  0.000000E+00  
3.388762E+03  1.903075E-04  7.557184E-01  1.516056E-05  1.000000E+00  3.325454E+00  2.071626E-27  8.786624E-20   5.000000E-01 NotAppl  2.922250E-04  0.000000E+00  
3.014756E+03  5.703533E-04  4.830106E-01  -1.381258E-03  1.000000E+00  2.912044E+00  2.482791E-27  9.253515E-16   5.000000E-01 NotAppl  3.942936E-04  0.000000E+00  
2.864126E+02  8.221045E+02  -8.148729E+02  -1.862963E-01  1.000000E+00  1.511422E-04  2.973144E-23  2.057460E-09   1.338210E-30 LZ5Tmedian  5.377173E+01  0.000000E+00  
7.209592E+01  2.268493E-03  9.582356E+01  -2.742804E-10  1.000000E+00  5.492075E-03  1.024597E-43  7.529185E-26   5.000000E-01 NotAppl  8.925516E-19  0.000000E+00  
3.949745E+03  3.468393E+01  -3.263583E+01  1.349918E-08  1.000000E+00  9.331031E-03  7.066078E-25  5.100954E-26   5.000000E-01 NotAppl  8.474783E-02  0.000000E+00  
6.611985E+03  8.947652E+00  -8.945525E+00  7.703096E-08  1.000000E+00  1.260638E-01  4.773001E-26  5.827080E-25   5.000000E-01 NotAppl  3.392535E-03  0.000000E+00  
3.357894E+03  9.416796E+01  -9.415488E+01  -1.145361E-01  1.000000E+00  1.374484E-03  5.036308E-24  5.109320E-12   5.000000E-01 NotAppl  7.126236E-01  0.000000E+00  
2.089111E+03  3.610332E-03  3.318339E+02  -3.438220E-02  1.000000E+00  2.001253E-04  2.518444E-23  1.210051E-12   5.000000E-01 NotAppl  5.916034E+00  0.000000E+00  
5.521156E+02  3.143120E+01  -9.190967E+00  -2.863987E-05  1.000000E+00  5.735038E-03  7.351705E-25  1.269375E-17   5.000000E-01 NotAppl  6.688939E-01  0.000000E+00  
6.604937E+02  8.428783E-01  5.892398E+00  -2.128290E-02  1.000000E+00  1.129795E-01  5.999210E-26  4.859586E-12   5.000000E-01 NotAppl  4.536730E-02  0.000000E+00  
1.544553E+03  1.934211E-02  6.721453E-01  1.698865E-04  1.000000E+00  8.246967E-01  9.311480E-27  5.467275E-17   5.000000E-01 NotAppl  2.930029E-03  0.000000E+00  
1.685058E+03  9.984634E-03  -1.736501E-03  -1.788761E-07  1.000000E+00  1.001695E+00  7.719932E-27  5.075412E-23   5.000000E-01 NotAppl  2.221112E-03  0.000000E+00  
4.060389E+02  2.614392E+01  -2.614282E+01  7.413004E-09  1.000000E+00  1.277539E-02  4.920690E-25  1.594492E-24   5.000000E-01 NotAppl  6.158876E-01  0.000000E+00  
8.277984E+03  1.918637E+00  -1.862720E+00  -1.063709E+00  1.000000E+00  2.338865E+00  2.187694E-27  7.039048E-11   5.000000E-01 NotAppl  1.379670E-04  0.000000E+00  
3.203389E+01  2.478293E-01  7.304249E+00  2.275386E-02  1.000000E+00  1.861251E-03  1.423285E-28  2.703211E-09   2.079654E-146 LZ5Tmedian  2.881257E-03  1.312270E-01  
3.791969E+01  5.932743E-01  -5.757399E-01  1.003983E-10  1.000000E+00  7.062778E-05  3.722026E-45  3.737105E-26   5.000000E-01 NotAppl  6.302752E-20  1.138430E-17  
1.709813E+01  1.933066E+00  -1.913674E+00  3.436538E+00  1.000000E+00  1.040206E-02  4.998298E-25  2.183643E-04   0.000000E+00 XENON1T_2018  2.005707E+01  2.510471E-01  
4.781182E+03  3.791103E-02  -3.285119E-02  -2.009609E-07  1.000000E+00  7.438949E+00  9.649458E-28  7.665256E-24   5.000000E-01 NotAppl  9.581638E-05  0.000000E+00  
4.143849E+02  8.354667E+00  -8.354336E+00  -9.085559E-05  1.000000E+00  4.268290E-02  1.623643E-25  2.297505E-16   5.000000E-01 NotAppl  1.986670E-01  0.000000E+00  
5.402284E+01  4.228073E+00  -4.226885E+00  -1.643909E-04  1.000000E+00  3.011551E-03  6.156016E-32  4.874210E-14   5.000000E-01 NotAppl  7.181719E-07  1.533592E-05  
1.567333E+01  4.331582E+01  -4.331559E+01  1.300580E-02  1.000000E+00  8.291174E-02  3.001773E-29  3.720287E-09   7.005846E-76 LZ5Tmedian  1.338661E-03  1.478718E-02  
2.685797E+03  4.832007E+02  -4.831920E+02  1.635117E-01  1.000000E+00  6.514500E-0