MD1           DMP           DM3           l345          ld           Omegah2       sigV          protonSI      PvalDD        expName      CMB_ID        brH_DMDM      
1.748163E+01  6.330441E-03  -4.478173E-03  3.666755E-01  1.000000E+00  1.862927E-03  2.468484E-26  2.378272E-06   0.000000E+00 XENON1T_2018  9.730810E-01  2.496588E-01  
1.009238E+03  2.546231E+00  -2.546068E+00  -7.002730E-04  1.000000E+00  2.982396E-01  2.514975E-26  2.213156E-15   5.000000E-01 NotAppl  1.224238E-02  0.000000E+00  
6.490326E+03  1.953185E-02  4.313665E-02  2.610249E-07  1.000000E+00  1.342880E+01  5.247599E-28  6.948205E-24   5.000000E-01 NotAppl  3.822604E-05  0.000000E+00  
1.201666E+01  9.849592E-01  9.126987E-01  3.040913E-10  1.000000E+00  1.595050E-02  1.508272E-44  3.442222E-24   5.000000E-01 NotAppl  9.144219E-19  1.288659E-16  
4.938828E+03  7.853339E+00  7.039468E+01  -6.564330E+00  1.000000E+00  3.717568E-03  1.100106E-24  7.656651E-09   1.943603E-07 LZ5Tmedian  1.095027E-01  0.000000E+00  
6.601909E+03  4.621274E+00  -4.621169E+00  -8.146899E-08  1.000000E+00  4.410497E-01  1.311170E-26  6.538089E-25   5.000000E-01 NotAppl  9.336313E-04  0.000000E+00  
6.593040E+02  2.157528E-03  4.485384E-01  9.048795E-10  1.000000E+00  1.671993E-01  4.956381E-26  8.816970E-27   5.000000E-01 NotAppl  3.744383E-02  0.000000E+00  
1.494138E+02  1.542490E-01  1.018853E+01  -3.215156E-02  1.000000E+00  8.658670E-03  7.574286E-25  2.324897E-10   7.273196E-07 LZ5Tmedian  2.717087E+00  0.000000E+00  
1.037580E+02  3.278792E-02  -3.228161E-02  -6.384832E-04  1.000000E+00  6.107332E-03  1.214711E-24  1.936227E-13   5.000000E-01 NotAppl  6.356501E+00  0.000000E+00  
1.712835E+02  2.259062E+01  -2.258852E+01  -2.526127E+00  1.000000E+00  1.207309E-05  6.301648E-22  1.084686E-06   0.000000E+00 XENON1T_2018  2.301259E+03  0.000000E+00  
5.001994E+01  2.767004E+02  -2.734286E+02  -2.450446E-02  1.000000E+00  5.903847E-03  6.766445E-28  1.267047E-09   5.320013E-70 LZ5Tmedian  8.583930E-03  3.136479E-01  
7.674614E+02  1.270680E-04  1.006524E-01  2.345503E-09  1.000000E+00  2.245086E-01  3.671054E-26  4.343292E-26   5.000000E-01 NotAppl  2.370465E-02  0.000000E+00  
1.205221E+03  4.607689E-03  1.145894E-02  -1.888565E-10  1.000000E+00  5.294725E-01  1.502831E-26  1.120611E-28   5.000000E-01 NotAppl  6.098522E-03  0.000000E+00  
1.607995E+02  1.778076E+00  -1.546900E+00  -2.089846E-10  1.000000E+00  1.082425E-02  6.910069E-25  8.449847E-27   5.000000E-01 NotAppl  2.299439E+00  0.000000E+00  
5.778774E+01  1.584960E-01  -1.060850E-01  -1.410507E-08  1.000000E+00  3.860428E-03  1.378924E-39  3.127708E-22   5.000000E-01 NotAppl  1.505925E-14  1.082108E-13  
1.050550E+01  2.294583E+01  5.039351E+02  4.682744E-02  1.000000E+00  6.028409E+00  3.376034E-28  1.062603E-07   0.000000E+00 LZ5Tmedian  2.396423E-02  1.543165E-01  
5.221162E+03  1.012219E-01  9.010513E+00  3.525913E-05  1.000000E+00  1.897985E-01  2.319596E-26  1.972953E-19   5.000000E-01 NotAppl  2.140406E-03  0.000000E+00  
2.591309E+02  1.797714E-03  4.288461E-01  8.236972E-02  1.000000E+00  2.577109E-02  3.444629E-25  4.937374E-10   1.313950E-08 LZ5Tmedian  6.905893E-01  0.000000E+00  
8.534537E+02  1.436831E+00  -1.436613E+00  -8.043783E-02  1.000000E+00  2.572889E-01  3.075662E-26  4.112085E-11   5.000000E-01 NotAppl  1.788645E-02  0.000000E+00  
1.658835E+01  3.362604E-02  4.898945E-02  1.877927E-05  1.000000E+00  1.680557E-03  6.366883E-35  6.926923E-15   5.000000E-01 NotAppl  2.662194E-09  4.856778E-07  
2.175069E+02  4.512665E+01  3.146192E+02  -6.107690E-09  1.000000E+00  4.436021E-04  7.008937E-24  3.886059E-24   5.000000E-01 NotAppl  1.668728E+01  0.000000E+00  
2.488317E+01  7.765440E+01  2.365200E+02  -2.600307E-10  1.000000E+00  4.196871E+06  1.459083E-44  5.884669E-25   5.000000E-01 NotAppl  3.901494E-19  8.863178E-17  
1.409885E+03  9.703966E+02  -9.702106E+02  -1.094766E-04  1.000000E+00  2.831850E-05  2.695636E-22  2.734550E-17   5.000000E-01 NotAppl  9.280366E+01  0.000000E+00  
8.204566E+03  1.873159E+02  -1.747867E+02  5.746346E-02  1.000000E+00  3.501066E-04  2.032263E-23  2.091748E-13   5.000000E-01 NotAppl  1.161213E+00  0.000000E+00  
4.134262E+02  8.702976E-04  5.302663E-02  -1.056981E-09  1.000000E+00  6.907640E-02  1.229591E-25  3.124249E-26   5.000000E-01 NotAppl  1.507105E-01  0.000000E+00  
3.975870E+01  4.184298E+00  -4.033515E+00  -2.263028E-08  1.000000E+00  6.364876E-04  2.123815E-40  1.724477E-21   5.000000E-01 NotAppl  3.421226E-15  4.375536E-13  
6.315796E+03  2.732166E-04  -1.310256E-04  7.301073E-01  1.000000E+00  2.552308E+00  3.803751E-27  5.745636E-11   5.000000E-01 NotAppl  2.985218E-04  0.000000E+00  
3.569226E+01  1.033018E-04  1.468465E+01  -1.087715E-09  1.000000E+00  4.833853E-04  3.858737E-43  4.960390E-24   5.000000E-01 NotAppl  6.966927E-18  5.396788E-16  
2.125984E+03  6.328085E+01  -6.328040E+01  6.169986E-08  1.000000E+00  2.951453E-03  2.295999E-24  3.760318E-24   5.000000E-01 NotAppl  5.184586E-01  0.000000E+00  
8.398088E+02  3.160949E-03  -2.043545E-03  5.655665E-03  1.000000E+00  2.665260E-01  3.075144E-26  2.100890E-13   5.000000E-01 NotAppl  1.809635E-02  0.000000E+00  
6.889027E+03  2.287045E+02  -1.540482E+02  -2.816770E-05  1.000000E+00  1.940845E-04  3.136988E-23  7.168097E-20   5.000000E-01 NotAppl  2.141199E+00  0.000000E+00  
6.256328E+03  5.657280E-01  -5.644987E-01  4.773389E-09  1.000000E+00  8.634191E+00  7.523792E-28  2.503614E-27   5.000000E-01 NotAppl  5.680259E-05  0.000000E+00  
1.285818E+02  1.727558E-02  -1.407778E-02  -1.220340E-08  1.000000E+00  8.290796E-03  9.687697E-25  4.556645E-23   5.000000E-01 NotAppl  4.056918E+00  0.000000E+00  
2.162474E+01  1.072252E+00  -1.070055E+00  3.709098E-03  1.000000E+00  1.565836E-02  2.742551E-30  1.588569E-10   8.937617E-07 LZ5Tmedian  8.537941E-05  1.657258E-02  
7.207298E+01  2.395478E+00  -1.980448E+00  3.580037E-01  1.000000E+00  8.744935E-03  1.752322E-25  1.283558E-07   0.000000E+00 XENON1T_2018  1.525373E+00  0.000000E+00  
2.049236E+03  1.373324E-04  2.424755E-04  -1.918024E-06  1.000000E+00  1.455328E+00  5.228547E-27  3.916481E-21   5.000000E-01 NotAppl  1.231065E-03  0.000000E+00  
2.305145E+03  1.159560E+02  -1.159439E+02  1.692936E-08  1.000000E+00  9.266220E-04  7.540222E-24  2.400819E-25   5.000000E-01 NotAppl  1.567186E+00  0.000000E+00  
2.397454E+03  8.142820E-01  1.400522E+01  2.473048E+00  1.000000E+00  2.098734E-02  4.548787E-25  4.729476E-09   3.021136E-09 LZ5Tmedian  9.475840E-02  0.000000E+00  
4.719906E+03  1.700131E-02  -9.900500E-03  -6.490268E-03  1.000000E+00  7.262428E+00  9.894011E-28  8.207662E-15   5.000000E-01 NotAppl  9.954343E-05  0.000000E+00  
2.303869E+02  3.354142E-03  6.685928E-03  -5.557219E-10  1.000000E+00  2.296677E-02  3.709557E-25  2.859427E-26   5.000000E-01 NotAppl  8.361740E-01  0.000000E+00  
8.360516E+03  3.329706E+02  -3.258357E+02  -2.574349E-07  1.000000E+00  1.161711E-04  6.292950E-23  4.040664E-24   5.000000E-01 NotAppl  3.527751E+00  0.000000E+00  
4.848763E+02  6.766093E-03  1.356674E-02  9.983208E-09  1.000000E+00  9.365127E-02  9.026904E-26  2.011503E-24   5.000000E-01 NotAppl  9.375812E-02  0.000000E+00  
1.436411E+03  1.060879E-01  -1.058708E-01  4.435569E-10  1.000000E+00  7.381641E-01  1.061235E-26  4.321485E-28   5.000000E-01 NotAppl  3.596759E-03  0.000000E+00  
5.650012E+01  4.689521E+01  -4.479399E+01  -2.237823E-02  1.000000E+00  4.613580E-03  2.185409E-27  8.243084E-10   6.653650E-44 LZ5Tmedian  2.433212E-02  2.177114E-01  
4.864129E+02  1.461481E+02  -1.461478E+02  -7.189871E+00  1.000000E+00  5.817190E-05  1.237207E-22  1.036602E-06   0.000000E+00 XENON1T_2018  1.544222E+02  0.000000E+00  
2.310805E+03  9.262352E-03  -6.543385E-03  -1.566359E+00  1.000000E+00  9.684753E-02  1.170060E-25  2.044994E-09   1.508664E-04 LZ5Tmedian  2.579786E-02  0.000000E+00  
6.574875E+01  2.166348E-04  1.023442E+02  -8.471898E-05  1.000000E+00  4.628728E-03  9.287848E-32  8.670557E-15   5.000000E-01 NotAppl  8.885798E-07  0.000000E+00  
3.205707E+01  4.953766E-01  3.956263E+01  -7.901649E-09  1.000000E+00  2.008261E-03  1.718004E-41  3.255130E-22   5.000000E-01 NotAppl  3.480057E-16  7.633927E-14  
8.839100E+03  3.329179E-03  1.707885E+00  3.786744E-08  1.000000E+00  4.124215E+00  1.073018E-27  7.808272E-26   5.000000E-01 NotAppl  5.783543E-05  0.000000E+00  
9.788452E+02  9.253162E-03  -9.048120E-03  9.397114E-08  1.000000E+00  3.567080E-01  2.269874E-26  4.242035E-23   5.000000E-01 NotAppl  1.140643E-02  0.000000E+00  
2.575564E+03  8.013355E+01  -8.013241E+01  -2.356708E-03  1.000000E+00  1.869474E-03  3.673486E-24  3.711774E-15   5.000000E-01 NotAppl  6.815339E-01  0.000000E+00  
2.592954E+01  4.839763E+00  4.503459E+02  -1.494806E-02  1.000000E+00  1.155569E-01  4.964175E-29  1.789494E-09   9.896241E-85 LZ5Tmedian  1.268230E-03  2.122772E-01  
4.304615E+03  2.033899E+00  3.245955E+01  -2.488355E-04  1.000000E+00  1.507582E-02  3.223113E-25  1.454991E-17   5.000000E-01 NotAppl  3.618038E-02  0.000000E+00  
9.773221E+01  2.169700E+02  -2.169694E+02  -2.750562E-06  1.000000E+00  2.478041E-03  2.188373E-24  4.062205E-18   5.000000E-01 NotAppl  1.229770E+01  0.000000E+00  
7.005560E+01  6.133798E-04  2.224866E+00  3.717327E-09  1.000000E+00  5.354365E-03  3.117322E-41  1.466503E-23   5.000000E-01 NotAppl  2.795834E-16  0.000000E+00  
3.684215E+03  7.095839E-01  -6.172145E-01  1.390960E-01  1.000000E+00  2.822637E+00  2.761413E-27  6.239541E-12   5.000000E-01 NotAppl  3.594574E-04  0.000000E+00  
1.207139E+03  8.420735E+00  -3.144946E+00  -2.720007E-04  1.000000E+00  1.070803E-01  6.381829E-26  2.316977E-16   5.000000E-01 NotAppl  2.585934E-02  0.000000E+00  
1.082596E+02  7.579729E+02  -7.579669E+02  3.821162E-07  1.000000E+00  1.691736E-03  3.278896E-24  6.356792E-20   5.000000E-01 NotAppl  1.665312E+01  0.000000E+00  
9.819666E+03  1.651163E-03  3.871743E+02  -1.037088E+00  1.000000E+00  1.350022E-04  3.859003E-23  4.730252E-11   5.000000E-01 NotAppl  1.877550E+00  0.000000E+00  
3.695975E+02  6.751241E-04  5.129734E+01  5.466149E-08  1.000000E+00  6.581464E-03  7.525628E-25  1.050925E-22   5.000000E-01 NotAppl  1.041312E+00  0.000000E+00  
4.549223E+01  2.487688E+02  -2.487349E+02  -6.350808E-02  1.000000E+00  4.725493E-05  2.662750E-27  1.032514E-08   0.000000E+00 LZ5Tmedian  3.726290E-02  4.446601E-01  
3.254494E+02  7.425893E+00  -7.397526E+00  3.581000E-04  1.000000E+00  3.090669E-02  2.269609E-25  5.852021E-15   5.000000E-01 NotAppl  3.570811E-01  0.000000E+00  
3.506170E+01  2.249519E+00  -2.237043E+00  -1.357171E-05  1.000000E+00  7.969045E-04  5.816996E-35  8.007011E-16   5.000000E-01 NotAppl  1.068634E-09  2.034961E-07  
4.499899E+03  2.554577E-03  1.373641E-01  2.933677E-05  1.000000E+00  6.563758E+00  1.093537E-27  1.847882E-19   5.000000E-01 NotAppl  1.154927E-04  0.000000E+00  
2.114437E+03  8.951913E-04  4.977076E+00  -1.475865E+00  1.000000E+00  9.762279E-02  1.041459E-25  2.175544E-09   3.622599E-05 LZ5Tmedian  2.535058E-02  0.000000E+00  
5.554034E+02  4.692424E-03  -4.492624E-03  3.776249E-01  1.000000E+00  5.552211E-02  1.881540E-25  2.180202E-09   2.036961E-17 LZ5Tmedian  1.762925E-01  0.000000E+00  
7.507008E+01  2.070336E+00  2.885319E+01  -1.062801E-05  1.000000E+00  1.138978E-02  8.637341E-35  1.040883E-16   5.000000E-01 NotAppl  7.221943E-10  0.000000E+00  
5.672213E+02  1.264080E-03  -9.080521E-05  8.654629E-10  1.000000E+00  1.263200E-01  6.647160E-26  1.096927E-26   5.000000E-01 NotAppl  5.867523E-02  0.000000E+00  
1.761043E+03  6.548928E-04  8.881545E+00  -5.023559E+00  1.000000E+00  6.265676E-03  1.913427E-24  3.658853E-08   2.600000E-90 LZ5Tmedian  5.647741E-01  0.000000E+00  
3.315919E+01  3.365242E+02  -3.365226E+02  6.047648E-10  1.000000E+00  5.735133E-03  1.055436E-43  1.780483E-24   5.000000E-01 NotAppl  2.058687E-18  4.429813E-16  
1.029691E+03  6.110444E-02  -5.829067E-02  -1.804081E-09  1.000000E+00  3.925647E-01  2.053570E-26  1.409952E-26   5.000000E-01 NotAppl  9.795642E-03  0.000000E+00  
2.480277E+01  2.911532E+02  -2.911237E+02  3.371464E-07  1.000000E+00  2.268207E-02  2.447568E-38  9.957391E-19   5.000000E-01 NotAppl  6.562184E-13  1.490795E-10  
4.686558E+01  1.835911E-01  3.637450E+02  2.062990E-09  1.000000E+00  1.002768E-03  3.239447E-42  1.025484E-23   5.000000E-01 NotAppl  4.396230E-17  4.019555E-15  
1.523051E+02  1.405090E+00  -1.396415E+00  6.348238E-05  1.000000E+00  1.025182E-02  7.536676E-25  8.714501E-16   5.000000E-01 NotAppl  2.651578E+00  0.000000E+00  
1.219836E+02  1.172728E-02  3.215041E+00  -6.024561E-07  1.000000E+00  6.757351E-03  1.054113E-24  1.237186E-19   5.000000E-01 NotAppl  4.660612E+00  0.000000E+00  
7.092294E+02  4.988463E-03  3.570544E-03  -3.316145E-01  1.000000E+00  1.019425E-01  9.770500E-26  1.020063E-09   7.181986E-07 LZ5Tmedian  7.119423E-02  0.000000E+00  
1.099870E+02  1.705580E-01  -1.635651E-01  -6.912953E-02  1.000000E+00  7.574625E-03  8.381885E-25  2.014098E-09   1.602972E-69 LZ5Tmedian  4.128174E+00  0.000000E+00  
1.358886E+02  6.303567E+00  5.981064E+00  2.891158E-01  1.000000E+00  1.516065E-03  2.777104E-24  2.283593E-08   0.000000E+00 LZ5Tmedian  1.101639E+01  0.000000E+00  
1.390873E+01  4.789086E+02  -4.788893E+02  -3.845342E+00  1.000000E+00  5.447378E-03  1.109337E-24  4.123203E-04   0.000000E+00 XENON1T_2018  5.672896E+01  5.000083E-01  
2.175630E+02  4.518778E-02  7.196546E-01  -1.546257E+00  1.000000E+00  3.292518E-04  4.008224E-23  2.489367E-07   0.000000E+00 XENON1T_2018  1.121419E+02  0.000000E+00  
1.765752E+01  3.926527E-04  3.182425E-03  -4.929404E-09  1.000000E+00  1.826847E-03  4.474692E-42  4.212964E-22   5.000000E-01 NotAppl  1.743796E-16  3.329587E-14  
4.972588E+02  2.531859E-02  3.427501E-02  -2.989265E-09  1.000000E+00  9.821660E-02  8.595192E-26  1.712817E-25   5.000000E-01 NotAppl  8.696506E-02  0.000000E+00  
6.108122E+01  2.093691E-03  1.479973E+00  1.483973E-02  1.000000E+00  5.190443E-04  1.599545E-26  3.091806E-10   2.306019E-16 LZ5Tmedian  1.649915E-01  5.554411E-02  
1.578818E+02  2.101532E+02  -2.100533E+02  9.400593E-04  1.000000E+00  1.111678E-03  5.316938E-24  1.775140E-13   5.000000E-01 NotAppl  1.841264E+01  0.000000E+00  
7.342240E+01  1.658852E-03  1.309680E+00  -5.654527E-09  1.000000E+00  5.982591E-03  3.305153E-41  3.083036E-23   5.000000E-01 NotAppl  2.826495E-16  0.000000E+00  
4.482656E+02  2.665829E-04  5.888243E-01  -4.163909E-02  1.000000E+00  7.933282E-02  1.061745E-25  4.108898E-11   4.095526E-01 NotAppl  1.198204E-01  0.000000E+00  
2.481346E+02  2.057426E-03  1.199881E+02  1.133472E+00  1.000000E+00  7.933979E-04  1.006572E-23  1.021781E-07   0.000000E+00 XENON1T_2018  2.118530E+01  0.000000E+00  
1.166862E+01  5.837790E-03  4.965425E-04  -1.078950E-09  1.000000E+00  9.290191E-04  1.877558E-43  4.591448E-23   5.000000E-01 NotAppl  1.177983E-17  1.633665E-15  
1.494804E+02  5.825896E+00  -5.816384E+00  -1.857106E-08  1.000000E+00  8.239138E-03  8.035513E-25  7.749544E-23   5.000000E-01 NotAppl  2.884520E+00  0.000000E+00  
1.192350E+01  5.101197E-02  -5.042807E-02  4.429620E-05  1.000000E+00  1.253494E-03  3.191089E-34  7.416832E-14   5.000000E-01 NotAppl  1.952015E-08  2.751284E-06  
1.699032E+03  1.578072E+01  -9.280168E+00  -8.573758E-07  1.000000E+00  4.039475E-02  1.642756E-25  1.146562E-21   5.000000E-01 NotAppl  4.676688E-02  0.000000E+00  
3.472315E+03  1.496585E+02  -1.495736E+02  7.279751E+00  1.000000E+00  3.947884E-04  1.903001E-23  1.927967E-08   9.686683E-25 LZ5Tmedian  2.610751E+00  0.000000E+00  
4.036042E+01  8.965284E+01  -8.965116E+01  8.105131E-05  1.000000E+00  4.957059E-04  2.837863E-33  2.145521E-14   5.000000E-01 NotAppl  4.491188E-08  7.167019E-06  
1.850805E+01  4.460883E-04  3.360181E+01  4.239203E-05  1.000000E+00  1.161382E-03  3.362610E-34  2.835866E-14   5.000000E-01 NotAppl  1.242584E-08  3.973904E-07  
4.468597E+03  1.466354E+01  -1.466132E+01  -9.536837E-03  1.000000E+00  4.858788E-02  1.271209E-25  1.980720E-14   5.000000E-01 NotAppl  1.344668E-02  0.000000E+00  
1.569589E+02  2.189199E-03  -1.578995E-03  -1.258758E-03  1.000000E+00  1.156849E-02  7.106110E-25  3.221263E-13   5.000000E-01 NotAppl  2.423587E+00  0.000000E+00  
7.525758E+02  5.758528E-03  4.627363E-02  2.595998E-04  1.000000E+00  2.164084E-01  3.815334E-26  5.537740E-16   5.000000E-01 NotAppl  2.513882E-02  0.000000E+00  
1.725042E+03  1.317281E-03  1.793715E-01  9.992407E-05  1.000000E+00  1.044630E+00  7.376987E-27  1.509893E-17   5.000000E-01 NotAppl  2.072088E-03  0.000000E+00  
2.281514E+02  3.646323E-02  2.249385E-02  6.317615E-06  1.000000E+00  2.250459E-02  3.776876E-25  3.770044E-18   5.000000E-01 NotAppl  8.600620E-01  0.000000E+00  
6.292925E+03  1.043780E+01  -9.931600E+00  4.988290E-10  1.000000E+00  9.560688E-02  6.487028E-26  2.701903E-29   5.000000E-01 NotAppl  4.848352E-03  0.000000E+00  
1.325192E+01  1.740834E+00  3.903378E+01  3.090742E-02  1.000000E+00  9.476335E-02  1.611371E-28  2.931488E-08   0.000000E+00 LZ5Tmedian  8.717164E-03  8.129832E-02  
3.807623E+02  2.641472E+00  5.507753E+02  3.446779E-09  1.000000E+00  2.441527E-04  1.880451E-23  3.931723E-25   5.000000E-01 NotAppl  2.526941E+01  0.000000E+00  
6.702356E+02  7.116798E-03  4.766868E-02  2.262686E-04  1.000000E+00  1.735699E-01  4.792523E-26  5.330791E-16   5.000000E-01 NotAppl  3.559506E-02  0.000000E+00  
8.376633E+03  1.572781E+01  -1.155444E+00  -9.335289E-01  1.000000E+00  4.389979E-02  1.632510E-25  5.292668E-11   5.000000E-01 NotAppl  9.197087E-03  0.000000E+00  
7.066676E+01  1.764469E+02  -1.764388E+02  -5.274371E-05  1.000000E+00  1.556250E-02  5.326710E-33  2.900407E-15   5.000000E-01 NotAppl  4.733990E-08  0.000000E+00  
1.337536E+03  1.917317E+00  -1.912746E+00  4.750073E-07  1.000000E+00  5.136668E-01  1.438690E-26  5.731985E-22   5.000000E-01 NotAppl  5.243782E-03  0.000000E+00  
7.975810E+01  8.933363E-03  3.805972E+02  -4.265283E-05  1.000000E+00  5.754489E-03  6.982747E-34  1.481311E-15   5.000000E-01 NotAppl  5.491323E-09  0.000000E+00  
1.366707E+03  2.527689E+00  -2.526678E+00  8.884122E-08  1.000000E+00  4.621289E-01  1.546772E-26  1.918765E-23   5.000000E-01 NotAppl  5.512526E-03  0.000000E+00  
7.076390E+01  9.716117E-03  5.256806E-01  1.224045E-07  1.000000E+00  5.802675E-03  2.799258E-38  1.557737E-20   5.000000E-01 NotAppl  2.485052E-13  0.000000E+00  
2.143301E+01  3.483815E+00  -3.483670E+00  -9.407439E-10  1.000000E+00  3.490036E-02  1.756864E-43  1.040375E-23   5.000000E-01 NotAppl  5.522885E-18  1.100078E-15  
6.143218E+03  8.271031E-04  7.346751E+02  8.116480E-02  1.000000E+00  4.087369E-05  1.290210E-22  7.511926E-13   5.000000E-01 NotAppl  1.009837E+01  0.000000E+00  
3.185697E+02  2.366564E+02  -2.365668E+02  4.305231E-09  1.000000E+00  4.784052E-04  1.404687E-23  8.836653E-25   5.000000E-01 NotAppl  2.269891E+01  0.000000E+00  
1.853550E+03  1.868996E-04  9.772397E-02  3.545258E-09  1.000000E+00  1.200391E+00  6.388405E-27  1.641731E-26   5.000000E-01 NotAppl  1.667064E-03  0.000000E+00  
6.564853E+03  7.173458E-02  2.441118E+01  -8.215025E-10  1.000000E+00  2.856849E-02  1.617840E-25  6.724360E-29   5.000000E-01 NotAppl  1.183640E-02  0.000000E+00  
1.299213E+01  3.638808E-02  7.241037E-04  2.779445E-10  1.000000E+00  1.225989E-03  1.294775E-44  2.465353E-24   5.000000E-01 NotAppl  7.165517E-19  1.079411E-16  
8.777038E+02  5.840598E+00  8.362857E-01  -6.580180E-05  1.000000E+00  1.136290E-01  6.001184E-26  2.598775E-17   5.000000E-01 NotAppl  3.383762E-02  0.000000E+00  
2.153608E+03  1.593551E+00  2.575858E+00  6.664024E-02  1.000000E+00  5.232008E-01  1.302815E-26  4.272748E-12   5.000000E-01 NotAppl  2.938650E-03  0.000000E+00  
2.569564E+02  6.570956E-03  9.748342E+00  9.475000E+00  1.000000E+00  2.520137E-06  5.098681E-21  6.646847E-06   0.000000E+00 XENON1T_2018  1.236264E+04  0.000000E+00  
3.835959E+03  3.419588E+00  -3.419407E+00  -6.047545E-07  1.000000E+00  6.974083E-01  8.395415E-27  1.086475E-22   5.000000E-01 NotAppl  1.038274E-03  0.000000E+00  
3.409160E+01  3.920985E-03  1.828500E+01  2.584013E-07  1.000000E+00  1.046581E-03  2.011426E-38  3.072710E-19   5.000000E-01 NotAppl  3.807808E-13  2.447166E-11  
3.196408E+03  7.887895E+02  -7.833891E+02  -1.300940E-04  1.000000E+00  2.569900E-05  2.841333E-22  7.287077E-18   5.000000E-01 NotAppl  4.227732E+01  0.000000E+00  
1.410130E+03  8.875789E+01  -8.875335E+01  5.330675E-05  1.000000E+00  1.579629E-03  4.356528E-24  6.481169E-18   5.000000E-01 NotAppl  1.499649E+00  0.000000E+00  
1.981911E+03  1.921178E-03  -1.218620E-03  2.299103E+00  1.000000E+00  3.600562E-02  3.293587E-25  6.023724E-09   7.689691E-14 LZ5Tmedian  8.476533E-02  0.000000E+00  
5.879458E+03  1.860416E+02  -1.860390E+02  -4.581888E-02  1.000000E+00  3.660199E-04  1.977798E-23  2.617205E-13   5.000000E-01 NotAppl  1.583658E+00  0.000000E+00  
3.967124E+01  3.020298E-01  -1.909724E-01  -4.392698E-02  1.000000E+00  3.785561E-05  7.955126E-28  6.526566E-09   0.000000E+00 LZ5Tmedian  1.281945E-02  2.288340E-01  
2.170573E+03  7.870307E-02  -7.857910E-02  9.377732E-07  1.000000E+00  1.622858E+00  4.666001E-27  8.326986E-22   5.000000E-01 NotAppl  1.035760E-03  0.000000E+00  
9.345833E+01  3.617485E-02  -9.588436E-03  1.745527E-04  1.000000E+00  5.582375E-03  1.104581E-24  1.792981E-14   5.000000E-01 NotAppl  6.474171E+00  0.000000E+00  
5.089376E+03  1.028331E+01  -1.020007E+01  2.179210E-09  1.000000E+00  9.616294E-02  6.317923E-26  7.938583E-28   5.000000E-01 NotAppl  5.856446E-03  0.000000E+00  
6.507660E+03  2.151603E+02  -2.151467E+02  -4.307673E-07  1.000000E+00  2.762660E-04  2.644969E-23  1.882090E-23   5.000000E-01 NotAppl  1.910770E+00  0.000000E+00  
5.507705E+01  7.466673E+02  -7.466634E+02  6.238402E-04  1.000000E+00  3.517006E-03  1.135803E-30  6.748079E-13   5.000000E-01 NotAppl  1.303324E-05  2.627088E-04  
1.097074E+01  3.441301E+00  -3.440664E+00  -5.332604E-01  1.000000E+00  7.770401E-02  4.460477E-26  1.265920E-05   0.000000E+00 XENON1T_2018  3.009223E+00  2.527001E-01  
5.032228E+03  3.903355E-03  8.282672E-03  -2.174819E-02  1.000000E+00  8.198631E+00  8.742365E-28  8.090249E-14   5.000000E-01 NotAppl  8.244046E-05  0.000000E+00  
9.489434E+02  4.594071E-03  -3.862865E-03  4.051508E-08  1.000000E+00  3.363052E-01  2.413598E-26  8.400887E-24   5.000000E-01 NotAppl  1.252261E-02  0.000000E+00  
1.182078E+03  2.258246E+02  2.435563E+02  -3.260910E-10  1.000000E+00  5.541822E-05  6.361055E-23  3.475747E-28   5.000000E-01 NotAppl  2.658922E+01  0.000000E+00  
1.675775E+01  2.094955E-04  4.564908E+02  -1.416102E-09  1.000000E+00  9.761696E-04  3.631802E-43  3.859807E-23   5.000000E-01 NotAppl  1.501214E-17  2.759648E-15  
7.001636E+01  2.439575E+00  -2.439172E+00  -6.746448E-10  1.000000E+00  1.071303E-02  1.038005E-42  4.835804E-25   5.000000E-01 NotAppl  9.314511E-18  0.000000E+00  
1.296470E+03  4.449649E-01  1.115124E+01  4.639542E+00  1.000000E+00  3.513366E-03  3.331483E-24  5.827455E-08   4.140684E-194 LZ5Tmedian  1.310330E+00  0.000000E+00  
6.656144E+02  1.091627E+01  -1.091387E+01  9.333960E-04  1.000000E+00  5.611490E-02  1.171673E-25  9.200584E-15   5.000000E-01 NotAppl  8.760416E-02  0.000000E+00  
7.327000E+03  8.986887E-01  1.243272E+02  -1.874457E-04  1.000000E+00  1.208381E-03  4.163613E-24  2.800720E-18   5.000000E-01 NotAppl  2.724919E-01  0.000000E+00  
2.110891E+01  2.426845E+01  -2.404684E+01  4.477350E-01  1.000000E+00  3.031401E-02  3.952771E-26  2.429922E-06   0.000000E+00 XENON1T_2018  1.263775E+00  2.599989E-01  
3.748266E+02  8.949159E-04  2.902233E+02  4.711034E-05  1.000000E+00  5.004640E-04  9.730094E-24  7.584965E-17   5.000000E-01 NotAppl  1.328585E+01  0.000000E+00  
1.212489E+01  2.012962E+01  -2.012862E+01  8.320522E-08  1.000000E+00  1.480694E-01  1.132951E-39  2.531995E-19   5.000000E-01 NotAppl  6.797148E-14  2.965594E-12  
4.504042E+01  5.378606E+01  -2.167879E+01  1.037188E-03  1.000000E+00  3.223357E+02  6.798530E-31  2.810467E-12   5.000000E-01 NotAppl  9.591261E-06  1.064560E-03  
1.857854E+03  6.975490E-01  -6.657282E-01  -1.006553E-05  1.000000E+00  1.133262E+00  6.644343E-27  1.317124E-19   5.000000E-01 NotAppl  1.729434E-03  0.000000E+00  
9.408434E+03  2.282354E+02  -2.282353E+02  -7.149088E+00  1.000000E+00  2.644230E-04  2.720465E-23  2.451755E-09   7.422921E-02 LZ5Tmedian  1.353934E+00  0.000000E+00  
5.882990E+02  6.208520E+02  -6.012504E+02  -2.229609E-10  1.000000E+00  5.964278E-05  7.530957E-23  6.756852E-28   5.000000E-01 NotAppl  6.399944E+01  0.000000E+00  
7.947344E+02  1.402602E+00  -1.401111E+00  -5.651255E-10  1.000000E+00  2.256543E-01  3.544043E-26  2.347788E-27   5.000000E-01 NotAppl  2.207404E-02  0.000000E+00  
1.122255E+03  1.235473E+00  5.936461E+01  -4.881641E-03  1.000000E+00  4.940226E-03  9.520993E-25  8.660145E-14   5.000000E-01 NotAppl  4.229398E-01  0.000000E+00  
1.881947E+01  2.023479E-04  4.199371E-01  -6.851178E+00  1.000000E+00  1.400788E-03  1.636879E-25  7.163624E-04   0.000000E+00 XENON1T_2018  5.829251E+00  2.501498E-01  
2.926163E+01  2.765123E+00  -2.216769E+00  -2.929897E-04  1.000000E+00  8.555284E-03  2.121111E-32  5.384036E-13   5.000000E-01 NotAppl  4.743885E-07  1.008112E-04  
9.265417E+03  3.380242E-01  -4.041064E-02  1.072698E-06  1.000000E+00  1.964011E+01  3.483814E-28  5.694267E-23   5.000000E-01 NotAppl  1.770125E-05  0.000000E+00  
2.811632E+02  1.545182E+00  -1.522387E+00  -2.130992E-03  1.000000E+00  3.157534E-02  2.580914E-25  2.796012E-13   5.000000E-01 NotAppl  4.725612E-01  0.000000E+00  
1.274891E+02  1.279520E+02  -1.279455E+02  5.247992E-06  1.000000E+00  1.976722E-03  2.952674E-24  8.575666E-18   5.000000E-01 NotAppl  1.267432E+01  0.000000E+00  
9.573972E+01  3.438484E-03  -3.313899E-03  3.153269E-10  1.000000E+00  5.642225E-03  1.184574E-24  5.568991E-26   5.000000E-01 NotAppl  6.757315E+00  0.000000E+00  
1.373395E+03  5.157498E-03  -4.737263E-03  2.244418E-09  1.000000E+00  6.786414E-01  1.159440E-26  1.212486E-26   5.000000E-01 NotAppl  4.114783E-03  0.000000E+00  
1.668859E+01  5.007403E-02  1.997194E+01  -7.670800E-01  1.000000E+00  1.120879E-03  1.056334E-25  1.141938E-05   0.000000E+00 XENON1T_2018  4.386232E+00  2.657917E-01  
1.085830E+02  1.516092E+00  -1.450129E+00  -4.611770E-04  1.000000E+00  5.977978E-03  1.191051E-24  9.202942E-14   5.000000E-01 NotAppl  5.944134E+00  0.000000E+00  
2.029985E+03  1.867812E-02  -1.598893E-02  -1.579594E-04  1.000000E+00  1.429193E+00  5.328008E-27  2.707888E-17   5.000000E-01 NotAppl  1.266672E-03  0.000000E+00  
4.086953E+03  2.096162E-01  -9.700645E-02  -1.308188E-10  1.000000E+00  5.364348E+00  1.348324E-27  4.468991E-30   5.000000E-01 NotAppl  1.570126E-04  0.000000E+00  
3.936308E+03  1.559761E-01  -1.518966E-01  -5.032041E-04  1.000000E+00  5.043255E+00  1.435683E-27  7.137323E-17   5.000000E-01 NotAppl  1.736901E-04  0.000000E+00  
6.703288E+01  1.376773E+00  9.350555E+01  -1.087461E-01  1.000000E+00  7.171962E-03  7.724823E-26  1.373290E-08   0.000000E+00 LZ5Tmedian  7.248979E-01  0.000000E+00  
8.514001E+03  1.176186E-01  -1.147999E-01  3.282771E-10  1.000000E+00  2.203844E+01  3.124699E-28  6.332191E-30   5.000000E-01 NotAppl  1.729064E-05  0.000000E+00  
2.076438E+01  3.591401E-04  3.229937E+00  -1.345698E+00  1.000000E+00  1.341226E-03  3.278421E-25  2.268856E-05   0.000000E+00 XENON1T_2018  1.066331E+01  2.517484E-01  
5.622777E+01  8.787426E-03  -3.575152E-03  1.661958E-06  1.000000E+00  3.341287E-03  1.108087E-35  4.591541E-18   5.000000E-01 NotAppl  1.239743E-10  1.722705E-09  
2.669201E+03  1.874019E-02  1.016702E+02  9.813565E-06  1.000000E+00  1.792462E-03  2.688907E-24  5.984730E-20   5.000000E-01 NotAppl  4.913302E-01  0.000000E+00  
4.039848E+03  5.865972E-04  2.342470E+02  7.459939E+00  1.000000E+00  3.139294E-04  1.811689E-23  1.487923E-08   1.157563E-16 LZ5Tmedian  2.173264E+00  0.000000E+00  
3.610848E+02  4.169990E-02  1.100852E+00  -1.339215E-02  1.000000E+00  5.232587E-02  1.593900E-25  6.616410E-12   5.000000E-01 NotAppl  2.249460E-01  0.000000E+00  
1.597961E+02  2.809217E-02  -2.634592E-02  -8.366450E-10  1.000000E+00  1.191017E-02  6.917173E-25  1.371752E-25   5.000000E-01 NotAppl  2.316181E+00  0.000000E+00  
4.711129E+01  9.972157E+00  -9.970769E+00  2.812370E-08  1.000000E+00  2.623858E-04  6.184677E-40  1.885621E-21   5.000000E-01 NotAppl  8.325875E-15  3.017473E-13  
1.786540E+01  6.756981E-04  3.172769E-01  1.996490E-04  1.000000E+00  1.366701E-03  7.368702E-33  6.750999E-13   5.000000E-01 NotAppl  2.834081E-07  5.452683E-05  
4.488390E+03  9.260043E-04  1.914400E+02  -1.625654E-06  1.000000E+00  5.253538E-04  9.479805E-24  5.703838E-22   5.000000E-01 NotAppl  1.020230E+00  0.000000E+00  
1.131639E+02  1.892360E+00  -1.611762E+00  6.436339E-03  1.000000E+00  5.880837E-03  1.186286E-24  1.646949E-11   2.819625E-01 NotAppl  5.673266E+00  0.000000E+00  
2.773589E+02  2.902341E+01  -2.902302E+01  -4.878344E-09  1.000000E+00  8.999742E-03  6.845509E-25  1.506735E-24   5.000000E-01 NotAppl  1.276943E+00  0.000000E+00  
2.944134E+03  1.711178E-01  1.622630E-01  -5.924201E-10  1.000000E+00  2.852280E+00  2.585992E-27  1.786371E-28   5.000000E-01 NotAppl  4.206249E-04  0.000000E+00  
5.773428E+02  3.746572E-03  3.093214E+01  -1.063973E-09  1.000000E+00  1.604231E-02  3.070273E-25  1.598964E-26   5.000000E-01 NotAppl  2.688465E-01  0.000000E+00  
1.049504E+01  6.924322E+01  -6.924017E+01  -6.309106E-09  1.000000E+00  2.015657E-01  6.125111E-42  1.932644E-21   5.000000E-01 NotAppl  4.353623E-16  5.607671E-14  
2.259098E+03  5.489555E-02  -4.195219E-02  2.946599E-09  1.000000E+00  1.753168E+00  4.307076E-27  7.578272E-27   5.000000E-01 NotAppl  9.177858E-04  0.000000E+00  
1.131424E+03  1.710810E-04  1.629378E+01  1.735981E-07  1.000000E+00  5.528899E-02  8.757600E-26  1.077142E-22   5.000000E-01 NotAppl  3.846131E-02  0.000000E+00  
2.308630E+02  4.045532E+00  -4.045198E+00  8.078856E-03  1.000000E+00  1.927573E-02  3.869336E-25  6.017651E-12   5.000000E-01 NotAppl  8.707071E-01  0.000000E+00  
4.843152E+01  3.398835E-02  -3.214654E-02  9.605789E-07  1.000000E+00  1.064964E-03  8.423991E-37  2.079337E-18   5.000000E-01 NotAppl  1.101803E-11  8.330899E-10  
5.661938E+01  1.704453E-02  1.265207E+00  5.760572E-10  1.000000E+00  3.325427E-03  1.504851E-42  5.438784E-25   5.000000E-01 NotAppl  1.671484E-17  1.980611E-16  
1.098075E+03  1.978538E-04  2.110131E+02  1.112599E-04  1.000000E+00  5.040162E-04  9.831059E-24  4.703002E-17   5.000000E-01 NotAppl  4.467284E+00  0.000000E+00  
1.589713E+01  5.460641E+00  3.810906E+02  8.853275E-07  1.000000E+00  4.476377E+00  1.396924E-37  1.675890E-17   5.000000E-01 NotAppl  6.130089E-12  9.588176E-10  
1.674221E+01  2.363650E-04  5.535343E-02  -3.431136E-08  1.000000E+00  1.517762E-03  2.131492E-40  2.270162E-20   5.000000E-01 NotAppl  8.816440E-15  1.620202E-12  
1.147992E+03  8.230307E-03  1.661172E+02  -8.607944E-02  1.000000E+00  7.681851E-04  6.324723E-24  2.570979E-11   5.000000E-01 NotAppl  2.745791E+00  0.000000E+00  
6.644330E+02  8.500279E+02  -8.500262E+02  8.655559E-03  1.000000E+00  6.349985E-05  1.162762E-22  7.940547E-13   5.000000E-01 NotAppl  8.707247E+01  0.000000E+00  
4.053142E+02  1.881697E-04  3.516575E-06  6.609625E-10  1.000000E+00  6.655630E-02  1.277450E-25  1.272257E-26   5.000000E-01 NotAppl  1.598413E-01  0.000000E+00  
2.130640E+01  4.177941E+01  -4.177875E+01  4.426758E-03  1.000000E+00  3.707856E-02  3.879103E-30  2.331266E-10   2.045480E-09 LZ5Tmedian  1.227252E-04  2.501964E-02  
9.992881E+02  3.635612E-04  3.971707E-02  -8.669775E-06  1.000000E+00  3.709349E-01  2.178927E-26  3.461595E-19   5.000000E-01 NotAppl  1.071881E-02  0.000000E+00  
1.556060E+03  5.961860E+00  -5.633801E+00  3.274499E-05  1.000000E+00  2.135877E-01  2.993242E-26  2.000647E-18   5.000000E-01 NotAppl  9.321589E-03  0.000000E+00  
1.578773E+03  4.637104E+01  -1.976050E+01  1.910183E-04  1.000000E+00  3.882241E-03  1.425408E-24  6.609976E-17   5.000000E-01 NotAppl  4.380598E-01  0.000000E+00  
5.778482E+02  4.001609E-03  8.402675E-01  1.542981E-10  1.000000E+00  1.290123E-01  6.433151E-26  3.356769E-28   5.000000E-01 NotAppl  5.570769E-02  0.000000E+00  
7.038731E+01  1.201125E-02  -1.176327E-02  4.154778E-06  1.000000E+00  6.128608E-03  3.557939E-35  1.814377E-17   5.000000E-01 NotAppl  3.175732E-10  0.000000E+00  
2.470130E+01  1.063167E-01  -1.026856E-01  7.921848E-06  1.000000E+00  3.640188E-03  1.347707E-35  5.543114E-16   5.000000E-01 NotAppl  3.632419E-10  8.233737E-08  
5.673929E+03  2.515164E+02  -2.510399E+02  -5.515152E-05  1.000000E+00  2.048521E-04  3.572922E-23  4.076360E-19   5.000000E-01 NotAppl  2.966025E+00  0.000000E+00  
8.375689E+03  1.391207E-04  2.546843E-03  -3.769843E-09  1.000000E+00  2.212089E+01  3.144235E-28  8.633068E-28   5.000000E-01 NotAppl  1.769199E-05  0.000000E+00  
1.307982E+03  2.922439E-03  4.670453E+02  -1.376546E-01  1.000000E+00  1.276917E-04  4.007057E-23  5.038234E-11   5.000000E-01 NotAppl  1.521774E+01  0.000000E+00  
3.726648E+02  2.983254E-04  -3.661031E-05  1.314103E-01  1.000000E+00  4.819955E-02  1.893288E-25  5.972016E-10   1.825810E-07 LZ5Tmedian  2.616287E-01  0.000000E+00  
1.699967E+01  3.718581E-02  -3.642311E-02  -3.896863E-03  1.000000E+00  2.024526E-03  2.762531E-30  2.840396E-10   1.040734E-07 LZ5Tmedian  1.123558E-04  1.928256E-02  
4.342651E+02  7.054335E-03  -6.334792E-03  4.271201E-05  1.000000E+00  7.590394E-02  1.118011E-25  4.613335E-17   5.000000E-01 NotAppl  1.301963E-01  0.000000E+00  
5.050723E+02  6.414983E+00  -6.318679E+00  5.521594E+00  1.000000E+00  4.294652E-04  2.552143E-23  5.660612E-07   0.000000E+00 XENON1T_2018  2.592256E+01  0.000000E+00  
6.991714E+03  2.970882E-04  9.533466E+02  9.680880E-05  1.000000E+00  2.505585E-05  2.133664E-22  8.216289E-19   5.000000E-01 NotAppl  1.464429E+01  0.000000E+00  
2.636416E+01  1.012045E+02  -8.236957E+01  5.280810E-07  1.000000E+00  1.884001E+03  6.274084E-38  2.159635E-18   5.000000E-01 NotAppl  1.573548E-12  1.171045E-10  
5.663648E+02  2.080352E+00  -2.010580E+00  -5.215892E-03  1.000000E+00  1.161877E-01  6.893621E-26  3.996497E-13   5.000000E-01 NotAppl  6.094821E-02  0.000000E+00  
5.077144E+01  1.111940E+01  -1.111909E+01  -2.479136E-01  1.000000E+00  1.390189E-03  7.750354E-26  1.258070E-07   0.000000E+00 XENON1T_2018  9.635157E-01  4.261178E-01  
1.890215E+03  2.239887E+02  -2.239880E+02  -2.725942E-03  1.000000E+00  2.751714E-04  2.618192E-23  9.326172E-15   5.000000E-01 NotAppl  6.669813E+00  0.000000E+00  
7.760361E+02  1.391258E-01  -1.045408E-01  9.225813E-05  1.000000E+00  2.290750E-01  3.592685E-26  6.569001E-17   5.000000E-01 NotAppl  2.293410E-02  0.000000E+00  
1.041715E+02  1.073322E-04  1.856831E+00  -5.298571E-09  1.000000E+00  5.569754E-03  1.223967E-24  1.322617E-23   5.000000E-01 NotAppl  6.376941E+00  0.000000E+00  
2.897389E+01  2.169521E-01  -2.168255E-01  -1.849272E-04  1.000000E+00  3.492032E-03  8.365341E-33  2.188220E-13   5.000000E-01 NotAppl  1.889045E-07  4.327351E-05  
1.145946E+02  2.776758E-01  -2.756517E-01  3.132432E-09  1.000000E+00  6.908271E-03  1.123212E-24  3.801721E-24   5.000000E-01 NotAppl  5.301427E+00  0.000000E+00  
4.618895E+03  9.151871E+02  -8.156453E+02  8.191071E-07  1.000000E+00  1.272259E-05  4.055610E-22  1.366093E-22   5.000000E-01 NotAppl  4.148686E+01  0.000000E+00  
1.357237E+03  1.024518E+01  -1.023826E+01  3.695600E-04  1.000000E+00  8.551237E-02  7.319469E-26  3.367609E-16   5.000000E-01 NotAppl  2.622159E-02  0.000000E+00  
6.556444E+03  1.631430E-01  -1.629327E-01  4.639506E-05  1.000000E+00  1.319041E+01  5.287213E-28  2.150343E-19   5.000000E-01 NotAppl  3.811330E-05  0.000000E+00  
5.823459E+02  3.060985E+00  -2.627807E+00  5.602094E+00  1.000000E+00  6.531242E-04  1.873418E-23  4.355294E-07   0.000000E+00 XENON1T_2018  1.632178E+01  0.000000E+00  
1.068554E+03  2.921253E-02  1.208331E-01  7.206430E-08  1.000000E+00  4.207713E-01  1.908760E-26  2.085898E-23   5.000000E-01 NotAppl  8.764861E-03  0.000000E+00  
1.176036E+01  2.030641E-04  1.828447E+01  -6.849637E-02  1.000000E+00  5.252651E-04  7.590088E-28  1.822190E-07   0.000000E+00 XENON1T_2018  4.719274E-02  2.861714E-01  
4.604134E+03  4.873023E-04  3.838857E+01  4.048480E-10  1.000000E+00  1.187065E-02  3.956699E-25  3.358998E-29   5.000000E-01 NotAppl  4.149543E-02  0.000000E+00  
2.887397E+01  1.542462E-01  2.479045E+01  1.345261E-07  1.000000E+00  2.429963E-03  4.411581E-39  1.166108E-19   5.000000E-01 NotAppl  1.001125E-13  4.990531E-12  
1.271093E+02  3.070966E-02  1.595115E+01  -1.682830E-03  1.000000E+00  6.200205E-03  1.062122E-24  8.871929E-13   5.000000E-01 NotAppl  4.487596E+00  0.000000E+00  
5.963858E+01  1.042350E-04  1.203665E-02  -1.617140E-08  1.000000E+00  4.061603E-03  4.774808E-39  3.855115E-22   5.000000E-01 NotAppl  5.048114E-14  1.117369E-13  
6.677570E+01  1.513870E-01  5.918647E-01  -3.954610E-09  1.000000E+00  5.396443E-03  1.151694E-40  1.830420E-23   5.000000E-01 NotAppl  1.084565E-15  0.000000E+00  
2.744331E+03  1.839279E+01  -1.839068E+01  3.835931E+00  1.000000E+00  8.943596E-03  1.114317E-24  8.641475E-09   2.470647E-14 LZ5Tmedian  1.987460E-01  0.000000E+00  
9.487330E+03  1.464819E-01  -1.462171E-01  1.462571E-08  1.000000E+00  2.633748E+01  2.577588E-28  1.008895E-26   5.000000E-01 NotAppl  1.278358E-05  0.000000E+00  
2.222829E+01  4.030807E+02  -3.993993E+02  -9.134669E-07  1.000000E+00  3.731337E-01  1.686008E-37  9.115975E-18   5.000000E-01 NotAppl  5.093408E-12  1.063820E-09  
6.459144E+03  6.065126E-03  1.017319E+01  2.278148E-03  1.000000E+00  1.539679E-01  2.849508E-26  5.344690E-16   5.000000E-01 NotAppl  2.118877E-03  0.000000E+00  
1.308887E+02  3.717628E+02  -3.667496E+02  7.639506E-03  1.000000E+00  7.392370E-04  4.941360E-24  1.721797E-11   3.093805E-01 NotAppl  2.072917E+01  0.000000E+00  
4.137319E+03  4.115905E+02  -4.115889E+02  2.564300E-03  1.000000E+00  8.234612E-05  9.038054E-23  1.674893E-15   5.000000E-01 NotAppl  1.033953E+01  0.000000E+00  
8.879647E+01  4.639795E-03  9.073770E-02  -6.740803E-02  1.000000E+00  6.926437E-03  3.782931E-25  2.969549E-09   4.069020E-120 LZ5Tmedian  2.378241E+00  0.000000E+00  
1.456853E+02  3.044840E-01  -2.984019E-01  -1.464032E-07  1.000000E+00  1.006605E-02  8.046410E-25  5.076909E-21   5.000000E-01 NotAppl  2.964291E+00  0.000000E+00  
2.265069E+02  8.852641E-01  -8.810970E-01  -9.026052E-06  1.000000E+00  2.156475E-02  3.839016E-25  7.810386E-18   5.000000E-01 NotAppl  8.808759E-01  0.000000E+00  
5.948442E+02  1.927295E-04  8.636321E+00  8.489438E-03  1.000000E+00  8.112799E-02  8.162356E-26  9.576838E-13   5.000000E-01 NotAppl  6.882919E-02  0.000000E+00  
1.324912E+02  5.676692E+00  -1.547015E+00  6.938730E-07  1.000000E+00  4.703272E-03  9.809895E-25  1.385407E-19   5.000000E-01 NotAppl  3.986437E+00  0.000000E+00  
1.343311E+02  2.655981E+02  -2.655866E+02  -5.930082E-07  1.000000E+00  1.274154E-03  4.571540E-24  9.836929E-20   5.000000E-01 NotAppl  1.867211E+01  0.000000E+00  
7.998720E+03  1.101337E+02  -1.089655E+02  1.128299E-06  1.000000E+00  1.003070E-03  7.067520E-24  8.491553E-23   5.000000E-01 NotAppl  4.143269E-01  0.000000E+00  
1.415992E+02  2.936275E+01  8.608353E+01  -3.332777E-08  1.000000E+00  1.380338E-03  2.189506E-24  2.788930E-22   5.000000E-01 NotAppl  8.232101E+00  0.000000E+00  
2.893975E+01  4.282728E-04  3.568534E+01  -1.369318E-08  1.000000E+00  2.024078E-03  4.581174E-41  1.202636E-21   5.000000E-01 NotAppl  1.035848E-15  2.373960E-13  
5.384435E+01  6.869559E+02  -6.869515E+02  -1.315705E-07  1.000000E+00  2.847446E-03  3.793278E-38  3.143378E-20   5.000000E-01 NotAppl  4.441255E-13  1.255889E-11  
7.365888E+03  1.822922E-02  5.482769E+02  -1.130342E-06  1.000000E+00  6.948822E-05  7.526995E-23  1.007554E-22   5.000000E-01 NotAppl  4.899707E+00  0.000000E+00  
8.625233E+01  8.680013E+02  -8.679912E+02  8.325001E-05  1.000000E+00  4.406419E-03  1.012903E-24  4.807382E-15   5.000000E-01 NotAppl  6.553081E+00  0.000000E+00  
7.721056E+02  1.037758E+00  -9.732761E-01  -4.339134E+00  1.000000E+00  1.340292E-03  9.779010E-24  1.468253E-07   0.000000E+00 XENON1T_2018  6.913671E+00  0.000000E+00  
2.038221E+03  1.438549E+00  1.582195E+01  3.613708E-08  1.000000E+00  5.598878E-02  8.622602E-26  1.405606E-24   5.000000E-01 NotAppl  2.074668E-02  0.000000E+00  
8.560309E+03  3.368637E+01  -3.366819E+01  -8.386864E-09  1.000000E+00  9.885654E-03  6.680034E-25  4.087780E-27   5.000000E-01 NotAppl  3.656371E-02  0.000000E+00  
3.556673E+02  1.261723E-04  1.024728E-03  -3.950101E+00  1.000000E+00  1.628170E-04  8.770110E-23  5.937125E-07   0.000000E+00 XENON1T_2018  1.469596E+02  0.000000E+00  
2.020273E+02  8.991582E+00  -8.981488E+00  3.559106E-07  1.000000E+00  1.260223E-02  5.212244E-25  1.535107E-20   5.000000E-01 NotAppl  1.349035E+00  0.000000E+00  
9.210975E+02  9.299006E+00  -9.283213E+00  -2.979495E-07  1.000000E+00  8.572612E-02  7.576755E-26  4.828202E-22   5.000000E-01 NotAppl  4.047696E-02  0.000000E+00  
3.604536E+03  9.806160E-01  1.676413E+02  3.851955E-02  1.000000E+00  6.725584E-04  7.338219E-24  5.002707E-13   5.000000E-01 NotAppl  9.866144E-01  0.000000E+00  
3.713534E+03  1.457714E-04  4.168926E-02  1.782589E-03  1.000000E+00  4.564139E+00  1.597729E-27  1.008374E-15   5.000000E-01 NotAppl  2.050808E-04  0.000000E+00  
6.624312E+02  1.190417E+00  -1.051819E+00  7.629233E-07  1.000000E+00  1.626773E-01  4.991455E-26  6.207261E-21   5.000000E-01 NotAppl  3.752387E-02  0.000000E+00  
7.431670E+02  1.342578E-01  -9.696427E-02  1.537356E-08  1.000000E+00  2.109842E-01  3.912334E-26  1.992668E-24   5.000000E-01 NotAppl  2.611524E-02  0.000000E+00  
9.820029E+01  2.970727E-03  2.215205E+02  -4.907744E-04  1.000000E+00  3.424076E-03  1.397304E-24  1.280647E-13   5.000000E-01 NotAppl  7.723415E+00  0.000000E+00  
4.875433E+01  7.986819E-03  8.850405E-03  2.189369E-08  1.000000E+00  1.187441E-03  4.556945E-40  1.065661E-21   5.000000E-01 NotAppl  5.936731E-15  4.284126E-13  
7.972772E+02  5.885869E-02  3.019584E+01  1.388367E-03  1.000000E+00  1.764064E-02  2.712406E-25  1.407809E-14   5.000000E-01 NotAppl  1.708298E-01  0.000000E+00  
4.902986E+02  4.572706E-02  5.069941E+00  -6.799565E+00  1.000000E+00  1.099308E-04  1.201667E-22  9.121467E-07   0.000000E+00 XENON1T_2018  1.442546E+02  0.000000E+00  
9.900575E+01  6.535468E-01  2.777677E-01  -1.673430E-05  1.000000E+00  5.168523E-03  1.232083E-24  1.464228E-16   5.000000E-01 NotAppl  6.776685E+00  0.000000E+00  
5.753071E+03  6.773846E-02  2.831063E+02  -9.472195E-09  1.000000E+00  2.465638E-04  2.060291E-23  1.169046E-26   5.000000E-01 NotAppl  1.723735E+00  0.000000E+00  
2.299105E+01  2.119969E+00  -2.066191E+00  -3.850424E-08  1.000000E+00  2.279966E-02  3.049583E-40  1.513329E-20   5.000000E-01 NotAppl  8.875115E-15  1.908836E-12  
9.886552E+03  6.229040E-03  3.467082E-01  -6.269743E-02  1.000000E+00  2.459345E+01  2.507214E-28  1.705167E-13   5.000000E-01 NotAppl  1.196814E-05  0.000000E+00  
1.441155E+03  4.485357E+02  -4.485334E+02  1.623837E-05  1.000000E+00  8.731160E-05  8.542834E-23  5.753063E-19   5.000000E-01 NotAppl  2.875458E+01  0.000000E+00  
3.421900E+03  2.898627E-04  9.461753E+01  -1.107187E-10  1.000000E+00  2.057150E-03  2.352520E-24  4.594449E-30   5.000000E-01 NotAppl  3.334839E-01  0.000000E+00  
3.276757E+03  8.818617E+01  -8.748887E+01  -8.522707E-04  1.000000E+00  1.540139E-03  4.469622E-24  2.973384E-16   5.000000E-01 NotAppl  6.484307E-01  0.000000E+00  
1.179775E+01  1.897721E-02  -1.880295E-02  5.506179E-04  1.000000E+00  1.043657E-03  4.910798E-32  1.170166E-11   5.000000E-01 NotAppl  3.042058E-06  4.245473E-04  
4.389395E+01  2.905507E-04  3.839558E-03  1.059277E-09  1.000000E+00  1.163973E-04  6.387315E-43  3.089426E-24   5.000000E-01 NotAppl  9.277802E-18  1.141011E-15  
2.498582E+02  1.651910E+00  -1.623939E+00  1.283868E+00  1.000000E+00  1.792473E-03  6.310820E-24  1.292466E-07   0.000000E+00 XENON1T_2018  1.338430E+01  0.000000E+00  
2.804372E+01  7.014131E+00  1.144623E+02  -1.390107E-08  1.000000E+00  1.840625E-01  4.581041E-41  1.320863E-21   5.000000E-01 NotAppl  1.073351E-15  1.603007E-13  
1.068308E+02  2.119829E-03  4.578252E-03  5.973161E-03  1.000000E+00  6.219189E-03  1.235998E-24  1.596186E-11   2.767097E-01 NotAppl  6.273209E+00  0.000000E+00  
6.231756E+01  1.760494E-04  7.830625E-01  -7.021732E-06  1.000000E+00  4.317943E-03  2.126476E-31  6.644895E-17   5.000000E-01 NotAppl  2.137825E-06  5.377424E-09  
3.622173E+01  7.328912E+01  -5.025703E+01  -4.156187E-02  1.000000E+00  3.312900E+00  5.793325E-28  7.028934E-09   0.000000E+00 LZ5Tmedian  1.029692E-02  5.715354E-01  
1.369483E+02  1.107666E-01  8.857338E+01  -2.694658E-10  1.000000E+00  3.432479E-03  1.594177E-24  1.952390E-26   5.000000E-01 NotAppl  6.175171E+00  0.000000E+00  
6.739458E+03  3.382298E-04  3.103815E+00  3.399761E-10  1.000000E+00  1.401659E+00  3.086563E-27  1.091859E-29   5.000000E-01 NotAppl  2.193470E-04  0.000000E+00  
4.808258E+02  1.235307E-01  1.515805E+01  4.470710E-02  1.000000E+00  3.676721E-02  1.669830E-25  4.103789E-11   4.348415E-01 NotAppl  1.758906E-01  0.000000E+00  
6.401093E+03  2.566974E+01  6.521057E+02  4.604906E+00  1.000000E+00  4.516248E-05  1.158183E-22  2.224167E-09   3.125874E-02 LZ5Tmedian  8.693377E+00  0.000000E+00  
1.117870E+03  1.690315E-01  -1.689240E-01  1.061080E-07  1.000000E+00  4.578372E-01  1.746537E-26  4.124389E-23   5.000000E-01 NotAppl  7.656388E-03  0.000000E+00  
2.163618E+02  9.500249E-02  -9.438517E-02  -1.281991E-03  1.000000E+00  2.042231E-02  4.153155E-25  1.730703E-13   5.000000E-01 NotAppl  9.996148E-01  0.000000E+00  
4.890413E+03  1.348093E+00  -1.347723E+00  -1.571454E-08  1.000000E+00  3.046191E+00  1.994642E-27  4.476723E-26   5.000000E-01 NotAppl  1.930035E-04  0.000000E+00  
2.294408E+01  6.654424E+00  -6.645974E+00  6.246155E+00  1.000000E+00  1.437981E-02  2.171232E-25  3.998807E-04   0.000000E+00 XENON1T_2018  6.101909E+00  2.563487E-01  
9.348393E+01  1.811950E-02  7.344142E-02  1.892990E-02  1.000000E+00  5.207892E-03  1.265142E-24  2.107537E-10   6.902318E-09 LZ5Tmedian  7.414693E+00  0.000000E+00  
4.251067E+01  9.934535E+02  -9.929785E+02  -1.427140E-08  1.000000E+00  9.990826E-05  1.032556E-40  5.985389E-22   5.000000E-01 NotAppl  1.550577E-15  2.129109E-13  
3.047044E+02  1.194429E+02  -1.154711E+02  -1.512054E-09  1.000000E+00  9.684921E-04  5.335569E-24  1.193988E-25   5.000000E-01 NotAppl  9.034380E+00  0.000000E+00  
6.254614E+03  4.065606E+02  -4.060256E+02  -5.104510E-09  1.000000E+00  8.183339E-05  9.140670E-23  2.864598E-27   5.000000E-01 NotAppl  6.874088E+00  0.000000E+00  
3.438637E+01  3.891552E+02  -3.726888E+02  3.659790E-03  1.000000E+00  9.104444E+00  4.091625E-30  6.056994E-11   4.512588E-04 LZ5Tmedian  7.686135E-05  4.961101E-03  
6.834031E+03  4.578691E-02  -2.513723E-03  -3.650835E-09  1.000000E+00  1.483741E+01  4.739209E-28  1.223934E-27   5.000000E-01 NotAppl  3.276215E-05  0.000000E+00  
1.185949E+02  6.399670E-01  -4.611553E-01  -4.864339E-04  1.000000E+00  6.991581E-03  1.079999E-24  8.545063E-14   5.000000E-01 NotAppl  4.921279E+00  0.000000E+00  
4.480103E+01  8.597251E+02  -8.579365E+02  -8.627932E-09  1.000000E+00  1.449550E-04  4.599528E-41  1.966025E-22   5.000000E-01 NotAppl  6.539784E-16  7.203336E-14  
2.570947E+03  4.557778E-03  -4.354026E-03  1.249449E-02  1.000000E+00  2.245260E+00  3.333155E-27  1.047112E-13   5.000000E-01 NotAppl  6.224095E-04  0.000000E+00  
2.845588E+01  5.584835E-02  5.719557E+00  -6.481930E-06  1.000000E+00  2.196815E-03  1.009739E-35  2.788380E-16   5.000000E-01 NotAppl  2.325706E-10  4.520696E-08  
3.209843E+03  1.095650E+02  -1.095201E+02  2.236756E-09  1.000000E+00  1.020818E-03  6.848253E-24  2.135840E-27   5.000000E-01 NotAppl  1.014669E+00  0.000000E+00  
1.582640E+01  4.778682E-01  -1.470499E-01  1.597739E-02  1.000000E+00  5.102844E-03  4.543587E-29  5.506907E-09   8.820650E-115 LZ5Tmedian  2.004012E-03  1.426938E-01  
8.600080E+02  4.051335E+01  -4.050272E+01  -2.536871E-04  1.000000E+00  6.973110E-03  9.428413E-25  4.026735E-16   5.000000E-01 NotAppl  5.404084E-01  0.000000E+00  
4.923387E+03  1.931555E-02  1.003559E+00  -5.726156E-10  1.000000E+00  5.035457E+00  1.192025E-27  5.863397E-29   5.000000E-01 NotAppl  1.153484E-04  0.000000E+00  
1.763883E+03  1.438885E-02  -5.522417E-04  -2.852196E-02  1.000000E+00  1.086914E+00  7.103851E-27  1.175585E-12   5.000000E-01 NotAppl  1.951379E-03  0.000000E+00  
1.335919E+01  4.079423E+02  -4.079409E+02  8.170459E-04  1.000000E+00  1.197190E-01  1.128936E-31  2.016179E-11   5.000000E-01 NotAppl  6.050371E-06  9.300830E-04  
6.244982E+02  8.008140E-01  -5.264203E-01  -3.327176E-09  1.000000E+00  1.471842E-01  5.549499E-26  1.331770E-25   5.000000E-01 NotAppl  4.434298E-02  0.000000E+00  
6.944912E+02  2.027283E-04  4.445105E+00  -2.269820E-05  1.000000E+00  1.474408E-01  5.006392E-26  4.988583E-18   5.000000E-01 NotAppl  3.590091E-02  0.000000E+00  
1.695422E+02  2.141170E+01  -2.140132E+01  -3.809088E-01  1.000000E+00  3.197493E-03  1.901645E-24  2.518442E-08   0.000000E+00 LZ5Tmedian  6.697759E+00  0.000000E+00  
4.079511E+03  1.502569E+00  -1.500154E+00  -1.311513E-09  1.000000E+00  2.332801E+00  2.656564E-27  4.508423E-28   5.000000E-01 NotAppl  3.091291E-04  0.000000E+00  
6.299638E+01  2.202947E-03  7.181483E-02  -6.811161E+00  1.000000E+00  1.287134E-06  3.426379E-20  6.115596E-05   0.000000E+00 XENON1T_2018  2.659737E+05  0.000000E+00  
3.432997E+01  1.993362E+00  3.175036E+02  -5.013871E-07  1.000000E+00  9.385793E-04  7.659382E-38  1.140612E-18   5.000000E-01 NotAppl  1.441445E-12  2.847986E-10  
4.707461E+02  3.690256E+02  -1.878134E+02  -1.177297E+00  1.000000E+00  1.224555E-04  2.854918E-23  2.971830E-08   4.274081E-268 LZ5Tmedian  3.083587E+01  0.000000E+00  
1.250811E+01  4.352768E+00  5.152363E+02  3.741540E-02  1.000000E+00  4.196180E+00  2.316459E-28  4.815275E-08   0.000000E+00 LZ5Tmedian  1.340200E-02  2.524669E-01  
2.182051E+02  5.533468E-04  6.107104E-01  -7.236517E-02  1.000000E+00  2.018204E-02  4.108278E-25  5.419543E-10   6.906953E-11 LZ5Tmedian  9.860827E-01  0.000000E+00  
1.720365E+02  1.703702E+00  -1.638431E+00  3.332052E-10  1.000000E+00  1.245593E-02  6.155914E-25  1.870305E-26   5.000000E-01 NotAppl  1.911513E+00  0.000000E+00  
3.244549E+02  1.352002E+02  -1.351955E+02  8.505349E-06  1.000000E+00  1.005368E-03  6.619087E-24  3.322025E-18   5.000000E-01 NotAppl  1.049126E+01  0.000000E+00  
4.705934E+01  4.418425E-04  -1.685277E-04  5.623901E-06  1.000000E+00  5.674075E-04  2.459211E-35  7.557194E-17   5.000000E-01 NotAppl  3.314029E-10  2.973155E-08  
1.571374E+02  9.487300E+00  -9.448412E+00  -2.280000E-02  1.000000E+00  8.487385E-03  7.271046E-25  1.054385E-10   2.172064E-03 LZ5Tmedian  2.481945E+00  0.000000E+00  
7.186591E+01  1.889239E-02  7.177504E-02  -1.726784E-10  1.000000E+00  6.307695E-03  4.275572E-44  3.003786E-26   5.000000E-01 NotAppl  3.709707E-19  0.000000E+00  
4.032587E+01  6.890197E+00  -6.889414E+00  -4.786724E-06  1.000000E+00  5.082587E-04  9.875573E-36  7.496281E-17   5.000000E-01 NotAppl  1.564118E-10  1.395681E-08  
6.300342E+03  1.208849E-03  -1.046818E-03  2.537698E-02  1.000000E+00  1.265322E+01  5.595523E-28  6.976004E-14   5.000000E-01 NotAppl  4.202348E-05  0.000000E+00  
1.707600E+01  7.457496E+01  -7.156017E+01  -1.897650E-02  1.000000E+00  8.069268E-01  6.560135E-29  6.675672E-09   1.700575E-166 LZ5Tmedian  2.653620E-03  2.741184E-01  
1.837144E+01  6.128870E-01  8.127567E+01  4.357833E-03  1.000000E+00  4.718608E-03  3.544271E-30  3.041588E-10   1.569118E-09 LZ5Tmedian  1.321207E-04  2.361807E-02  
6.756213E+01  6.987406E-01  -6.297966E-01  1.826923E-01  1.000000E+00  6.082132E-03  1.733217E-25  3.814188E-08   0.000000E+00 XENON1T_2018  1.611776E+00  0.000000E+00  
3.132819E+01  3.344534E+02  -3.344519E+02  -8.836726E-09  1.000000E+00  8.138190E-03  2.085362E-41  4.265412E-22   5.000000E-01 NotAppl  4.330192E-16  9.654802E-14  
3.682787E+01  3.370254E+01  8.563601E+01  7.187679E-05  1.000000E+00  2.806254E+04  1.791041E-33  2.032536E-14   5.000000E-01 NotAppl  3.127772E-08  5.964918E-06  
7.598165E+01  5.583356E-03  6.440445E+00  2.707588E-04  1.000000E+00  6.044713E-03  4.819874E-32  6.591058E-14   5.000000E-01 NotAppl  3.981245E-07  0.000000E+00  
2.255512E+02  6.409459E-02  2.838687E-02  7.869535E-03  1.000000E+00  2.186362E-02  3.889339E-25  5.988766E-12   5.000000E-01 NotAppl  8.963969E-01  0.000000E+00  
3.379571E+01  1.791281E-03  4.696188E-03  -4.206951E-07  1.000000E+00  1.192482E-03  5.258084E-38  8.289882E-19   5.000000E-01 NotAppl  1.006266E-12  2.126651E-10  
7.245046E+03  1.211178E-02  1.413969E+02  2.429719E+00  1.000000E+00  9.197202E-04  5.693718E-24  4.814542E-10   5.000000E-01 NotAppl  3.770417E-01  0.000000E+00  
1.451585E+03  4.667758E-01  1.354665E+02  1.704491E-09  1.000000E+00  1.065214E-03  4.536147E-24  6.246218E-27   5.000000E-01 NotAppl  1.547792E+00  0.000000E+00  
1.443361E+01  3.431522E-04  2.048349E+02  -2.100223E-06  1.000000E+00  7.519289E-04  7.638760E-37  1.142839E-16   5.000000E-01 NotAppl  3.744002E-11  6.130476E-09  
2.005115E+02  3.188912E-03  3.140415E+00  8.346478E-05  1.000000E+00  1.628940E-02  4.822498E-25  8.573658E-16   5.000000E-01 NotAppl  1.256465E+00  0.000000E+00  
4.806288E+01  1.012020E+00  3.748693E+02  -1.970611E-03  1.000000E+00  2.406378E-03  3.389585E-30  8.888345E-12   3.227905E-01 NotAppl  4.481567E-05  3.521566E-03  
9.360942E+02  6.179518E+01  1.676140E+01  -2.145056E-01  1.000000E+00  1.157237E-03  3.277325E-24  2.421347E-10   7.776468E-02 LZ5Tmedian  1.735507E+00  0.000000E+00  
3.272364E+01  1.216887E+02  -1.216876E+02  -3.234806E-08  1.000000E+00  6.258227E-03  2.962155E-40  5.232479E-21   5.000000E-01 NotAppl  5.868273E-15  1.273863E-12  
1.862798E+01  2.489544E+01  -6.433196E+00  1.758391E-03  1.000000E+00  2.018088E+03  5.798731E-31  4.816488E-11   3.697053E-02 LZ5Tmedian  2.127378E-05  4.868263E-04  
3.916233E+03  1.366430E-04  1.399621E+01  2.221608E+00  1.000000E+00  4.120295E-02  1.949457E-25  1.405720E-09   2.799048E-02 LZ5Tmedian  2.447442E-02  0.000000E+00  
2.422337E+01  2.510477E-03  -1.286183E-03  3.400842E-07  1.000000E+00  2.862005E-03  2.452907E-38  1.062647E-18   5.000000E-01 NotAppl  6.746111E-13  1.522975E-10  
1.205569E+03  9.657494E+02  -7.868691E+02  1.371285E-03  1.000000E+00  1.559599E-05  2.454086E-22  5.904596E-15   5.000000E-01 NotAppl  9.932127E+01  0.000000E+00  
4.667736E+02  1.073770E-02  2.044231E-01  -1.849909E-08  1.000000E+00  8.684410E-02  9.722860E-26  7.465874E-24   5.000000E-01 NotAppl  1.050552E-01  0.000000E+00  
9.402967E+01  9.797325E-01  -9.793952E-01  6.677311E-04  1.000000E+00  5.574113E-03  1.143395E-24  2.591198E-13   5.000000E-01 NotAppl  6.654850E+00  0.000000E+00  
8.142958E+01  8.370171E-01  -7.821834E-01  -6.208515E-05  1.000000E+00  7.038752E-03  3.943835E-25  3.008301E-15   5.000000E-01 NotAppl  2.772579E+00  0.000000E+00  
1.411947E+01  2.763565E+02  -2.756927E+02  3.527085E-03  1.000000E+00  1.608962E-01  2.140143E-30  3.367040E-10   8.541476E-06 LZ5Tmedian  1.075603E-04  1.662475E-02  
2.882922E+02  2.466823E+02  -8.722024E+01  3.319208E-03  1.000000E+00  1.978299E-04  1.697268E-23  6.444275E-13   5.000000E-01 NotAppl  3.042865E+01  0.000000E+00  
4.182555E+01  2.240151E-02  5.879301E+00  4.534745E+00  1.000000E+00  2.898158E-04  6.221467E-25  6.246275E-05   0.000000E+00 XENON1T_2018  9.913848E+00  2.580614E-01  
9.799276E+01  3.955252E+00  -3.948761E+00  4.055510E-10  1.000000E+00  4.985962E-03  1.249403E-24  8.782938E-26   5.000000E-01 NotAppl  6.951935E+00  0.000000E+00  
2.483344E+02  8.250886E-04  2.387237E+00  4.110594E-04  1.000000E+00  2.481726E-02  3.261656E-25  1.341621E-14   5.000000E-01 NotAppl  6.797654E-01  0.000000E+00  
5.464623E+01  8.095182E+01  -8.095047E+01  -7.933792E-01  1.000000E+00  1.527397E-03  1.638024E-24  1.109047E-06   0.000000E+00 XENON1T_2018  1.887809E+01  4.994509E-01  
1.161100E+03  6.450570E+00  4.864786E+01  1.562673E-05  1.000000E+00  5.898595E-03  8.196868E-25  8.278930E-19   5.000000E-01 NotAppl  3.514037E-01  0.000000E+00  
3.302740E+02  1.112603E+01  -1.107622E+01  -9.822422E-07  1.000000E+00  2.551333E-02  2.588606E-25  4.272188E-20   5.000000E-01 NotAppl  4.013310E-01  0.000000E+00  
1.611344E+01  1.572998E+00  6.203427E+00  4.999574E-03  1.000000E+00  3.908538E-02  4.472964E-30  5.202435E-10   5.354017E-12 LZ5Tmedian  1.932928E-04  2.325777E-02  
1.005498E+03  3.691500E-04  3.099946E-02  5.792899E-01  1.000000E+00  1.041453E-01  1.031625E-25  1.526022E-09   3.065399E-07 LZ5Tmedian  5.285320E-02  0.000000E+00  
1.720906E+02  5.491140E-02  -5.477674E-02  -1.778302E+00  1.000000E+00  7.902828E-05  1.819800E-22  5.323778E-07   0.000000E+00 XENON1T_2018  6.573929E+02  0.000000E+00  
7.230796E+02  9.604013E-03  2.696514E+01  1.330114E+00  1.000000E+00  6.251092E-03  1.413360E-24  1.577525E-08   5.995793E-94 LZ5Tmedian  1.006321E+00  0.000000E+00  
1.065152E+03  1.939604E-01  1.592827E+00  -5.541775E-03  1.000000E+00  3.845520E-01  2.000784E-26  1.241586E-13   5.000000E-01 NotAppl  9.224221E-03  0.000000E+00  
1.733111E+01  1.037066E-04  9.411062E-02  2.193198E-06  1.000000E+00  1.533053E-03  8.804373E-37  8.656699E-17   5.000000E-01 NotAppl  3.503777E-11  6.601439E-09  
2.308918E+03  5.470511E-01  9.098528E+02  -1.352025E-07  1.000000E+00  3.558446E-05  1.478663E-22  1.526164E-23   5.000000E-01 NotAppl  3.134760E+01  0.000000E+00  
1.208473E+03  1.195700E-03  3.508266E-02  -7.646373E-10  1.000000E+00  5.321440E-01  1.494849E-26  1.826894E-27   5.000000E-01 NotAppl  6.049407E-03  0.000000E+00  
5.749100E+01  1.731736E-01  2.720969E-02  3.161826E-05  1.000000E+00  3.764416E-03  6.161414E-33  1.588227E-15   5.000000E-01 NotAppl  6.735581E-08  5.596417E-07  
1.623826E+02  1.736813E+02  -1.433136E+02  2.515032E-03  1.000000E+00  6.093213E-04  5.030612E-24  1.199461E-12   5.000000E-01 NotAppl  1.688856E+01  0.000000E+00  
1.290227E+03  9.686716E+01  -9.686617E+01  7.285872E-07  1.000000E+00  1.349268E-03  5.119813E-24  1.451336E-21   5.000000E-01 NotAppl  1.931102E+00  0.000000E+00  
3.461419E+03  5.422784E-02  -2.445987E-02  -2.576251E-01  1.000000E+00  2.685791E+00  3.100474E-27  2.430077E-11   5.000000E-01 NotAppl  4.383031E-04  0.000000E+00  
1.754319E+03  2.592168E-04  5.305444E-02  -1.003193E-04  1.000000E+00  1.081423E+00  7.125833E-27  1.470541E-17   5.000000E-01 NotAppl  1.967286E-03  0.000000E+00  
1.053295E+03  1.132501E-01  7.769634E+00  2.275814E-05  1.000000E+00  1.583512E-01  3.629726E-26  2.142274E-18   5.000000E-01 NotAppl  1.705284E-02  0.000000E+00  
2.185354E+03  1.125462E-02  4.441787E+02  1.628660E-04  1.000000E+00  1.186527E-04  4.312455E-23  2.477129E-17   5.000000E-01 NotAppl  9.672815E+00  0.000000E+00  
2.233269E+02  3.848910E+00  -3.693050E+00  -1.508472E-01  1.000000E+00  1.670098E-02  4.463607E-25  2.245601E-09   6.258309E-42 LZ5Tmedian  1.066543E+00  0.000000E+00  
2.435822E+01  3.587819E+02  -3.520666E+02  5.264852E-08  1.000000E+00  1.461167E+00  5.899004E-40  2.518406E-20   5.000000E-01 NotAppl  1.614015E-14  3.040115E-12  
1.324786E+01  6.671899E-04  2.923576E+00  1.903094E-06  1.000000E+00  6.485805E-04  6.108626E-37  1.112107E-16   5.000000E-01 NotAppl  3.305777E-11  4.996535E-09  
3.024398E+02  9.885746E-04  1.360858E-01  5.344668E-01  1.000000E+00  1.104682E-02  1.035770E-24  1.514748E-08   1.492448E-209 LZ5Tmedian  1.822619E+00  0.000000E+00  
9.575269E+03  7.960603E-01  -7.784999E-01  -3.701503E-04  1.000000E+00  9.457838E+00  6.144844E-28  6.342093E-18   5.000000E-01 NotAppl  3.009885E-05  0.000000E+00  
2.648380E+03  2.049218E-01  1.700923E+02  9.349971E-03  1.000000E+00  6.676810E-04  7.340688E-24  5.519962E-14   5.000000E-01 NotAppl  1.352164E+00  0.000000E+00  
2.315544E+02  2.810081E-03  4.265433E-02  -6.884880E-06  1.000000E+00  2.316261E-02  3.675709E-25  4.343692E-18   5.000000E-01 NotAppl  8.241817E-01  0.000000E+00  
4.387727E+01  1.901515E-04  4.281216E-02  -2.649936E-07  1.000000E+00  1.175667E-04  3.991490E-38  1.934930E-19   5.000000E-01 NotAppl  5.786189E-13  7.143229E-11  
7.427379E+02  4.079714E+02  -4.078708E+02  5.288354E-07  1.000000E+00  1.348861E-04  5.418234E-23  2.360693E-21   5.000000E-01 NotAppl  3.613549E+01  0.000000E+00  
2.844363E+03  1.932505E+01  -1.909364E+01  -1.049065E-03  1.000000E+00  2.851528E-02  2.215002E-25  6.008921E-16   5.000000E-01 NotAppl  3.713267E-02  0.000000E+00  
1.244380E+02  6.590829E-03  -4.253449E-03  3.047981E+00  1.000000E+00  1.186012E-05  1.090317E-22  3.039997E-06   0.000000E+00 XENON1T_2018  4.748698E+02  0.000000E+00  
2.387669E+03  2.838211E-01  -1.876084E-01  -5.710232E-08  1.000000E+00  1.919650E+00  3.905681E-27  2.542571E-24   5.000000E-01 NotAppl  7.864100E-04  0.000000E+00  
2.833906E+01  9.204592E-04  1.586502E-01  3.433595E-10  1.000000E+00  2.562492E-03  2.822280E-44  7.889615E-25   5.000000E-01 NotAppl  6.529901E-19  1.500830E-16  
4.921760E+03  1.628534E+01  -1.628492E+01  -1.349681E-03  1.000000E+00  3.973583E-02  1.569413E-25  3.259695E-16   5.000000E-01 NotAppl  1.504986E-02  0.000000E+00  
1.582476E+02  1.907169E+02  -1.893107E+02  -5.583862E-09  1.000000E+00  1.017830E-03  4.984142E-24  6.233486E-24   5.000000E-01 NotAppl  1.721527E+01  0.000000E+00  
6.211358E+03  3.365817E+00  2.465573E+02  -1.100137E+00  1.000000E+00  3.169042E-04  1.585713E-23  1.349503E-10   5.000000E-01 NotAppl  1.227325E+00  0.000000E+00  
4.536086E+02  2.733511E+01  -2.733349E+01  -1.217223E-05  1.000000E+00  1.252742E-02  5.050124E-25  3.427178E-18   5.000000E-01 NotAppl  5.629098E-01  0.000000E+00  
2.384505E+01  6.066320E-01  4.882589E+02  2.855835E-08  1.000000E+00  4.681968E-03  1.713117E-40  7.735095E-21   5.000000E-01 NotAppl  4.796304E-15  1.074066E-12  
4.155374E+01  8.306046E+00  -8.272415E+00  -3.677603E-08  1.000000E+00  2.264610E-04  6.368272E-40  4.162986E-21   5.000000E-01 NotAppl  9.773119E-15  6.696692E-13  
1.694352E+02  8.472099E-01  6.980752E+02  -1.520582E-01  1.000000E+00  9.729827E-04  4.118506E-24  4.018569E-09   1.216043E-95 LZ5Tmedian  1.273001E+01  0.000000E+00  
7.549795E+02  1.932678E+02  -1.799790E+02  -9.869723E-03  1.000000E+00  3.090678E-04  1.665361E-23  7.952516E-13   5.000000E-01 NotAppl  1.092064E+01  0.000000E+00  
4.701285E+03  1.115151E-03  4.003538E-02  1.494173E-04  1.000000E+00  7.202280E+00  9.975676E-28  4.385173E-18   5.000000E-01 NotAppl  1.007669E-04  0.000000E+00  
7.228081E+01  3.151869E-02  -8.297476E-03  -1.418012E-09  1.000000E+00  6.503421E-03  2.629786E-42  2.001918E-24   5.000000E-01 NotAppl  2.268251E-17  0.000000E+00  
2.516923E+03  1.241465E+00  2.038072E+00  3.199303E-09  1.000000E+00  8.791200E-01  7.281262E-27  7.168837E-27   5.000000E-01 NotAppl  1.398013E-03  0.000000E+00  
4.028039E+03  5.428037E+02  -4.674409E+02  7.664064E-04  1.000000E+00  3.428590E-05  1.530100E-22  1.579845E-16   5.000000E-01 NotAppl  1.799124E+01  0.000000E+00  
1.653792E+01  2.971465E+00  -2.969428E+00  -3.233215E-09  1.000000E+00  7.067474E-02  1.885528E-42  2.065808E-22   5.000000E-01 NotAppl  7.911216E-17  1.389666E-14  
1.161954E+01  5.445863E+00  -5.445686E+00  -7.022898E-01  1.000000E+00  5.200340E-02  7.897934E-26  1.961456E-05   0.000000E+00 XENON1T_2018  4.980200E+00  2.544539E-01  
1.932199E+03  3.241649E+00  -3.241444E+00  8.713045E-06  1.000000E+00  5.363605E-01  1.206588E-26  9.111046E-20   5.000000E-01 NotAppl  3.011284E-03  0.000000E+00  
6.579582E+02  8.971880E-02  4.379494E+01  -4.895279E-01  1.000000E+00  9.940749E-03  4.257818E-25  2.591232E-09   1.579532E-17 LZ5Tmedian  3.329283E-01  0.000000E+00  
5.397946E+03  1.623220E+01  -1.605017E+01  -3.180599E-05  1.000000E+00  4.023066E-02  1.559124E-25  1.500353E-19   5.000000E-01 NotAppl  1.361418E-02  0.000000E+00  
6.422136E+02  9.323184E-02  7.904993E-02  1.545487E-03  1.000000E+00  1.595178E-01  5.215483E-26  2.713810E-14   5.000000E-01 NotAppl  4.048529E-02  0.000000E+00  
1.838821E+01  4.025915E-01  -3.914273E-01  -1.665005E-04  1.000000E+00  6.149880E-03  5.175508E-33  4.431970E-13   5.000000E-01 NotAppl  1.926441E-07  3.783244E-05  
1.946974E+02  1.197779E-02  -7.021589E-03  -3.599481E-10  1.000000E+00  1.688921E-02  5.018371E-25  1.693666E-26   5.000000E-01 NotAppl  1.348574E+00  0.000000E+00  
2.581702E+01  3.885654E-03  7.319921E+00  -9.732485E-07  1.000000E+00  1.938874E-03  2.097632E-37  7.652836E-18   5.000000E-01 NotAppl  5.380011E-12  9.759585E-10  
2.705243E+01  3.287574E+01  -1.912675E+00  1.132198E-02  1.000000E+00  5.494732E+01  2.944206E-29  9.423392E-10   1.368729E-46 LZ5Tmedian  7.176086E-04  1.018409E-02  
9.905706E+02  1.061681E+02  -1.059515E+02  3.835901E-06  1.000000E+00  1.161420E-03  5.932253E-24  6.898637E-20   5.000000E-01 NotAppl  2.937853E+00  0.000000E+00  
8.515839E+03  1.365027E+01  6.336393E+01  -8.574284E-09  1.000000E+00  3.318659E-03  1.697526E-24  4.317953E-27   5.000000E-01 NotAppl  9.526856E-02  0.000000E+00  
3.044180E+02  4.905637E-01  6.349836E+00  -6.709014E-02  1.000000E+00  3.148191E-02  2.285787E-25  2.355151E-10   5.932951E-04 LZ5Tmedian  3.869849E-01  0.000000E+00  
5.873912E+01  3.294337E-03  -2.798497E-03  3.166672E-03  1.000000E+00  3.776969E-03  1.074812E-28  1.524805E-11   1.639109E-01 NotAppl  1.154212E-03  4.799676E-03  
2.816471E+01  2.821158E+00  2.276280E+02  -9.912371E-02  1.000000E+00  1.673565E-02  2.338322E-27  6.657858E-08   0.000000E+00 XENON1T_2018  5.452442E-02  3.560693E-01  
6.524020E+01  8.366244E+02  -8.348797E+02  2.135552E+00  1.000000E+00  8.157988E-05  8.352537E-23  5.597449E-06   0.000000E+00 XENON1T_2018  8.052355E+02  0.000000E+00  
1.033719E+02  1.118010E+01  2.856821E+01  -2.369307E-01  1.000000E+00  7.733317E-03  3.480301E-25  2.686696E-08   0.000000E+00 XENON1T_2018  1.839477E+00  0.000000E+00  
4.465331E+01  3.465272E+01  -3.339145E+01  3.427581E-08  1.000000E+00  6.537595E-05  7.159874E-40  3.123711E-21   5.000000E-01 NotAppl  1.019249E-14  1.157539E-12  
1.926307E+03  7.316892E-01  1.939950E+01  -5.369373E-07  1.000000E+00  4.094602E-02  1.144444E-25  3.481595E-22   5.000000E-01 NotAppl  2.919072E-02  0.000000E+00  
4.790242E+02  9.125812E+00  -8.347138E+00  1.896352E-08  1.000000E+00  4.763629E-02  1.402129E-25  7.440538E-24   5.000000E-01 NotAppl  1.475518E-01  0.000000E+00  
5.168243E+01  4.629006E+01  3.314500E+01  -1.571865E-03  1.000000E+00  7.364006E+00  3.597974E-30  4.877447E-12   5.000000E-01 NotAppl  4.410892E-05  1.981239E-03  
9.595766E+02  8.464041E-02  3.092727E+00  1.642497E-05  1.000000E+00  2.788847E-01  2.635396E-26  1.349650E-18   5.000000E-01 NotAppl  1.354182E-02  0.000000E+00  
5.579517E+02  1.712015E+00  -1.709685E+00  4.109499E-06  1.000000E+00  1.151168E-01  7.044636E-26  2.557930E-19   5.000000E-01 NotAppl  6.325451E-02  0.000000E+00  
1.389136E+01  1.552516E+00  -1.549525E+00  -1.655908E-03  1.000000E+00  7.181461E-02  4.693933E-31  7.665011E-11   7.995685E-02 LZ5Tmedian  2.404449E-05  3.789874E-03  
2.107849E+02  5.819781E-02  -5.532531E-02  -2.090090E-01  1.000000E+00  1.414043E-02  6.507946E-25  4.853127E-09   1.122646E-94 LZ5Tmedian  1.681388E+00  0.000000E+00  
4.387528E+02  2.059028E+01  -1.981173E+01  4.018191E-06  1.000000E+00  1.794610E-02  3.416742E-25  3.997988E-19   5.000000E-01 NotAppl  3.942292E-01  0.000000E+00  
1.945111E+03  2.441569E-02  -2.047724E-02  2.322601E-05  1.000000E+00  1.317022E+00  5.801373E-27  6.386797E-19   5.000000E-01 NotAppl  1.440916E-03  0.000000E+00  
4.429652E+03  7.340661E-03  2.199249E+02  -7.329062E-05  1.000000E+00  4.023405E-04  1.242199E-23  1.190810E-18   5.000000E-01 NotAppl  1.354839E+00  0.000000E+00  
1.382083E+02  5.653559E-04  3.589401E-04  -2.428494E-05  1.000000E+00  9.319689E-03  8.716647E-25  1.556250E-16   5.000000E-01 NotAppl  3.391451E+00  0.000000E+00  
4.701377E+02  2.299963E+00  -2.299548E+00  -6.632225E-08  1.000000E+00  8.097108E-02  9.911118E-26  9.456249E-23   5.000000E-01 NotAppl  1.063003E-01  0.000000E+00  
1.712832E+03  2.928209E-03  3.632101E+00  -3.114515E-06  1.000000E+00  5.469366E-01  1.103536E-26  1.488247E-20   5.000000E-01 NotAppl  3.140102E-03  0.000000E+00  
3.135932E+02  3.177650E-01  -3.162754E-01  -4.362849E-04  1.000000E+00  4.055688E-02  2.088662E-25  9.372073E-15   5.000000E-01 NotAppl  3.412900E-01  0.000000E+00  
5.733220E+02  5.292711E+01  3.572556E+02  4.556125E-06  1.000000E+00  1.519392E-04  2.255425E-23  2.974222E-19   5.000000E-01 NotAppl  1.992772E+01  0.000000E+00  
1.984179E+02  7.466516E+00  -7.010759E-01  2.727655E-08  1.000000E+00  8.703659E-03  5.409704E-25  9.355779E-23   5.000000E-01 NotAppl  1.425879E+00  0.000000E+00  
4.673966E+01  1.074542E+01  -1.072536E+01  1.725613E-07  1.000000E+00  1.927450E-04  2.235495E-38  7.214417E-20   5.000000E-01 NotAppl  3.041991E-13  1.071537E-11  
2.854028E+03  2.693203E+02  -5.326467E+00  3.591626E-03  1.000000E+00  6.717360E-05  5.600403E-23  6.994793E-15   5.000000E-01 NotAppl  9.416842E+00  0.000000E+00  
3.323955E+01  3.626369E+00  1.845282E+02  -4.433240E-04  1.000000E+00  2.928172E-03  5.692524E-32  9.520840E-13   5.000000E-01 NotAppl  1.109009E-06  2.055927E-04  
8.213870E+01  1.858768E-02  -1.804837E-02  1.470552E-06  1.000000E+00  6.079548E-03  4.886247E-25  1.658023E-18   5.000000E-01 NotAppl  3.388233E+00  0.000000E+00  
1.331960E+03  2.570204E-04  2.118239E-03  -3.968592E-01  1.000000E+00  2.865968E-01  3.415260E-26  4.035319E-10   4.969075E-02 LZ5Tmedian  1.301604E-02  0.000000E+00  
7.246304E+02  3.961065E-04  9.575503E-01  4.609658E-06  1.000000E+00  1.975915E-01  4.137137E-26  1.886406E-19   5.000000E-01 NotAppl  2.834924E-02  0.000000E+00  
2.347444E+03  5.409630E-01  -5.399653E-01  6.912305E-01  1.000000E+00  3.675615E-01  2.802722E-26  3.856911E-10   1.951956E-01 NotAppl  5.994072E-03  0.000000E+00  
2.046214E+02  3.657305E+02  -3.165438E+02  -1.941496E-01  1.000000E+00  3.181859E-04  1.007835E-23  4.450153E-09   2.885354E-89 LZ5Tmedian  2.602869E+01  0.000000E+00  
3.161528E+02  4.985112E-01  -2.033193E-01  -7.760322E-07  1.000000E+00  4.034430E-02  2.059759E-25  2.916259E-20   5.000000E-01 NotAppl  3.337335E-01  0.000000E+00  
1.994940E+01  8.095049E+00  -2.541083E+00  8.122495E-09  1.000000E+00  2.153137E+00  1.269701E-41  8.957903E-22   5.000000E-01 NotAppl  4.319124E-16  5.781034E-14  
1.479064E+01  2.448048E+02  -2.448006E+02  1.664166E-04  1.000000E+00  9.498847E-02  4.831040E-33  6.835530E-13   5.000000E-01 NotAppl  2.301620E-07  3.844501E-05  
2.062219E+01  1.296043E+02  -1.260005E+02  -1.038573E-08  1.000000E+00  5.248233E-01  2.104545E-41  1.370188E-21   5.000000E-01 NotAppl  6.898003E-16  1.398968E-13  
1.678050E+01  1.762698E-01  1.020750E+01  2.578274E-04  1.000000E+00  1.606829E-03  1.204409E-32  1.276023E-12   5.000000E-01 NotAppl  4.970826E-07  6.915834E-05  
6.813965E+02  3.823342E+00  -3.383701E+00  -1.255679E-10  1.000000E+00  1.361021E-01  5.502587E-26  1.587246E-28   5.000000E-01 NotAppl  4.017221E-02  0.000000E+00  
1.242956E+02  2.948087E+02  -2.942324E+02  -3.357335E-07  1.000000E+00  1.304725E-03  4.058880E-24  3.697066E-20   5.000000E-01 NotAppl  1.790273E+01  0.000000E+00  
4.705015E+03  5.292618E+02  -5.292617E+02  6.539449E-09  1.000000E+00  5.114658E-05  1.474516E-22  8.386234E-27   5.000000E-01 NotAppl  1.480119E+01  0.000000E+00  
3.854623E+01  2.383500E+00  -2.383150E+00  -4.608910E-01  1.000000E+00  1.357879E-04  8.136878E-26  7.617558E-07   0.000000E+00 XENON1T_2018  1.351460E+00  2.583398E-01  
8.509485E+02  5.320635E-01  1.775659E+01  1.836705E-08  1.000000E+00  4.262262E-02  1.182556E-25  2.156887E-24   5.000000E-01 NotAppl  6.951878E-02  0.000000E+00  
6.384960E+03  3.840675E-02  4.824885E+00  2.853470E-04  1.000000E+00  6.220512E-01  6.925901E-27  8.584193E-18   5.000000E-01 NotAppl  5.205937E-04  0.000000E+00  
5.717796E+01  6.912848E-03  -2.010456E-03  3.611497E-03  1.000000E+00  3.531226E-03  7.156499E-29  2.095310E-11   8.090231E-02 LZ5Tmedian  7.868212E-04  7.301550E-03  
5.641928E+01  9.198030E-04  1.900061E+00  -9.558796E+00  1.000000E+00  2.679176E-03  6.920834E-25  1.508388E-04   0.000000E+00 XENON1T_2018  9.828955E+00  2.608060E-01  
6.244281E+03  5.622176E+00  5.086581E+02  5.239998E-08  1.000000E+00  7.862174E-05  6.569614E-23  3.028845E-25   5.000000E-01 NotAppl  5.057512E+00  0.000000E+00  
2.351669E+01  1.101838E-03  1.281430E+02  2.188459E-04  1.000000E+00  1.714525E-03  9.977965E-33  4.671046E-13   5.000000E-01 NotAppl  2.835747E-07  6.337358E-05  
1.791067E+03  8.200045E+01  -8.199988E+01  3.388968E-09  1.000000E+00  1.811475E-03  3.788497E-24  1.608765E-26   5.000000E-01 NotAppl  1.020021E+00  0.000000E+00  
8.778806E+01  1.160946E-01  2.453875E-01  -9.650651E-10  1.000000E+00  5.679284E-03  7.419802E-25  6.230832E-25   5.000000E-01 NotAppl  4.717304E+00  0.000000E+00  
1.929526E+01  4.520085E-03  2.473444E-02  -1.265662E-10  1.000000E+00  2.060730E-03  3.043150E-45  2.325444E-25   5.000000E-01 NotAppl  1.074126E-19  2.176451E-17  
1.312585E+01  1.287628E+00  -1.286560E+00  -1.327356E-06  1.000000E+00  5.871442E-02  2.962804E-37  5.509945E-17   5.000000E-01 NotAppl  1.620284E-11  2.450655E-09  
2.726292E+01  1.195089E+00  -1.194853E+00  7.876927E-05  1.000000E+00  8.153107E-03  1.434608E-33  4.490267E-14   5.000000E-01 NotAppl  3.467293E-08  7.864613E-06  
7.975541E+01  3.927168E-03  6.224020E+00  5.269989E-06  1.000000E+00  5.868438E-03  1.066347E-35  2.261518E-17   5.000000E-01 NotAppl  8.386178E-11  0.000000E+00  
6.079221E+01  2.944875E+02  -2.944792E+02  -4.968552E-06  1.000000E+00  7.242179E-03  1.242809E-33  3.499640E-17   5.000000E-01 NotAppl  1.282345E-08  8.189461E-09  
1.736001E+02  6.179094E+00  1.068843E+02  -2.254424E-03  1.000000E+00  1.917188E-03  1.973208E-24  8.404384E-13   5.000000E-01 NotAppl  5.948352E+00  0.000000E+00  
7.291154E+03  1.307441E-04  2.159488E+02  -7.690542E-07  1.000000E+00  4.164720E-04  1.222400E-23  4.761674E-23   5.000000E-01 NotAppl  8.039952E-01  0.000000E+00  
5.528747E+03  2.640471E-02  3.825095E+02  -9.177839E+00  1.000000E+00  1.470709E-04  3.265579E-23  1.189926E-08   4.790268E-10 LZ5Tmedian  2.847228E+00  0.000000E+00  
8.822594E+01  2.783580E-03  1.128808E+00  -2.590366E-07  1.000000E+00  5.278378E-03  7.474154E-25  4.443516E-20   5.000000E-01 NotAppl  4.727961E+00  0.000000E+00  
2.215098E+01  4.831946E+00  -4.248207E+00  -1.840896E-01  1.000000E+00  3.653757E-02  6.834951E-27  3.728390E-07   0.000000E+00 XENON1T_2018  2.072508E-01  2.651215E-01  
7.977373E+03  2.686830E-04  2.317339E+01  -5.544383E-06  1.000000E+00  3.183371E-02  1.449525E-25  2.061591E-21   5.000000E-01 NotAppl  8.702874E-03  0.000000E+00  
3.802537E+01  3.818512E+00  -3.817867E+00  -2.169780E-04  1.000000E+00  4.172916E-04  1.749464E-32  1.735635E-13   5.000000E-01 NotAppl  2.953803E-07  4.374005E-05  
2.251153E+03  1.220913E-04  1.408150E+00  3.225407E-07  1.000000E+00  1.412849E+00  4.871530E-27  9.145631E-23   5.000000E-01 NotAppl  1.043808E-03  0.000000E+00  
6.883589E+03  1.670161E+00  2.842337E+00  -2.035899E-03  1.000000E+00  7.674010E-01  7.589136E-27  3.750683E-16   5.000000E-01 NotAppl  5.262023E-04  0.000000E+00  
9.651358E+02  2.574138E-03  1.246297E+02  -1.866450E-04  1.000000E+00  1.313112E-03  3.678445E-24  1.722357E-16   5.000000E-01 NotAppl  1.908113E+00  0.000000E+00  
3.494055E+01  3.092523E-02  -2.619624E-02  5.173212E-09  1.000000E+00  7.225372E-04  8.400785E-42  1.171584E-22   5.000000E-01 NotAppl  1.549027E-16  3.169603E-14  
1.756242E+01  6.382548E+00  -6.379238E+00  -1.606229E+00  1.000000E+00  1.206419E-02  4.112891E-25  4.521713E-05   0.000000E+00 XENON1T_2018  1.613055E+01  2.561720E-01  
8.813074E+02  1.946238E-04  1.192417E+00  -1.240937E-09  1.000000E+00  2.825955E-01  2.833383E-26  9.165558E-27   5.000000E-01 NotAppl  1.586844E-02  0.000000E+00  
2.986650E+01  6.875687E-01  -6.869624E-01  -4.069428E-08  1.000000E+00  4.066064E-03  4.181891E-40  9.965070E-21   5.000000E-01 NotAppl  9.146509E-15  2.067617E-12  
1.960345E+02  7.568644E+00  6.888011E+01  -2.609451E-04  1.000000E+00  2.650036E-03  1.442035E-24  8.777172E-15   5.000000E-01 NotAppl  3.821637E+00  0.000000E+00  
3.271460E+02  1.997865E+01  1.120238E+01  -9.470420E+00  1.000000E+00  2.052744E-06  2.179540E-21  4.049605E-06   0.000000E+00 XENON1T_2018  4.141533E+03  0.000000E+00  
1.160918E+02  7.903086E-01  -7.604359E-01  1.085578E-07  1.000000E+00  6.830588E-03  1.110289E-24  4.446133E-21   5.000000E-01 NotAppl  5.171459E+00  0.000000E+00  
3.374593E+02  5.370352E+00  5.401092E+02  5.759389E-05  1.000000E+00  2.680620E-04  1.576257E-23  1.405500E-16   5.000000E-01 NotAppl  2.395141E+01  0.000000E+00  
4.683740E+03  4.210131E-02  8.592416E-01  -3.376574E-09  1.000000E+00  5.144569E+00  1.225035E-27  2.256522E-27   5.000000E-01 NotAppl  1.245814E-04  0.000000E+00  
9.845738E+02  2.610029E+00  3.846258E+00  -1.592758E-06  1.000000E+00  1.791988E-01  3.764399E-26  1.204235E-20   5.000000E-01 NotAppl  1.889719E-02  0.000000E+00  
5.930784E+03  2.812305E-03  -2.454939E-03  -2.136657E-07  1.000000E+00  1.131099E+01  6.268237E-28  5.591736E-24   5.000000E-01 NotAppl  5.002877E-05  0.000000E+00  
9.705469E+02  7.733257E-03  -7.470540E-03  -1.259874E-03  1.000000E+00  3.509994E-01  2.308334E-26  7.758670E-15   5.000000E-01 NotAppl  1.170187E-02  0.000000E+00  
1.490514E+01  4.119073E+01  -4.118812E+01  2.287224E-06  1.000000E+00  9.331841E-02  9.146493E-37  1.271572E-16   5.000000E-01 NotAppl  4.320430E-11  5.363454E-10  
2.721728E+02  2.789817E+02  -2.789813E+02  -1.319839E-03  1.000000E+00  4.635233E-04  1.434577E-23  1.146365E-13   5.000000E-01 NotAppl  2.736737E+01  0.000000E+00  
6.124324E+02  2.070774E-02  -2.056467E-02  -6.882360E-02  1.000000E+00  1.412746E-01  5.993487E-26  5.930223E-11   3.867683E-01 NotAppl  4.904820E-02  0.000000E+00  
3.044497E+01  5.964926E+01  -5.953944E+01  -4.116196E-04  1.000000E+00  9.487012E-03  4.371504E-32  9.806932E-13   5.000000E-01 NotAppl  9.352792E-07  2.113889E-04  
2.813072E+03  2.563190E+01  1.989701E+01  8.182514E-05  1.000000E+00  6.651095E-03  9.375037E-25  3.738913E-18   5.000000E-01 NotAppl  1.609437E-01  0.000000E+00  
2.153227E+01  8.021225E-01  4.