MD1           DMP           DM3           l345          ld           Omegah2       sigV          protonSI      PvalDD        expName      CMB_ID        brH_DMDM      
1.210772E+03  4.811413E+00  -4.811273E+00  -1.043440E-01  1.000000E+00  2.653087E-01  2.311889E-26  3.388901E-11   5.000000E-01 NotAppl  9.376242E-03  0.000000E+00  
8.361007E+01  6.103455E+00  -5.513296E+00  6.451347E-08  1.000000E+00  6.448257E-03  6.221604E-25  3.077021E-21   5.000000E-01 NotAppl  4.194856E+00  0.000000E+00  
4.813082E+01  6.851905E-03  9.049804E-01  -2.554328E-05  1.000000E+00  1.166042E-03  5.741812E-34  1.489096E-15   5.000000E-01 NotAppl  7.580511E-09  5.898661E-07  
5.310079E+03  1.008345E+00  3.457660E+01  5.866759E+00  1.000000E+00  8.080796E-03  9.659422E-25  5.277901E-09   4.970870E-05 LZ5Tmedian  8.865935E-02  0.000000E+00  
2.531102E+03  9.282306E+02  -9.281892E+02  -4.059124E-06  1.000000E+00  2.223781E-05  3.461193E-22  1.140866E-20   5.000000E-01 NotAppl  6.536463E+01  0.000000E+00  
1.449782E+02  6.577121E-01  -6.557058E-01  2.435443E-01  1.000000E+00  5.444078E-03  1.806104E-24  1.419010E-08   0.000000E+00 LZ5Tmedian  6.721943E+00  0.000000E+00  
4.038586E+02  6.409615E-03  4.460185E-01  1.599808E-09  1.000000E+00  6.561912E-02  1.287535E-25  7.508518E-26   5.000000E-01 NotAppl  1.617090E-01  0.000000E+00  
1.062298E+02  1.107790E+02  -7.515027E+01  3.432850E+00  1.000000E+00  1.646564E-05  2.167978E-22  5.333439E-06   0.000000E+00 XENON1T_2018  1.114906E+03  0.000000E+00  
1.398336E+01  5.726170E-04  2.897299E-03  -3.080458E-08  1.000000E+00  1.228425E-03  1.627685E-40  2.618114E-20   5.000000E-01 NotAppl  8.272277E-15  1.321125E-12  
1.364107E+03  4.552438E-01  3.820577E+01  -7.681095E-06  1.000000E+00  1.160651E-02  4.034046E-25  1.439878E-19   5.000000E-01 NotAppl  1.466520E-01  0.000000E+00  
2.144774E+03  1.381344E-02  1.054649E-01  1.813196E-05  1.000000E+00  1.585488E+00  4.778786E-27  3.189777E-19   5.000000E-01 NotAppl  1.073875E-03  0.000000E+00  
3.761591E+03  5.847434E-01  -5.845974E-01  1.321078E-09  1.000000E+00  3.975226E+00  1.758511E-27  5.395300E-28   5.000000E-01 NotAppl  2.226524E-04  0.000000E+00  
4.269708E+03  1.146737E+00  -1.113613E+00  -3.133113E-09  1.000000E+00  3.225762E+00  1.985319E-27  2.345199E-27   5.000000E-01 NotAppl  2.206853E-04  0.000000E+00  
2.561218E+02  1.540706E+01  9.764346E+02  6.931733E-04  1.000000E+00  2.641172E-04  1.284573E-23  3.581256E-14   5.000000E-01 NotAppl  2.584088E+01  0.000000E+00  
7.444503E+03  1.506385E-02  1.290091E+01  1.510439E+00  1.000000E+00  7.781647E-02  7.616621E-26  1.760716E-10   5.000000E-01 NotAppl  4.929678E-03  0.000000E+00  
7.399397E+03  1.669483E+02  -1.668116E+02  -2.135697E-06  1.000000E+00  4.499934E-04  1.609532E-23  3.563886E-22   5.000000E-01 NotAppl  1.020922E+00  0.000000E+00  
4.745982E+03  5.271752E-01  7.333567E+00  -3.237379E-03  1.000000E+00  2.582684E-01  1.775238E-26  2.019371E-15   5.000000E-01 NotAppl  1.803560E-03  0.000000E+00  
3.405470E+01  2.140537E-03  1.376520E-03  -3.806022E-08  1.000000E+00  1.084119E-03  4.356127E-40  6.680808E-21   5.000000E-01 NotAppl  8.268741E-15  1.735078E-12  
9.297283E+01  3.496723E-04  5.030127E+01  1.752077E-05  1.000000E+00  4.183374E-03  1.091219E-24  1.825849E-16   5.000000E-01 NotAppl  6.431623E+00  0.000000E+00  
7.104420E+03  1.164187E-03  2.181816E-03  3.662187E-06  1.000000E+00  1.606218E+01  4.369420E-28  1.138197E-21   5.000000E-01 NotAppl  2.904164E-05  0.000000E+00  
3.304095E+03  2.243670E+02  -2.122851E+02  8.524008E-10  1.000000E+00  2.383435E-04  2.777807E-23  2.924426E-28   5.000000E-01 NotAppl  3.995925E+00  0.000000E+00  
8.998637E+02  4.827340E-01  6.523621E+02  1.227640E-07  1.000000E+00  9.590219E-05  5.352757E-23  8.596540E-23   5.000000E-01 NotAppl  2.983969E+01  0.000000E+00  
1.263038E+02  8.716894E+02  -8.229672E+02  3.581584E-07  1.000000E+00  5.580321E-04  5.324470E-24  4.071443E-20   5.000000E-01 NotAppl  2.306328E+01  0.000000E+00  
3.060780E+02  5.095440E-03  3.859316E-01  7.802712E-06  1.000000E+00  3.877115E-02  2.187205E-25  3.150332E-18   5.000000E-01 NotAppl  3.665318E-01  0.000000E+00  
1.750984E+03  1.873348E-04  4.536586E-01  -8.695114E-03  1.000000E+00  1.061917E+00  7.195673E-27  1.109030E-13   5.000000E-01 NotAppl  1.990730E-03  0.000000E+00  
9.938170E+03  3.885739E-01  1.309187E+02  -1.232014E-05  1.000000E+00  1.106940E-03  4.595326E-24  6.514897E-21   5.000000E-01 NotAppl  2.208808E-01  0.000000E+00  
7.358347E+01  2.489032E-04  3.869521E-02  7.773757E-04  1.000000E+00  6.598739E-03  6.054358E-31  5.801016E-13   5.000000E-01 NotAppl  5.166058E-06  0.000000E+00  
2.312072E+02  4.617081E+00  -4.615909E+00  2.647326E-02  1.000000E+00  1.830196E-02  4.041934E-25  6.441940E-11   7.170922E-02 LZ5Tmedian  9.088525E-01  0.000000E+00  
1.997418E+02  3.693612E+01  -1.696832E+01  3.021691E-01  1.000000E+00  1.169621E-03  2.812370E-24  1.132616E-08   3.970676E-231 LZ5Tmedian  7.441812E+00  0.000000E+00  
1.741259E+01  1.545598E+01  -1.545543E+01  1.076605E-05  1.000000E+00  6.413462E-02  2.124789E-35  2.066516E-15   5.000000E-01 NotAppl  8.411366E-10  5.871421E-08  
4.481474E+02  2.446505E-02  2.739607E-01  8.678127E-01  1.000000E+00  1.177445E-02  1.016889E-24  1.785703E-08   2.943123E-169 LZ5Tmedian  1.198055E+00  0.000000E+00  
4.513074E+01  3.191087E-04  8.170218E-02  1.505606E-07  1.000000E+00  1.028128E-04  1.445218E-38  5.898142E-20   5.000000E-01 NotAppl  2.039470E-13  2.239953E-11  
4.336860E+03  4.654556E-02  -2.035104E-02  2.273976E-06  1.000000E+00  6.157440E+00  1.172948E-27  1.196784E-21   5.000000E-01 NotAppl  1.286013E-04  0.000000E+00  
8.234532E+03  8.443467E+00  -8.443194E+00  -2.831397E-09  1.000000E+00  1.418640E-01  4.239565E-26  5.040942E-28   5.000000E-01 NotAppl  2.413333E-03  0.000000E+00  
3.050410E+03  8.058231E-01  3.092585E+02  6.992302E-02  1.000000E+00  2.141633E-04  2.344862E-23  2.315284E-12   5.000000E-01 NotAppl  3.737668E+00  0.000000E+00  
2.331168E+03  4.562264E+00  -3.905376E+00  -7.073446E-08  1.000000E+00  3.878125E-01  1.641620E-26  4.096477E-24   5.000000E-01 NotAppl  3.376991E-03  0.000000E+00  
1.019640E+01  1.311359E-01  1.460881E+00  5.024088E-05  1.000000E+00  7.406904E-04  3.826301E-34  1.296658E-13   5.000000E-01 NotAppl  2.813694E-08  3.549386E-06  
3.245746E+02  1.051108E+01  -9.156255E+00  8.041670E-02  1.000000E+00  1.978013E-02  3.265730E-25  2.967448E-10   1.499923E-04 LZ5Tmedian  5.176015E-01  0.000000E+00  
4.339664E+03  3.924067E+01  -3.923851E+01  -3.392303E-10  1.000000E+00  7.322944E-03  9.022422E-25  2.659883E-29   5.000000E-01 NotAppl  9.832340E-02  0.000000E+00  
5.758661E+02  2.373734E-03  1.836759E+01  3.399258E-07  1.000000E+00  3.545403E-02  1.524618E-25  1.640663E-21   5.000000E-01 NotAppl  1.334852E-01  0.000000E+00  
4.487936E+03  2.193413E-01  1.421722E+02  -4.883552E-10  1.000000E+00  9.322505E-04  5.303519E-24  5.148400E-29   5.000000E-01 NotAppl  5.708323E-01  0.000000E+00  
1.120409E+03  1.599185E+00  1.091685E+01  -2.819641E-05  1.000000E+00  8.837343E-02  6.065305E-26  2.898948E-18   5.000000E-01 NotAppl  2.684982E-02  0.000000E+00  
9.158002E+03  4.159863E-03  3.854981E+02  -1.085663E-02  1.000000E+00  1.356150E-04  3.846090E-23  5.972506E-15   5.000000E-01 NotAppl  2.008133E+00  0.000000E+00  
2.384607E+02  4.357290E-04  1.361080E-01  -1.333512E-10  1.000000E+00  2.440265E-02  3.483716E-25  1.534303E-27   5.000000E-01 NotAppl  7.575192E-01  0.000000E+00  
5.921322E+01  3.161701E+02  -2.690420E+02  -4.840370E-09  1.000000E+00  2.463504E+02  3.262827E-40  3.504628E-23   5.000000E-01 NotAppl  3.474439E-15  1.071328E-14  
3.767785E+03  1.756483E-04  2.785464E-02  -3.353195E-03  1.000000E+00  4.695904E+00  1.551628E-27  3.464358E-15   5.000000E-01 NotAppl  1.962483E-04  0.000000E+00  
1.028225E+03  2.904589E-01  -2.891098E-01  -2.328167E-07  1.000000E+00  3.892161E-01  2.064344E-26  2.354958E-22   5.000000E-01 NotAppl  9.861420E-03  0.000000E+00  
4.700495E+01  4.268104E-03  2.220935E+02  -1.188759E-05  1.000000E+00  8.994099E-04  1.092192E-34  3.384508E-16   5.000000E-01 NotAppl  1.473608E-09  1.330410E-07  
1.608289E+02  3.772857E+02  -3.702276E+02  -6.277173E-05  1.000000E+00  4.796870E-04  7.501478E-24  7.620546E-16   5.000000E-01 NotAppl  2.551188E+01  0.000000E+00  
1.860204E+02  4.119540E+01  -3.906381E+01  2.327140E-01  1.000000E+00  2.088969E-03  2.450059E-24  7.772679E-09   1.822883E-169 LZ5Tmedian  6.989348E+00  0.000000E+00  
7.749049E+02  7.941273E-04  2.888113E+01  2.208214E-04  1.000000E+00  1.906653E-02  2.519836E-25  3.774562E-16   5.000000E-01 NotAppl  1.633526E-01  0.000000E+00  
6.306387E+03  1.237069E-02  1.900832E+00  1.013600E+00  1.000000E+00  8.719972E-01  1.029342E-26  1.110743E-10   5.000000E-01 NotAppl  8.025736E-04  0.000000E+00  
7.716819E+01  4.735012E+02  -4.734335E+02  3.445142E-05  1.000000E+00  1.939150E-02  6.496324E-34  1.033846E-15   5.000000E-01 NotAppl  5.280381E-09  0.000000E+00  
1.353095E+03  5.875882E+00  8.377312E+00  -9.312993E-04  1.000000E+00  7.011927E-02  8.624546E-26  2.151977E-15   5.000000E-01 NotAppl  3.140213E-02  0.000000E+00  
3.916841E+01  1.362991E-04  1.026804E+00  9.641663E-07  1.000000E+00  3.633341E-05  3.708736E-37  3.226920E-18   5.000000E-01 NotAppl  6.069131E-12  1.026117E-09  
1.997294E+01  1.564983E-02  -1.423658E-02  -1.072572E-08  1.000000E+00  2.380417E-03  2.215021E-41  1.558304E-21   5.000000E-01 NotAppl  7.520903E-16  1.557132E-13  
1.115677E+01  2.741452E-02  -1.185559E-02  -4.715317E-02  1.000000E+00  9.602209E-04  3.520209E-28  9.577001E-08   0.000000E+00 LZ5Tmedian  2.328554E-02  2.316206E-01  
4.673184E+03  1.271660E+01  -1.271619E+01  1.359216E-10  1.000000E+00  6.372408E-02  9.624785E-26  3.673302E-30   5.000000E-01 NotAppl  9.728304E-03  0.000000E+00  
9.797514E+03  3.815463E+01  5.374723E+02  -6.320245E-08  1.000000E+00  6.215591E-05  8.516953E-23  1.764868E-25   5.000000E-01 NotAppl  4.152415E+00  0.000000E+00  
2.554764E+02  6.064912E-04  3.559243E+02  1.042712E-02  1.000000E+00  6.085851E-04  7.793478E-24  8.145639E-12   5.000000E-01 NotAppl  1.571733E+01  0.000000E+00  
5.109586E+02  6.625945E-02  1.719059E+01  -1.685966E-07  1.000000E+00  3.553513E-02  1.590729E-25  5.153959E-22   5.000000E-01 NotAppl  1.573207E-01  0.000000E+00  
2.142885E+01  4.998160E-03  1.764943E+00  3.744786E+00  1.000000E+00  1.466144E-03  4.739511E-25  1.649189E-04   0.000000E+00 XENON1T_2018  1.471200E+01  2.506326E-01  
2.367590E+03  1.080121E-02  3.872001E-03  -8.927882E-10  1.000000E+00  1.919248E+00  3.920981E-27  6.323132E-28   5.000000E-01 NotAppl  7.963657E-04  0.000000E+00  
1.967948E+01  9.143763E+02  -8.631618E+02  2.857413E-05  1.000000E+00  1.505994E+06  1.562821E-34  1.139314E-14   5.000000E-01 NotAppl  5.394268E-09  1.107300E-06  
3.042524E+03  1.893229E-03  9.418527E-03  -2.644328E-04  1.000000E+00  3.108967E+00  2.377362E-27  3.328762E-17   5.000000E-01 NotAppl  3.738504E-04  0.000000E+00  
4.404745E+02  6.889254E-03  7.401987E+00  -1.405553E-05  1.000000E+00  5.823277E-02  1.238043E-25  4.852829E-18   5.000000E-01 NotAppl  1.422191E-01  0.000000E+00  
1.878490E+02  2.362691E-04  1.250690E+02  1.427973E-08  1.000000E+00  2.234412E-03  2.221314E-24  2.868529E-23   5.000000E-01 NotAppl  6.138118E+00  0.000000E+00  
3.112535E+01  9.583253E-03  1.079053E-01  1.364440E-04  1.000000E+00  2.135118E-03  4.932114E-33  1.030395E-13   5.000000E-01 NotAppl  1.030083E-07  2.305487E-05  
1.582612E+02  8.681747E-01  8.573507E+01  2.185595E-03  1.000000E+00  3.192342E-03  1.582250E-24  9.548272E-13   5.000000E-01 NotAppl  5.260696E+00  0.000000E+00  
6.367259E+03  4.478135E+01  -4.049823E+01  -8.315801E+00  1.000000E+00  8.317623E-03  5.453425E-25  7.331806E-09   1.029125E-05 LZ5Tmedian  4.216170E-02  0.000000E+00  
2.971890E+01  1.112145E+00  -1.110461E+00  -1.220461E-06  1.000000E+00  4.982507E-03  3.741244E-37  9.053531E-18   5.000000E-01 NotAppl  8.227024E-12  1.847565E-09  
1.892644E+03  9.842110E+02  -9.814651E+02  -2.050406E-05  1.000000E+00  2.233936E-05  3.305893E-22  5.262759E-19   5.000000E-01 NotAppl  8.410300E+01  0.000000E+00  
2.024198E+01  1.429335E+02  -1.423663E+02  -3.736772E-10  1.000000E+00  5.251460E-02  2.703173E-44  1.841317E-24   5.000000E-01 NotAppl  9.048304E-19  1.886091E-16  
1.571687E+03  9.169393E-04  2.125629E-02  9.901451E-01  1.000000E+00  1.057257E-01  1.053407E-25  1.792381E-09   1.219998E-05 LZ5Tmedian  3.430918E-02  0.000000E+00  
4.770069E+03  9.848951E-01  -7.855956E-01  -1.195563E-07  1.000000E+00  4.264953E+00  1.552151E-27  2.725859E-24   5.000000E-01 NotAppl  1.541962E-04  0.000000E+00  
2.604804E+01  5.370081E+00  -5.369674E+00  4.851646E-06  1.000000E+00  1.861370E-02  5.247414E-36  1.867841E-16   5.000000E-01 NotAppl  1.332587E-10  2.399384E-08  
1.735371E+01  5.077439E+02  -5.077438E+02  3.154065E-06  1.000000E+00  6.468625E-02  1.821615E-36  1.785693E-16   5.000000E-01 NotAppl  7.235658E-11  1.365566E-08  
1.338275E+02  1.253072E-04  7.165510E-02  1.431144E-05  1.000000E+00  8.812068E-03  9.148968E-25  5.773630E-17   5.000000E-01 NotAppl  3.678635E+00  0.000000E+00  
4.706371E+03  6.051785E-04  2.668606E-02  -8.567184E-10  1.000000E+00  7.220843E+00  9.951468E-28  1.438489E-28   5.000000E-01 NotAppl  1.004116E-04  0.000000E+00  
1.585424E+02  1.302539E-03  2.294664E-03  -4.260249E-07  1.000000E+00  1.175393E-02  7.007512E-25  3.614722E-20   5.000000E-01 NotAppl  2.365463E+00  0.000000E+00  
2.471393E+01  2.489196E+00  1.984342E+02  1.147521E-06  1.000000E+00  3.046664E-02  2.828857E-37  1.161914E-17   5.000000E-01 NotAppl  7.620337E-12  1.645397E-09  
3.472456E+01  1.536428E+01  -1.536407E+01  8.978871E-05  1.000000E+00  4.081295E-03  2.503784E-33  3.574064E-14   5.000000E-01 NotAppl  4.654737E-08  2.182159E-06  
2.584115E+02  2.689182E-02  2.850392E-01  -4.194540E-04  1.000000E+00  2.821336E-02  3.003557E-25  1.287664E-14   5.000000E-01 NotAppl  6.005487E-01  0.000000E+00  
5.301740E+03  8.955525E+01  -8.750214E+01  -2.877615E-01  1.000000E+00  1.503722E-03  4.575382E-24  1.273848E-11   5.000000E-01 NotAppl  4.068855E-01  0.000000E+00  
1.795857E+01  2.813519E-03  6.327993E+02  -9.459413E-04  1.000000E+00  1.113661E-03  1.657071E-31  1.499833E-11   3.847413E-01 NotAppl  6.336220E-06  1.219832E-03  
1.476521E+01  6.755595E+01  -3.174821E+01  -1.769032E-04  1.000000E+00  1.133369E+05  5.456244E-33  7.750597E-13   5.000000E-01 NotAppl  2.605304E-07  6.874180E-06  
2.344886E+01  7.374305E-02  -7.138859E-02  1.355638E-10  1.000000E+00  3.335428E-03  3.822323E-45  1.802822E-25   5.000000E-01 NotAppl  1.089707E-19  2.433285E-17  
4.956335E+02  2.679992E-03  1.864409E+01  1.529017E-05  1.000000E+00  3.159320E-02  1.765997E-25  4.511434E-18   5.000000E-01 NotAppl  1.802572E-01  0.000000E+00  
7.628446E+01  3.666349E-04  5.355361E+01  -1.286094E-04  1.000000E+00  6.024063E-03  1.036428E-32  1.475048E-14   5.000000E-01 NotAppl  8.456474E-08  0.000000E+00  
1.825505E+02  8.129284E+00  -8.060131E+00  1.560773E-10  1.000000E+00  1.079500E-02  6.071262E-25  3.633837E-27   5.000000E-01 NotAppl  1.747005E+00  0.000000E+00  
6.263219E+01  7.062197E-04  3.028727E-03  1.242839E-04  1.000000E+00  4.657932E-03  1.262728E-28  2.060467E-14   5.000000E-01 NotAppl  1.262855E-03  0.000000E+00  
3.770028E+03  1.135937E-02  3.968262E-02  1.974581E-04  1.000000E+00  4.698652E+00  1.550418E-27  1.199856E-17   5.000000E-01 NotAppl  1.959767E-04  0.000000E+00  
7.319280E+03  2.685746E+01  7.211957E+02  -6.212448E-02  1.000000E+00  3.804713E-05  1.364728E-22  3.083008E-13   5.000000E-01 NotAppl  8.942442E+00  0.000000E+00  
9.594233E+03  1.025711E+01  -1.025700E+01  3.825114E-07  1.000000E+00  9.806286E-02  6.232389E-26  6.745598E-24   5.000000E-01 NotAppl  3.040061E-03  0.000000E+00  
2.655525E+02  1.939300E-04  6.964514E-02  -1.507565E-01  1.000000E+00  2.528791E-02  3.530769E-25  1.573031E-09   2.908062E-25 LZ5Tmedian  7.016344E-01  0.000000E+00  
7.674756E+03  9.886361E+00  -9.323018E+00  1.782630E-02  1.000000E+00  1.067263E-01  5.853061E-26  2.305328E-14   5.000000E-01 NotAppl  3.577778E-03  0.000000E+00  
4.573023E+02  2.696632E+00  1.230844E+02  3.732653E-01  1.000000E+00  1.239243E-03  4.124424E-24  3.169760E-09   4.643712E-30 LZ5Tmedian  4.603868E+00  0.000000E+00  
1.889009E+02  2.867892E+00  -2.866491E+00  -1.510137E-07  1.000000E+00  1.407901E-02  5.379619E-25  3.171623E-21   5.000000E-01 NotAppl  1.492461E+00  0.000000E+00  
1.615713E+03  2.341889E+01  -2.341861E+01  -1.249594E+00  1.000000E+00  2.757501E-02  1.645257E-25  2.698419E-09   6.349816E-08 LZ5Tmedian  5.224001E-02  0.000000E+00  
3.907591E+03  9.656196E+00  -6.925700E+00  -1.121196E-05  1.000000E+00  1.139786E-01  5.837244E-26  3.596490E-20   5.000000E-01 NotAppl  7.083774E-03  0.000000E+00  
7.556684E+03  2.481142E-02  2.922028E-01  -9.711712E-04  1.000000E+00  1.612904E+01  4.133656E-28  7.061216E-17   5.000000E-01 NotAppl  2.583664E-05  0.000000E+00  
1.008390E+02  1.958944E-02  8.047973E-03  4.394178E-03  1.000000E+00  5.813644E-03  1.261295E-24  9.723354E-12   4.409986E-01 NotAppl  6.802377E+00  0.000000E+00  
1.979910E+01  9.255100E-02  -7.285078E-02  -1.658063E-08  1.000000E+00  2.905340E-03  5.274876E-41  3.789830E-21   5.000000E-01 NotAppl  1.809404E-15  3.724632E-13  
3.925500E+01  5.883922E-02  7.407836E+01  -1.937194E-08  1.000000E+00  3.572010E-05  1.505552E-40  1.296824E-21   5.000000E-01 NotAppl  2.458025E-15  4.171089E-13  
2.413983E+01  4.844433E-04  6.684051E+02  -9.463229E-02  1.000000E+00  1.772531E-03  1.895032E-27  8.285520E-08   0.000000E+00 XENON1T_2018  5.235357E-02  3.241850E-01  
4.771791E+03  2.471211E-04  4.972964E-01  1.440685E+00  1.000000E+00  4.370244E-01  2.437549E-26  3.955284E-10   4.377184E-01 NotAppl  2.552336E-03  0.000000E+00  
9.152549E+03  2.526995E-01  -2.454686E-01  -2.344923E-01  1.000000E+00  1.982080E+01  3.470723E-28  2.789644E-12   5.000000E-01 NotAppl  1.833167E-05  0.000000E+00  
5.039927E+03  5.664263E+01  -5.664083E+01  4.118107E-03  1.000000E+00  3.612460E-03  1.875249E-24  2.891752E-15   5.000000E-01 NotAppl  1.755517E-01  0.000000E+00  
4.189922E+03  2.749961E-02  -2.685083E-02  3.206542E-07  1.000000E+00  5.765362E+00  1.255415E-27  2.552485E-23   5.000000E-01 NotAppl  1.425490E-04  0.000000E+00  
8.982302E+01  6.290812E-02  9.955099E+00  -2.384750E-02  1.000000E+00  5.083383E-03  6.153351E-25  3.630133E-10   3.354227E-15 LZ5Tmedian  3.822886E+00  0.000000E+00  
5.847449E+03  9.719724E-03  1.038251E+02  1.726709E-05  1.000000E+00  1.726273E-03  2.860655E-24  3.758423E-20   5.000000E-01 NotAppl  2.354135E-01  0.000000E+00  
1.062780E+03  3.400571E+01  -3.347398E+01  -3.058491E-07  1.000000E+00  9.578771E-03  6.756891E-25  3.799001E-22   5.000000E-01 NotAppl  3.112379E-01  0.000000E+00  
2.329385E+02  2.165030E-03  4.174764E+01  -2.879180E-03  1.000000E+00  7.623218E-03  7.323973E-25  7.504150E-13   5.000000E-01 NotAppl  1.627054E+00  0.000000E+00  
9.211737E+02  2.265070E+00  -1.948878E+00  -3.883534E-01  1.000000E+00  1.615927E-01  5.548387E-26  8.201269E-10   1.523667E-04 LZ5Tmedian  3.129123E-02  0.000000E+00  
3.773242E+01  9.052643E+00  -9.049163E+00  -1.022283E+00  1.000000E+00  1.561975E-03  3.712943E-25  3.913761E-06   0.000000E+00 XENON1T_2018  6.332484E+00  2.792955E-01  
4.138675E+02  2.411773E+00  -2.397036E+00  -4.042277E-02  1.000000E+00  6.434619E-02  1.237090E-25  4.559482E-11   3.428748E-01 NotAppl  1.516870E-01  0.000000E+00  
1.637140E+01  1.697121E-03  -1.405649E-03  6.353494E-10  1.000000E+00  1.639711E-03  7.258453E-44  8.139787E-24   5.000000E-01 NotAppl  3.080592E-18  5.564868E-16  
4.240781E+02  1.754870E+00  1.085411E+02  8.111967E-02  1.000000E+00  1.772134E-03  2.708414E-24  1.746864E-10   1.822066E-02 LZ5Tmedian  3.259031E+00  0.000000E+00  
3.469456E+01  5.167598E-01  -5.166587E-01  5.888149E-08  1.000000E+00  8.163085E-04  1.075180E-39  1.539708E-20   5.000000E-01 NotAppl  1.997561E-14  4.104619E-12  
1.087550E+03  2.915600E+00  1.282426E+02  -1.550473E-05  1.000000E+00  1.161381E-03  4.112437E-24  9.314563E-19   5.000000E-01 NotAppl  1.887119E+00  0.000000E+00  
1.726458E+03  3.956704E-02  -3.774819E-02  -2.966869E-03  1.000000E+00  1.049025E+00  7.355938E-27  1.328850E-14   5.000000E-01 NotAppl  2.064405E-03  0.000000E+00  
1.861215E+01  3.421916E-01  -3.284690E-01  2.191361E-02  1.000000E+00  5.328548E-03  9.003304E-29  7.493197E-09   3.611663E-223 LZ5Tmedian  3.307785E-03  1.783818E-01  
1.833603E+01  1.983777E-01  3.445006E+02  2.636389E-06  1.000000E+00  1.897217E-03  1.296322E-36  1.117520E-16   5.000000E-01 NotAppl  4.842752E-11  9.489957E-09  
1.048971E+01  7.522302E+00  -7.522188E+00  -3.053425E-02  1.000000E+00  2.008748E-01  1.434318E-28  4.531295E-08   1.376272E-218 LZ5Tmedian  1.020105E-02  2.573833E-01  
2.847434E+03  2.247076E-04  1.273809E-02  2.322509E-10  1.000000E+00  2.736412E+00  2.713487E-27  2.938682E-29   5.000000E-01 NotAppl  4.565239E-04  0.000000E+00  
4.580270E+02  3.045660E-01  4.679800E+00  -2.762234E-03  1.000000E+00  7.024396E-02  1.075865E-25  1.730236E-13   5.000000E-01 NotAppl  1.186236E-01  0.000000E+00  
2.684371E+01  1.633950E-03  -1.418830E-03  -3.403128E-09  1.000000E+00  2.958470E-03  2.643426E-42  8.648033E-23   5.000000E-01 NotAppl  6.492735E-17  1.493968E-14  
1.515225E+03  7.761685E-02  3.151628E+00  -8.672657E-02  1.000000E+00  5.496564E-01  1.160652E-26  1.481608E-11   5.000000E-01 NotAppl  3.747467E-03  0.000000E+00  
1.611432E+02  6.911858E-04  8.978400E-03  1.034901E-07  1.000000E+00  1.208779E-02  6.820510E-25  2.063086E-21   5.000000E-01 NotAppl  2.264230E+00  0.000000E+00  
1.139250E+03  2.527644E-02  6.235987E+02  -2.224745E-08  1.000000E+00  8.817923E-05  5.882710E-23  1.744353E-24   5.000000E-01 NotAppl  2.574141E+01  0.000000E+00  
1.683227E+03  3.832221E-01  -3.762182E-01  4.350230E-07  1.000000E+00  9.822953E-01  7.823963E-27  3.008524E-22   5.000000E-01 NotAppl  2.253460E-03  0.000000E+00  
7.774406E+01  1.522104E+00  6.144277E+01  1.888099E-10  1.000000E+00  9.454059E-03  1.795054E-44  3.058403E-26   5.000000E-01 NotAppl  1.448651E-19  0.000000E+00  
3.271617E+02  5.976764E-04  1.850772E-03  -5.919249E-06  1.000000E+00  4.430812E-02  1.926016E-25  1.581847E-18   5.000000E-01 NotAppl  3.011335E-01  0.000000E+00  
1.030443E+02  9.013782E-03  8.449024E+01  2.666287E-07  1.000000E+00  3.770688E-03  1.452446E-24  3.424645E-20   5.000000E-01 NotAppl  7.616041E+00  0.000000E+00  
9.500745E+02  4.893859E-02  5.570615E-02  -8.436437E-03  1.000000E+00  3.368312E-01  2.408011E-26  3.633738E-13   5.000000E-01 NotAppl  1.247891E-02  0.000000E+00  
1.307404E+03  2.505840E+00  -2.505561E+00  -3.500374E-07  1.000000E+00  4.375862E-01  1.648139E-26  3.260754E-22   5.000000E-01 NotAppl  6.147893E-03  0.000000E+00  
6.785510E+01  8.463403E-02  6.890695E+01  1.210336E-05  1.000000E+00  5.100676E-03  6.775929E-34  1.659345E-16   5.000000E-01 NotAppl  6.237820E-09  0.000000E+00  
3.123652E+01  7.310113E+01  -7.310087E+01  7.285781E-02  1.000000E+00  8.258779E-03  1.412375E-27  2.916818E-08   0.000000E+00 XENON1T_2018  2.942012E-02  4.646380E-01  
1.794745E+01  3.074378E-01  2.604422E+02  -3.611397E-10  1.000000E+00  2.388664E-03  2.414755E-44  2.188786E-24   5.000000E-01 NotAppl  9.239831E-19  1.783838E-16  
1.125479E+02  2.214554E+00  -2.194147E+00  4.250678E-04  1.000000E+00  6.066435E-03  1.161352E-24  7.264042E-14   5.000000E-01 NotAppl  5.585538E+00  0.000000E+00  
8.399410E+02  9.879646E+01  7.098547E+02  -6.194592E-02  1.000000E+00  4.964659E-05  6.967341E-23  2.519543E-11   5.000000E-01 NotAppl  4.162892E+01  0.000000E+00  
1.324795E+03  2.804921E+01  -2.795061E+01  -9.975232E-06  1.000000E+00  1.391655E-02  4.651519E-25  2.577678E-19   5.000000E-01 NotAppl  1.707565E-01  0.000000E+00  
1.776904E+03  2.181097E-04  1.284331E+02  3.028041E-04  1.000000E+00  1.166343E-03  4.140609E-24  1.305294E-16   5.000000E-01 NotAppl  1.148239E+00  0.000000E+00  
1.009838E+02  1.746728E+01  -1.736994E+01  1.460208E-02  1.000000E+00  3.753008E-03  1.516147E-24  1.070563E-10   1.228862E-04 LZ5Tmedian  8.184149E+00  0.000000E+00  
4.985846E+01  2.253970E-01  -2.205743E-01  -2.414375E-02  1.000000E+00  1.555739E-03  6.421995E-28  1.238151E-09   1.751916E-68 LZ5Tmedian  8.175372E-03  1.709403E-01  
7.473170E+01  3.143413E-01  -2.665005E-01  -4.617919E-03  1.000000E+00  7.724245E-03  1.729399E-29  1.983347E-11   1.270707E-01 NotAppl  1.452701E-04  0.000000E+00  
9.041623E+03  6.884669E-03  7.380468E-01  -4.885973E-07  1.000000E+00  1.278643E+01  4.197183E-28  1.241501E-23   5.000000E-01 NotAppl  2.198044E-05  0.000000E+00  
1.141038E+02  5.719394E+00  -5.718770E+00  -9.097115E-06  1.000000E+00  5.427130E-03  1.170872E-24  3.234788E-17   5.000000E-01 NotAppl  5.555499E+00  0.000000E+00  
5.061081E+02  5.130033E-01  -2.008693E-01  1.795594E-09  1.000000E+00  9.926977E-02  8.328693E-26  5.961162E-26   5.000000E-01 NotAppl  8.273896E-02  0.000000E+00  
1.841468E+01  2.682255E+01  8.291561E+01  -7.380323E-09  1.000000E+00  4.179910E+05  1.017402E-41  8.682919E-22   5.000000E-01 NotAppl  3.780894E-16  9.678042E-15  
6.537072E+02  1.718200E+01  -1.370084E+01  -7.371521E-01  1.000000E+00  2.828911E-02  1.998443E-25  5.954135E-09   1.402790E-39 LZ5Tmedian  1.716207E-01  0.000000E+00  
1.708726E+02  9.064961E-04  5.890105E-02  2.172478E-02  1.000000E+00  1.305001E-02  6.447698E-25  8.061994E-11   1.288840E-02 LZ5Tmedian  2.016439E+00  0.000000E+00  
1.906961E+01  2.844083E+01  -2.844069E+01  -1.841213E-02  1.000000E+00  5.062202E-02  6.411946E-29  5.038713E-09   2.941000E-157 LZ5Tmedian  2.292962E-03  7.845519E-02  
1.168038E+02  9.846474E+02  -9.845434E+02  3.722732E-02  1.000000E+00  1.226895E-03  4.587312E-24  5.163456E-10   1.587393E-17 LZ5Tmedian  2.158635E+01  0.000000E+00  
4.419894E+03  1.831198E-04  1.441527E-02  1.824370E-05  1.000000E+00  6.396083E+00  1.127986E-27  7.411721E-20   5.000000E-01 NotAppl  1.213124E-04  0.000000E+00  
1.860442E+02  1.930569E-01  -1.870800E-01  6.782480E+00  1.000000E+00  1.531316E-06  1.059147E-20  6.600687E-06   0.000000E+00 XENON1T_2018  3.566131E+04  0.000000E+00  
1.865624E+02  1.732564E+02  -1.598357E+02  -1.274194E-02  1.000000E+00  5.936540E-04  5.747515E-24  2.316368E-11   3.151098E-01 NotAppl  1.632181E+01  0.000000E+00  
7.740517E+02  2.416658E-01  1.301480E+02  -1.115300E-07  1.000000E+00  1.251414E-03  3.862328E-24  9.650383E-23   5.000000E-01 NotAppl  2.512031E+00  0.000000E+00  
7.843928E+02  6.886791E-04  -4.413977E-04  -2.688796E-02  1.000000E+00  2.330877E-01  3.538644E-26  5.458886E-12   5.000000E-01 NotAppl  2.235317E-02  0.000000E+00  
2.646244E+03  1.133781E-04  2.277942E+01  -1.776914E-05  1.000000E+00  3.212636E-02  1.420076E-25  1.996927E-19   5.000000E-01 NotAppl  2.616957E-02  0.000000E+00  
4.301287E+02  6.956525E-04  4.005702E-01  -3.271224E-05  1.000000E+00  7.407306E-02  1.139774E-25  2.759556E-17   5.000000E-01 NotAppl  1.340569E-01  0.000000E+00  
9.531846E+03  8.679046E-03  6.237929E+02  1.561060E-04  1.000000E+00  5.386229E-05  9.833775E-23  1.138475E-18   5.000000E-01 NotAppl  4.930709E+00  0.000000E+00  
7.348147E+03  4.933443E+00  -4.782102E+00  -1.484678E-02  1.000000E+00  4.006429E-01  1.460790E-26  1.746792E-14   5.000000E-01 NotAppl  9.332522E-04  0.000000E+00  
3.744184E+01  1.669758E-02  -1.286629E-02  -6.049298E-07  1.000000E+00  1.238628E-04  1.313856E-37  1.392142E-18   5.000000E-01 NotAppl  2.250798E-12  4.185441E-10  
3.233577E+02  7.475755E+00  -7.300142E+00  6.765211E-07  1.000000E+00  3.025102E-02  2.296814E-25  2.116378E-20   5.000000E-01 NotAppl  3.637972E-01  0.000000E+00  
4.892091E+01  3.703296E-02  -5.988721E-03  -4.573716E-04  1.000000E+00  1.248336E-03  2.031607E-31  4.618504E-13   5.000000E-01 NotAppl  2.637802E-06  1.858775E-04  
3.160233E+03  5.999224E-01  1.144338E+01  2.127737E-06  1.000000E+00  1.116656E-01  4.142678E-26  1.994965E-21   5.000000E-01 NotAppl  6.362967E-03  0.000000E+00  
4.802576E+01  2.440749E-02  4.902809E+00  2.931459E-04  1.000000E+00  1.342106E-03  7.467604E-32  1.970018E-13   5.000000E-01 NotAppl  9.881247E-07  6.405478E-05  
5.014521E+01  1.182772E-03  5.252502E-03  -1.791592E-01  1.000000E+00  1.650077E-03  3.684503E-26  6.738560E-08   0.000000E+00 XENON1T_2018  4.646094E-01  2.477757E-01  
1.008619E+01  1.417942E+02  -1.417929E+02  -2.392596E+00  1.000000E+00  8.681700E-03  7.263527E-25  3.003724E-04   0.000000E+00 XENON1T_2018  5.410096E+01  4.999701E-01  
3.217737E+02  1.302074E+01  -1.001196E+01  -1.551178E-07  1.000000E+00  1.882560E-02  2.960509E-25  1.123881E-21   5.000000E-01 NotAppl  4.717879E-01  0.000000E+00  
9.203059E+03  2.349606E-03  3.969653E+00  1.263474E-08  1.000000E+00  9.326458E-01  4.519397E-27  8.008861E-27   5.000000E-01 NotAppl  2.345916E-04  0.000000E+00  
6.129727E+01  1.739806E-03  1.304360E+01  5.991440E-05  1.000000E+00  4.023217E-03  3.616922E-31  5.003725E-15   5.000000E-01 NotAppl  3.717649E-06  1.001118E-06  
2.358736E+01  3.222661E-03  1.159102E+02  -3.521442E-06  1.000000E+00  1.732992E-03  2.588006E-36  1.202132E-16   5.000000E-01 NotAppl  7.325349E-11  1.640367E-08  
2.304967E+02  1.570563E-04  9.251137E-01  -7.458799E-03  1.000000E+00  2.251824E-02  3.691458E-25  5.146098E-12   5.000000E-01 NotAppl  8.317125E-01  0.000000E+00  
1.672785E+02  9.926925E+00  -8.476355E+00  -2.259005E+00  1.000000E+00  1.416545E-05  4.822589E-22  9.105205E-07   0.000000E+00 XENON1T_2018  1.802029E+03  0.000000E+00  
4.112608E+02  3.043618E-04  5.052030E+00  -2.431572E-10  1.000000E+00  5.844299E-02  1.315050E-25  1.671292E-27   5.000000E-01 NotAppl  1.621385E-01  0.000000E+00  
7.690646E+03  1.447123E-03  2.688676E-03  -4.049238E-05  1.000000E+00  1.873840E+01  3.729043E-28  1.184493E-19   5.000000E-01 NotAppl  2.287395E-05  0.000000E+00  
1.844869E+02  1.480081E+02  -1.415689E+02  -3.693819E-01  1.000000E+00  1.161947E-03  3.350612E-24  1.991796E-08   0.000000E+00 LZ5Tmedian  1.008089E+01  0.000000E+00  
4.331289E+01  8.688809E-03  -8.293799E-03  6.130792E-10  1.000000E+00  1.548088E-04  2.035363E-43  1.063336E-24   5.000000E-01 NotAppl  2.997741E-18  3.870716E-16  
3.131151E+02  5.359505E-01  -5.354526E-01  -4.994870E-08  1.000000E+00  4.017458E-02  2.097062E-25  1.232254E-22   5.000000E-01 NotAppl  3.432098E-01  0.000000E+00  
2.791853E+03  2.046154E-01  5.174706E+02  -2.721641E-10  1.000000E+00  8.623822E-05  5.971325E-23  4.200764E-29   5.000000E-01 NotAppl  1.042103E+01  0.000000E+00  
5.026304E+03  4.314144E+02  -4.314138E+02  2.410811E-09  1.000000E+00  7.426195E-05  1.007247E-22  9.965106E-28   5.000000E-01 NotAppl  9.455099E+00  0.000000E+00  
2.697735E+01  5.499448E-01  -5.389784E-01  -4.858732E-09  1.000000E+00  5.664129E-03  5.410394E-42  1.745210E-22   5.000000E-01 NotAppl  1.322921E-16  3.033712E-14  
2.532776E+03  3.768291E+01  -3.768274E+01  2.773061E+00  1.000000E+00  4.513250E-03  1.826140E-24  5.317457E-09   8.522340E-10 LZ5Tmedian  3.480130E-01  0.000000E+00  
5.172260E+03  7.992115E+00  -7.988273E+00  3.696569E-02  1.000000E+00  1.528980E-01  3.949051E-26  2.210443E-13   5.000000E-01 NotAppl  3.601350E-03  0.000000E+00  
7.831412E+01  2.621229E-01  -2.469398E-01  1.227135E-04  1.000000E+00  8.028034E-03  6.999004E-33  1.272763E-14   5.000000E-01 NotAppl  5.606840E-08  0.000000E+00  
4.686297E+02  3.089666E-03  -2.936314E-03  -7.065169E-04  1.000000E+00  8.777264E-02  9.643599E-26  1.080188E-14   5.000000E-01 NotAppl  1.037700E-01  0.000000E+00  
1.578232E+01  8.233304E-02  9.026465E-01  -7.540449E+00  1.000000E+00  1.189180E-03  1.319154E-25  1.233398E-03   0.000000E+00 XENON1T_2018  5.748212E+00  2.503395E-01  
1.225808E+03  1.691081E-02  4.426036E-01  4.188321E-03  1.000000E+00  5.410104E-01  1.460882E-26  5.324308E-14   5.000000E-01 NotAppl  5.826536E-03  0.000000E+00  
1.070330E+03  3.322324E+01  -3.295623E+01  1.112939E-07  1.000000E+00  1.006296E-02  6.461878E-25  4.958199E-23   5.000000E-01 NotAppl  2.954846E-01  0.000000E+00  
2.072976E+02  2.046393E+00  6.918992E+02  4.593037E-04  1.000000E+00  5.641011E-04  7.487725E-24  2.425146E-14   5.000000E-01 NotAppl  1.867743E+01  0.000000E+00  
1.856389E+03  5.522808E+02  -5.522804E+02  9.286240E-07  1.000000E+00  5.718131E-05  1.316931E-22  1.122875E-21   5.000000E-01 NotAppl  3.417507E+01  0.000000E+00  
8.762276E+02  2.363329E+00  -1.328424E+00  3.545836E-09  1.000000E+00  2.404327E-01  3.185250E-26  7.572221E-26   5.000000E-01 NotAppl  1.794083E-02  0.000000E+00  
3.878057E+01  1.516560E+01  -1.436805E+01  -1.154572E+00  1.000000E+00  9.951552E-04  5.014342E-25  4.721842E-06   0.000000E+00 XENON1T_2018  8.322703E+00  3.157550E-01  
4.352564E+02  1.737184E-01  -1.694376E-01  9.006374E-06  1.000000E+00  7.596674E-02  1.113494E-25  2.041686E-18   5.000000E-01 NotAppl  1.293639E-01  0.000000E+00  
5.997393E+03  1.665632E+01  -1.665159E+01  1.070504E-05  1.000000E+00  3.818310E-02  1.640230E-25  1.372133E-20   5.000000E-01 NotAppl  1.287157E-02  0.000000E+00  
3.535323E+02  9.560909E+01  -9.560876E+01  5.192021E-05  1.000000E+00  1.656833E-03  3.984685E-24  1.038449E-16   5.000000E-01 NotAppl  5.771354E+00  0.000000E+00  
1.086949E+03  5.596128E-03  2.338414E-01  3.111612E-07  1.000000E+00  4.339188E-01  1.846218E-26  3.755737E-22   5.000000E-01 NotAppl  8.330403E-03  0.000000E+00  
3.391278E+03  8.748838E-02  3.946725E+02  1.090911E-09  1.000000E+00  1.362193E-04  3.734414E-23  4.542698E-28   5.000000E-01 NotAppl  5.342561E+00  0.000000E+00  
1.776849E+01  1.961169E+00  6.742468E+01  1.510143E-06  1.000000E+00  5.995230E-02  4.208319E-37  3.904763E-17   5.000000E-01 NotAppl  1.628470E-11  3.070729E-09  
1.768880E+03  2.032429E-03  7.928846E+01  -6.595179E-08  1.000000E+00  2.918742E-03  1.627566E-24  6.249486E-24   5.000000E-01 NotAppl  4.534122E-01  0.000000E+00  
7.576672E+01  2.280686E+02  -2.280685E+02  -3.644693E-07  1.000000E+00  1.975672E-02  9.038666E-38  1.201227E-19   5.000000E-01 NotAppl  7.484746E-13  0.000000E+00  
2.390042E+02  2.185019E-04  1.547579E-03  9.154973E-05  1.000000E+00  2.458223E-02  3.468480E-25  7.197897E-16   5.000000E-01 NotAppl  7.524158E-01  0.000000E+00  
1.239257E+03  3.013493E-03  3.480421E+01  6.674049E+00  1.000000E+00  1.301893E-03  8.180434E-24  1.322190E-07   0.000000E+00 LZ5Tmedian  3.341842E+00  0.000000E+00  
2.126344E+01  1.470336E-04  6.749212E-02  -7.082908E-06  1.000000E+00  2.224569E-03  9.922497E-36  5.992468E-16   5.000000E-01 NotAppl  3.146479E-10  6.738629E-08  
3.133109E+02  8.776657E-04  -6.383269E-04  -3.381385E-02  1.000000E+00  4.073423E-02  2.090557E-25  5.640080E-11   1.771027E-01 NotAppl  3.423082E-01  0.000000E+00  
2.005240E+02  3.771465E-04  5.440273E+02  -5.144319E-10  1.000000E+00  7.077478E-04  6.477523E-24  3.256563E-26   5.000000E-01 NotAppl  1.671421E+01  0.000000E+00  
4.524543E+01  9.766210E-01  6.457619E+02  1.334829E-09  1.000000E+00  1.000891E-03  1.148551E-42  4.612112E-24   5.000000E-01 NotAppl  1.616552E-17  1.725066E-15  
7.766866E+01  5.775451E+00  -5.774314E+00  2.191015E-08  1.000000E+00  1.757473E-02  2.443338E-40  4.126642E-22   5.000000E-01 NotAppl  1.973659E-15  0.000000E+00  
1.197627E+03  1.615452E-03  9.140359E-02  7.652997E-07  1.000000E+00  5.228512E-01  1.522065E-26  1.864036E-21   5.000000E-01 NotAppl  6.216780E-03  0.000000E+00  
1.676298E+02  1.430753E+00  -1.387207E+00  1.250726E-03  1.000000E+00  1.206107E-02  6.440833E-25  2.779152E-13   5.000000E-01 NotAppl  2.053773E+00  0.000000E+00  
2.842901E+03  1.505314E-02  2.880569E+01  -1.220026E-03  1.000000E+00  2.050863E-02  2.245863E-25  8.135502E-16   5.000000E-01 NotAppl  3.846557E-02  0.000000E+00  
4.634366E+02  1.389458E-02  1.217650E+01  2.583114E-04  1.000000E+00  4.612474E-02  1.379987E-25  1.477205E-15   5.000000E-01 NotAppl  1.506354E-01  0.000000E+00  
2.364397E+03  1.421039E+01  -1.420921E+01  3.351899E+00  1.000000E+00  1.085291E-02  9.521968E-25  8.937396E-09   4.740426E-17 LZ5Tmedian  1.987795E-01  0.000000E+00  
5.828856E+01  2.670852E-04  2.880435E+00  7.839217E-05  1.000000E+00  3.408182E-03  5.290313E-32  9.492394E-15   5.000000E-01 NotAppl  5.700963E-07  3.043248E-06  
3.544634E+03  4.913752E-04  9.102722E+00  -2.602295E-04  1.000000E+00  1.837008E-01  2.406515E-26  2.362456E-17   5.000000E-01 NotAppl  3.287305E-03  0.000000E+00  
1.529664E+01  5.948281E+00  -5.946551E+00  2.750156E-05  1.000000E+00  8.783161E-02  1.332603E-34  1.746011E-14   5.000000E-01 NotAppl  6.108636E-09  9.118646E-07  
2.925423E+03  6.238978E-03  4.354861E+01  -2.591856E-09  1.000000E+00  9.247422E-03  5.070774E-25  3.463941E-27   5.000000E-01 NotAppl  8.435239E-02  0.000000E+00  
2.235507E+02  1.263153E-03  1.089964E-01  2.654837E-03  1.000000E+00  2.163837E-02  3.929923E-25  6.941324E-13   5.000000E-01 NotAppl  9.141541E-01  0.000000E+00  
1.128909E+01  5.932565E+02  -5.931812E+02  1.121713E-02  1.000000E+00  1.740023E-01  2.002167E-29  5.295700E-09   4.105164E-36 LZ5Tmedian  1.305864E-03  1.304571E-01  
1.269203E+02  9.537034E-02  3.532898E+01  1.405819E-01  1.000000E+00  3.614362E-03  2.046714E-24  6.210429E-09   2.448259E-189 LZ5Tmedian  8.644053E+00  0.000000E+00  
9.678347E+01  9.625081E+01  2.294530E+02  -2.605072E-09  1.000000E+00  1.424207E-03  1.989879E-24  3.717424E-24   5.000000E-01 NotAppl  1.124986E+01  0.000000E+00  
3.474181E+02  4.899157E-04  4.735471E+01  8.095484E-05  1.000000E+00  7.369202E-03  6.838219E-25  2.616416E-16   5.000000E-01 NotAppl  1.007778E+00  0.000000E+00  
8.236857E+01  3.871031E-01  3.549718E+01  1.820713E-09  1.000000E+00  5.052114E-03  5.129756E-25  2.527120E-24   5.000000E-01 NotAppl  3.541383E+00  0.000000E+00  
5.837186E+03  8.401511E-01  -8.321449E-01  -1.279007E-02  1.000000E+00  5.991544E+00  1.033106E-27  2.069492E-14   5.000000E-01 NotAppl  8.362553E-05  0.000000E+00  
6.926157E+03  4.166411E-02  8.512185E+00  -9.807659E-05  1.000000E+00  2.159585E-01  2.019494E-26  8.595854E-19   5.000000E-01 NotAppl  1.398864E-03  0.000000E+00  
2.038008E+02  1.201476E+01  6.077511E+02  -1.087611E-02  1.000000E+00  4.776170E-04  6.996032E-24  1.408075E-11   5.000000E-01 NotAppl  1.775967E+01  0.000000E+00  
2.545919E+03  8.022659E-01  4.495027E-01  3.491258E-04  1.000000E+00  1.724852E+00  4.199077E-27  8.340111E-17   5.000000E-01 NotAppl  7.929297E-04  0.000000E+00  
1.387441E+03  5.269660E-03  7.137015E+00  -1.999771E+00  1.000000E+00  2.373360E-02  4.687697E-25  9.427942E-09   5.608078E-30 LZ5Tmedian  1.765875E-01  0.000000E+00  
4.915355E+01  6.466137E+01  -6.452237E+01  -2.239488E+00  1.000000E+00  5.545840E-04  3.679736E-24  1.096636E-05   0.000000E+00 XENON1T_2018  4.734917E+01  5.012006E-01  
4.905694E+02  4.197660E+02  -4.194418E+02  2.144217E-07  1.000000E+00  1.709774E-04  4.107362E-23  9.060440E-22   5.000000E-01 NotAppl  4.219228E+01  0.000000E+00  
5.195180E+01  2.993719E+01  -2.444608E+01  3.480191E-09  1.000000E+00  2.416696E-02  1.846258E-41  2.365736E-23   5.000000E-01 NotAppl  2.251176E-16  7.782010E-15  
4.627499E+01  4.536386E-02  1.149646E+02  4.961158E-04  1.000000E+00  6.163991E-04  1.759160E-31  6.085798E-13   5.000000E-01 NotAppl  2.418885E-06  2.360832E-04  
6.154936E+02  9.085307E+02  -9.085293E+02  9.781370E-03  1.000000E+00  6.550632E-05  1.120917E-22  1.185686E-12   5.000000E-01 NotAppl  9.087792E+01  0.000000E+00  
1.922193E+03  1.865861E+02  4.540072E+02  4.240920E-06  1.000000E+00  3.700313E-05  9.665496E-23  2.181440E-20   5.000000E-01 NotAppl  2.462961E+01  0.000000E+00  
5.326783E+03  6.256407E+00  -6.250713E+00  6.337511E-03  1.000000E+00  2.456320E-01  2.399701E-26  6.119688E-15   5.000000E-01 NotAppl  2.124194E-03  0.000000E+00  
3.759056E+01  2.816535E+02  -2.777822E+02  -2.116424E-02  1.000000E+00  4.609938E-03  1.622006E-28  1.690367E-09   9.585805E-96 LZ5Tmedian  2.767335E-03  3.128575E-01  
7.494722E+03  3.329668E+02  -3.323720E+02  4.206255E-01  1.000000E+00  1.185836E-04  6.293595E-23  1.346923E-11   5.000000E-01 NotAppl  3.940471E+00  0.000000E+00  
1.091450E+03  9.997649E+01  -9.997045E+01  3.479482E-10  1.000000E+00  1.290817E-03  5.353808E-24  4.656838E-28   5.000000E-01 NotAppl  2.399113E+00  0.000000E+00  
3.884695E+03  9.793373E-04  -7.784558E-04  3.602733E-07  1.000000E+00  4.983303E+00  1.459601E-27  3.758131E-23   5.000000E-01 NotAppl  1.789770E-04  0.000000E+00  
2.037189E+03  3.434286E+01  -3.433944E+01  -5.018252E-08  1.000000E+00  9.491572E-03  6.888568E-25  2.713380E-24   5.000000E-01 NotAppl  1.625102E-01  0.000000E+00  
8.308925E+02  3.598104E+00  3.236359E+02  1.246167E-10  1.000000E+00  2.557882E-04  1.898986E-23  1.042451E-28   5.000000E-01 NotAppl  1.148739E+01  0.000000E+00  
8.315305E+02  3.768606E-04  3.239932E+02  -3.396605E-02  1.000000E+00  2.704962E-04  1.860812E-23  7.732369E-12   5.000000E-01 NotAppl  1.124771E+01  0.000000E+00  
1.150400E+03  5.961331E-03  8.932191E+00  6.006659E-01  1.000000E+00  6.142683E-02  1.413729E-25  1.246547E-09   2.203469E-05 LZ5Tmedian  6.233643E-02  0.000000E+00  
5.580359E+02  2.179269E+02  -2.012289E+02  -9.055150E-06  1.000000E+00  2.481053E-04  1.817255E-23  1.241561E-18   5.000000E-01 NotAppl  1.631703E+01  0.000000E+00  
2.432039E+03  7.913800E+00  -6.516400E+00  1.053686E-02  1.000000E+00  1.538409E-01  4.171545E-26  8.338787E-14   5.000000E-01 NotAppl  8.212748E-03  0.000000E+00  
5.579001E+03  1.811107E+00  -1.373385E+00  -7.137746E-07  1.000000E+00  2.338647E+00  2.696816E-27  7.065996E-23   5.000000E-01 NotAppl  2.281673E-04  0.000000E+00  
1.981654E+03  2.640952E+01  -2.640942E+01  2.073547E-03  1.000000E+00  1.563330E-02  4.116935E-25  4.901069E-15   5.000000E-01 NotAppl  9.992083E-02  0.000000E+00  
1.070633E+01  2.261027E-02  1.704888E+01  -8.885427E-04  1.000000E+00  5.007583E-04  1.226797E-31  3.686700E-11   5.000000E-01 NotAppl  8.517886E-06  6.963418E-04  
3.707240E+02  2.445371E+00  1.550361E+02  -2.418204E-01  1.000000E+00  1.164157E-03  3.701271E-24  2.044040E-09   6.600186E-24 LZ5Tmedian  5.122646E+00  0.000000E+00  
2.103078E+03  4.874287E+01  -2.834313E+01  1.384521E-03  1.000000E+00  4.087188E-03  1.485230E-24  1.935707E-15   5.000000E-01 NotAppl  3.396776E-01  0.000000E+00  
4.240666E+01  1.621529E-02  1.150823E-02  -4.981336E-09  1.000000E+00  2.237097E-04  1.247780E-41  7.328505E-23   5.000000E-01 NotAppl  1.874514E-16  2.603748E-14  
1.717700E+01  1.042233E+01  1.135844E+01  -2.327832E-01  1.000000E+00  2.461260E-01  9.889471E-27  9.927738E-07   0.000000E+00 XENON1T_2018  3.975124E-01  3.143379E-01  
2.181307E+01  3.541116E-02  2.377536E+00  4.632994E-10  1.000000E+00  1.683602E-03  4.296849E-44  2.435668E-24   5.000000E-01 NotAppl  1.324184E-18  2.819998E-16  
7.476567E+01  7.376329E-04  5.924645E-02  -5.049794E-10  1.000000E+00  6.779745E-03  2.055676E-43  2.369464E-25   5.000000E-01 NotAppl  1.712384E-18  0.000000E+00  
1.218094E+01  8.551223E-01  5.997906E+00  5.159643E-02  1.000000E+00  1.023315E-02  4.363978E-28  9.648383E-08   0.000000E+00 XENON1T_2018  2.604118E-02  2.181092E-01  
4.282087E+02  6.563681E+00  -4.856399E+00  1.967811E-08  1.000000E+00  4.829241E-02  1.408454E-25  1.007769E-23   5.000000E-01 NotAppl  1.665110E-01  0.000000E+00  
5.773940E+01  3.809197E-01  8.652731E-02  2.764970E-07  1.000000E+00  4.013062E-03  5.195632E-37  1.203921E-19   5.000000E-01 NotAppl  5.654395E-12  4.163147E-11  
1.085563E+03  5.859049E+00  -5.858887E+00  -1.190298E-07  1.000000E+00  1.729123E-01  3.855822E-26  5.510194E-23   5.000000E-01 NotAppl  1.739724E-02  0.000000E+00  
4.403747E+03  7.555689E-01  2.453475E+00  2.236135E-03  1.000000E+00  1.278650E+00  4.271933E-27  1.121817E-15   5.000000E-01 NotAppl  4.658935E-04  0.000000E+00  
1.296888E+03  3.891394E+01  -3.855423E+00  -1.622433E-01  1.000000E+00  4.681811E-03  1.085617E-24  7.121585E-11   5.000000E-01 NotAppl  4.096752E-01  0.000000E+00  
3.699491E+03  8.092152E-04  6.128389E-02  3.017342E-10  1.000000E+00  4.528369E+00  1.610202E-27  2.911496E-29   5.000000E-01 NotAppl  2.074798E-04  0.000000E+00  
3.742722E+01  4.319267E-04  1.325406E+01  2.113169E-06  1.000000E+00  1.360214E-04  1.601912E-36  1.700147E-17   5.000000E-01 NotAppl  2.750359E-11  2.196316E-09  
6.621103E+03  2.220811E-04  2.153098E+02  1.497425E-03  1.000000E+00  4.184589E-04  1.211632E-23  2.195808E-16   5.000000E-01 NotAppl  8.788645E-01  0.000000E+00  
4.495865E+01  1.004072E-03  2.057118E-02  2.670980E-04  1.000000E+00  9.362269E-05  4.474474E-32  1.870733E-13   5.000000E-01 NotAppl  6.323508E-07  7.076796E-05  
6.903701E+02  7.948428E-04  1.340670E-04  -9.899287E-04  1.000000E+00  1.837022E-01  4.520866E-26  9.604696E-15   5.000000E-01 NotAppl  3.256574E-02  0.000000E+00  
2.625756E+03  5.341617E+02  -5.340516E+02  -4.840068E-10  1.000000E+00  5.510194E-05  1.363585E-22  1.505238E-28   5.000000E-01 NotAppl  2.480306E+01  0.000000E+00  
6.539055E+01  1.520729E-01  -1.498655E-01  1.037843E-10  1.000000E+00  5.522655E-03  1.769647E-43  1.315807E-26   5.000000E-01 NotAppl  1.692597E-18  0.000000E+00  
5.090433E+01  1.079815E+02  -1.079811E+02  1.711713E-03  1.000000E+00  1.470908E-03  3.764541E-30  5.965576E-12   4.737265E-01 NotAppl  4.688929E-05  2.417284E-03  
2.859207E+02  2.257502E+02  -2.168458E+02  1.242815E-06  1.000000E+00  3.546325E-04  1.204566E-23  9.188919E-20   5.000000E-01 NotAppl  2.181436E+01  0.000000E+00  
1.197212E