MD1           DMP           DM3           l345          ld           Omegah2       sigV          protonSI      PvalDD        expName      CMB_ID        brH_DMDM      
3.411186E+03  6.906296E+01  -6.906280E+01  1.581932E-04  1.000000E+00  2.472829E-03  2.760889E-24  9.439377E-18   5.000000E-01 NotAppl  3.844298E-01  0.000000E+00  
6.913418E+03  1.757249E+01  -1.756707E+01  -7.779464E-08  1.000000E+00  3.453597E-02  1.823965E-25  5.428528E-25   5.000000E-01 NotAppl  1.239284E-02  0.000000E+00  
1.601914E+03  7.432173E+00  7.855079E+01  -1.414877E-01  1.000000E+00  2.554170E-03  1.860976E-24  3.520487E-11   5.000000E-01 NotAppl  5.737504E-01  0.000000E+00  
1.119067E+03  2.523469E-02  -2.467911E-02  -5.612678E-01  1.000000E+00  1.327029E-01  7.973881E-26  1.151478E-09   3.793210E-05 LZ5Tmedian  3.672294E-02  0.000000E+00  
1.535138E+01  2.025902E-03  2.003784E+00  1.280585E-05  1.000000E+00  8.495924E-04  2.892422E-35  3.758911E-15   5.000000E-01 NotAppl  1.320476E-09  2.255078E-07  
4.636136E+01  5.279386E-04  4.881431E-01  -4.809570E-05  1.000000E+00  4.330693E-04  1.668295E-33  5.697897E-15   5.000000E-01 NotAppl  2.283420E-08  2.211238E-06  
2.067103E+02  3.216409E+02  -3.216124E+02  -8.672940E+00  1.000000E+00  4.031851E-07  2.075054E-20  8.697526E-06   0.000000E+00 XENON1T_2018  6.305653E+04  0.000000E+00  
5.532056E+03  8.235549E-02  1.596800E+01  8.289187E-07  1.000000E+00  6.428281E-02  7.008950E-26  9.694708E-23   5.000000E-01 NotAppl  6.100800E-03  0.000000E+00  
1.045593E+01  1.895437E+02  -1.895435E+02  8.481619E-09  1.000000E+00  2.032331E-01  1.104895E-41  3.518388E-21   5.000000E-01 NotAppl  7.886870E-16  1.013426E-13  
4.487006E+03  5.757793E-01  -1.499733E-01  -1.014213E-06  1.000000E+00  5.320196E+00  1.339292E-27  2.221480E-22   5.000000E-01 NotAppl  1.418235E-04  0.000000E+00  
1.637725E+02  2.328053E-04  7.175176E-01  4.603631E-07  1.000000E+00  1.211550E-02  6.653277E-25  3.949229E-20   5.000000E-01 NotAppl  2.172234E+00  0.000000E+00  
1.110426E+01  4.896471E-03  1.082516E-01  3.927171E-07  1.000000E+00  6.843871E-04  2.436794E-38  6.704813E-18   5.000000E-01 NotAppl  1.620580E-12  2.167978E-10  
7.217243E+03  7.317068E+02  -7.317006E+02  9.045052E-06  1.000000E+00  2.703240E-05  2.851759E-22  6.724457E-21   5.000000E-01 NotAppl  1.855032E+01  0.000000E+00  
5.652145E+01  3.347594E-03  1.174248E+02  -1.504192E-06  1.000000E+00  3.312502E-03  9.942935E-36  3.721436E-18   5.000000E-01 NotAppl  1.106385E-10  1.379437E-09  
4.677525E+01  1.013512E-04  8.528301E-03  -2.544846E-01  1.000000E+00  4.661985E-04  4.882753E-26  1.566622E-07   0.000000E+00 XENON1T_2018  6.640807E-01  2.490136E-01  
2.268089E+02  1.306123E-03  5.437103E-02  4.444797E-09  1.000000E+00  2.228732E-02  3.817298E-25  1.888840E-24   5.000000E-01 NotAppl  8.746404E-01  0.000000E+00  
1.859086E+03  4.223260E-02  -3.962869E-02  2.182610E-06  1.000000E+00  1.208060E+00  6.348999E-27  6.184707E-21   5.000000E-01 NotAppl  1.651713E-03  0.000000E+00  
4.033892E+02  1.807790E-02  2.807126E+00  -3.241664E-01  1.000000E+00  3.378417E-02  2.847403E-25  3.090210E-09   5.026899E-33 LZ5Tmedian  3.764086E-01  0.000000E+00  
7.723183E+03  2.950328E+02  -2.124967E+02  -3.204033E-08  1.000000E+00  1.183779E-04  5.129627E-23  7.352846E-26   5.000000E-01 NotAppl  3.118025E+00  0.000000E+00  
7.717081E+01  1.940300E-01  -6.242654E-02  1.272957E-05  1.000000E+00  7.663168E-03  8.869454E-35  1.411363E-16   5.000000E-01 NotAppl  7.211864E-10  0.000000E+00  
2.992908E+03  5.056697E-02  1.290496E-01  1.900124E-03  1.000000E+00  2.992155E+00  2.468514E-27  1.777259E-15   5.000000E-01 NotAppl  3.948099E-04  0.000000E+00  
9.118016E+01  7.529245E-01  5.521460E+01  5.832286E-05  1.000000E+00  4.249415E-03  7.750577E-25  2.105555E-15   5.000000E-01 NotAppl  4.742836E+00  0.000000E+00  
8.181169E+03  1.907553E-01  1.969689E+02  3.429146E-02  1.000000E+00  4.982582E-04  1.025313E-23  7.492328E-14   5.000000E-01 NotAppl  6.000855E-01  0.000000E+00  
7.605648E+01  9.096725E+00  -9.096237E+00  3.011466E-03  1.000000E+00  1.950115E-02  5.890720E-30  8.137151E-12   4.329957E-01 NotAppl  4.860338E-05  0.000000E+00  
7.744135E+03  1.758838E+02  -1.741891E+02  1.669021E-09  1.000000E+00  4.048058E-04  1.786262E-23  1.984246E-28   5.000000E-01 NotAppl  1.081984E+00  0.000000E+00  
3.132133E+03  5.349393E-04  1.163053E+00  8.643441E-08  1.000000E+00  2.520728E+00  2.609256E-27  3.352489E-24   5.000000E-01 NotAppl  3.992889E-04  0.000000E+00  
1.363663E+01  5.253460E-04  3.737718E+00  -1.792308E-08  1.000000E+00  6.814526E-04  5.467776E-41  9.315147E-21   5.000000E-01 NotAppl  2.860787E-15  4.384128E-13  
8.807182E+01  6.433255E+01  -4.388030E+01  9.158071E-05  1.000000E+00  2.777188E-03  9.856630E-25  5.574020E-15   5.000000E-01 NotAppl  6.244880E+00  0.000000E+00  
7.055592E+01  5.612094E-04  -4.425364E-04  1.208021E-07  1.000000E+00  6.117259E-03  2.876860E-38  1.526366E-20   5.000000E-01 NotAppl  2.561586E-13  0.000000E+00  
2.288986E+03  2.141479E-01  8.319427E+02  2.879510E-06  1.000000E+00  4.117875E-05  1.276381E-22  7.045934E-21   5.000000E-01 NotAppl  2.730073E+01  0.000000E+00  
1.012672E+03  8.617879E+01  -8.616668E+01  -1.650220E-03  1.000000E+00  1.710419E-03  4.005419E-24  1.220533E-14   5.000000E-01 NotAppl  1.938964E+00  0.000000E+00  
1.683069E+02  5.396936E-04  2.095436E+01  -1.598221E-06  1.000000E+00  8.752264E-03  7.492660E-25  4.500629E-19   5.000000E-01 NotAppl  2.367919E+00  0.000000E+00  
1.206328E+01  1.741888E-04  2.484177E-01  9.697180E-05  1.000000E+00  6.762680E-04  1.535980E-33  3.473843E-13   5.000000E-01 NotAppl  9.270122E-08  1.317765E-05  
1.174291E+03  9.276271E+02  -9.275856E+02  2.789992E-09  1.000000E+00  3.430712E-05  2.219070E-22  2.578895E-26   5.000000E-01 NotAppl  9.221545E+01  0.000000E+00  
5.597518E+03  1.318650E+01  -1.318183E+01  -1.119603E+00  1.000000E+00  7.229841E-02  6.727085E-26  1.726848E-10   5.000000E-01 NotAppl  5.712908E-03  0.000000E+00  
3.596455E+02  9.821438E+00  -9.768279E+00  3.793182E-04  1.000000E+00  3.126592E-02  2.157427E-25  5.351545E-15   5.000000E-01 NotAppl  3.059533E-01  0.000000E+00  
2.422593E+03  1.698271E-03  1.307478E-01  -8.550099E-06  1.000000E+00  2.000770E+00  3.750159E-27  5.534322E-20   5.000000E-01 NotAppl  7.440262E-04  0.000000E+00  
2.025057E+01  3.215134E-01  4.209488E-01  -2.489616E-05  1.000000E+00  3.308055E-03  1.200149E-34  8.166391E-15   5.000000E-01 NotAppl  4.013257E-09  8.360418E-07  
6.387146E+03  1.684194E+02  -1.679463E+02  1.856342E-04  1.000000E+00  4.421638E-04  1.631662E-23  3.630500E-18   5.000000E-01 NotAppl  1.201279E+00  0.000000E+00  
1.613200E+01  5.897662E-04  9.041410E-01  -1.398611E-04  1.000000E+00  9.676809E-04  3.501648E-33  4.061981E-13   5.000000E-01 NotAppl  1.511207E-07  2.696418E-05  
1.230004E+03  3.271221E-02  -2.197163E-02  1.394790E-07  1.000000E+00  5.502984E-01  1.443399E-26  5.863720E-23   5.000000E-01 NotAppl  5.736095E-03  0.000000E+00  
4.084079E+01  1.499260E-01  9.843739E+02  -3.716598E+00  1.000000E+00  1.420947E-04  1.242888E-24  4.404069E-05   0.000000E+00 XENON1T_2018  1.994342E+01  3.339862E-01  
6.185441E+02  5.185373E-02  -5.094911E-02  -1.912886E-05  1.000000E+00  1.489550E-01  5.610326E-26  4.489104E-18   5.000000E-01 NotAppl  4.527543E-02  0.000000E+00  
5.688475E+02  1.039739E-03  7.383688E+02  1.212404E-10  1.000000E+00  1.283722E-04  3.944335E-23  2.140097E-28   5.000000E-01 NotAppl  3.516034E+01  0.000000E+00  
2.601468E+02  3.246240E-04  1.903801E+02  -2.663720E-05  1.000000E+00  1.101855E-03  4.339516E-24  5.122212E-17   5.000000E-01 NotAppl  8.592319E+00  0.000000E+00  
2.517101E+02  2.895377E-04  1.671816E+00  -3.992454E-05  1.000000E+00  2.595246E-02  3.168755E-25  1.231087E-16   5.000000E-01 NotAppl  6.511791E-01  0.000000E+00  
3.062452E+01  1.263968E+01  1.073476E+02  -2.008185E-03  1.000000E+00  4.580918E-01  1.047763E-30  2.306618E-11   6.062647E-02 LZ5Tmedian  2.230039E-05  1.767567E-03  
2.903602E+01  3.900097E+00  -3.899432E+00  -5.473543E-08  1.000000E+00  1.053182E-02  7.344476E-40  1.908728E-20   5.000000E-01 NotAppl  1.656542E-14  3.252991E-12  
1.720010E+01  1.791751E+01  -1.505125E+01  5.365016E-02  1.000000E+00  6.127102E-01  5.255868E-28  5.259243E-08   0.000000E+00 XENON1T_2018  2.109622E-02  1.479476E-01  
2.242530E+01  3.990483E+01  3.334363E+02  -2.084897E+00  1.000000E+00  3.490854E-03  8.542482E-25  4.665233E-05   0.000000E+00 XENON1T_2018  2.570257E+01  8.763753E-01  
6.909230E+03  9.746299E-01  -9.745102E-01  1.706827E-04  1.000000E+00  5.814819E+00  1.023420E-27  2.616353E-18   5.000000E-01 NotAppl  6.975209E-05  0.000000E+00  
3.259400E+02  1.491854E-02  2.662053E+00  -5.886793E-07  1.000000E+00  4.127137E-02  1.965345E-25  1.576578E-20   5.000000E-01 NotAppl  3.084931E-01  0.000000E+00  
2.661782E+01  7.728223E-03  -7.411449E-03  8.726717E-03  1.000000E+00  3.009812E-03  1.726456E-29  5.784675E-10   1.648397E-28 LZ5Tmedian  4.284553E-04  7.058671E-02  
1.607981E+03  1.417069E-03  4.267335E-02  3.134151E-07  1.000000E+00  9.160286E-01  8.474265E-27  1.714189E-22   5.000000E-01 NotAppl  2.558014E-03  0.000000E+00  
7.587363E+02  3.316471E+02  -3.316468E+02  4.105856E-09  1.000000E+00  1.805257E-04  4.033891E-23  1.362380E-25   5.000000E-01 NotAppl  2.631592E+01  0.000000E+00  
3.851980E+03  4.598144E-02  4.243164E+02  -1.832740E-05  1.000000E+00  1.176203E-04  4.344000E-23  9.894206E-20   5.000000E-01 NotAppl  5.459616E+00  0.000000E+00  
4.516006E+03  1.701000E+01  -1.700978E+01  -3.154265E-04  1.000000E+00  3.649292E-02  1.712803E-25  2.120754E-17   5.000000E-01 NotAppl  1.792423E-02  0.000000E+00  
6.991686E+02  6.355540E-02  2.038231E+02  -3.887606E-05  1.000000E+00  6.002834E-04  8.222822E-24  1.443452E-17   5.000000E-01 NotAppl  5.935552E+00  0.000000E+00  
5.397249E+01  5.293434E-02  2.781792E+01  2.466333E-06  1.000000E+00  2.937504E-03  1.370595E-35  1.099203E-17   5.000000E-01 NotAppl  1.600391E-10  4.381135E-09  
3.157348E+02  2.275835E-04  8.835294E-01  -8.798023E-01  1.000000E+00  4.162406E-03  2.903471E-24  3.758491E-08   0.000000E+00 LZ5Tmedian  5.206599E+00  0.000000E+00  
4.413395E+03  3.385649E-01  7.028039E+01  -2.783544E-02  1.000000E+00  3.653174E-03  1.322808E-24  1.730571E-13   5.000000E-01 NotAppl  1.448108E-01  0.000000E+00  
8.845039E+03  4.813714E+01  -4.813605E+01  5.470765E-04  1.000000E+00  4.964260E-03  1.361726E-24  1.627522E-17   5.000000E-01 NotAppl  7.211129E-02  0.000000E+00  
7.578271E+02  4.986511E+01  -4.983210E+01  6.463430E-03  1.000000E+00  4.737917E-03  1.398093E-24  3.384393E-13   5.000000E-01 NotAppl  9.132591E-01  0.000000E+00  
7.108970E+03  1.066041E-02  -1.006687E-02  8.085271E-05  1.000000E+00  1.607882E+01  4.364490E-28  5.540650E-19   5.000000E-01 NotAppl  2.899005E-05  0.000000E+00  
7.176888E+02  4.699014E-04  3.042137E+02  -3.369268E-06  1.000000E+00  3.166028E-04  1.585071E-23  1.027803E-19   5.000000E-01 NotAppl  1.113995E+01  0.000000E+00  
9.469733E+01  1.879693E+02  -1.877962E+02  3.252317E-02  1.000000E+00  2.282045E-03  2.311604E-24  6.058780E-10   5.788477E-24 LZ5Tmedian  1.341608E+01  0.000000E+00  
1.258774E+02  2.486513E+01  -2.485629E+01  8.463613E-03  1.000000E+00  4.446305E-03  1.322444E-24  2.289393E-11   1.994718E-01 NotAppl  5.687958E+00  0.000000E+00  
1.371775E+01  1.954785E-03  5.317345E-01  1.771946E-09  1.000000E+00  7.704252E-04  5.354087E-43  8.998370E-23   5.000000E-01 NotAppl  2.782749E-17  4.374096E-15  
2.723070E+01  5.525969E+01  2.553860E+02  2.797818E-05  1.000000E+00  7.822883E+05  1.807965E-34  5.678523E-15   5.000000E-01 NotAppl  4.371238E-09  1.006841E-06  
8.175714E+02  1.541367E-01  3.102985E+01  2.404056E-07  1.000000E+00  1.678910E-02  2.839446E-25  4.009850E-22   5.000000E-01 NotAppl  1.743143E-01  0.000000E+00  
9.241267E+01  3.685741E-02  2.974915E-02  -2.482414E-02  1.000000E+00  6.026717E-03  8.454071E-25  3.710960E-10   3.215268E-15 LZ5Tmedian  5.023513E+00  0.000000E+00  
2.785231E+03  1.034367E+00  3.098768E+00  1.230437E-05  1.000000E+00  7.125298E-01  8.073678E-27  8.627502E-20   5.000000E-01 NotAppl  1.402024E-03  0.000000E+00  
1.994861E+02  3.232368E+00  -3.228055E+00  2.045002E-01  1.000000E+00  9.303656E-03  9.018707E-25  5.201278E-09   1.172559E-106 LZ5Tmedian  2.396504E+00  0.000000E+00  
7.288778E+03  1.995026E+01  -1.995010E+01  2.887475E+00  1.000000E+00  1.959128E-02  4.097094E-25  6.716914E-10   3.987945E-01 NotAppl  2.653749E-02  0.000000E+00  
2.710783E+01  2.642125E+00  2.242485E+01  -3.174869E-09  1.000000E+00  1.982960E-02  2.319427E-42  7.379351E-23   5.000000E-01 NotAppl  5.635511E-17  2.773125E-15  
6.300819E+01  9.233784E+00  -7.842072E+00  -1.073373E-05  1.000000E+00  1.177257E-02  6.337266E-32  1.518210E-16   5.000000E-01 NotAppl  6.331862E-07  0.000000E+00  
4.987499E+03  4.097933E-02  5.856091E+01  6.828543E-04  1.000000E+00  5.238093E-03  9.174245E-25  8.121853E-17   5.000000E-01 NotAppl  8.873385E-02  0.000000E+00  
5.773953E+02  6.656605E-04  1.645299E-03  -2.222955E-06  1.000000E+00  1.306750E-01  6.419925E-26  6.978433E-20   5.000000E-01 NotAppl  5.563574E-02  0.000000E+00  
9.390321E+02  5.747955E+00  -5.747767E+00  2.015370E-06  1.000000E+00  1.556401E-01  4.392327E-26  2.123787E-20   5.000000E-01 NotAppl  2.301360E-02  0.000000E+00  
4.544211E+03  8.263577E+01  -8.263468E+01  4.487197E-07  1.000000E+00  1.746682E-03  3.960648E-24  4.237850E-23   5.000000E-01 NotAppl  4.118702E-01  0.000000E+00  
1.986964E+01  2.675326E-04  5.571053E+02  -2.895592E-09  1.000000E+00  1.309811E-03  1.611010E-42  1.147607E-22   5.000000E-01 NotAppl  5.501503E-17  1.135541E-14  
1.998378E+01  9.123015E-04  7.862691E+01  1.183674E-08  1.000000E+00  1.325903E-03  2.698263E-41  1.895793E-21   5.000000E-01 NotAppl  9.156212E-16  1.896316E-13  
7.919513E+01  1.380990E+00  -5.261313E-01  6.842360E-01  1.000000E+00  1.919199E-03  1.928800E-25  3.867658E-07   0.000000E+00 XENON1T_2018  1.517163E+00  0.000000E+00  
3.540016E+01  9.440153E+00  -9.440032E+00  -3.394010E+00  1.000000E+00  2.330405E-03  8.152777E-25  4.910859E-05   0.000000E+00 XENON1T_2018  1.512600E+01  2.728519E-01  
1.662180E+02  1.768991E-04  2.889679E+00  -1.553422E+00  1.000000E+00  9.128481E-05  1.368110E-22  4.362104E-07   0.000000E+00 XENON1T_2018  5.114605E+02  0.000000E+00  
1.218201E+01  2.112198E-02  2.524474E+01  5.454217E-08  1.000000E+00  6.148794E-04  4.876580E-40  1.077966E-19   5.000000E-01 NotAppl  2.909108E-14  1.348273E-12  
2.048165E+01  8.607389E-03  6.147425E-03  4.151249E-09  1.000000E+00  2.351455E-03  3.352661E-42  2.219362E-22   5.000000E-01 NotAppl  1.107169E-16  2.325693E-14  
2.129113E+02  1.492922E-03  8.276942E-03  2.875360E-01  1.000000E+00  1.077069E-02  9.777677E-25  8.997950E-09   2.638845E-173 LZ5Tmedian  2.442170E+00  0.000000E+00  
2.619608E+02  1.235008E+00  -1.090677E+00  -6.149721E-03  1.000000E+00  2.777091E-02  2.928648E-25  2.691594E-12   5.000000E-01 NotAppl  5.773275E-01  0.000000E+00  
1.087276E+02  3.327552E-03  8.208533E-02  -3.532091E-04  1.000000E+00  6.436246E-03  1.179471E-24  5.383574E-14   5.000000E-01 NotAppl  5.876993E+00  0.000000E+00  
1.343940E+02  2.230462E+01  -1.970652E+01  -2.059494E-08  1.000000E+00  3.807461E-03  1.158419E-24  1.185339E-22   5.000000E-01 NotAppl  4.660190E+00  0.000000E+00  
4.692860E+02  1.966861E-04  6.266015E-01  2.563261E-08  1.000000E+00  8.713329E-02  9.634756E-26  1.417741E-23   5.000000E-01 NotAppl  1.035261E-01  0.000000E+00  
2.364406E+03  1.069236E-01  1.866653E-01  3.179826E-05  1.000000E+00  1.893570E+00  3.961731E-27  8.043266E-19   5.000000E-01 NotAppl  8.058255E-04  0.000000E+00  
8.462440E+02  6.408386E-01  4.096849E+00  1.307894E-01  1.000000E+00  1.549930E-01  5.020351E-26  1.106141E-10   2.755433E-01 NotAppl  2.964893E-02  0.000000E+00  
3.832283E+02  6.260318E-02  1.558207E-02  -5.936666E-06  1.000000E+00  5.968808E-02  1.423337E-25  1.151075E-18   5.000000E-01 NotAppl  1.888040E-01  0.000000E+00  
2.312831E+01  1.871623E-02  3.610675E+00  -3.158128E-03  1.000000E+00  1.753337E-03  2.058309E-30  1.005932E-10   6.546038E-05 LZ5Tmedian  5.951463E-05  1.259418E-02  
5.495932E+01  2.594650E+02  -2.593329E+02  -1.685030E+00  1.000000E+00  6.176869E-04  6.724422E-24  4.944743E-06   0.000000E+00 XENON1T_2018  7.733931E+01  5.020846E-01  
9.300233E+02  1.100118E-01  6.331977E+02  2.498651E-02  1.000000E+00  9.784826E-05  5.281851E-23  3.329355E-12   5.000000E-01 NotAppl  2.846485E+01  0.000000E+00  
3.731825E+01  8.491113E+02  -8.491089E+02  -1.000794E-09  1.000000E+00  1.989977E-03  3.570155E-43  3.836016E-24   5.000000E-01 NotAppl  6.148166E-18  1.148020E-15  
1.227759E+03  1.993941E-02  2.755500E+00  6.431100E-08  1.000000E+00  4.288297E-01  1.656977E-26  1.251251E-23   5.000000E-01 NotAppl  6.611987E-03  0.000000E+00  
2.458232E+02  1.757512E+02  -1.719168E+02  3.838208E-01  1.000000E+00  4.393808E-04  1.141988E-23  1.194317E-08   4.555868E-201 LZ5Tmedian  2.430280E+01  0.000000E+00  
1.846344E+01  9.718089E+02  -9.718065E+02  8.362924E-05  1.000000E+00  5.516597E-02  1.307514E-33  1.109002E-13   5.000000E-01 NotAppl  4.844819E-08  9.547091E-06  
4.294970E+03  8.090826E+02  -8.089303E+02  3.207874E-01  1.000000E+00  2.407222E-05  3.191183E-22  2.429135E-11   5.000000E-01 NotAppl  3.514316E+01  0.000000E+00  
1.422834E+02  7.202531E+02  -7.202408E+02  -9.136371E-09  1.000000E+00  8.762385E-04  6.658416E-24  2.075300E-23   5.000000E-01 NotAppl  2.566733E+01  0.000000E+00  
1.535897E+01  6.711058E-01  -6.696036E-01  -3.629764E-08  1.000000E+00  1.230550E-02  2.324157E-40  3.016998E-20   5.000000E-01 NotAppl  1.060783E-14  1.821691E-12  
5.985963E+01  4.814046E+02  -4.805560E+02  -3.224690E-07  1.000000E+00  5.785587E-03  2.221611E-36  1.521387E-19   5.000000E-01 NotAppl  2.339398E-11  4.255461E-11  
2.816019E+03  3.172717E-02  -2.872405E-02  -3.767996E-08  1.000000E+00  2.677870E+00  2.774781E-27  7.911648E-25   5.000000E-01 NotAppl  4.721457E-04  0.000000E+00  
1.766438E+01  8.334882E-01  -8.292525E-01  -2.010693E-07  1.000000E+00  1.557302E-02  7.445976E-39  7.004113E-19   5.000000E-01 NotAppl  2.899100E-13  5.523643E-11  
2.053249E+03  1.234088E-03  9.001718E-03  1.875901E-05  1.000000E+00  1.460767E+00  5.208249E-27  3.731446E-19   5.000000E-01 NotAppl  1.223831E-03  0.000000E+00  
2.845022E+01  1.858843E+00  -1.695476E+00  -4.219820E+00  1.000000E+00  5.240251E-03  4.475319E-25  1.182241E-04   0.000000E+00 XENON1T_2018  1.048155E+01  2.525674E-01  
8.162569E+02  3.847939E-01  2.768526E-03  2.984941E-02  1.000000E+00  2.443595E-01  3.339568E-26  6.202085E-12   5.000000E-01 NotAppl  2.025104E-02  0.000000E+00  
1.721906E+03  2.824696E-04  1.190257E+01  -3.471680E+00  1.000000E+00  1.247691E-02  8.844917E-25  1.829347E-08   1.576803E-46 LZ5Tmedian  2.674287E-01  0.000000E+00  
1.355625E+01  7.276080E-04  1.545496E-02  -3.462138E-04  1.000000E+00  1.126211E-03  2.036449E-32  3.516721E-12   5.000000E-01 NotAppl  1.072803E-06  1.670349E-04  
4.459747E+02  2.303885E-02  -2.183020E-02  5.932309E-04  1.000000E+00  7.983797E-02  1.062014E-25  8.427965E-15   5.000000E-01 NotAppl  1.203093E-01  0.000000E+00  
2.316090E+02  7.430389E-01  2.446735E+01  3.660966E-02  1.000000E+00  1.067343E-02  5.701443E-25  1.227575E-10   6.648422E-03 LZ5Tmedian  1.276742E+00  0.000000E+00  
5.663838E+01  1.795084E+02  -1.794560E+02  6.004126E-07  1.000000E+00  4.456779E-03  1.644512E-36  5.904360E-19   5.000000E-01 NotAppl  1.826403E-11  2.177875E-10  
1.156136E+02  2.699928E-02  9.762839E+01  -4.784922E-09  1.000000E+00  3.474155E-03  1.597502E-24  8.711337E-24   5.000000E-01 NotAppl  7.396718E+00  0.000000E+00  
7.557163E+02  1.932195E+00  -1.928884E+00  1.281256E+00  1.000000E+00  1.497177E-02  7.796884E-25  1.337523E-08   2.099109E-76 LZ5Tmedian  5.361585E-01  0.000000E+00  
3.358257E+01  5.845393E-02  -5.825712E-02  -1.426464E-03  1.000000E+00  1.303274E-03  5.986059E-31  9.654047E-12   2.954887E-01 NotAppl  1.153366E-05  2.429702E-03  
8.118395E+02  1.927689E-04  8.225685E+02  1.127147E-01  1.000000E+00  8.031927E-05  6.465030E-23  8.942127E-11   3.377022E-01 NotAppl  4.005104E+01  0.000000E+00  
6.469759E+02  5.274246E-03  3.751778E-02  7.398077E+00  1.000000E+00  5.549671E-04  2.541674E-23  6.125320E-07   0.000000E+00 XENON1T_2018  1.983634E+01  0.000000E+00  
2.905715E+01  2.422388E+00  1.457600E+02  -5.014068E-07  1.000000E+00  1.044510E-02  6.167692E-38  1.599366E-18   5.000000E-01 NotAppl  1.390010E-12  2.994647E-10  
4.732749E+01  1.905818E+02  -1.844722E+02  -2.542269E-02  1.000000E+00  1.866675E-02  5.177487E-28  1.526519E-09   2.298086E-85 LZ5Tmedian  6.937204E-03  3.728552E-01  
3.230714E+03  8.867437E+00  -8.824302E+00  4.349609E-10  1.000000E+00  1.244031E-01  4.839751E-26  7.970830E-29   5.000000E-01 NotAppl  7.125152E-03  0.000000E+00  
7.688474E+01  4.005089E-03  1.449654E-01  -8.295359E-03  1.000000E+00  7.025401E-03  3.931285E-29  6.039168E-11   2.093043E-03 LZ5Tmedian  3.208720E-04  0.000000E+00  
2.046737E+01  6.552700E+02  -6.341694E+02  -2.592185E-02  1.000000E+00  1.402711E+01  1.306842E-28  8.665846E-09   1.635176E-304 LZ5Tmedian  4.319108E-03  3.977084E-01  
5.630709E+02  7.351725E+00  -7.351606E+00  -5.960771E-10  1.000000E+00  7.090613E-02  9.860566E-26  5.282096E-27   5.000000E-01 NotAppl  8.771026E-02  0.000000E+00  
9.931391E+03  6.265184E-04  7.543655E+00  1.672340E-03  1.000000E+00  2.776019E-01  1.559320E-26  1.202062E-16   5.000000E-01 NotAppl  7.498159E-04  0.000000E+00  
1.257623E+01  5.483842E-04  7.523609E-01  -1.119992E-08  1.000000E+00  6.222922E-04  2.079519E-41  4.268708E-21   5.000000E-01 NotAppl  1.195515E-15  1.754088E-13  
8.990716E+01  7.470216E-01  1.778376E+02  -4.742120E-04  1.000000E+00  4.267991E-03  7.650187E-25  1.432677E-13   5.000000E-01 NotAppl  4.748113E+00  0.000000E+00  
7.136487E+03  8.458799E+02  -7.749290E+02  3.943644E-07  1.000000E+00  1.630413E-05  3.757205E-22  1.307852E-23   5.000000E-01 NotAppl  2.472189E+01  0.000000E+00  
4.647676E+02  3.606136E-01  -3.478868E-01  -3.952736E-04  1.000000E+00  8.568962E-02  9.811655E-26  3.438756E-15   5.000000E-01 NotAppl  1.064898E-01  0.000000E+00  
1.572746E+01  1.991407E+02  -1.991291E+02  2.834066E-01  1.000000E+00  6.854979E-02  1.426858E-26  1.754449E-06   0.000000E+00 XENON1T_2018  6.338344E-01  4.977500E-01  
1.247945E+02  3.374465E-04  6.487890E+02  3.281251E+00  1.000000E+00  5.336920E-06  1.365040E-22  3.502517E-06   0.000000E+00 XENON1T_2018  5.905877E+02  0.000000E+00  
7.753015E+02  4.652557E-04  -1.954134E-04  8.612610E-02  1.000000E+00  2.152313E-01  3.928862E-26  5.735876E-11   4.825449E-01 NotAppl  2.523353E-02  0.000000E+00  
5.541639E+01  3.243601E-01  -2.881085E-01  -1.428957E-08  1.000000E+00  3.380864E-03  6.508681E-40  3.496485E-22   5.000000E-01 NotAppl  7.422455E-15  1.346131E-13  
8.271317E+03  4.417029E-04  1.547525E-03  -2.903039E-05  1.000000E+00  2.158805E+01  3.224040E-28  5.251512E-20   5.000000E-01 NotAppl  1.837253E-05  0.000000E+00  
3.445708E+02  3.538747E-02  -3.527948E-02  3.056917E-03  1.000000E+00  4.882612E-02  1.747169E-25  3.794063E-13   5.000000E-01 NotAppl  2.587913E-01  0.000000E+00  
6.508329E+02  1.414399E+02  -1.402850E+02  -3.207627E+00  1.000000E+00  9.947872E-04  6.372288E-24  1.137583E-07   0.000000E+00 LZ5Tmedian  5.488002E+00  0.000000E+00  
2.084543E+02  7.138933E-03  -6.975267E-03  -3.954247E-07  1.000000E+00  1.911651E-02  4.445277E-25  1.777106E-20   5.000000E-01 NotAppl  1.112271E+00  0.000000E+00  
9.113961E+03  1.988661E-04  9.031858E-02  -3.084964E-08  1.000000E+00  2.567533E+01  2.677787E-28  4.869873E-26   5.000000E-01 NotAppl  1.383608E-05  0.000000E+00  
5.058549E+01  1.180998E-02  1.243608E+01  -6.417876E-06  1.000000E+00  2.134687E-03  5.042173E-35  8.494437E-17   5.000000E-01 NotAppl  6.322453E-10  3.455479E-08  
5.906701E+03  1.022656E+00  -5.163889E-01  1.560056E-06  1.000000E+00  5.130381E+00  1.318826E-27  3.005721E-22   5.000000E-01 NotAppl  1.055072E-04  0.000000E+00  
1.195254E+01  2.249776E+00  1.423987E+01  -6.069865E-06  1.000000E+00  4.960127E-01  5.997384E-36  1.386003E-15   5.000000E-01 NotAppl  3.658879E-10  3.098604E-08  
1.894038E+02  2.789793E+00  -2.774147E+00  -7.574745E-05  1.000000E+00  1.419144E-02  5.350826E-25  7.936302E-16   5.000000E-01 NotAppl  1.480332E+00  0.000000E+00  
6.394191E+01  1.320651E-01  3.922741E+01  2.787427E-01  1.000000E+00  1.532198E-03  5.229514E-24  9.935671E-08   0.000000E+00 XENON1T_2018  5.141412E+01  0.000000E+00  
2.392741E+01  1.000249E-02  2.037622E+02  -4.707012E-07  1.000000E+00  1.797865E-03  4.663525E-38  2.086753E-18   5.000000E-01 NotAppl  1.300820E-12  2.923749E-10  
2.414380E+01  3.044735E+01  -2.788020E+01  1.660488E-06  1.000000E+00  1.075642E-01  5.835412E-37  2.550169E-17   5.000000E-01 NotAppl  1.611907E-11  3.519318E-10  
1.588076E+01  2.849577E+01  4.673356E+02  -5.945467E-01  1.000000E+00  4.305449E-02  6.298596E-26  7.573581E-06   0.000000E+00 XENON1T_2018  2.766029E+00  4.575630E-01  
1.030416E+02  2.258496E+00  -1.885180E+00  1.507394E-03  1.000000E+00  5.160119E-03  1.252384E-24  1.094658E-12   5.000000E-01 NotAppl  6.603405E+00  0.000000E+00  
6.845308E+03  3.643183E-01  -3.540017E-01  -4.616738E-05  1.000000E+00  1.221842E+01  5.490152E-28  1.950694E-19   5.000000E-01 NotAppl  3.785974E-05  0.000000E+00  
2.926896E+03  4.903392E-01  5.308406E+02  1.230607E-01  1.000000E+00  8.142362E-05  6.332972E-23  7.800853E-12   5.000000E-01 NotAppl  1.053055E+01  0.000000E+00  
2.872526E+03  1.714311E+01  -1.714250E+01  1.822116E-07  1.000000E+00  3.568244E-02  1.750657E-25  1.776776E-23   5.000000E-01 NotAppl  2.905470E-02  0.000000E+00  
2.177562E+02  8.675751E+01  -8.675715E+01  5.518550E-03  1.000000E+00  2.129620E-03  2.964439E-24  3.165092E-12   5.000000E-01 NotAppl  7.147902E+00  0.000000E+00  
2.456484E+02  1.000188E-03  2.396556E-01  1.346643E-02  1.000000E+00  2.552883E-02  3.342990E-25  1.472315E-11   5.000000E-01 NotAppl  7.048517E-01  0.000000E+00  
1.302738E+02  2.009537E+01  -2.006172E+01  1.763156E-01  1.000000E+00  2.635674E-03  2.314596E-24  9.260313E-09   7.551525E-276 LZ5Tmedian  9.640498E+00  0.000000E+00  
1.098221E+01  6.156384E+01  -6.153594E+01  8.756212E-10  1.000000E+00  1.830160E-01  1.205469E-43  3.406205E-23   5.000000E-01 NotAppl  8.123095E-18  1.078722E-15  
3.916366E+03  7.301756E-04  1.949799E+00  -1.557859E-02  1.000000E+00  2.220373E+00  2.405476E-27  6.911791E-14   5.000000E-01 NotAppl  2.944729E-04  0.000000E+00  
2.078549E+02  3.246200E+00  -2.965969E+00  1.040660E-06  1.000000E+00  1.618691E-02  4.565528E-25  1.238131E-19   5.000000E-01 NotAppl  1.146078E+00  0.000000E+00  
2.326779E+03  9.581519E+02  -9.581487E+02  -6.395198E-10  1.000000E+00  2.191377E-05  3.514738E-22  3.361424E-28   5.000000E-01 NotAppl  7.234619E+01  0.000000E+00  
5.649699E+03  2.113275E-02  -1.787515E-02  -1.873094E-02  1.000000E+00  1.027440E+01  6.923060E-28  4.743016E-14   5.000000E-01 NotAppl  5.804883E-05  0.000000E+00  
7.335904E+03  2.535838E+01  -2.498902E+01  1.560493E-03  1.000000E+00  1.714721E-02  3.790746E-25  1.936293E-16   5.000000E-01 NotAppl  2.425529E-02  0.000000E+00  
1.123631E+02  2.032267E-02  2.124092E-01  -8.712601E-04  1.000000E+00  6.680596E-03  1.141675E-24  3.062109E-13   5.000000E-01 NotAppl  5.498503E+00  0.000000E+00  
5.011106E+02  8.851165E-01  1.816445E+01  1.897138E-06  1.000000E+00  3.074881E-02  1.791544E-25  6.790886E-20   5.000000E-01 NotAppl  1.808399E-01  0.000000E+00  
3.141476E+02  2.145052E+00  -2.144881E+00  -7.438389E-09  1.000000E+00  3.800720E-02  2.113680E-25  2.714453E-24   5.000000E-01 NotAppl  3.447778E-01  0.000000E+00  
1.569750E+02  2.905745E+01  -2.905596E+01  -1.382940E-03  1.000000E+00  5.484508E-03  1.073561E-24  3.887376E-13   5.000000E-01 NotAppl  3.691780E+00  0.000000E+00  
5.275031E+01  5.086746E-01  7.392732E+02  1.693511E+00  1.000000E+00  1.180833E-03  3.788270E-24  5.430401E-06   0.000000E+00 XENON1T_2018  4.581462E+01  3.382809E-01  
1.585091E+03  7.658575E-02  8.114666E+00  1.022974E-02  1.000000E+00  1.871509E-01  2.717624E-26  1.880365E-13   5.000000E-01 NotAppl  8.425330E-03  0.000000E+00  
1.168208E+02  1.420258E+00  -1.420003E+00  -1.660882E-07  1.000000E+00  6.677671E-03  1.106300E-24  1.027459E-20   5.000000E-01 NotAppl  5.120425E+00  0.000000E+00  
1.165227E+03  6.671878E-02  9.908651E+01  2.587390E-04  1.000000E+00  1.956605E-03  2.442876E-24  2.253293E-16   5.000000E-01 NotAppl  1.044335E+00  0.000000E+00  
5.452555E+01  3.933889E+02  -3.933863E+02  1.863410E+00  1.000000E+00  6.341433E-04  6.914932E-24  6.145585E-06   0.000000E+00 XENON1T_2018  7.990994E+01  4.999321E-01  
1.305257E+02  5.531038E+00  4.443859E+00  -1.536838E-07  1.000000E+00  3.992204E-03  1.031221E-24  7.007774E-21   5.000000E-01 NotAppl  4.250464E+00  0.000000E+00  
1.229932E+02  2.889736E+01  2.533947E+01  -4.044993E-08  1.000000E+00  1.779188E-03  1.708312E-24  5.483800E-22   5.000000E-01 NotAppl  7.474718E+00  0.000000E+00  
1.766950E+03  3.512526E-04  3.491821E+00  -3.390499E-07  1.000000E+00  5.853611E-01  1.031261E-26  1.655333E-22   5.000000E-01 NotAppl  2.842203E-03  0.000000E+00  
1.353784E+02  4.443792E+01  2.061145E+02  -1.202419E-03  1.000000E+00  9.810759E-04  3.047933E-24  3.980481E-13   5.000000E-01 NotAppl  1.198368E+01  0.000000E+00  
4.175027E+01  7.363333E-04  -5.226660E-04  1.723245E-04  1.000000E+00  2.222820E-04  1.419156E-32  9.053175E-14   5.000000E-01 NotAppl  2.171865E-07  3.156225E-05  
7.767455E+02  1.456281E-02  3.513744E-01  -2.935319E-04  1.000000E+00  2.287524E-01  3.588759E-26  6.637281E-16   5.000000E-01 NotAppl  2.288787E-02  0.000000E+00  
2.128960E+02  2.668649E-03  4.552184E-03  -1.494533E-02  1.000000E+00  1.999082E-02  4.226285E-25  2.431275E-11   3.417088E-01 NotAppl  1.034653E+00  0.000000E+00  
4.630393E+02  4.375441E-01  2.251784E-02  3.251939E-01  1.000000E+00  4.216697E-02  2.376507E-25  2.345310E-09   3.614194E-22 LZ5Tmedian  2.675977E-01  0.000000E+00  
1.908780E+03  7.315751E-04  3.970089E+02  2.084116E-04  1.000000E+00  1.485989E-04  3.426729E-23  5.343970E-17   5.000000E-01 NotAppl  8.831115E+00  0.000000E+00  
6.178126E+01  3.199939E+01  -3.195274E+01  -2.733023E-08  1.000000E+00  7.941569E-03  2.091733E-37  1.024582E-21   5.000000E-01 NotAppl  2.132368E-12  1.613812E-13  
1.187771E+01  4.925337E-02  -2.309169E-02  -8.501380E-06  1.000000E+00  1.162555E-03  1.173687E-35  2.752666E-15   5.000000E-01 NotAppl  7.213255E-10  1.013572E-07  
5.457130E+03  8.217971E+00  1.174353E+01  -7.475334E-05  1.000000E+00  4.305718E-02  1.477712E-25  8.106069E-19   5.000000E-01 NotAppl  1.296639E-02  0.000000E+00  
1.084969E+02  1.118701E+02  -9.728006E+01  -1.700188E-10  1.000000E+00  1.260307E-03  2.396116E-24  1.252827E-26   5.000000E-01 NotAppl  1.208632E+01  0.000000E+00  
2.770624E+02  1.448781E-03  6.118916E-01  -8.764598E-05  1.000000E+00  3.196349E-02  2.639815E-25  4.874246E-16   5.000000E-01 NotAppl  4.907822E-01  0.000000E+00  
1.650142E+02  2.241789E+01  -1.799203E+01  8.128296E-09  1.000000E+00  4.500751E-03  9.103300E-25  1.212234E-23   5.000000E-01 NotAppl  2.967715E+00  0.000000E+00  
5.181841E+01  1.927598E+00  5.236005E+02  -4.884472E-02  1.000000E+00  5.397170E-03  3.555925E-27  4.684587E-09   4.261976E-254 LZ5Tmedian  4.332720E-02  3.485832E-01  
3.505859E+01  3.238855E+00  -3.237189E+00  -7.584685E-03  1.000000E+00  1.000937E-03  1.816495E-29  2.501235E-10   1.302287E-14 LZ5Tmedian  3.337401E-04  5.985370E-02  
7.378785E+02  1.188784E-01  -3.390744E-02  2.934128E-01  1.000000E+00  1.206625E-01  8.087782E-26  7.365131E-10   5.414821E-05 LZ5Tmedian  5.606981E-02  0.000000E+00  
7.199475E+03  1.187950E+01  -3.618505E-02  -4.918702E-07  1.000000E+00  6.269530E-02  1.214650E-25  1.998531E-23   5.000000E-01 NotAppl  7.974039E-03  0.000000E+00  
1.726667E+03  1.574367E-03  3.222892E-01  -8.442520E-09  1.000000E+00  1.040690E+00  7.382831E-27  1.075763E-25   5.000000E-01 NotAppl  2.071827E-03  0.000000E+00  
1.334093E+01  7.058914E+00  3.701061E+02  -2.839452E-10  1.000000E+00  4.082824E+01  1.362898E-44  2.441636E-24   5.000000E-01 NotAppl  7.315940E-19  9.549596E-17  
2.184854E+01  4.029282E+02  -3.991833E+02  -1.560925E-04  1.000000E+00  4.289902E-01  4.881115E-33  2.755748E-13   5.000000E-01 NotAppl  1.501625E-07  3.119969E-05  
2.136597E+02  6.078111E-03  -3.249100E-03  3.979546E-02  1.000000E+00  1.926813E-02  4.523337E-25  1.711210E-10   5.352767E-04 LZ5Tmedian  1.104630E+00  0.000000E+00  
5.904770E+03  4.819490E-03  -1.289901E-03  -6.650721E-04  1.000000E+00  1.121479E+01  6.323569E-28  5.466313E-17   5.000000E-01 NotAppl  5.069582E-05  0.000000E+00  
1.759341E+01  1.154638E-02  1.455262E-02  6.803020E+00  1.000000E+00  1.810061E-03  1.646935E-25  8.082779E-04   0.000000E+00 XENON1T_2018  6.574036E+00  2.500127E-01  
1.102971E+03  7.347003E-01  -7.334682E-01  -1.700264E-01  1.000000E+00  3.767856E-01  2.207325E-26  1.088398E-10   3.767755E-01 NotAppl  9.980298E-03  0.000000E+00  
9.836037E+01  3.702082E-03  5.243818E-01  1.677140E+00  1.000000E+00  2.055498E-04  6.350144E-23  1.490576E-06   0.000000E+00 XENON1T_2018  3.535876E+02  0.000000E+00  
5.236650E+02  4.842810E-02  1.293031E+02  1.059069E-05  1.000000E+00  1.379635E-03  3.502161E-24  1.934089E-18   5.000000E-01 NotAppl  3.396277E+00  0.000000E+00  
2.034393E+02  4.866869E+00  4.714942E+00  1.449159E-07  1.000000E+00  9.794786E-03  5.130807E-25  2.508941E-21   5.000000E-01 NotAppl  1.316652E+00  0.000000E+00  
3.022145E+02  9.349531E-01  -4.399357E-01  1.009321E+00  1.000000E+00  4.016266E-03  2.848551E-24  5.410286E-08   0.000000E+00 LZ5Tmedian  4.981705E+00  0.000000E+00  
2.780937E+01  3.752119E+01  -3.751851E+01  4.283469E-04  1.000000E+00  1.457414E-02  4.316119E-32  1.275626E-12   5.000000E-01 NotAppl  1.020491E-06  2.347475E-04  
3.686805E+01  1.655973E-03  -4.360178E-04  -8.343352E-07  1.000000E+00  1.988582E-04  2.419050E-37  2.732625E-18   5.000000E-01 NotAppl  4.220042E-12  8.029343E-10  
9.615890E+03  5.362998E+00  -4.204635E+00  -2.551621E+00  1.000000E+00  5.172437E-01  7.642700E-27  2.987967E-10   5.000000E-01 NotAppl  4.212605E-04  0.000000E+00  
3.389741E+02  4.944662E-04  1.981118E-02  3.809031E-07  1.000000E+00  4.737948E-02  1.800209E-25  6.091513E-21   5.000000E-01 NotAppl  2.712420E-01  0.000000E+00  
2.287771E+03  5.434695E+01  8.702445E+02  -1.233539E-05  1.000000E+00  2.862532E-05  1.526261E-22  1.294426E-19   5.000000E-01 NotAppl  3.265549E+01  0.000000E+00  
7.039303E+01  8.725943E+02  -8.725941E+02  -5.847247E-03  1.000000E+00  1.530050E-02  7.033711E-29  3.593044E-11   2.072997E-02 LZ5Tmedian  6.275665E-04  0.000000E+00  
6.586201E+03  5.112528E+02  -5.109240E+02  -9.298106E-06  1.000000E+00  5.305299E-05  1.426819E-22  8.557705E-21   5.000000E-01 NotAppl  1.018203E+01  0.000000E+00  
2.069697E+01  2.126400E-02  2.381764E+00  -2.813931E-03  1.000000E+00  1.500684E-03  1.547396E-30  9.985623E-11   2.738589E-04 LZ5Tmedian  5.051519E-05  1.033825E-02  
8.849619E+03  6.078106E-03  2.342582E-02  -3.896317E-02  1.000000E+00  2.439352E+01  2.851296E-28  8.246749E-14   5.000000E-01 NotAppl  1.518887E-05  0.000000E+00  
7.883925E+01  3.238847E-04  1.448491E+02  1.039598E-05  1.000000E+00  6.039956E-03  4.676959E-35  9.010799E-17   5.000000E-01 NotAppl  3.721419E-10  0.000000E+00  
4.139793E+01  8.041030E-02  -7.194337E-02  1.108302E+00  1.000000E+00  1.963342E-04  5.421129E-25  3.809869E-06   0.000000E+00 XENON1T_2018  8.397521E+00  2.500982E-01  
1.639323E+03  2.416217E-01  2.149708E+02  -1.697451E-07  1.000000E+00  4.525218E-04  1.091977E-23  4.834173E-23   5.000000E-01 NotAppl  3.288965E+00  0.000000E+00  
6.797442E+02  9.015293E+00  -9.009486E+00  2.324917E-01  1.000000E+00  4.516660E-02  1.758112E-25  5.468344E-10   3.681559E-04 LZ5Tmedian  1.300045E-01  0.000000E+00  
1.291220E+03  3.384314E-03  -1.443044E-03  -1.857335E-05  1.000000E+00  6.035501E-01  1.310624E-26  9.416823E-19   5.000000E-01 NotAppl  4.953572E-03  0.000000E+00  
3.834138E+03  1.522590E-02  1.368407E+01  4.180273E-01  1.000000E+00  7.713407E-02  6.671801E-26  5.196255E-11   5.000000E-01 NotAppl  8.436538E-03  0.000000E+00  
3.502256E+02  3.897958E-01  4.291221E+02  -3.606242E-09  1.000000E+00  3.520760E-04  1.366240E-23  5.107116E-25   5.000000E-01 NotAppl  1.999030E+01  0.000000E+00  
1.625323E+02  1.599602E+00  -8.122573E-01  6.532087E-02  1.000000E+00  9.307044E-03  8.112708E-25  8.075743E-10   1.599954E-20 LZ5Tmedian  2.677201E+00  0.000000E+00  
2.565884E+02  8.333015E-02  -7.349651E-02  -1.099598E-08  1.000000E+00  2.799482E-02  3.042762E-25  8.978429E-24   5.000000E-01 NotAppl  6.128970E-01  0.000000E+00  
5.430931E+02  7.880615E+02  -6.086101E+02  -1.209430E-09  1.000000E+00  3.987750E-05  9.128048E-23  2.341209E-26   5.000000E-01 NotAppl  8.437797E+01  0.000000E+00  
1.716871E+03  5.465982E-01  -5.300639E-01  -3.146746E-01  1.000000E+00  6.275345E-01  1.407290E-26  1.511932E-10   4.172030E-01 NotAppl  4.116302E-03  0.000000E+00  
2.441781E+03  3.396504E+01  -3.396336E+01  1.112526E-10  1.000000E+00  9.679184E-03  6.747397E-25  9.220713E-30   5.000000E-01 NotAppl  1.322026E-01  0.000000E+00  
1.411509E+01  2.048767E-04  4.169595E-01  -6.816129E-06  1.000000E+00  8.354085E-04  7.991936E-36  1.258228E-15   5.000000E-01 NotAppl  4.019088E-10  6.463616E-08  
9.466982E+02  6.423366E-02  -6.404316E-02  -7.613669E-10  1.000000E+00  3.346567E-01  2.425260E-26  2.981124E-27   5.000000E-01 NotAppl  1.261387E-02  0.000000E+00  
3.342428E+03  6.245180E+00  -5.941919E+00  -4.515520E-10  1.000000E+00  2.416861E-01  2.497698E-26  8.016300E-29   5.000000E-01 NotAppl  3.552428E-03  0.000000E+00  
1.119199E+03  8.515938E+00  -8.515732E+00  7.597192E-05  1.000000E+00  1.073143E-01  5.969027E-26  2.109195E-17   5.000000E-01 NotAppl  2.608524E-02  0.000000E+00  
2.688281E+01  1.774674E-02  -1.744482E-02  -5.655914E-08  1.000000E+00  3.064736E-03  7.310265E-40  2.381711E-20   5.000000E-01 NotAppl  1.794413E-14  4.125208E-12  
6.251701E+03  6.191687E-03  -5.999986E-03  4.391162E-02  1.000000E+00  1.232943E+01  5.769925E-28  2.121903E-13   5.000000E-01 NotAppl  4.370864E-05  0.000000E+00  
1.360677E+01  1.258735E-03  6.476010E+01  5.018275E-09  1.000000E+00  6.816715E-04  4.283493E-42  7.334308E-22   5.000000E-01 NotAppl  2.246853E-16  3.510992E-14  
6.438750E+01  3.495929E-03  7.726327E-01  -6.226616E-06  1.000000E+00  4.667317E-03  1.515442E-33  4.888076E-17   5.000000E-01 NotAppl  1.481135E-08  0.000000E+00  
8.082564E+02  1.139151E-03  -4.369964E-04  1.113383E-07  1.000000E+00  2.479361E-01  3.314163E-26  8.804241E-23   5.000000E-01 NotAppl  2.028738E-02  0.000000E+00  
3.477871E+01  5.170687E+01  6.879090E+02  2.083166E-06  1.000000E+00  6.521659E+05  1.351203E-36  1.917754E-17   5.000000E-01 NotAppl  2.507662E-11  5.152286E-09  
3.529184E+02  3.787604E-02  9.902379E+00  1.295659E-01  1.000000E+00  2.897491E-02  2.648904E-25  6.489906E-10   1.917642E-08 LZ5Tmedian  3.866417E-01  0.000000E+00  
7.805925E+03  4.122282E-01  -4.118386E-01  7.253691E-04  1.000000E+00  1.401693E+01  4.630229E-28  3.687900E-17   5.000000E-01 NotAppl  2.794328E-05  0.000000E+00  
4.075773E+03  2.206531E-04  2.922411E+01  -5.243304E-04  1.000000E+00  2.007239E-02  2.302533E-25  7.219368E-17   5.000000E-01 NotAppl  2.732334E-02  0.000000E+00  
6.401025E+03  6.151903E+02  -5.491704E+02  1.185472E-07  1.000000E+00  2.950535E-05  2.038451E-22  1.474069E-24   5.000000E-01 NotAppl  1.497629E+01  0.000000E+00  
6.333878E+01  7.741004E-04  1.021919E-01  7.285416E-08  1.000000E+00  4.711831E-03  1.066668E-36  6.919906E-21   5.000000E-01 NotAppl  1.060173E-11  0.000000E+00  
1.324517E+03  9.551244E-01  -9.547816E-01  -5.387105E-02  1.000000E+00  6.017689E-01  1.272104E-26  7.521071E-12   5.000000E-01 NotAppl  4.695157E-03  0.000000E+00  
2.553681E+02  2.702177E-03  -1.338594E-03  -4.772800E-02  1.000000E+00  2.768568E-02  3.064518E-25  1.708125E-10   1.719932E-03 LZ5Tmedian  6.218949E-01  0.000000E+00  
9.365195E+03  1.070968E-03  1.266924E-02  -4.654801E-09  1.000000E+00  2.747866E+01  2.515649E-28  1.049156E-27   5.000000E-01 NotAppl  1.264440E-05  0.000000E+00  
6.128363E+03  4.118091E+02  -4.118066E+02  -1.251296E-03  1.000000E+00  8.010884E-05  9.356826E-23  1.794208E-16   5.000000E-01 NotAppl  7.183612E+00  0.000000E+00  
2.721485E+03  3.292030E+00  -1.271286E+00  3.171073E-09  1.000000E+00  6.705013E-01  1.046064E-26  6.006899E-27   5.000000E-01 NotAppl  1.841125E-03  0.000000E+00  
4.825620E+03  2.352076E+02  -2.352006E+02  -1.913571E-07  1.000000E+00  2.342212E-04  3.110229E-23  6.820608E-24   5.000000E-01 NotAppl  3.042934E+00  0.000000E+00  
3.723937E+02  1.681843E-04  1.170862E+02  8.508165E-03  1.000000E+00  1.775100E-03  2.723434E-24  2.507154E-12   5.000000E-01 NotAppl  3.742640E+00  0.000000E+00  
9.595492E+02  3.049096E-04  3.005886E+02  5.936147E-08  1.000000E+00  2.879940E-04  1.749354E-23  1.762977E-23   5.000000E-01 NotAppl  9.129676E+00  0.000000E+00  
1.390632E+03  4.932243E+01  -4.926009E+01  5.887961E-01  1.000000E+00  3.932289E-03  1.789132E-24  8.134883E-10   3.032591E-03 LZ5Tmedian  6.257291E-01  0.000000E+00  
4.493920E+02  4.391630E+02  -3.712510E+02  1.768895E-03  1.000000E+00  8.755345E-05  4.073374E-23  7.377297E-14   5.000000E-01 NotAppl  4.587191E+01  0.000000E+00  
2.723010E+02  8.758735E-01  -8.623952E-01  1.853917E-08  1.000000E+00  3.048045E-02  2.732535E-25  2.259659E-23   5.000000E-01 NotAppl  5.173170E-01  0.000000E+00  
2.099529E+02  8.233482E+02  -8.233476E+02  -2.762318E-07  1.000000E+00  3.705811E-04  1.729429E-23  8.545913E-21   5.000000E-01 NotAppl  4.339235E+01  0.000000E+00  
1.754852E+02  3.933085E-03  2.210966E-02  1.280085E-01  1.000000E+00  1.126395E-02  8.265260E-25  2.650320E-09   2.212266E-61 LZ5Tmedian  2.531359E+00  0.000000E+00  
1.577527E+01  3.949645E+02  -2.045559E+02  -2.610182E-02  1.000000E+00  1.526974E+01  1.211428E-28  1.479234E-08   1.419209E-304 LZ5Tmedian  5.362794E-03  4.850608E-01  
2.803527E+01  8.724643E+00  -7.604928E+00  -9.598005E-03  1.000000E+00  2.014879E-02  2.183266E-29  6.300688E-10   3.133827E-32 LZ5Tmedian  5.117123E-04  8.378983E-02  
2.511122E+02  4.960256E-04  5.274176E+00  -2.293920E-01  1.000000E+00  1.670810E-02  4.992167E-25  4.083956E-09   7.080416E-68 LZ5Tmedian  1.076484E+00  0.000000E+00  
1.001023E+02  2.797388E+01  -2.789460E+01  3.862189E-01  1.000000E+00  8.248268E-04  7.607542E-24  7.625274E-08   0.000000E+00 XENON1T_2018  4.156856E+01  0.000000E+00  
7.262277E+02  3.539632E-04  1.038232E+02  -4.058038E-02  1.000000E+00  1.909707E-03  2.489520E-24  1.455379E-11   5.000000E-01 NotAppl  1.728224E+00  0.000000E+00  
3.288075E+01  1.149510E-03  -1.031274E-03  5.820500E-06  1.000000E+00  1.578037E-03  9.657251E-36  1.677696E-16   5.000000E-01 NotAppl  1.900738E-10  4.115501E-08  
3.273197E+03  1.212914E+00  -1.170374E+00  -2.103945E-04  1.000000E+00  2.286599E+00  2.922271E-27  1.816041E-17   5.000000E-01 NotAppl  4.259440E-04  0.000000E+00  
2.642936E+01  1.558114E+02  -1.558022E+02  -5.814818E-06  1.000000E+00  1.793607E-02  7.621838E-36  2.605460E-16   5.000000E-01 NotAppl  1.904718E-10  4.378137E-08  
1.044445E+01  1.996800E-03  5.319299E-01  -2.191384E-05  1.000000E+00  4.650023E-04  7.371616E-35  2.353726E-14   5.000000E-01 NotAppl  5.268709E-09  6.761888E-07  
1.413765E+02  1.260757E-04  6.878660E-03  -1.489374E-03  1.000000E+00  9.693519E-03  8.387506E-25  5.587714E-13   5.000000E-01 NotAppl  3.188228E+00  0.000000E+00  
2.543743E+01  8.431201E-02  1.290532E+01  5.036525E-09  1.000000E+00  2.204286E-03  5.557764E-42  2.111666E-22   5.000000E-01 NotAppl  1.450431E-16  1.740446E-14  
3.461498E+02  1.474338E-03  1.244720E-02  3.372088E-03  1.000000E+00  4.926356E-02  1.732098E-25  4.573730E-13   5.000000E-01 NotAppl  2.553482E-01  0.000000E+00  
1.652942E+03  3.409079E-02  -2.660374E-02  1.173551E-09  1.000000E+00  9.654874E-01  8.021986E-27  2.271989E-27   5.000000E-01 NotAppl  2.353988E-03  0.000000E+00  
3.370856E+03  6.160401E-03  7.467714E+02  5.281741E+00  1.000000E+00  4.231338E-05  1.284429E-22  1.078023E-08   1.478593E-14 LZ5Tmedian  1.849534E+01  0.000000E+00  
1.758216E+02  8.065359E-04  5.236734E-04  -8.213622E-02  1.000000E+00  1.407323E-02  5.699347E-25  1.086889E-09   1.473597E-25 LZ5Tmedian  1.744363E+00  0.000000E+00  
8.674403E+02  2.074263E-02  5.934244E+01  2.598236E-09  1.000000E+00  5.165392E-03  9.118892E-25  4.150322E-26   5.000000E-01 NotAppl  5.275517E-01  0.000000E+00  
2.695493E+02  2.060890E-04  6.698936E-01  -2.719123E-10  1.000000E+00  3.030633E-02  2.779733E-25  4.963114E-27   5.000000E-01 NotAppl  5.318424E-01  0.000000E+00  
1.270549E+03  1.105017E+01  -1.104738E+01  4.826007E-08  1.000000E+00  7.414607E-02  8.469176E-26  6.570474E-24   5.000000E-01 NotAppl  3.246114E-02  0.000000E+00  
4.702959E+03  1.694086E+01  -1.520156E+01  -3.030332E-01  1.000000E+00  4.029854E-02  1.519401E-25  1.802400E-11   5.000000E-01 NotAppl  1.526476E-02  0.000000E+00  
1.285245E+03  1.018367E-04  5.638725E-04  2.332751E-09  1.000000E+00  5.982557E-01  1.322749E-26  1.499580E-26   5.000000E-01 NotAppl  5.023258E-03  0.000000E+00  
1.893346E+01  5.004112E-04  5.484882E-03  -3.324137E-10  1.000000E+00  2.036487E-03  2.084482E-44  1.666118E-24   5.000000E-01 NotAppl  7.509883E-19  1.504252E-16  
1.558995E+01  1.964939E+02  -1.964493E+02  7.876410E-02  1.000000E+00  8.265248E-02  1.099215E-27  1.379024E-07   0.000000E+00 XENON1T_2018  4.930628E-02  4.722539E-01  
3.319243E+02  3.644552E-02  9.444677E+01  -2.026593E-04  1.000000E+00  2.557160E-03  1.892314E-24  1.800175E-15   5.000000E-01 NotAppl  2.923317E+00  0.000000E+00  
4.779108E+03  1.925504E+01  -1.924364E+01  2.441018E-02  1.000000E+00  2.868212E-02  2.207426E-25  1.131954E-13   5.000000E-01 NotAppl  2.180945E-02  0.000000E+00  
4.105430E+02  8.558428E+02  -8.554742E+02  4.343129E-09  1.000000E+00  1.138788E-04  6.063688E-23  5.351010E-25   5.000000E-01 NotAppl  7.506726E+01  0.000000E+00  
1.301226E+02  8.430346E+01  -8.430234E+01  7.010032E-05  1.000000E+00  2.532610E-03  2.319663E-24  1.467297E-15   5.000000E-01 NotAppl  9.740903E+00  0.000000E+00  
6.654511E+01  1.175739E+00  1.450479E+00  1.509637E-01  1.000000E+00  6.021302E-03  1.879832E-25  2.686309E-08   0.000000E+00 XENON1T_2018  1.766986E+00  0.000000E+00  
1.087114E+03  1.404950E+00  1.222360E+01  -1.983902E-05  1.000000E+00  7.597770E-02  6.906022E-26  1.526266E-18   5.000000E-01 NotAppl  3.154855E-02  0.000000E+00  
4.233990E+02  8.896941E-01  8.477333E+01  -6.245940E-04  1.000000E+00  2.817047E-03  1.680774E-24  1.039026E-14   5.000000E-01 NotAppl  2.024967E+00  0.000000E+00  
1.830851E+02  1.054177E-02  3.010403E-02  1.879022E-06  1.000000E+00  1.510904E-02  5.587404E-25  5.235361E-19   5.000000E-01 NotAppl  1.601378E+00  0.000000E+00  
2.544890E+01  5.854094E-03  3.903789E-02  2.272644E-06  1.000000E+00  2.835553E-03  1.131982E-36  4.295669E-17   5.000000E-01 NotAppl  2.952696E-11  6.738440E-09  
3.831045E+02  1.297770E-04  4.861177E-03  -3.610561E-05  1.000000E+00  5.978672E-02  1.423918E-25  4.260445E-17   5.000000E-01 NotAppl  1.889442E-01  0.000000E+00  
2.099328E+03  4.625448E+02  -4.625444E+02  1.925167E-05  1.000000E+00  7.443046E-05  1.003444E-22  3.756271E-19   5.000000E-01 NotAppl  2.295251E+01  0.000000E+00  
5.800294E+03  3.879950E-04  -6.402521E-05  -3.581826E-09  1.000000E+00  1.083310E+01  6.553155E-28  1.644082E-27   5.000000E-01 NotAppl  5.349582E-05  0.000000E+00  
4.608567E+02  2.389183E-03  8.671548E+00  -3.314462E-04  1.000000E+00  5.781290E-02  1.199121E-25  2.460022E-15   5.000000E-01 NotAppl  1.315057E-01  0.000000E+00  
9.326598E+01  5.762851E+01  9.105659E+01  8.207642E-05  1.000000E+00  1.854631E-03  1.493123E-24  3.981010E-15   5.000000E-01 NotAppl  8.798298E+00  0.000000E+00  
6.469568E+01  6.580580E+01  -3.183911E+01  -1.717548E-05  1.000000E+00  3.379525E+01  8.481052E-33  3.683140E-16   5.000000E-01 NotAppl  8.204096E-08  0.000000E+00  
3.619064E+01  1.732279E-03  2.765613E-01  2.524180E-01  1.000000E+00  3.146462E-04  2.134571E-26  2.597151E-07   0.000000E+00 XENON1T_2018  3.799009E-01  2.490620E-01  
9.815623E+03  2.628828E-03  4.449340E+01  4.897919E-04  1.000000E+00  9.050681E-03  5.325111E-25  1.055940E-17   5.000000E-01 NotAppl  2.591960E-02  0.000000E+00  
7.276588E+01  1.086778E-04  7.016161E+00  -1.810772E-03  1.000000E+00  5.600240E-03  3.868733E-30  3.220187E-12   5.000000E-01 NotAppl  3.338726E-05  0.000000E+00  
3.167739E+03  2.531181E+02  -1.538316E+02  -3.055396E-07  1.000000E+00  1.218560E-04  3.744499E-23  4.093903E-23   5.000000E-01 NotAppl  5.631520E+00  0.000000E+00  
2.230438E+02  1.086390E+02  -1.086381E+02  1.382465E-04  1.000000E+00  1.601532E-03  3.976880E-24  1.891016E-15   5.000000E-01 NotAppl  9.353845E+00  0.000000E+00  
1.077175E+03  1.623878E+00  -1.570673E+00  -5.721200E-08  1.000000E+00  3.794194E-01  2.033785E-26  1.293316E-23   5.000000E-01 NotAppl  9.260359E-03  0.000000E+00  
3.944283E+03  3.770907E+00  -3.672420E+00  8.096894E-10  1.000000E+00  6.014187E-01  9.806999E-27  1.840331E-28   5.000000E-01 NotAppl  1.178766E-03  0.000000E+00  
7.032226E+01  3.040211E-02  -2.045303E-02  6.696513E-06  1.000000E+00  6.161628E-03  9.405130E-35  4.722253E-17   5.000000E-01 NotAppl  8.402683E-10  0.000000E+00  
4.794478E+03  4.325498E-02  8.472306E-02  -1.273403E-02  1.000000E+00  7.445858E+00  9.613025E-28  3.060432E-14   5.000000E-01 NotAppl  9.519923E-05  0.000000E+00  
2.046666E+01  8.634780E-02  3.553042E+00  -3.496050E+00  1.000000E+00  1.544876E-03  5.102494E-25  1.576394E-04   0.000000E+00 XENON1T_2018  1.678550E+01  2.517442E-01  
8.038953E+03  7.394518E-02  5.558502E+01  1.417953E-02  1.000000E+00  5.841160E-03  8.319392E-25  1.327506E-14   5.000000E-01 NotAppl  4.956362E-02  0.000000E+00  
1.371185E+02  3.156514E+01  -3.154014E+01  6.095137E-08  1.000000E+00  4.579511E-03  1.281610E-24  9.963684E-22   5.000000E-01 NotAppl  5.064794E+00  0.000000E+00  
6.022064E+02  2.731721E+00  2.204754E+02  7.996191E+00  1.000000E+00  1.287757E-04  6.389652E-23  8.285343E-07   0.000000E+00 XENON1T_2018  5.389955E+01  0.000000E+00  
9.302466E+03  1.326391E-02  1.310560E-02  2.077626E-06  1.000000E+00  2.709354E+01  2.552076E-28  2.118843E-22   5.000000E-01 NotAppl  1.291499E-05  0.000000E+00  
2.258165E+03  1.512081E-03  2.418532E+01  -1.987526E-02  1.000000E+00  2.865996E-02  1.588481E-25  3.450792E-13   5.000000E-01 NotAppl  3.443603E-02  0.000000E+00  
3.293770E+02  2.113529E-02  -1.948715E-02  1.651102E-07  1.000000E+00  4.487173E-02  1.901510E-25  1.213890E-21   5.000000E-01 NotAppl  2.952219E-01  0.000000E+00  
2.495116E+01  7.605222E-04  8.251715E+00  3.754053E-08  1.000000E+00  1.851737E-03  3.046841E-40  1.219782E-20   5.000000E-01 NotAppl  8.123540E-15  1.393879E-12  
2.139380E+02  2.114972E-02  -2.101246E-02  1.279509E-09  1.000000E+00  2.004010E-02  4.242974E-25  1.764267E-25   5.000000E-01 NotAppl  1.033227E+00  0.000000E+00  
6.583862E+01  4.515639E-02  1.378791E+01  2.519541E-06  1.000000E+00  4.744170E-03  7.768621E-35  7.647463E-18   5.000000E-01 NotAppl  7.378092E-10  0.000000E+00  
1.502326E+03  1.531882E-03  8.383651E+00  7.704244E-06  1.000000E+00  1.771605E-01  2.857184E-26  1.189761E-19   5.000000E-01 NotAppl  9.356279E-03  0.000000E+00  
1.939077E+01  9.824617E+01  -9.629941E+01  -8.503059E-10  1.000000E+00  1.798986E-01  1.376060E-43  1.039253E-23   5.000000E-01 NotAppl  4.830348E-18  9.726132E-16  
1.263144E+02  3.943835E-02  4.308107E-02  6.478986E-05  1.000000E+00  8.005988E-03  9.935894E-25  1.332101E-15   5.000000E-01 NotAppl  4.236195E+00  0.000000E+00  
1.341304E+03  5.171278E+00  -1.375126E+00  -7.794353E-04  1.000000E+00  2.249593E-01  3.165016E-26  1.534519E-15   5.000000E-01 NotAppl  1.151477E-02  0.000000E+00  
4.620748E+03  9.656509E+01  4.174582E+02  1.123792E-03  1.000000E+00  6.741123E-05  6.906335E-23  2.569311E-16   5.000000E-01 NotAppl  7.204801E+00  0.000000E+00  
1.506803E+01  1.840673E-03  -1.702151E-03  -9.235442E-07  1.000000E+00  1.426609E-03  1.496106E-37  2.028872E-17   5.000000E-01 NotAppl  6.977460E-12  1.182435E-09  
1.823944E+02  4.320161E-01  7.931051E-02  3.154908E-04  1.000000E+00  1.432097E-02  5.643237E-25  1.487375E-14   5.000000E-01 NotAppl  1.623798E+00  0.000000E+00  
8.359624E+03  3.442931E-03  1.308442E-01  -8.503514E-10  1.000000E+00  2.143601E+01  3.205097E-28  4.409696E-29   5.000000E-01 NotAppl  1.807361E-05  0.000000E+00  
3.927414E+02  4.762172E+02  -4.760632E+02  2.784688E-05  1.000000E+00  1.872501E-04  3.701822E-23  2.408675E-17   5.000000E-01 NotAppl  4.801416E+01  0.000000E+00  
8.933464E+03  3.984455E+00  -3.982947E+00  -5.703558E-10  1.000000E+00  5.952985E-01  9.650610E-27  1.733602E-29   5.000000E-01 NotAppl  5.060132E-04  0.000000E+00  
2.424537E+03  4.816358E-01  2.919362E+02  -5.940923E-06  1.000000E+00  2.452857E-04  2.039541E-23  2.667598E-20   5.000000E-01 NotAppl  4.112491E+00  0.000000E+00  
4.943777E+02  4.904351E+01  -4.703495E+01  4.718476E-04  1.000000E+00  4.494323E-03  1.332663E-24  4.318637E-15   5.000000E-01 NotAppl  1.357896E+00  0.000000E+00  
8.425224E+03  1.088138E-04  6.540811E-04  2.620015E-09  1.000000E+00  2.237628E+01  3.107370E-28  4.120265E-28   5.000000E-01 NotAppl  1.738061E-05  0.000000E+00  
1.414654E+03  2.256789E-01  -1.981692E-01  -5.306452E-10  1.000000E+00  7.144153E-01  1.096318E-26  6.380590E-28   5.000000E-01 NotAppl  3.774306E-03  0.000000E+00  
1.990768E+02  7.341763E+00  -7.341626E+00  -1.187067E-03  1.000000E+00  1.303638E-02  5.176860E-25  1.759954E-13   5.000000E-01 NotAppl  1.360261E+00  0.000000E+00  
3.503720E+02  1.271283E+02  -1.271157E+02  -4.063485E-05  1.000000E+00  1.068356E-03  6.253444E-24  6.478759E-17   5.000000E-01 NotAppl  9.142104E+00  0.000000E+00  
1.280002E+02  2.220707E-01  -2.218921E-01  3.533793E-08  1.000000E+00  8.178565E-03  9.759382E-25  3.856576E-22   5.000000E-01 NotAppl  4.105777E+00  0.000000E+00  
2.570206E+02  1.005309E+02  -1.005307E+02  7.347205E-06  1.000000E+00  1.680920E-03  3.832353E-24  3.994659E-18   5.000000E-01 NotAppl  7.766143E+00  0.000000E+00  
8.993387E+02  2.625218E-04  1.356649E-01  -1.635970E-04  1.000000E+00  3.033561E-01  2.684608E-26  1.528444E-16   5.000000E-01 NotAppl  1.472118E-02  0.000000E+00  
5.366067E+02  2.882721E-01  -2.880690E-01  -1.729945E-03  1.000000E+00  1.129852E-01  7.412144E-26  4.909224E-14   5.000000E-01 NotAppl  6.929847E-02  0.000000E+00  
2.135749E+01  3.209205E-02  -2.455956E-03  -5.135695E-08  1.000000E+00  2.636067E-03  5.227323E-40  3.122681E-20   5.000000E-01 NotAppl  1.648578E-14  3.540754E-12  
9.744380E+03  3.250099E+00  -3.249424E+00  4.029548E-07  1.000000E+00  8.786050E-01  6.470350E-27  7.253571E-24   5.000000E-01 NotAppl  3.107645E-04  0.000000E+00  
7.674637E+02  4.566245E+00  3.916032E+01  3.489798E+00  1.000000E+00  1.190039E-03  6.898060E-24  9.614903E-08   0.000000E+00 LZ5Tmedian  4.585875E+00  0.000000E+00  
1.295499E+01  8.717886E-04  5.144545E+01  2.566525E-08  1.000000E+00  6.243009E-04  1.102961E-40  2.114028E-20   5.000000E-01 NotAppl  6.125746E-15  9.204913E-13  
5.954530E+01  1.360496E+01  -1.359600E+01  -4.152924E-05  1.000000E+00  6.354444E-03  2.957067E-32  2.550569E-15   5.000000E-01 NotAppl  3.117226E-07  7.486648E-07  
3.399402E+03  9.487437E-03  -9.379014E-03  -1.916450E-08  1.000000E+00  3.850369E+00  1.905283E-27  1.395134E-25   5.000000E-01 NotAppl  2.675805E-04  0.000000E+00  
9.751237E+02  9.622062E+02  -9.612965E+02  2.515103E-09  1.000000E+00  3.748590E-05  1.967042E-22  3.062486E-26   5.000000E-01 NotAppl  9.900539E+01  0.000000E+00  
2.728500E+03  1.221012E-04  2.530214E+01  2.504185E-07  1.000000E+00  2.629691E-02  1.741731E-25  3.726443E-23   5.000000E-01 NotAppl  3.110932E-02  0.000000E+00  
1.990176E+01  8.155678E-01  6.634580E+02  -2.847653E-08  1.000000E+00  6.924286E-03  1.559113E-40  1.106331E-20   5.000000E-01 NotAppl  5.314768E-15  1.094279E-12  
6.297558E+03  3.985769E+02  -3.985451E+02  -1.884024E-10  1.000000E+00  8.511126E-05  8.800663E-23  3.848482E-30   5.000000E-01 NotAppl  6.572653E+00  0.000000E+00  
5.364548E+02  1.123915E-04  2.035869E+01  6.991978E-03  1.000000E+00  2.938437E-02  1.834916E-25  8.024160E-13   5.000000E-01 NotAppl  1.728271E-01  0.000000E+00  
6.418859E+01  7.844560E+00  9.236216E+02  2.862998E-04  1.000000E+00  6.982965E-02  4.014135E-30  1.039965E-13   5.000000E-01 NotAppl  3.935317E-05  0.000000E+00  
4.067103E+01  3.633510E+02  -3.621146E+02  3.066149E+00  1.000000E+00  3.103792E-04  2.258990E-24  3.022932E-05   0.000000E+00 XENON1T_2018  3.552830E+01  5.052066E-01  
1.366942E+03  1.159802E+00  5.742890E+02  -4.183988E-05  1.000000E+00  8.952397E-05  5.730337E-23  4.254234E-18   5.000000E-01 NotAppl  2.079925E+01  0.000000E+00  
6.668908E+01  1.213360E+00  -1.213052E+00  -2.385953E-05  1.000000E+00  7.672145E-03  4.372635E-33  6.680643E-16   5.000000E-01 NotAppl  4.098209E-08  0.000000E+00  
7.566701E+01  1.890354E-03  1.034660E-01  -1.756357E+00  1.000000E+00  1.256625E-03  2.153669E-24  2.797029E-06   0.000000E+00 XENON1T_2018  1.800822E+01  0.000000E+00  
2.346657E+02  3.878974E-03  3.715592E+02  8.057692E-10  1.000000E+00  6.649181E-04  7.049742E-24  5.789115E-26   5.000000E-01 NotAppl  1.550156E+01  0.000000E+00  
9.019129E+02  2.457741E-01  2.935126E+01  2.207246E-02  1.000000E+00  1.846171E-02  2.606192E-25  2.766086E-12   5.000000E-01 NotAppl  1.446978E-01  0.000000E+00  
1.275768E+02  8.971877E+01  -8.230483E+01  6.452065E-04  1.000000E+00  1.394875E-03  2.430042E-24  1.294395E-13   5.000000E-01 NotAppl  1.039755E+01  0.000000E+00  
8.854093E+02  4.525907E+00  -4.523408E+00  4.343820E-09  1.000000E+00  1.798896E-01  3.965861E-26  1.112462E-25   5.000000E-01 NotAppl  2.208680E-02  0.000000E+00  
1.355909E+03  1.683206E+02  -1.549463E+02  -3.359658E-09  1.000000E+00  3.916239E-04  1.471870E-23  2.788750E-26   5.000000E-01 NotAppl  5.275460E+00  0.000000E+00  
4.609021E+01  3.272067E-04  1.736662E-02  9.203220E-03  1.000000E+00  2.637483E-04  5.939042E-29  2.111394E-10   1.698701E-12 LZ5Tmedian  8.200219E-04  6.154030E-02  
5.719229E+01  5.872142E-04  4.536052E+02  -3.761971E-07  1.000000E+00  3.414546E-03  7.805606E-37  2.272388E-19   5.000000E-01 NotAppl  8.616156E-12  8.152713E-11  
1.258956E+01  7.928740E+01  -3.296400E+01  -2.458460E-05  1.000000E+00  1.863088E+06  1.002331E-34  2.052509E-14   5.000000E-01 NotAppl  5.754161E-09  1.194024E-07  
5.055870E+02  1.926374E-03  2.224522E-02  -3.190823E-09  1.000000E+00  1.014247E-01  8.320992E-26  1.886407E-25   5.000000E-01 NotAppl  8.275312E-02  0.000000E+00  
7.561486E+03  2.448553E+02  -2.038599E+02  6.340314E-05  1.000000E+00  1.911840E-04  3.473121E-23  3.005723E-19   5.000000E-01 NotAppl  2.155740E+00  0.000000E+00  
7.114592E+03  1.229654E+02  -1.228825E+02  -1.432213E-03  1.000000E+00  8.114468E-04  8.778005E-24  1.735758E-16   5.000000E-01 NotAppl  5.793512E-01  0.000000E+00  
4.645160E+02  2.136530E+02  -2.019406E+02  -1.348381E-04  1.000000E+00  2.907592E-04  1.601912E-23  4.006013E-16   5.000000E-01 NotAppl  1.742213E+01  0.000000E+00  
2.209327E+02  8.028065E-04  4.672097E+00  -3.332518E-07  1.000000E+00  1.879776E-02  4.094144E-25  1.120454E-20   5.000000E-01 NotAppl  9.639670E-01  0.000000E+00  
9.470320E+03  1.063270E-01  -1.049435E-01  -5.254548E-08  1.000000E+00  2.709466E+01  2.526429E-28  1.306969E-25   5.000000E-01 NotAppl  1.255415E-05  0.000000E+00  
9.102640E+02  3.856337E-02  6.518714E-02  9.208223E-04  1.000000E+00  3.104888E-01  2.621530E-26  4.724359E-15   5.000000E-01 NotAppl  1.419751E-02  0.000000E+00  
5.043390E+02  4.692950E+02  -4.686333E+02  1.718626E-09  1.000000E+00  1.452634E-04  4.783309E-23  5.500316E-26   5.000000E-01 NotAppl  4.773280E+01  0.000000E+00  
1.658894E+01  1.740887E-02  7.512723E+02  1.083090E-10  1.000000E+00  1.020591E-03  2.117889E-45  2.303992E-25   5.000000E-01 NotAppl  8.855201E-20  1.615585E-17  
7.914310E+02  2.093958E-04  2.247853E+02  1.409306E+00  1.000000E+00  4.232703E-04  1.354525E-23  1.472565E-08   2.437216E-80 LZ5Tmedian  8.630391E+00  0.000000E+00  
2.477157E+02  4.314023E+01  -4.314000E+01  1.754946E-08  1.000000E+00  5.312683E-03  1.166854E-24  2.457919E-23   5.000000E-01 NotAppl  2.453398E+00  0.000000E+00  
1.307245E+02  7.361994E-04  2.849044E+00  1.510634E+00  1.000000E+00  7.408526E-05  1.603825E-22  6.749744E-07   0.000000E+00 XENON1T_2018  7.542707E+02  0.000000E+00  
4.478876E+03  2.075832E-03  9.507186E-03  -9.969681E-09  1.000000E+00  6.562611E+00  1.098491E-27  2.154506E-26   5.000000E-01 NotAppl  1.165599E-04  0.000000E+00  
6.078770E+03  1.496479E+02  -1.496471E+02  5.848039E-08  1.000000E+00  5.557966E-04  1.290466E-23  3.984230E-25   5.000000E-01 NotAppl  9.989510E-01  0.000000E+00  
5.510026E+01  6.747419E-01  3.289384E-01  2.566011E-10  1.000000E+00  3.663197E-03  1.933398E-43  1.140715E-25   5.000000E-01 NotAppl  2.209331E-18  4.362954E-17  
5.301801E+02  1.083419E+02  -1.083415E+02  2.565152E-08  1.000000E+00  1.236348E-03  5.509970E-24  1.106302E-23   5.000000E-01 NotAppl  5.218642E+00  0.000000E+00  
1.040122E+01  4.246010E+02  -4.246009E+02  -7.319530E-10  1.000000E+00  2.054967E-01  8.206724E-44  2.647320E-23   5.000000E-01 NotAppl  5.895190E-18  7.548502E-16  
4.831171E+01  1.018040E-01  -9.919115E-02  4.099657E+00  1.000000E+00  9.423892E-04  9.790890E-25  3.806672E-05   0.000000E+00 XENON1T_2018  1.193870E+01  2.503723E-01  
2.418087E+01  1.725818E+01  -1.725700E+01  -4.896998E-10  1.000000E+00  2.481813E-02  5.080411E-44  2.211126E-24   5.000000E-01 NotAppl  1.401106E-18  7.538853E-17  
1.009233E+02  2.845506E-02  4.112321E+02  1.168830E-01  1.000000E+00  2.237287E-03  2.737007E-24  6.867830E-09   1.045885E-251 LZ5Tmedian  1.469101E+01  0.000000E+00  
3.883835E+01  1.035951E+01  -1.031975E+01  2.533093E+00  1.000000E+00  9.215734E-04  1.149476E-24  2.265987E-05   0.000000E+00 XENON1T_2018  1.920915E+01  2.767905E-01  
1.681505E+02  2.512996E-02  4.519186E+01  1.191149E-01  1.000000E+00  4.684784E-03  1.423618E-24  2.504719E-09   2.729769E-60 LZ5Tmedian  4.488593E+00  0.000000E+00  
1.204291E+01  3.028519E-01  2.502485E+01  -1.269648E-04  1.000000E+00  1.658859E-03  2.631420E-33  5.974916E-13   5.000000E-01 NotAppl  1.591287E-07  7.352000E-06  
3.561188E+03  8.962936E-03  7.796905E+02  -3.773517E-09  1.000000E+00  4.017764E-05  1.307678E-22  4.920694E-27   5.000000E-01 NotAppl  1.779900E+01  0.000000E+00  
7.048047E+03  1.843361E-03  1.739299E+02  -4.345387E-04  1.000000E+00  6.340939E-04  7.969734E-24  1.628630E-17   5.000000E-01 NotAppl  5.425630E-01  0.000000E+00  
7.288041E+03  1.145248E-01  4.767110E+02  -9.343860E-01  1.000000E+00  9.091740E-05  5.699194E-23  7.035180E-11   5.000000E-01 NotAppl  3.750107E+00  0.000000E+00  
2.163601E+03  4.661053E-04  2.291561E+00  -3.157323E-01  1.000000E+00  8.384960E-01  8.659831E-27  9.501157E-11   5.000000E-01 NotAppl  1.993717E-03  0.000000E+00  
5.081887E+02  8.095317E-01  -8.067442E-01  -3.543017E-10  1.000000E+00  1.002946E-01  8.282805E-26  2.301536E-27   5.000000E-01 NotAppl  8.193352E-02  0.000000E+00  
1.243485E+01  6.674216E-02  6.106365E-01  9.960640E-06  1.000000E+00  8.172534E-04  1.638339E-35  3.452452E-15   5.000000E-01 NotAppl  9.541799E-10  1.388177E-07  
2.025004E+01  3.785688E+00  9.803031E+00  5.983843E-03  1.000000E+00  2.717462E-01  6.933132E-30  4.717897E-10   5.528679E-17 LZ5Tmedian  2.319779E-04  1.884783E-02  
4.265357E+03  1.788195E-04  1.639069E+02  3.328065E-09  1.000000E+00  7.093446E-04  6.979238E-24  2.651623E-27   5.000000E-01 NotAppl  7.909401E-01  0.000000E+00  
2.976942E+02  1.138588E+01  -1.032035E+01  -6.848120E-04  1.000000E+00  2.037210E-02  3.034703E-25  2.568659E-14   5.000000E-01 NotAppl  5.243035E-01  0.000000E+00  
2.788269E+02  3.680476E-03  1.042893E+01  1.282302E-06  1.000000E+00  2.425455E-02  2.913669E-25  1.029859E-19   5.000000E-01 NotAppl  5.380590E-01  0.000000E+00  
5.513956E+02  5.168829E+00  3.278046E+02  -3.540681E-10  1.000000E+00  2.941946E-04  1.559278E-23  1.945270E-27   5.000000E-01 NotAppl  1.434808E+01  0.000000E+00  
8.813481E+03  5.363583E+01  -5.348662E+01  6.947187E-04  1.000000E+00  4.032777E-03  1.689453E-24  2.643632E-17   5.000000E-01 NotAppl  8.979001E-02  0.000000E+00  
5.289047E+03  2.617195E+00  -2.608643E+00  7.871304E-03  1.000000E+00  1.181784E+00  4.899712E-27  9.577714E-15   5.000000E-01 NotAppl  4.371764E-04  0.000000E+00  
8.892105E+03  4.210061E-01  1.850992E+01  -1.395693E-07  1.000000E+00  4.793163E-02  9.696287E-26  1.047924E-24   5.000000E-01 NotAppl  5.215471E-03  0.000000E+00  
4.751036E+03  3.422994E-02  -3.411576E-02  7.603755E-02  1.000000E+00  6.985261E+00  1.049053E-27  1.111592E-12   5.000000E-01 NotAppl  1.051901E-04  0.000000E+00  
7.743388E+02  4.424395E+02  -4.424393E+02  -3.933858E-10  1.000000E+00  1.180091E-04  6.236208E-23  1.199693E-27   5.000000E-01 NotAppl  3.983665E+01  0.000000E+00  
1.635164E+02  3.085412E+02  -2.961842E+02  -7.143424E-03  1.000000E+00  4.628372E-04  7.014492E-24  9.539325E-12   5.000000E-01 NotAppl  2.344789E+01  0.000000E+00  
2.147828E+03  1.682920E-02  5.169916E-01  -2.074205E-01  1.000000E+00  1.224764E+00  6.673484E-27  4.162127E-11   5.000000E-01 NotAppl  1.526924E-03  0.000000E+00  
2.906720E+01  9.326066E-04  2.212662E-01  -3.766626E-02  1.000000E+00  2.428783E-03  3.481584E-28  9.019216E-09   0.000000E+00 LZ5Tmedian  7.843136E-03  2.206709E-01  
3.870661E+01  7.839854E-02  -6.632839E-02  -1.339712E-07  1.000000E+00  4.289500E-05  6.953723E-39  6.382302E-20   5.000000E-01 NotAppl  1.150052E-13  2.012787E-11  
5.621246E+02  7.843499E+01  -7.509055E+01  -2.551088E-07  1.000000E+00  1.889760E-03  3.134327E-24  9.708361E-22   5.000000E-01 NotAppl  2.793100E+00  0.000000E+00  
2.296645E+02  3.532197E-03  2.980637E-03  1.756988E-04  1.00000