MD1           DMP           DM3           l345          ld           Omegah2       sigV          protonSI      PvalDD        expName      CMB_ID        brH_DMDM      
7.090650E+03  3.216670E+02  -3.214149E+02  -1.480639E-04  1.000000E+00  1.275309E-04  5.838322E-23  1.867890E-18   5.000000E-01 NotAppl  3.866449E+00  0.000000E+00  
3.792615E+01  4.736092E+00  -4.410799E+00  -1.071782E-09  1.000000E+00  8.595868E-04  4.243363E-43  4.257408E-24   5.000000E-01 NotAppl  7.170973E-18  9.628676E-16  
1.684340E+02  3.614021E-03  1.944632E+00  -1.326428E-04  1.000000E+00  1.223010E-02  6.372381E-25  3.095247E-15   5.000000E-01 NotAppl  2.021249E+00  0.000000E+00  
3.359214E+03  1.132990E+00  7.658709E+02  -9.474175E-09  1.000000E+00  4.171019E-05  1.252840E-22  3.493124E-26   5.000000E-01 NotAppl  1.809791E+01  0.000000E+00  
2.592702E+03  1.107015E+00  -1.106825E+00  -3.175393E-04  1.000000E+00  1.751134E+00  3.992318E-27  6.648139E-17   5.000000E-01 NotAppl  7.384356E-04  0.000000E+00  
1.746293E+01  2.527789E-03  8.805373E-03  -9.481144E-07  1.000000E+00  1.787335E-03  1.649399E-37  1.593461E-17   5.000000E-01 NotAppl  6.505333E-12  1.232922E-09  
2.324327E+03  8.733703E-01  -8.624524E-01  2.054506E-09  1.000000E+00  1.604763E+00  4.518216E-27  3.476668E-27   5.000000E-01 NotAppl  9.347738E-04  0.000000E+00  
3.600283E+03  1.878402E-01  3.222966E+01  -8.470891E-02  1.000000E+00  1.660859E-02  2.769529E-25  2.425181E-12   5.000000E-01 NotAppl  3.727686E-02  0.000000E+00  
4.392388E+03  2.181373E+01  -2.181356E+01  -2.495163E-08  1.000000E+00  2.263518E-02  2.807365E-25  1.404122E-25   5.000000E-01 NotAppl  3.021996E-02  0.000000E+00  
5.921380E+02  2.241300E-02  3.796615E+01  2.873629E+00  1.000000E+00  1.422717E-03  6.828202E-24  1.107577E-07   0.000000E+00 XENON1T_2018  5.920666E+00  0.000000E+00  
8.517979E+03  4.493039E-02  4.557014E-01  4.479013E-06  1.000000E+00  1.648459E+01  3.728948E-28  1.177674E-21   5.000000E-01 NotAppl  2.068566E-05  0.000000E+00  
2.284154E+01  4.793608E-04  2.304060E+00  6.462624E-03  1.000000E+00  1.658903E-03  8.560484E-30  4.319570E-10   2.032709E-18 LZ5Tmedian  2.509031E-04  4.259854E-02  
9.000721E+03  2.586646E-03  5.569004E-03  -1.744876E-05  1.000000E+00  2.544244E+01  2.723082E-28  1.597984E-20   5.000000E-01 NotAppl  1.424719E-05  0.000000E+00  
1.503861E+02  7.874723E-04  4.068704E+02  -1.999373E-05  1.000000E+00  1.375589E-03  3.330424E-24  8.871813E-17   5.000000E-01 NotAppl  1.158452E+01  0.000000E+00  
1.851459E+03  2.653989E-04  4.887197E-03  1.249967E-04  1.000000E+00  1.198931E+00  6.400073E-27  2.045514E-17   5.000000E-01 NotAppl  1.672027E-03  0.000000E+00  
2.440505E+02  4.633614E-02  1.699128E+02  3.214802E+00  1.000000E+00  1.008461E-04  1.026354E-22  8.503748E-07   0.000000E+00 XENON1T_2018  2.428088E+02  0.000000E+00  
3.330021E+03  4.513958E-03  1.730888E-02  6.051577E-08  1.000000E+00  3.699886E+00  1.985438E-27  1.450716E-24   5.000000E-01 NotAppl  2.847583E-04  0.000000E+00  
1.865927E+03  2.643955E-01  -2.361504E-01  8.344882E-01  1.000000E+00  1.882578E-01  5.713839E-26  8.973384E-10   8.427508E-03 LZ5Tmedian  1.555329E-02  0.000000E+00  
1.515359E+01  3.586347E-02  -3.533091E-02  1.120957E-03  1.000000E+00  1.687273E-03  2.207770E-31  2.955474E-11   2.845902E-01 NotAppl  1.023305E-05  1.728890E-03  
5.506464E+02  1.200824E+01  1.210955E+01  9.083710E-01  1.000000E+00  3.691769E-03  1.593362E-24  1.283926E-08   7.509139E-100 LZ5Tmedian  1.487921E+00  0.000000E+00  
5.654762E+01  9.169798E-03  5.767250E+02  5.944658E-10  1.000000E+00  3.326972E-03  1.565984E-42  5.806945E-25   5.000000E-01 NotAppl  1.748938E-17  2.150026E-16  
3.633721E+02  5.071216E+02  -5.069776E+02  -2.466359E-08  1.000000E+00  1.939255E-04  3.544654E-23  2.215242E-23   5.000000E-01 NotAppl  4.988377E+01  0.000000E+00  
1.656724E+02  5.713135E-03  1.445233E-01  6.657391E-04  1.000000E+00  1.261424E-02  6.521063E-25  8.065883E-14   5.000000E-01 NotAppl  2.104160E+00  0.000000E+00  
1.318762E+03  3.037964E-01  -3.032151E-01  4.515785E-01  1.000000E+00  2.329581E-01  4.318567E-26  5.332031E-10   1.820700E-02 LZ5Tmedian  1.662081E-02  0.000000E+00  
1.079999E+01  6.594782E-04  4.335959E-03  -8.972751E-06  1.000000E+00  7.814800E-04  1.256185E-35  3.695950E-15   5.000000E-01 NotAppl  8.633056E-10  1.132748E-07  
4.472757E+03  7.351774E+00  -7.350071E+00  -2.610221E-08  1.000000E+00  1.799430E-01  3.296637E-26  1.480974E-25   5.000000E-01 NotAppl  3.484502E-03  0.000000E+00  
1.752296E+01  2.102066E+02  -2.098902E+02  2.425305E-06  1.000000E+00  6.898844E-02  1.080466E-36  1.035556E-16   5.000000E-01 NotAppl  4.246834E-11  8.066109E-09  
5.143167E+02  9.337133E-01  -9.024224E-01  5.632971E+00  1.000000E+00  5.524898E-04  2.445639E-23  5.676762E-07   0.000000E+00 XENON1T_2018  2.437354E+01  0.000000E+00  
5.270403E+02  9.915956E-02  -9.519447E-02  -7.153876E-09  1.000000E+00  1.096553E-01  7.674561E-26  8.709744E-25   5.000000E-01 NotAppl  7.310202E-02  0.000000E+00  
3.514525E+03  1.385051E+01  -9.250647E+00  -5.068406E-02  1.000000E+00  5.780153E-02  1.163692E-25  9.118675E-13   5.000000E-01 NotAppl  1.573316E-02  0.000000E+00  
4.279849E+02  6.063170E+02  -3.779339E+02  -8.365958E-10  1.000000E+00  6.060159E-05  5.852660E-23  1.823433E-26   5.000000E-01 NotAppl  6.940910E+01  0.000000E+00  
1.191076E+02  4.896836E+00  2.351162E+01  3.520481E-07  1.000000E+00  3.144882E-03  1.266515E-24  4.436402E-20   5.000000E-01 NotAppl  5.726642E+00  0.000000E+00  
9.914838E+03  2.043075E+00  -2.039277E+00  -1.953989E-03  1.000000E+00  2.077886E+00  2.682805E-27  1.646617E-16   5.000000E-01 NotAppl  1.266473E-04  0.000000E+00  
7.461155E+02  3.051055E-04  3.767677E-03  9.982067E-10  1.000000E+00  2.129466E-01  3.880397E-26  8.333238E-27   5.000000E-01 NotAppl  2.579626E-02  0.000000E+00  
4.187672E+01  7.637205E-01  -3.349724E-01  -2.554211E-04  1.000000E+00  2.292874E-04  3.148008E-32  1.976735E-13   5.000000E-01 NotAppl  4.802485E-07  6.856394E-05  
1.154628E+03  9.769630E-03  6.780869E-03  -4.601797E-08  1.000000E+00  4.880636E-01  1.636312E-26  7.261839E-24   5.000000E-01 NotAppl  6.938923E-03  0.000000E+00  
2.113367E+01  1.913271E+02  -1.913241E+02  -3.330079E-03  1.000000E+00  3.797084E-02  2.187166E-30  1.341022E-10   1.151747E-05 LZ5Tmedian  6.978239E-05  1.448081E-02  
7.668660E+01  4.240963E-02  -1.242270E-02  1.020820E+00  1.000000E+00  2.648410E-03  6.117213E-25  9.193790E-07   0.000000E+00 XENON1T_2018  4.992551E+00  0.000000E+00  
1.068556E+03  3.229432E-04  4.778837E-01  -1.935626E-04  1.000000E+00  4.175182E-01  1.914387E-26  1.504852E-16   5.000000E-01 NotAppl  8.791149E-03  0.000000E+00  
3.676304E+01  4.822990E-01  2.573710E+00  -3.770468E-05  1.000000E+00  1.630569E-04  4.911500E-34  5.613138E-15   5.000000E-01 NotAppl  8.594047E-09  1.531022E-06  
1.565755E+03  2.401343E+00  -2.401073E+00  4.738902E-10  1.000000E+00  5.688173E-01  1.233005E-26  4.137486E-28   5.000000E-01 NotAppl  3.821058E-03  0.000000E+00  
8.558221E+02  3.677810E+02  -3.677547E+02  1.609953E-07  1.000000E+00  1.462834E-04  5.017444E-23  1.637986E-22   5.000000E-01 NotAppl  2.890303E+01  0.000000E+00  
5.798740E+02  3.061826E-04  1.795059E-03  8.860222E-10  1.000000E+00  1.317466E-01  6.366324E-26  1.098962E-26   5.000000E-01 NotAppl  5.492685E-02  0.000000E+00  
4.152923E+03  4.529815E-04  1.695215E-01  -6.992916E-09  1.000000E+00  5.605898E+00  1.285216E-27  1.236064E-26   5.000000E-01 NotAppl  1.472691E-04  0.000000E+00  
1.300659E+02  2.090668E+02  -2.090620E+02  7.128361E-02  1.000000E+00  1.247806E-03  4.739790E-24  1.518606E-09   6.630976E-46 LZ5Tmedian  1.999597E+01  0.000000E+00  
2.728181E+03  3.968478E-04  2.035406E-02  3.497028E-05  1.000000E+00  2.520036E+00  2.955344E-27  7.268807E-19   5.000000E-01 NotAppl  5.193836E-04  0.000000E+00  
3.264758E+03  1.949310E-03  -1.139725E-03  -6.053724E-06  1.000000E+00  3.561675E+00  2.065301E-27  1.511415E-20   5.000000E-01 NotAppl  3.022487E-04  0.000000E+00  
3.745684E+01  6.398773E-01  -5.992615E-01  -3.573702E-05  1.000000E+00  1.019920E-04  4.589364E-34  4.854637E-15   5.000000E-01 NotAppl  7.873007E-09  1.451829E-06  
9.830993E+02  7.456574E-04  1.045860E+00  -1.439281E+00  1.000000E+00  2.124622E-02  5.636812E-25  9.863510E-09   8.938172E-44 LZ5Tmedian  3.017813E-01  0.000000E+00  
9.575428E+02  1.206042E+01  -1.206029E+01  -3.005736E+00  1.000000E+00  4.602571E-03  2.148703E-24  4.539362E-08   4.526510E-204 LZ5Tmedian  1.216768E+00  0.000000E+00  
3.586487E+01  2.836621E-01  9.700719E+01  1.964944E-06  1.000000E+00  3.798103E-04  1.270688E-36  1.602993E-17   5.000000E-01 NotAppl  2.282496E-11  4.511674E-09  
9.566835E+02  4.580703E-03  2.095880E-01  3.887510E-03  1.000000E+00  3.405742E-01  2.378146E-26  7.607328E-14   5.000000E-01 NotAppl  1.223615E-02  0.000000E+00  
8.697307E+03  6.375027E+01  6.797586E+01  -1.039757E-02  1.000000E+00  9.404504E-04  6.996304E-24  6.083439E-15   5.000000E-01 NotAppl  3.821521E-01  0.000000E+00  
8.450931E+01  1.273698E-02  -4.650111E-03  1.635078E-01  1.000000E+00  3.388400E-03  2.206089E-24  1.933687E-08   0.000000E+00 XENON1T_2018  1.462888E+01  0.000000E+00  
2.148360E+03  2.635516E-02  5.441005E+02  1.543777E-08  1.000000E+00  8.419467E-05  6.135951E-23  2.304421E-25   5.000000E-01 NotAppl  1.400598E+01  0.000000E+00  
4.540796E+03  1.213581E-04  2.979187E+02  2.969423E-09  1.000000E+00  2.252522E-04  2.242289E-23  1.858674E-27   5.000000E-01 NotAppl  2.384959E+00  0.000000E+00  
4.287818E+03  4.116781E-04  2.454050E+00  -4.407930E-05  1.000000E+00  1.746243E+00  2.824223E-27  4.602125E-19   5.000000E-01 NotAppl  3.161963E-04  0.000000E+00  
1.128037E+01  5.646113E-02  1.783797E+01  1.690648E-06  1.000000E+00  6.268419E-04  4.546796E-37  1.204828E-16   5.000000E-01 NotAppl  2.968731E-11  2.268812E-09  
2.094475E+02  2.048371E-01  -2.017106E-01  -2.562456E-04  1.000000E+00  1.916355E-02  4.409055E-25  7.390410E-15   5.000000E-01 NotAppl  1.097730E+00  0.000000E+00  
6.717019E+03  2.317171E+00  1.501943E+02  -2.276391E-07  1.000000E+00  8.229089E-04  6.142892E-24  4.928405E-24   5.000000E-01 NotAppl  4.391314E-01  0.000000E+00  
1.454688E+03  8.833018E+02  -8.796936E+02  6.069818E-07  1.000000E+00  2.952216E-05  2.427024E-22  7.886558E-22   5.000000E-01 NotAppl  8.090944E+01  0.000000E+00  
3.548243E+03  9.597058E-01  -9.286927E-01  1.547362E-05  1.000000E+00  2.950772E+00  2.293184E-27  8.335573E-20   5.000000E-01 NotAppl  3.079306E-04  0.000000E+00  
2.947423E+02  3.681408E+00  -2.855322E+00  -1.723953E-06  1.000000E+00  2.995866E-02  2.441553E-25  1.661412E-19   5.000000E-01 NotAppl  4.256716E-01  0.000000E+00  
1.652197E+01  8.724558E-04  2.803541E+01  8.020642E-04  1.000000E+00  9.553563E-04  1.159986E-31  1.273723E-11   5.000000E-01 NotAppl  4.870545E-06  1.963627E-04  
3.074983E+01  6.982931E-03  -6.475944E-03  2.282146E-04  1.000000E+00  2.359243E-03  1.359670E-32  2.954351E-13   5.000000E-01 NotAppl  2.881069E-07  6.475118E-05  
1.121906E+03  1.698660E-02  -1.440923E-02  7.391085E-05  1.000000E+00  4.621361E-01  1.732331E-26  1.986486E-17   5.000000E-01 NotAppl  7.566084E-03  0.000000E+00  
3.314383E+02  1.030381E-02  4.691443E-01  -4.765526E+00  1.000000E+00  6.981537E-05  2.075727E-22  9.984036E-07   0.000000E+00 XENON1T_2018  3.796422E+02  0.000000E+00  
4.066641E+03  1.134835E-04  5.987110E-01  4.073376E-02  1.000000E+00  4.631795E+00  1.501083E-27  4.377031E-13   5.000000E-01 NotAppl  1.761381E-04  0.000000E+00  
1.081897E+01  1.019671E+01  -1.008578E+01  -1.435145E-01  1.000000E+00  1.731053E-01  3.216166E-27  9.422648E-07   0.000000E+00 XENON1T_2018  2.205411E-01  2.730909E-01  
2.887012E+03  3.203344E+00  5.827445E+02  1.361649E-05  1.000000E+00  6.821071E-05  7.510373E-23  9.821189E-20   5.000000E-01 NotAppl  1.266499E+01  0.000000E+00  
6.074033E+02  2.123571E+01  -8.318457E+00  -3.230308E-09  1.000000E+00  1.421430E-02  3.545161E-25  1.328630E-25   5.000000E-01 NotAppl  2.919563E-01  0.000000E+00  
8.406112E+01  4.463495E-02  1.104374E-01  -2.494026E+00  1.000000E+00  1.323152E-04  9.244441E-23  4.548243E-06   0.000000E+00 XENON1T_2018  6.194722E+02  0.000000E+00  
9.288139E+03  1.306687E-04  4.127351E-03  8.295248E-09  1.000000E+00  2.704921E+01  2.557069E-28  3.388302E-27   5.000000E-01 NotAppl  1.296032E-05  0.000000E+00  
4.077969E+01  4.944537E-02  -4.755735E-02  5.201251E-04  1.000000E+00  1.225765E-04  1.203782E-31  8.651692E-13   5.000000E-01 NotAppl  1.884244E-06  2.924000E-04  
7.852884E+03  1.911771E+01  -1.909855E+01  -3.802533E-07  1.000000E+00  2.943940E-02  2.157289E-25  1.001189E-23   5.000000E-01 NotAppl  1.288428E-02  0.000000E+00  
2.988711E+01  3.476888E-03  6.078960E+02  1.009763E-01  1.000000E+00  1.988793E-03  2.577129E-27  6.126966E-08   0.000000E+00 XENON1T_2018  5.633063E-02  3.248398E-01  
2.030281E+02  1.093373E+01  -9.793413E+00  -3.675630E-06  1.000000E+00  1.080155E-02  5.390701E-25  1.620774E-18   5.000000E-01 NotAppl  1.388568E+00  0.000000E+00  
1.413633E+03  2.087003E-01  3.567409E+01  6.670197E+00  1.000000E+00  1.565709E-03  6.695921E-24  1.009645E-07   3.209724E-308 LZ5Tmedian  2.395226E+00  0.000000E+00  
1.645068E+03  1.358795E-03  -1.257809E-03  -2.799615E-03  1.000000E+00  9.568543E-01  8.098060E-27  1.305649E-14   5.000000E-01 NotAppl  2.387984E-03  0.000000E+00  
3.350755E+01  1.677540E-03  -1.406403E-03  -1.254690E+00  1.000000E+00  1.255087E-03  4.288511E-25  7.502937E-06   0.000000E+00 XENON1T_2018  8.260159E+00  2.499705E-01  
1.040682E+03  1.804709E-02  5.084385E+00  8.830984E-03  1.000000E+00  2.375925E-01  2.748593E-26  3.305967E-13   5.000000E-01 NotAppl  1.303058E-02  0.000000E+00  
9.862848E+03  1.255697E-03  3.960414E+02  -1.274874E-07  1.000000E+00  1.287335E-04  4.067712E-23  7.084648E-25   5.000000E-01 NotAppl  1.970314E+00  0.000000E+00  
1.919994E+03  6.619138E-02  -6.608787E-02  -1.815094E-04  1.000000E+00  1.283940E+00  5.955682E-27  4.005294E-17   5.000000E-01 NotAppl  1.499059E-03  0.000000E+00  
1.784466E+02  2.524508E-04  -5.179168E-05  3.390450E-08  1.000000E+00  1.445275E-02  5.730711E-25  1.796551E-22   5.000000E-01 NotAppl  1.713689E+00  0.000000E+00  
1.206877E+01  4.427595E+02  -4.427041E+02  1.349490E+00  1.000000E+00  1.781055E-02  2.919010E-25  6.721550E-05   0.000000E+00 XENON1T_2018  1.760776E+01  4.999297E-01  
1.609661E+01  2.631115E-03  -2.162146E-03  1.453195E-04  1.000000E+00  1.601916E-03  3.777801E-33  4.404469E-13   5.000000E-01 NotAppl  1.633890E-07  2.914455E-05  
1.100980E+01  4.194145E+01  1.086798E+02  6.591135E-02  1.000000E+00  3.117491E+00  6.838083E-28  1.920534E-07   0.000000E+00 XENON1T_2018  4.593595E-02  1.366374E-01  
6.527680E+02  6.183984E+00  5.078008E+02  -1.470455E-03  1.000000E+00  1.500541E-04  3.094783E-23  2.376203E-14   5.000000E-01 NotAppl  2.396611E+01  0.000000E+00  
5.285269E+01  1.445037E-02  -1.420943E-02  1.385222E-03  1.000000E+00  2.491172E-03  3.443257E-30  3.618909E-12   5.000000E-01 NotAppl  4.109740E-05  1.454158E-03  
7.424153E+02  4.190993E+00  4.655679E+00  3.816024E-01  1.000000E+00  3.921703E-02  2.089216E-25  1.230286E-09   8.244662E-08 LZ5Tmedian  1.429063E-01  0.000000E+00  
6.458307E+03  7.208564E+00  4.819743E+01  8.707377E-03  1.000000E+00  6.213229E-03  8.538538E-25  7.809938E-15   5.000000E-01 NotAppl  6.346992E-02  0.000000E+00  
1.676092E+03  6.062359E-02  2.969660E+02  6.478478E-05  1.000000E+00  2.536363E-04  1.981164E-23  6.730319E-18   5.000000E-01 NotAppl  5.833158E+00  0.000000E+00  
2.848977E+02  9.091976E+01  -9.089882E+01  8.217378E-05  1.000000E+00  1.882461E-03  3.437196E-24  4.046746E-16   5.000000E-01 NotAppl  6.248247E+00  0.000000E+00  
2.510860E+01  6.406161E+02  -6.406125E+02  5.224905E-05  1.000000E+00  2.173887E-02  5.927082E-34  2.333058E-14   5.000000E-01 NotAppl  1.569310E-08  3.572111E-06  
4.180896E+03  2.143019E-02  6.287936E+01  2.176801E-04  1.000000E+00  4.553132E-03  1.053583E-24  1.181495E-17   5.000000E-01 NotAppl  1.218441E-01  0.000000E+00  
2.709102E+02  7.295329E-01  -7.250094E-01  -2.539979E-08  1.000000E+00  3.035348E-02  2.756630E-25  4.286249E-23   5.000000E-01 NotAppl  5.246721E-01  0.000000E+00  
2.102111E+01  7.030445E-04  2.444522E+02  8.824078E-06  1.000000E+00  1.440543E-03  1.532084E-35  9.517585E-16   5.000000E-01 NotAppl  4.919768E-10  1.047454E-07  
8.002428E+02  4.857894E+00  8.023352E+01  3.756924E-05  1.000000E+00  2.599603E-03  1.789310E-24  1.023073E-17   5.000000E-01 NotAppl  1.124421E+00  0.000000E+00  
1.337602E+02  2.031985E-04  3.188009E-02  3.356151E-06  1.000000E+00  8.821247E-03  9.154082E-25  3.178435E-18   5.000000E-01 NotAppl  3.682599E+00  0.000000E+00  
4.866633E+03  7.618485E+01  -7.613625E+01  1.797758E+00  1.000000E+00  1.858970E-03  3.892080E-24  5.917298E-10   2.976093E-01 NotAppl  3.777332E-01  0.000000E+00  
5.139367E+03  8.743488E+02  -8.743416E+02  -1.317717E+00  1.000000E+00  2.058471E-05  3.753190E-22  2.845501E-10   5.000000E-01 NotAppl  3.444462E+01  0.000000E+00  
3.343891E+03  2.933400E-03  1.979443E-01  2.153146E-06  1.000000E+00  3.691657E+00  1.979837E-27  1.821038E-21   5.000000E-01 NotAppl  2.827800E-04  0.000000E+00  
1.178704E+03  1.987279E-03  4.001675E-01  1.773294E-09  1.000000E+00  5.037825E-01  1.575224E-26  1.033867E-26   5.000000E-01 NotAppl  6.540232E-03  0.000000E+00  
7.826343E+03  4.595410E-03  3.027337E+01  -5.784146E-02  1.000000E+00  1.903223E-02  2.452249E-25  2.332572E-13   5.000000E-01 NotAppl  1.501117E-02  0.000000E+00  
7.403944E+01  2.039948E-03  7.653839E+01  -6.837437E-01  1.000000E+00  2.743864E-03  4.309679E-25  4.431478E-07   0.000000E+00 XENON1T_2018  3.615111E+00  0.000000E+00  
5.701484E+01  6.385961E-01  1.317915E+01  -1.890959E-03  1.000000E+00  4.384806E-03  1.851890E-29  5.777882E-12   4.994616E-01 NotAppl  2.050752E-04  2.087241E-03  
9.995151E+02  5.971816E-01  3.137904E+00  9.684060E-08  1.000000E+00  2.775766E-01  2.576710E-26  4.316922E-23   5.000000E-01 NotAppl  1.270515E-02  0.000000E+00  
5.242143E+02  2.587384E+01  -2.564071E+01  -2.306612E-01  1.000000E+00  1.902895E-02  3.049251E-25  9.154748E-10   3.837131E-08 LZ5Tmedian  2.957658E-01  0.000000E+00  
4.216966E+03  1.407334E+01  -1.407316E+01  5.297638E-07  1.000000E+00  5.237556E-02  1.178006E-25  6.876559E-23   5.000000E-01 NotAppl  1.321770E-02  0.000000E+00  
2.821705E+01  3.027128E-02  1.046677E+00  -6.712285E-09  1.000000E+00  2.250665E-03  1.074191E-41  3.041508E-22   5.000000E-01 NotAppl  2.499871E-16  5.710409E-14  
1.311551E+02  3.639719E-03  2.602040E-02  -3.798187E-01  1.000000E+00  2.636871E-03  3.815786E-24  4.238323E-08   0.000000E+00 XENON1T_2018  1.757137E+01  0.000000E+00  
5.517550E+01  1.803133E-01  -1.006387E-01  1.289718E-09  1.000000E+00  3.217027E-03  4.978880E-42  2.873696E-24   5.000000E-01 NotAppl  5.681320E-17  1.115361E-15  
1.690334E+01  3.446304E+00  -4.069257E-01  -2.401377E-04  1.000000E+00  4.081217E-01  1.047189E-32  1.090931E-12   5.000000E-01 NotAppl  4.284760E-07  7.455385E-05  
5.439673E+03  1.307447E-02  1.665272E-02  -6.622104E-07  1.000000E+00  9.558894E+00  7.453409E-28  6.402796E-23   5.000000E-01 NotAppl  6.492939E-05  0.000000E+00  
4.106403E+01  7.509188E-03  -7.129051E-03  1.723483E-03  1.000000E+00  1.513380E-04  1.349053E-30  9.366171E-12   2.960605E-01 NotAppl  2.100707E-05  3.157787E-03  
1.837403E+02  5.484279E-02  -5.472089E-02  -3.710273E-07  1.000000E+00  1.520198E-02  5.553200E-25  2.026352E-20   5.000000E-01 NotAppl  1.585638E+00  0.000000E+00  
3.428482E+01  3.891979E-02  6.410787E-01  -2.599725E-04  1.000000E+00  9.117910E-04  2.054757E-32  3.074727E-13   5.000000E-01 NotAppl  3.872338E-07  8.053601E-05  
1.799348E+02  2.828038E+01  -2.828017E+01  -2.313055E-02  1.000000E+00  6.808488E-03  8.820513E-25  8.220609E-11   1.447768E-02 LZ5Tmedian  2.586625E+00  0.000000E+00  
2.804325E+01  2.300691E+02  -2.299966E+02  -1.042675E-03  1.000000E+00  1.402857E-02  2.577079E-31  7.431458E-12   4.249580E-01 NotAppl  6.037914E-06  1.384916E-03  
9.243731E+03  8.141807E+00  3.742590E+02  1.094478E-09  1.000000E+00  1.379058E-04  3.791184E-23  5.956128E-29   5.000000E-01 NotAppl  1.960991E+00  0.000000E+00  
7.297419E+01  6.681507E-01  -6.337231E-01  -4.602265E-02  1.000000E+00  8.244218E-03  2.394751E-27  2.068049E-09   1.538100E-95 LZ5Tmedian  2.044977E-02  0.000000E+00  
1.150300E+01  3.497940E+01  -3.497761E+01  -4.824228E-02  1.000000E+00  1.641511E-01  3.732222E-28  9.440721E-08   0.000000E+00 XENON1T_2018  2.381155E-02  3.903312E-01  
3.236021E+02  2.995581E-03  -1.689446E-03  1.469156E-02  1.000000E+00  4.316049E-02  1.984776E-25  9.965393E-12   5.000000E-01 NotAppl  3.139429E-01  0.000000E+00  
1.689687E+03  1.925173E-01  2.528418E-01  -2.101919E-07  1.000000E+00  9.915408E-01  7.754402E-27  6.968984E-23   5.000000E-01 NotAppl  2.225018E-03  0.000000E+00  
6.996399E+01  3.814187E+02  -3.814157E+02  -1.068111E-02  1.000000E+00  1.489674E-02  2.639487E-28  1.213990E-10   1.957763E-06 LZ5Tmedian  2.355187E-03  0.000000E+00  
3.521432E+03  5.645492E+00  -5.540817E+00  -1.690900E-10  1.000000E+00  2.887915E-01  2.056501E-26  1.010857E-29   5.000000E-01 NotAppl  2.773324E-03  0.000000E+00  
3.781268E+02  3.458801E-04  9.329951E-01  8.378603E-06  1.000000E+00  5.732787E-02  1.464065E-25  2.356529E-18   5.000000E-01 NotAppl  1.969327E-01  0.000000E+00  
1.158976E+02  2.290624E+02  -2.290577E+02  -2.250908E+00  1.000000E+00  1.498724E-04  3.833406E-23  1.918077E-06   0.000000E+00 XENON1T_2018  1.794499E+02  0.000000E+00  
1.221266E+01  1.811840E-04  9.785145E-04  -9.222268E-10  1.000000E+00  9.764729E-04  1.395471E-43  3.066658E-23   5.000000E-01 NotAppl  8.301846E-18  1.191480E-15  
4.825364E+03  3.286703E+02  -3.278788E+02  -8.725484E-03  1.000000E+00  1.234606E-04  5.952728E-23  1.418274E-14   5.000000E-01 NotAppl  5.824212E+00  0.000000E+00  
3.775161E+03  7.614730E+00  -3.303197E+00  -1.833825E-06  1.000000E+00  1.736316E-01  4.072569E-26  1.032031E-21   5.000000E-01 NotAppl  5.128356E-03  0.000000E+00  
1.499317E+02  2.700503E+02  -2.700500E+02  -6.144477E-03  1.000000E+00  1.062277E-03  5.571097E-24  8.431189E-12   5.000000E-01 NotAppl  2.034059E+01  0.000000E+00  
1.825541E+01  2.784492E-02  3.124981E+01  4.101872E-08  1.000000E+00  1.234744E-03  3.133267E-40  2.729177E-20   5.000000E-01 NotAppl  1.175770E-14  4.138412E-13  
4.986359E+01  1.155565E-04  9.382494E-04  9.280803E-05  1.000000E+00  1.565196E-03  9.495794E-33  1.829129E-14   5.000000E-01 NotAppl  1.208689E-07  7.417668E-06  
1.826822E+01  3.217058E-01  8.150688E-01  3.834612E-03  1.000000E+00  2.742857E-03  2.738937E-30  2.381773E-10   1.519650E-07 LZ5Tmedian  1.027452E-04  1.814213E-02  
1.002960E+03  8.640518E-04  2.200871E+00  1.109183E-04  1.000000E+00  3.317223E-01  2.295406E-26  5.623611E-17   5.000000E-01 NotAppl  1.126072E-02  0.000000E+00  
1.063787E+02  3.810384E-04  4.970451E-03  4.803260E-09  1.000000E+00  6.281594E-03  1.201376E-24  1.041171E-23   5.000000E-01 NotAppl  6.124440E+00  0.000000E+00  
8.007719E+02  5.948093E-02  -5.916360E-02  2.611015E-08  1.000000E+00  2.434940E-01  3.375899E-26  4.934852E-24   5.000000E-01 NotAppl  2.086438E-02  0.000000E+00  
2.183064E+03  3.282327E+01  -3.186229E+01  -7.334259E-06  1.000000E+00  1.030169E-02  6.305988E-25  5.034172E-20   5.000000E-01 NotAppl  1.385805E-01  0.000000E+00  
2.627299E+03  3.812568E+01  -3.798149E+01  -9.202402E-08  1.000000E+00  7.758858E-03  8.483847E-25  5.434817E-24   5.000000E-01 NotAppl  1.542331E-01  0.000000E+00  
9.579670E+03  1.900674E-04  2.474996E+01  -1.175922E-07  1.000000E+00  2.815050E-02  1.652467E-25  6.394818E-25   5.000000E-01 NotAppl  8.243490E-03  0.000000E+00  
2.397844E+02  4.806412E-03  7.289288E-02  1.279526E-05  1.000000E+00  2.468993E-02  3.448111E-25  1.396658E-17   5.000000E-01 NotAppl  7.454538E-01  0.000000E+00  
7.715914E+03  9.085359E-02  5.866463E-01  4.976803E-06  1.000000E+00  1.202983E+01  4.993052E-28  1.777433E-21   5.000000E-01 NotAppl  3.064361E-05  0.000000E+00  
1.260141E+03  8.076675E+01  -2.277766E+01  9.832055E-05  1.000000E+00  9.395530E-04  4.468351E-24  2.773305E-17   5.000000E-01 NotAppl  1.733311E+00  0.000000E+00  
1.346280E+01  7.249573E-01  -7.035933E-01  -1.897362E-09  1.000000E+00  1.516670E-02  6.102996E-43  1.070771E-22   5.000000E-01 NotAppl  3.241715E-17  5.015125E-15  
2.115197E+03  8.502638E-02  2.479916E+02  -1.208689E-06  1.000000E+00  3.375975E-04  1.472816E-23  1.458096E-21   5.000000E-01 NotAppl  3.415985E+00  0.000000E+00  
3.538942E+01  3.477230E-03  7.181396E-02  5.330395E-02  1.000000E+00  5.530213E-04  9.123987E-28  1.212042E-08   0.000000E+00 XENON1T_2018  1.662418E-02  2.322685E-01  
1.175618E+03  7.831861E-02  -7.814673E-02  2.698925E-05  1.000000E+00  5.047518E-01  1.579253E-26  2.407733E-18   5.000000E-01 NotAppl  6.574282E-03  0.000000E+00  
3.116286E+02  2.872604E-04  2.597490E+02  1.055381E-07  1.000000E+00  6.638774E-04  7.243504E-24  5.555228E-22   5.000000E-01 NotAppl  1.193490E+01  0.000000E+00  
1.071720E+02  1.648316E+01  -1.648249E+01  4.873431E-05  1.000000E+00  4.295992E-03  1.351586E-24  1.055616E-15   5.000000E-01 NotAppl  6.854785E+00  0.000000E+00  
9.785765E+02  2.938901E-03  -2.637015E-03  -1.094453E-01  1.000000E+00  3.259954E-01  2.570257E-26  5.757353E-11   5.000000E-01 NotAppl  1.302094E-02  0.000000E+00  
3.582892E+01  2.513174E+01  -2.512694E+01  -9.470732E+00  1.000000E+00  2.657278E-03  3.450974E-25  3.731494E-04   0.000000E+00 XENON1T_2018  7.141166E+00  3.954205E-01  
6.825228E+02  9.300423E-03  -5.941464E-03  -3.815222E-08  1.000000E+00  1.797373E-01  4.624062E-26  1.460362E-23   5.000000E-01 NotAppl  3.370494E-02  0.000000E+00  
1.081715E+01  9.704479E+00  -6.263752E+00  -9.326766E-02  1.000000E+00  1.536224E+00  1.358247E-27  3.980944E-07   0.000000E+00 XENON1T_2018  9.316922E-02  2.837662E-01  
2.663867E+01  6.309052E-01  1.460206E+02  -2.937937E-04  1.000000E+00  4.366576E-03  1.957971E-32  6.545988E-13   5.000000E-01 NotAppl  4.854860E-07  1.113086E-04  
2.932651E+01  6.470530E-02  -4.317413E-02  1.781733E-04  1.000000E+00  2.878488E-03  7.862092E-33  1.982174E-13   5.000000E-01 NotAppl  1.754112E-07  4.003143E-05  
3.557245E+03  3.683117E+02  -3.403867E+02  1.897214E+00  1.000000E+00  8.156120E-05  7.567152E-23  1.246652E-09   3.049216E-02 LZ5Tmedian  1.009666E+01  0.000000E+00  
6.298440E+02  5.316852E-04  8.726008E+00  1.663947E-08  1.000000E+00  8.691124E-02  7.452479E-26  3.273337E-24   5.000000E-01 NotAppl  5.925425E-02  0.000000E+00  
1.291406E+03  1.444066E-01  9.655906E-02  1.624648E-05  1.000000E+00  6.009972E-01  1.313223E-26  7.203021E-19   5.000000E-01 NotAppl  4.962759E-03  0.000000E+00  
1.423837E+03  3.401067E+02  -3.401047E+02  -5.736787E+00  1.000000E+00  1.980743E-04  3.650363E-23  7.359684E-08   2.820612E-223 LZ5Tmedian  1.255780E+01  0.000000E+00  
1.010835E+01  3.583053E-01  8.468037E-02  1.680667E-04  1.000000E+00  2.389832E-03  4.261603E-33  1.475792E-12   5.000000E-01 NotAppl  3.165956E-07  3.978301E-05  
2.122023E+01  1.851318E-04  5.923930E+02  -2.753079E-07  1.000000E+00  1.459941E-03  1.497721E-38  9.090668E-19   5.000000E-01 NotAppl  4.759955E-13  1.018370E-10  
4.048764E+02  1.117077E-02  -5.479741E-03  2.120999E-08  1.000000E+00  6.641757E-02  1.280145E-25  1.312994E-23   5.000000E-01 NotAppl  1.603589E-01  0.000000E+00  
3.592091E+01  2.480980E+02  -2.480819E+02  1.943850E-02  1.000000E+00  3.015326E-03  1.247106E-28  1.563795E-09   5.286962E-88 LZ5Tmedian  2.232872E-03  2.343479E-01  
3.558534E+02  1.453670E+00  -1.450953E+00  4.785239E-05  1.000000E+00  4.964412E-02  1.656122E-25  8.703658E-17   5.000000E-01 NotAppl  2.372196E-01  0.000000E+00  
1.085849E+03  1.062498E+01  -1.048499E+01  8.386066E-10  1.000000E+00  7.569846E-02  8.410746E-26  2.733622E-27   5.000000E-01 NotAppl  3.791324E-02  0.000000E+00  
1.916508E+02  1.158668E+02  -1.144801E+02  1.722337E-02  1.000000E+00  1.354026E-03  4.044711E-24  4.005175E-11   1.424993E-01 NotAppl  1.116141E+01  0.000000E+00  
2.971595E+01  2.519598E-04  3.225848E+01  -3.126051E-05  1.000000E+00  1.989317E-03  2.454215E-34  5.940865E-15   5.000000E-01 NotAppl  5.390952E-09  4.265147E-07  
1.990587E+01  4.233225E+00  3.083380E+01  -5.272173E+00  1.000000E+00  8.124465E-03  3.591633E-25  3.790621E-04   0.000000E+00 XENON1T_2018  1.208495E+01  2.918428E-01  
1.025407E+01  5.605627E-01  1.645244E+02  -4.910766E-06  1.000000E+00  4.173057E-03  3.666697E-36  1.225256E-15   5.000000E-01 NotAppl  2.678072E-10  3.396592E-08  
8.419305E+02  7.099662E+01  -7.099648E+01  -1.575060E-01  1.000000E+00  2.666055E-03  2.519053E-24  1.621035E-10   1.497817E-01 NotAppl  1.476189E+00  0.000000E+00  
4.096217E+02  4.749305E-01  2.821703E-01  -1.947507E-06  1.000000E+00  6.546091E-02  1.256277E-25  1.080898E-19   5.000000E-01 NotAppl  1.554746E-01  0.000000E+00  
8.210583E+02  7.958863E-02  -7.337096E-02  -9.796258E-07  1.000000E+00  2.552913E-01  3.213506E-26  6.600613E-21   5.000000E-01 NotAppl  1.935520E-02  0.000000E+00  
1.034931E+01  5.158069E-02  3.573592E-02  4.359611E-05  1.000000E+00  8.375677E-04  2.903901E-34  9.483772E-14   5.000000E-01 NotAppl  2.098311E-08  2.677361E-06  
5.742558E+03  1.742062E+02  -1.742045E+02  4.589942E-08  1.000000E+00  4.150341E-04  1.738612E-23  2.755238E-25   5.000000E-01 NotAppl  1.425786E+00  0.000000E+00  
2.786566E+01  1.019145E+01  1.750993E+01  2.381732E-10  1.000000E+00  3.937864E-01  1.337013E-44  3.927732E-25   5.000000E-01 NotAppl  3.154516E-19  1.160168E-17  
4.091711E+01  5.604204E+00  1.177286E+02  -5.956960E-05  1.000000E+00  1.049238E-02  1.594609E-33  1.127102E-14   5.000000E-01 NotAppl  2.487173E-08  2.506004E-06  
1.314668E+03  2.176446E+01  -2.176423E+01  -1.753196E-02  1.000000E+00  2.254217E-02  2.815637E-25  8.088014E-13   5.000000E-01 NotAppl  1.041884E-01  0.000000E+00  
2.092008E+02  1.949532E+02  -1.949518E+02  -2.584408E-09  1.000000E+00  8.627120E-04  7.412836E-24  7.535761E-25   5.000000E-01 NotAppl  1.866167E+01  0.000000E+00  
3.801984E+02  8.123352E+00  -7.714786E+00  2.669436E-05  1.000000E+00  3.746628E-02  1.825535E-25  2.365444E-17   5.000000E-01 NotAppl  2.443457E-01  0.000000E+00  
1.218190E+01  1.163322E+02  -1.162828E+02  2.301158E-04  1.000000E+00  1.467874E-01  8.680341E-33  1.918850E-12   5.000000E-01 NotAppl  5.179234E-07  7.420188E-05  
7.596640E+02  2.843858E-02  -1.704271E-02  -1.814452E-06  1.000000E+00  2.203437E-01  3.745354E-26  2.653980E-20   5.000000E-01 NotAppl  2.444059E-02  0.000000E+00  
9.643889E+01  1.812995E+00  -1.812708E+00  -1.470906E-01  1.000000E+00  9.679224E-03  3.878706E-25  1.193843E-08   0.000000E+00 LZ5Tmedian  2.198182E+00  0.000000E+00  
5.909629E+02  2.145711E+02  -2.130863E+02  6.522543E-09  1.000000E+00  3.688668E-04  1.812210E-23  5.729411E-25   5.000000E-01 NotAppl  1.532774E+01  0.000000E+00  
1.086861E+02  3.686383E-04  -9.030866E-05  -3.556271E-02  1.000000E+00  7.003232E-03  9.871059E-25  5.461800E-10   1.466522E-19 LZ5Tmedian  4.920498E+00  0.000000E+00  
3.764566E+01  1.783837E-04  2.243532E-01  -6.457750E+00  1.000000E+00  9.862498E-05  2.694153E-25  1.569083E-04   0.000000E+00 XENON1T_2018  4.883086E+00  2.502233E-01  
8.245070E+03  1.427575E+01  7.379721E+01  -2.110105E+00  1.000000E+00  2.676572E-03  1.968171E-24  2.792482E-10   5.000000E-01 NotAppl  1.142536E-01  0.000000E+00  
1.918077E+02  7.705664E+02  -7.705559E+02  1.863137E-06  1.000000E+00  4.514857E-04  1.397559E-23  4.678931E-19   5.000000E-01 NotAppl  3.857671E+01  0.000000E+00  
1.068735E+03  2.221723E-04  9.458562E+02  -5.313956E-08  1.000000E+00  5.437405E-05  9.627350E-23  1.133804E-23   5.000000E-01 NotAppl  4.498436E+01  0.000000E+00  
3.089512E+03  2.119803E-02  -2.003410E-02  5.057248E+00  1.000000E+00  1.884278E-02  6.463791E-25  1.180140E-08   3.061532E-17 LZ5Tmedian  1.056055E-01  0.000000E+00  
8.946791E+01  2.506963E+01  -2.506939E+01  1.218965E-07  1.000000E+00  5.332551E-03  9.011933E-25  9.561909E-21   5.000000E-01 NotAppl  5.620417E+00  0.000000E+00  
3.120093E+03  1.019650E+00  -1.003238E+00  -1.215599E-07  1.000000E+00  2.384058E+00  2.874745E-27  6.683110E-24   5.000000E-01 NotAppl  4.401821E-04  0.000000E+00  
7.898807E+01  9.450511E-03  -9.319397E-03  -1.073506E-03  1.000000E+00  7.265984E-03  4.889023E-31  9.571248E-13   5.000000E-01 NotAppl  3.882747E-06  0.000000E+00  
7.347500E+03  1.077722E+00  1.218207E+00  -1.873570E-07  1.000000E+00  2.440248E+00  2.517685E-27  2.782237E-24   5.000000E-01 NotAppl  1.629444E-04  0.000000E+00  
1.080425E+01  2.790031E+02  -2.789763E+02  1.944021E-03  1.000000E+00  1.894630E-01  5.897667E-31  1.733571E-10   1.108063E-01 NotAppl  4.051228E-05  5.262194E-03  
6.087284E+02  7.310636E+01  8.485304E+02  -7.940669E-08  1.000000E+00  6.275158E-05  5.420452E-23  7.992741E-23   5.000000E-01 NotAppl  4.505356E+01  0.000000E+00  
8.017901E+03  2.819292E-04  -1.063344E-04  -7.859650E-06  1.000000E+00  2.032040E+01  3.430945E-28  4.100458E-21   5.000000E-01 NotAppl  2.017706E-05  0.000000E+00  
8.839437E+01  9.419942E+01  -9.419928E+01  6.300344E-09  1.000000E+00  4.523260E-03  1.054359E-24  2.618397E-23   5.000000E-01 NotAppl  6.655397E+00  0.000000E+00  
7.840144E+01  3.294594E+02  -3.293275E+02  7.502649E-10  1.000000E+00  1.710449E-02  2.583861E-43  4.746824E-25   5.000000E-01 NotAppl  2.050471E-18  0.000000E+00  
1.798256E+01  7.799421E-03  3.877831E+00  -4.601130E-05  1.000000E+00  1.136615E-03  3.922266E-34  3.539026E-14   5.000000E-01 NotAppl  1.496885E-08  2.793754E-06  
7.235332E+03  1.081432E+01  -1.070231E+01  -9.902866E-03  1.000000E+00  8.848376E-02  6.914583E-26  8.019521E-15   5.000000E-01 NotAppl  4.486455E-03  0.000000E+00  
1.970829E+01  1.840868E+02  -1.831911E+02  1.155984E-03  1.000000E+00  7.133261E-02  2.559266E-31  1.859203E-11   2.441795E-01 NotAppl  8.819312E-06  1.794950E-03  
3.052501E+03  2.680500E-04  8.805066E+00  8.230371E-10  1.000000E+00  1.923468E-01  2.323508E-26  3.203296E-28   5.000000E-01 NotAppl  3.694996E-03  0.000000E+00  
2.846340E+01  1.779778E-03  3.602348E+02  8.242559E-02  1.000000E+00  2.037013E-03  1.633363E-27  4.506458E-08   0.000000E+00 XENON1T_2018  3.760575E-02  3.209305E-01  
1.998490E+01  1.864087E-01  1.536106E+01  4.012053E-02  1.000000E+00  2.051764E-03  3.100099E-28  2.177765E-08   0.000000E+00 XENON1T_2018  1.052521E-02  1.641450E-01  
2.908653E+03  2.610940E+00  -2.610707E+00  5.346522E-07  1.000000E+00  9.312174E-01  6.621189E-27  1.491330E-22   5.000000E-01 NotAppl  1.087004E-03  0.000000E+00  
5.031230E+02  1.023636E-01  -1.021087E-01  1.077403E-02  1.000000E+00  1.001029E-01  8.433441E-26  2.172329E-12   5.000000E-01 NotAppl  8.430630E-02  0.000000E+00  
2.263795E+03  5.097270E-04  2.379267E+00  1.368418E-08  1.000000E+00  1.058752E+00  5.815996E-27  1.627526E-25   5.000000E-01 NotAppl  1.242342E-03  0.000000E+00  
6.337500E+01  1.755160E-03  4.377200E-03  -2.818331E-10  1.000000E+00  4.799432E-03  1.466046E-41  1.034353E-25   5.000000E-01 NotAppl  1.448387E-16  0.000000E+00  
1.037017E+02  7.514329E-04  2.689882E-03  -1.723911E-07  1.000000E+00  6.088059E-03  1.219180E-24  1.413090E-20   5.000000E-01 NotAppl  6.383523E+00  0.000000E+00  
1.230976E+01  4.250039E-02  2.134040E+01  -1.369483E+00  1.000000E+00  6.661949E-04  2.872347E-25  6.657707E-05   0.000000E+00 XENON1T_2018  1.693042E+01  2.619511E-01  
4.272548E+02  1.415325E+00  -6.785535E-01  5.865729E-10  1.000000E+00  6.848411E-02  1.169526E-25  8.995377E-27   5.000000E-01 NotAppl  1.385231E-01  0.000000E+00  
4.722534E+03  1.388166E-03  3.141689E-01  6.705265E-09  1.000000E+00  6.921439E+00  1.015068E-27  8.750535E-27   5.000000E-01 NotAppl  1.021101E-04  0.000000E+00  
4.900647E+01  1.382834E+01  -1.382093E+01  8.381135E-10  1.000000E+00  7.692136E-04  6.896186E-43  1.545334E-24   5.000000E-01 NotAppl  8.936323E-18  6.229870E-16  
2.420267E+02  7.215552E-04  6.068496E-03  -1.146542E-09  1.000000E+00  2.516177E-02  3.389037E-25  1.100249E-25   5.000000E-01 NotAppl  7.255952E-01  0.000000E+00  
8.087485E+01  2.436740E-04  3.304848E-03  4.321166E-07  1.000000E+00  6.292192E-03  2.797444E-25  1.477794E-19   5.000000E-01 NotAppl  1.988069E+00  0.000000E+00  
3.523643E+02  7.337332E-01  8.015242E+00  -3.661459E-07  1.000000E+00  3.672522E-02  1.889065E-25  5.199507E-21   5.000000E-01 NotAppl  2.735570E-01  0.000000E+00  
7.629518E+02  5.554576E+01  2.066563E+02  3.829144E-06  1.000000E+00  2.448618E-04  1.452015E-23  1.171598E-19   5.000000E-01 NotAppl  9.566747E+00  0.000000E+00  
9.128227E+03  3.159134E-04  1.145093E+00  1.694282E-10  1.000000E+00  7.666723E+00  6.190180E-28  1.464234E-30   5.000000E-01 NotAppl  3.221399E-05  0.000000E+00  
1.728495E+03  1.040489E+01  8.936518E+00  -1.961435E-04  1.000000E+00  3.692457E-02  1.704947E-25  5.794067E-17   5.000000E-01 NotAppl  4.821869E-02  0.000000E+00  
3.291908E+03  2.088536E-01  7.079589E+00  -1.259473E-08  1.000000E+00  2.785599E-01  1.636873E-26  6.432750E-26   5.000000E-01 NotAppl  2.409029E-03  0.000000E+00  
2.359994E+03  6.670356E-02  -6.141554E-02  1.518626E+00  1.000000E+00  1.073618E-01  1.050499E-25  1.841531E-09   4.267667E-04 LZ5Tmedian  2.259268E-02  0.000000E+00  
5.371328E+02  4.971501E-01  -2.760224E-01  -7.192652E-02  1.000000E+00  1.089967E-01  7.663619E-26  8.469466E-11   2.138166E-01 NotAppl  7.187806E-02  0.000000E+00  
2.542870E+03  2.351298E+02  -2.327263E+02  9.812546E-10  1.000000E+00  2.365725E-04  2.968504E-23  6.604362E-28   5.000000E-01 NotAppl  5.579709E+00  0.000000E+00  
1.341051E+01  8.682156E+00  -8.680805E+00  -1.300175E-08  1.000000E+00  1.186992E-01  2.862294E-41  5.066926E-21   5.000000E-01 NotAppl  1.527228E-15  1.820694E-13  
3.524010E+01  3.780579E-02  2.303775E+02  -1.560192E-06  1.000000E+00  6.223699E-04  7.756878E-37  1.047329E-17   5.000000E-01 NotAppl  1.419616E-11  2.871648E-09  
2.772982E+02  2.734970E+01  6.997611E+01  -4.498644E-01  1.000000E+00  2.163026E-03  1.455542E-24  1.281888E-08   1.185536E-192 LZ5Tmedian  2.857794E+00  0.000000E+00  
1.377724E+01  5.838529E+02  -5.838436E+02  -5.877936E+00  1.000000E+00  7.964108E-03  7.378148E-25  9.817241E-04   0.000000E+00 XENON1T_2018  3.815593E+01  5.000040E-01  
4.166463E+01  1.215800E+02  -1.212255E+02  -4.693443E-09  1.000000E+00  1.977674E-04  1.045795E-41  6.743789E-23   5.000000E-01 NotAppl  1.603778E-16  2.343623E-14  
8.645407E+01  2.530407E-01  -2.527685E-01  -1.793994E-08  1.000000E+00  6.084806E-03  7.174766E-25  2.221789E-22   5.000000E-01 NotAppl  4.632532E+00  0.000000E+00  
2.863569E+01  7.312367E+02  -4.952555E+02  -4.285908E-04  1.000000E+00  1.945420E+04  4.441185E-32  1.203633E-12   5.000000E-01 NotAppl  1.015944E-06  2.332448E-04  
2.031323E+01  2.973307E-01  6.276876E+02  5.903229E-06  1.000000E+00  2.628105E-03  6.756261E-36  4.563002E-16   5.000000E-01 NotAppl  2.251576E-10  4.705363E-08  
1.140252E+02  2.802458E-01  -2.772734E-01  2.236921E-03  1.000000E+00  6.822011E-03  1.140824E-24  1.958633E-12   5.000000E-01 NotAppl  5.412216E+00  0.000000E+00  
1.836485E+01  6.015548E-03  2.769565E+00  -1.033468E-04  1.000000E+00  1.174138E-03  1.993079E-33  1.711849E-13   5.000000E-01 NotAppl  7.432611E-08  1.432796E-05  
6.939942E+02  1.069336E+00  -9.876506E-01  7.241249E-08  1.000000E+00  1.789428E-01  4.545366E-26  5.084598E-23   5.000000E-01 NotAppl  3.256520E-02  0.000000E+00  
5.057340E+02  1.076367E-01  1.660603E+01  1.212234E-06  1.000000E+00  3.661815E-02  1.560243E-25  2.721100E-20   5.000000E-01 NotAppl  1.559114E-01  0.000000E+00  
7.130792E+03  2.998613E+01  -2.995711E+01  1.144813E-09  1.000000E+00  1.234420E-02  5.293330E-25  1.103917E-28   5.000000E-01 NotAppl  3.485583E-02  0.000000E+00  
7.314480E+03  5.602087E+02  -5.588059E+02  5.386481E+00  1.000000E+00  4.252123E-05  1.785197E-22  2.320801E-09   4.220499E-02 LZ5Tmedian  1.145685E+01  0.000000E+00  
1.198073E+01  8.858890E-03  1.801801E-01  2.217736E-05  1.000000E+00  7.412186E-04  8.013212E-35  1.841668E-14   5.000000E-01 NotAppl  4.875230E-09  6.895001E-07  
2.562633E+01  1.871540E-02  1.515940E+01  -4.261699E-03  1.000000E+00  1.983699E-03  4.000358E-30  1.489503E-10   1.210972E-07 LZ5Tmedian  1.035433E-04  1.153110E-02  
7.257462E+01  4.936880E-02  -4.170749E-02  3.649197E-05  1.000000E+00  6.634155E-03  1.635389E-33  1.314869E-15   5.000000E-01 NotAppl  1.415103E-08  0.000000E+00  
3.868188E+02  7.878768E-03  3.728474E+02  -8.154735E-01  1.000000E+00  4.015017E-04  1.104124E-23  2.130835E-08   1.163465E-232 LZ5Tmedian  1.476385E+01  0.000000E+00  
8.512945E+01  3.842178E-03  6.080046E+00  9.248620E-10  1.000000E+00  4.798367E-03  6.779851E-25  6.094756E-25   5.000000E-01 NotAppl  4.446390E+00  0.000000E+00  
2.183279E+03  2.070070E+00  -2.069839E+00  9.263173E-05  1.000000E+00  9.390010E-01  7.136362E-27  8.028753E-18   5.000000E-01 NotAppl  1.572386E-03  0.000000E+00  
1.208774E+01  6.138033E-02  5.545335E+01  -9.634597E-04  1.000000E+00  7.094677E-04  1.517349E-31  3.415499E-11   4.999695E-01 NotAppl  9.136021E-06  1.296226E-03  
8.315046E+01  2.644184E+00  5.178992E+02  2.693059E-06  1.000000E+00  4.997244E-03  5.831975E-25  5.422840E-18   5.000000E-01 NotAppl  3.966450E+00  0.000000E+