MD1           DMP           DM3           l345          ld           Omegah2       sigV          protonSI      PvalDD        expName      CMB_ID        brH_DMDM      
5.833099E+03  1.274023E+02  -1.274022E+02  1.267756E+00  1.000000E+00  7.312942E-04  9.865280E-24  2.036163E-10   5.000000E-01 NotAppl  7.963548E-01  0.000000E+00  
1.133723E+01  2.990454E-04  1.875959E+01  1.151619E-02  1.000000E+00  4.933516E-04  2.114151E-29  5.535409E-09   2.176374E-38 LZ5Tmedian  1.372264E-03  5.529790E-02  
2.981852E+01  8.150269E+00  -8.098482E+00  -7.426058E-02  1.000000E+00  1.040936E-02  1.390089E-27  3.329232E-08   0.000000E+00 XENON1T_2018  3.045587E-02  3.176803E-01  
2.865841E+02  3.946822E-01  1.242788E+00  2.383753E-03  1.000000E+00  3.231510E-02  2.495439E-25  3.364439E-13   5.000000E-01 NotAppl  4.478742E-01  0.000000E+00  
7.963567E+01  3.383315E-04  5.068532E-02  3.113112E-03  1.000000E+00  6.937549E-03  3.778381E-30  7.915952E-12   4.537445E-01 NotAppl  2.975963E-05  0.000000E+00  
3.714779E+01  1.039054E+02  -2.587715E+01  -5.636537E-04  1.000000E+00  6.273511E+03  1.121477E-31  1.228160E-12   5.000000E-01 NotAppl  1.940668E-06  3.649430E-04  
5.026896E+02  7.083696E+02  -7.081177E+02  2.356426E-04  1.000000E+00  1.003272E-04  7.087869E-23  1.040979E-15   5.000000E-01 NotAppl  7.097403E+01  0.000000E+00  
1.633289E+02  1.685452E+00  1.709297E+00  -8.795601E-01  1.000000E+00  3.703746E-04  2.358115E-23  1.449629E-07   0.000000E+00 XENON1T_2018  8.869800E+01  0.000000E+00  
1.381381E+02  1.624970E-02  1.718916E+00  5.265568E-07  1.000000E+00  8.673148E-03  8.783575E-25  7.323989E-20   5.000000E-01 NotAppl  3.418575E+00  0.000000E+00  
1.722496E+02  5.959541E-03  9.213230E+01  -5.052787E+00  1.000000E+00  1.555605E-06  7.870260E-21  4.289919E-06   0.000000E+00 XENON1T_2018  2.874246E+04  0.000000E+00  
3.699720E+02  1.589011E-02  -1.567099E-02  -2.694989E-05  1.000000E+00  5.594724E-02  1.522637E-25  2.549307E-17   5.000000E-01 NotAppl  2.094949E-01  0.000000E+00  
1.547406E+03  4.973660E-04  2.918148E-02  5.222036E-09  1.000000E+00  8.514975E-01  9.146598E-27  5.146342E-26   5.000000E-01 NotAppl  2.871987E-03  0.000000E+00  
7.958026E+03  9.354670E-04  -5.759586E-05  -9.290217E-03  1.000000E+00  2.001445E+01  3.485757E-28  5.816873E-15   5.000000E-01 NotAppl  2.065644E-05  0.000000E+00  
1.387442E+03  1.000697E+02  -1.000499E+02  -1.456967E-10  1.000000E+00  1.262518E-03  5.482108E-24  5.004436E-29   5.000000E-01 NotAppl  1.918856E+00  0.000000E+00  
4.973021E+01  1.548962E+01  -1.546897E+01  4.000741E-05  1.000000E+00  1.016049E-03  1.731725E-33  3.417625E-15   5.000000E-01 NotAppl  2.204249E-08  1.385300E-06  
1.016300E+03  5.612511E-03  2.188265E+01  8.008069E-08  1.000000E+00  3.243817E-02  1.473497E-25  2.853326E-23   5.000000E-01 NotAppl  7.231610E-02  0.000000E+00  
1.613640E+03  2.025592E-04  1.118788E+00  3.067233E+00  1.000000E+00  1.387192E-02  8.830664E-25  1.630053E-08   2.935563E-44 LZ5Tmedian  2.798934E-01  0.000000E+00  
1.645403E+01  3.993065E-01  -3.990720E-01  8.851114E-10  1.000000E+00  5.987768E-03  1.410854E-43  1.563950E-23   5.000000E-01 NotAppl  5.953795E-18  1.078987E-15  
4.237396E+01  5.567088E-02  -5.192406E-02  -1.975637E-01  1.000000E+00  2.232853E-04  1.957584E-26  1.154568E-07   0.000000E+00 XENON1T_2018  2.943324E-01  2.488355E-01  
7.039230E+03  2.541929E-04  8.236432E+00  -4.086145E-06  1.000000E+00  2.313897E-01  1.874507E-26  1.443768E-21   5.000000E-01 NotAppl  1.277253E-03  0.000000E+00  
1.416864E+03  3.689361E-01  -3.676040E-01  6.626813E-07  1.000000E+00  7.108707E-01  1.097967E-26  9.919248E-22   5.000000E-01 NotAppl  3.773872E-03  0.000000E+00  
1.022800E+03  1.041540E+01  -8.898711E+00  -4.137054E-08  1.000000E+00  7.642552E-02  8.442981E-26  7.516692E-24   5.000000E-01 NotAppl  4.048677E-02  0.000000E+00  
3.834282E+03  1.518000E-03  7.851558E-03  3.068531E+00  1.000000E+00  7.387588E-02  1.566442E-25  2.799684E-09   6.935741E-04 LZ5Tmedian  2.055226E-02  0.000000E+00  
5.070425E+01  3.819950E-01  -1.937136E-01  -2.028710E+00  1.000000E+00  1.288900E-03  2.522203E-24  8.447273E-06   0.000000E+00 XENON1T_2018  3.069526E+01  2.524893E-01  
4.589455E+02  3.008812E-01  -2.807083E-01  -1.769892E-01  1.000000E+00  6.729135E-02  1.347571E-25  7.074541E-10   2.992140E-07 LZ5Tmedian  1.514405E-01  0.000000E+00  
3.333885E+01  1.245465E+01  1.826288E+02  1.142573E-10  1.000000E+00  7.272072E-02  3.798153E-45  6.285983E-26   5.000000E-01 NotAppl  7.375823E-20  4.934835E-18  
8.983380E+01  1.431320E+00  -1.029726E+00  -1.138367E-03  1.000000E+00  6.018212E-03  7.644561E-25  8.269783E-13   5.000000E-01 NotAppl  4.748509E+00  0.000000E+00  
3.860592E+03  1.093244E-03  3.112021E-02  -2.473220E-04  1.000000E+00  4.922011E+00  1.478123E-27  1.793626E-17   5.000000E-01 NotAppl  1.823985E-04  0.000000E+00  
6.144919E+02  1.757998E-02  1.775342E+01  2.311190E-02  1.000000E+00  3.771385E-02  1.450662E-25  6.641822E-12   5.000000E-01 NotAppl  1.188792E-01  0.000000E+00  
1.288097E+03  6.166332E-04  7.409355E-03  -2.559510E-06  1.000000E+00  6.007760E-01  1.316945E-26  1.797144E-20   5.000000E-01 NotAppl  4.989863E-03  0.000000E+00  
4.239100E+01  1.189770E+01  1.802281E+02  -3.481382E-05  1.000000E+00  4.061831E-01  6.086676E-34  3.582230E-15   5.000000E-01 NotAppl  9.167586E-09  4.008021E-07  
1.641091E+03  9.741476E+00  -9.737289E+00  3.030449E-04  1.000000E+00  9.700275E-02  6.372797E-26  1.537401E-16   5.000000E-01 NotAppl  1.877821E-02  0.000000E+00  
5.139098E+01  4.825652E+02  -4.825633E+02  5.831342E-06  1.000000E+00  1.678531E-03  4.719444E-35  6.790557E-17   5.000000E-01 NotAppl  5.802661E-10  2.765230E-08  
2.972722E+03  1.986316E+00  -8.074106E-01  -6.433601E-10  1.000000E+00  1.356879E+00  5.193229E-27  2.065750E-28   5.000000E-01 NotAppl  8.354639E-04  0.000000E+00  
3.079901E+01  2.830968E+01  -2.825220E+01  -1.673535E-03  1.000000E+00  8.911664E-03  7.324596E-31  1.583575E-11   1.451591E-01 NotAppl  1.549184E-05  4.501995E-04  
2.908602E+01  2.055152E+00  2.231652E+01  4.570143E-02  1.000000E+00  8.374722E-03  5.129368E-28  1.326033E-08   0.000000E+00 XENON1T_2018  1.154805E-02  1.355327E-01  
3.242573E+01  2.818818E+00  -2.433049E+00  -8.217590E-09  1.000000E+00  3.442298E-03  1.887359E-41  3.439963E-22   5.000000E-01 NotAppl  3.776280E-16  7.491530E-14  
1.117852E+01  4.408640E+01  1.170147E+02  -7.523267E-06  1.000000E+00  3.307824E+06  8.968594E-36  2.428631E-15   5.000000E-01 NotAppl  5.918987E-10  5.557960E-09  
2.678359E+02  2.474764E-01  -1.862803E-01  4.002896E-08  1.000000E+00  3.008826E-02  2.810810E-25  1.089727E-22   5.000000E-01 NotAppl  5.413843E-01  0.000000E+00  
3.119358E+03  2.413898E-01  8.973008E+01  2.114146E-03  1.000000E+00  2.271109E-03  2.125497E-24  2.022444E-15   5.000000E-01 NotAppl  3.311417E-01  0.000000E+00  
5.918977E+03  1.073702E+00  -9.438690E-01  2.371889E-05  1.000000E+00  4.751309E+00  1.314801E-27  6.918700E-20   5.000000E-01 NotAppl  1.048509E-04  0.000000E+00  
2.015533E+01  2.041713E-01  -2.036301E-01  -7.841145E-01  1.000000E+00  3.898096E-03  1.176881E-25  8.177764E-06   0.000000E+00 XENON1T_2018  3.957488E+00  2.501630E-01  
4.743463E+03  1.946275E-04  5.576206E-01  1.591961E-09  1.000000E+00  6.324822E+00  1.063521E-27  4.888355E-28   5.000000E-01 NotAppl  1.065977E-04  0.000000E+00  
1.342276E+03  8.779042E-02  2.564614E+02  -2.246609E-03  1.000000E+00  3.433605E-04  1.455152E-23  1.272992E-14   5.000000E-01 NotAppl  5.381257E+00  0.000000E+00  
1.193209E+02  3.189749E-04  8.607439E-04  1.094174E-02  1.000000E+00  7.219563E-03  1.117841E-24  4.269793E-11   4.314395E-02 LZ5Tmedian  5.061616E+00  0.000000E+00  
1.475951E+02  1.313856E+00  -1.310704E+00  -1.035018E-10  1.000000E+00  9.761397E-03  7.922362E-25  2.470576E-27   5.000000E-01 NotAppl  2.879566E+00  0.000000E+00  
4.364946E+03  1.414214E-03  1.096064E+00  -2.037967E-05  1.000000E+00  4.107942E+00  1.481693E-27  9.487172E-20   5.000000E-01 NotAppl  1.619704E-04  0.000000E+00  
1.575916E+01  9.628933E-02  4.880779E+02  -1.860722E-07  1.000000E+00  1.185142E-03  6.154522E-39  7.532550E-19   5.000000E-01 NotAppl  2.727722E-13  4.785755E-11  
3.672816E+03  2.744680E-04  2.316300E-02  1.371091E-05  1.000000E+00  4.470163E+00  1.632723E-27  6.100895E-20   5.000000E-01 NotAppl  2.119434E-04  0.000000E+00  
2.205341E+02  4.971102E-04  1.631128E+02  -4.472229E-03  1.000000E+00  1.501815E-03  3.190765E-24  2.025368E-12   5.000000E-01 NotAppl  7.477609E+00  0.000000E+00  
4.650048E+02  1.138377E+01  1.218147E+01  1.873656E-05  1.000000E+00  1.511816E-02  3.126761E-25  7.718493E-18   5.000000E-01 NotAppl  3.408050E-01  0.000000E+00  
3.125217E+02  4.901707E-04  -1.923905E-04  5.344162E-07  1.000000E+00  4.063327E-02  2.100967E-25  1.416113E-20   5.000000E-01 NotAppl  3.445235E-01  0.000000E+00  
1.611295E+01  1.401218E+00  -1.067944E+00  1.225523E+00  1.000000E+00  1.332785E-02  2.553513E-25  3.126157E-05   0.000000E+00 XENON1T_2018  1.104578E+01  2.505100E-01  
9.072673E+03  9.654166E+00  -9.628849E+00  5.126626E-01  1.000000E+00  1.008664E-01  6.550028E-26  1.357328E-11   5.000000E-01 NotAppl  3.383108E-03  0.000000E+00  
8.351570E+02  3.757986E+01  3.768734E+02  -1.129751E-08  1.000000E+00  1.366616E-04  2.808994E-23  8.478680E-25   5.000000E-01 NotAppl  1.689495E+01  0.000000E+00  
1.726152E+02  9.745702E-02  -8.739011E-02  4.946957E-02  1.000000E+00  1.272954E-02  6.772032E-25  4.094265E-10   3.088558E-10 LZ5Tmedian  2.098768E+00  0.000000E+00  
8.808271E+03  9.766545E+01  -9.727726E+01  1.624367E-04  1.000000E+00  1.267660E-03  5.572805E-24  1.447013E-18   5.000000E-01 NotAppl  2.963567E-01  0.000000E+00  
9.466059E+03  5.391841E-03  4.385986E+00  3.608413E+00  1.000000E+00  1.801829E-01  5.404646E-26  6.169131E-10   5.000000E-01 NotAppl  2.798745E-03  0.000000E+00  
1.014800E+01  7.974415E-04  7.316863E-01  -3.355757E-02  1.000000E+00  4.235423E-04  1.702633E-28  5.838818E-08   5.374641E-240 LZ5Tmedian  1.258891E-02  2.175439E-01  
2.556833E+02  2.748352E-01  -1.766667E-02  -5.753118E-06  1.000000E+00  2.726768E-02  3.066008E-25  2.475611E-18   5.000000E-01 NotAppl  6.198645E-01  0.000000E+00  
1.287235E+02  1.486565E-01  -1.446387E-01  5.694934E-06  1.000000E+00  8.272170E-03  9.679368E-25  9.901027E-18   5.000000E-01 NotAppl  4.048995E+00  0.000000E+00  
1.767365E+02  1.239352E+01  9.112861E+01  -2.004616E-10  1.000000E+00  1.739115E-03  1.914643E-24  6.405584E-27   5.000000E-01 NotAppl  5.677889E+00  0.000000E+00  
8.893127E+02  6.091663E+00  1.459430E+02  5.740428E-06  1.000000E+00  8.901659E-04  5.247557E-24  1.925436E-19   5.000000E-01 NotAppl  2.960403E+00  0.000000E+00  
2.204078E+02  1.205689E-03  5.755264E+00  2.271945E-08  1.000000E+00  1.823353E-02  4.146905E-25  5.233130E-23   5.000000E-01 NotAppl  9.787533E-01  0.000000E+00  
8.304912E+02  6.189917E-04  2.457081E-02  6.357750E-04  1.000000E+00  2.610331E-01  3.141532E-26  2.716055E-15   5.000000E-01 NotAppl  1.870031E-02  0.000000E+00  
2.261059E+01  4.245075E+00  -4.244488E+00  -1.624682E-05  1.000000E+00  3.020968E-02  5.380961E-35  2.786422E-15   5.000000E-01 NotAppl  1.595791E-09  3.105964E-07  
4.241212E+02  6.701115E+02  -3.624116E+02  1.564725E-07  1.000000E+00  5.392382E-05  6.571307E-23  6.498189E-22   5.000000E-01 NotAppl  7.869343E+01  0.000000E+00  
1.195577E+02  2.050639E-03  -1.916974E-03  -6.060081E-01  1.000000E+00  2.726752E-03  2.653053E-24  1.304446E-07   0.000000E+00 XENON1T_2018  1.212513E+01  0.000000E+00  
1.368927E+01  1.194468E+02  -1.184236E+02  2.169249E-10  1.000000E+00  2.580439E-01  8.018942E-45  1.354159E-24   5.000000E-01 NotAppl  4.177766E-19  6.551772E-17  
1.038589E+01  4.308831E-02  -4.111475E-02  -2.292919E-05  1.000000E+00  9.766041E-04  8.047401E-35  2.605370E-14   5.000000E-01 NotAppl  5.790825E-09  7.405612E-07  
1.576744E+02  1.892226E-02  1.576374E+00  -4.885582E-05  1.000000E+00  1.097473E-02  7.111684E-25  4.807560E-16   5.000000E-01 NotAppl  2.413773E+00  0.000000E+00  
4.535907E+01  1.053728E+02  -1.053711E+02  -1.325394E-05  1.000000E+00  4.057062E-05  1.144735E-34  4.523977E-16   5.000000E-01 NotAppl  1.606836E-09  1.726824E-07  
9.036927E+02  1.253546E+02  -1.252327E+02  1.177069E-03  1.000000E+00  8.718772E-04  7.984773E-24  7.834657E-15   5.000000E-01 NotAppl  4.348027E+00  0.000000E+00  
1.562087E+03  3.685728E+02  -3.037854E+02  5.273935E-09  1.000000E+00  6.746955E-05  6.363355E-23  5.149054E-26   5.000000E-01 NotAppl  1.972204E+01  0.000000E+00  
1.440746E+03  3.654979E+01  -3.654964E+01  -9.041045E-03  1.000000E+00  8.489381E-03  7.725829E-25  1.784444E-13   5.000000E-01 NotAppl  2.601264E-01  0.000000E+00  
1.465201E+01  1.216247E-02  -1.166427E-02  6.561479E+00  1.000000E+00  1.417653E-03  1.697941E-25  1.082697E-03   0.000000E+00 XENON1T_2018  8.280694E+00  2.500044E-01  
5.765185E+02  2.999992E+00  -2.985520E+00  -1.587153E-06  1.000000E+00  1.120886E-01  6.973373E-26  3.568480E-20   5.000000E-01 NotAppl  6.052797E-02  0.000000E+00  
3.002338E+03  6.976246E-02  -6.479826E-02  1.213045E-02  1.000000E+00  3.017522E+00  2.453337E-27  7.197135E-14   5.000000E-01 NotAppl  3.911330E-04  0.000000E+00  
1.329829E+03  3.916448E+00  -2.168915E+00  3.846866E-08  1.000000E+00  3.218269E-01  2.219657E-26  3.803972E-24   5.000000E-01 NotAppl  8.137042E-03  0.000000E+00  
5.579340E+01  1.445407E+02  -1.445391E+02  -8.348336E-04  1.000000E+00  3.928510E-03  2.462429E-30  1.177030E-12   5.000000E-01 NotAppl  2.778005E-05  4.483869E-04  
9.748248E+01  3.892432E+01  -3.883152E+01  -1.001850E-09  1.000000E+00  3.579429E-03  1.541164E-24  5.417534E-25   5.000000E-01 NotAppl  8.650413E+00  0.000000E+00  
2.764906E+01  7.373393E-02  -2.102354E-02  1.412595E-03  1.000000E+00  3.164393E-03  4.670372E-31  1.403604E-11   2.019545E-01 NotAppl  1.110249E-05  2.526815E-03  
1.308032E+02  6.863720E+01  -6.862655E+01  1.708113E-10  1.000000E+00  2.890359E-03  2.033697E-24  8.619187E-27   5.000000E-01 NotAppl  8.482764E+00  0.000000E+00  
1.033698E+03  3.521289E-01  -2.540475E-01  4.156373E-05  1.000000E+00  3.921390E-01  2.045554E-26  7.424678E-18   5.000000E-01 NotAppl  9.718488E-03  0.000000E+00  
3.067626E+01  2.247117E+00  -2.245643E+00  -2.983102E-02  1.000000E+00  5.570595E-03  2.316527E-28  5.072468E-09   1.161614E-268 LZ5Tmedian  4.921261E-03  2.342848E-01  
1.606158E+02  1.319241E-04  3.572274E+00  -1.145232E-09  1.000000E+00  1.075453E-02  6.958141E-25  2.543460E-25   5.000000E-01 NotAppl  2.316681E+00  0.000000E+00  
6.902048E+01  2.150765E+02  -3.139623E+01  -7.067438E-08  1.000000E+00  4.381488E+00  1.533408E-38  5.464461E-21   5.000000E-01 NotAppl  1.387503E-13  0.000000E+00  
9.068686E+03  9.031136E+01  -8.551586E+01  1.186984E-09  1.000000E+00  1.474238E-03  4.776760E-24  7.282814E-29   5.000000E-01 NotAppl  2.466616E-01  0.000000E+00  
9.038089E+01  1.691516E+01  3.144427E+02  5.072617E-06  1.000000E+00  2.921091E-03  8.728826E-25  1.621772E-17   5.000000E-01 NotAppl  5.388792E+00  0.000000E+00  
7.208198E+03  9.082997E-03  3.474793E+02  -1.343491E-08  1.000000E+00  1.658644E-04  3.105747E-23  1.487342E-26   5.000000E-01 NotAppl  2.066551E+00  0.000000E+00  
2.165892E+02  6.247717E-01  5.018612E+01  2.608048E-07  1.000000E+00  5.769234E-03  9.230689E-25  7.147414E-21   5.000000E-01 NotAppl  2.209319E+00  0.000000E+00  
5.710619E+02  1.254383E-04  1.956898E-02  -3.018763E-04  1.000000E+00  1.279490E-01  6.559814E-26  1.316277E-15   5.000000E-01 NotAppl  5.750165E-02  0.000000E+00  
1.871023E+02  4.069149E-01  -1.210766E-01  -2.579919E-08  1.000000E+00  1.519125E-02  5.392227E-25  9.440089E-23   5.000000E-01 NotAppl  1.510735E+00  0.000000E+00  
1.812450E+03  1.358889E-02  -1.327957E-02  -2.976741E-03  1.000000E+00  1.151125E+00  6.677401E-27  1.211534E-14   5.000000E-01 NotAppl  1.782961E-03  0.000000E+00  
3.185680E+01  1.516935E+01  -1.507290E+01  6.801829E-07  1.000000E+00  7.359495E-03  1.262475E-37  2.442876E-18   5.000000E-01 NotAppl  2.574645E-12  1.375459E-10  
3.649454E+03  2.305144E-04  2.495357E+00  5.619752E-06  1.000000E+00  1.549092E+00  3.334361E-27  1.038326E-20   5.000000E-01 NotAppl  4.392262E-04  0.000000E+00  
2.916959E+03  4.324719E-03  6.580604E+02  -2.014850E-01  1.000000E+00  5.642772E-05  9.215633E-23  2.105696E-11   5.000000E-01 NotAppl  1.537731E+01  0.000000E+00  
7.142291E+01  3.600710E-03  1.045434E+02  -1.100468E-05  1.000000E+00  5.404342E-03  1.924153E-34  1.235469E-16   5.000000E-01 NotAppl  1.680161E-09  0.000000E+00  
2.222957E+02  1.798107E-04  6.573248E+02  8.095450E-07  1.000000E+00  5.445836E-04  8.479378E-24  6.529172E-20   5.000000E-01 NotAppl  1.969955E+01  0.000000E+00  
3.798538E+01  7.383242E+00  -3.212182E+00  -1.932002E-09  1.000000E+00  3.556283E-03  1.383718E-42  1.379020E-23   5.000000E-01 NotAppl  2.338867E-17  2.114349E-15  
1.043275E+02  1.039867E-01  9.974308E+01  6.795496E-05  1.000000E+00  3.594234E-03  1.497112E-24  2.168836E-15   5.000000E-01 NotAppl  7.740707E+00  0.000000E+00  
4.134331E+01  2.183174E+00  -9.971002E-01  -3.104725E-06  1.000000E+00  2.740159E-04  4.468344E-36  2.997828E-17   5.000000E-01 NotAppl  6.908763E-11  9.440676E-09  
1.100082E+01  3.863276E+00  -7.406635E-01  1.631753E-07  1.000000E+00  5.142400E+00  4.189571E-39  1.178977E-18   5.000000E-01 NotAppl  2.817584E-13  3.592391E-11  
2.908994E+02  8.076348E-03  3.907691E-01  -5.409864E-01  1.000000E+00  8.531567E-03  1.331397E-24  1.680625E-08   3.627261E-241 LZ5Tmedian  2.558603E+00  0.000000E+00  
8.282809E+03  3.780515E+01  2.431657E+02  -1.363066E-02  1.000000E+00  2.527387E-04  2.143910E-23  1.154484E-14   5.000000E-01 NotAppl  1.238152E+00  0.000000E+00  
6.754541E+01  9.534541E-04  1.099022E-01  2.721385E-06  1.000000E+00  5.462241E-03  3.875424E-35  8.467608E-18   5.000000E-01 NotAppl  3.607183E-10  0.000000E+00  
4.525073E+02  8.555265E-03  6.903399E+01  2.884686E-10  1.000000E+00  4.065740E-03  1.180171E-24  1.934430E-27   5.000000E-01 NotAppl  1.328191E+00  0.000000E+00  
1.239037E+02  1.998668E+00  2.285616E+00  -8.478174E-06  1.000000E+00  5.284300E-03  1.049503E-24  2.372924E-17   5.000000E-01 NotAppl  4.563756E+00  0.000000E+00  
1.622512E+01  5.263815E+02  -5.263810E+02  -2.681380E+00  1.000000E+00  5.937842E-03  9.848597E-25  1.475970E-04   0.000000E+00 XENON1T_2018  4.222623E+01  4.999755E-01  
1.534967E+02  2.513948E-03  9.810186E-04  1.063005E-04  1.000000E+00  1.111648E-02  7.391709E-25  2.404743E-15   5.000000E-01 NotAppl  2.579409E+00  0.000000E+00  
2.070051E+01  1.504702E+02  -1.504443E+02  1.321482E-01  1.000000E+00  3.936878E-02  3.412828E-27  2.201516E-07   0.000000E+00 XENON1T_2018  1.113956E-01  4.895074E-01  
1.788480E+01  1.323347E-02  6.075781E+02  -4.328103E-08  1.000000E+00  1.144733E-03  3.464251E-40  3.165818E-20   5.000000E-01 NotAppl  1.330767E-14  2.563941E-12  
1.308429E+02  3.140608E-04  4.069512E-01  -1.901847E-05  1.000000E+00  8.364419E-03  9.464389E-25  1.067859E-16   5.000000E-01 NotAppl  3.893829E+00  0.000000E+00  
4.705131E+02  9.894587E-01  -9.890014E-01  -4.882401E-05  1.000000E+00  8.607567E-02  9.636757E-26  5.116326E-17   5.000000E-01 NotAppl  1.032673E-01  0.000000E+00  
4.236743E+02  1.059215E-02  2.088601E-01  -1.036624E-10  1.000000E+00  7.218012E-02  1.173103E-25  2.858218E-28   5.000000E-01 NotAppl  1.401591E-01  0.000000E+00  
1.888429E+02  1.936962E-04  2.378458E-03  2.874932E+00  1.000000E+00  5.592917E-05  2.647776E-22  1.150211E-06   0.000000E+00 XENON1T_2018  8.613529E+02  0.000000E+00  
1.770164E+03  1.812592E+01  4.994173E+01  3.591290E-02  1.000000E+00  3.655733E-03  1.417795E-24  1.850333E-12   5.000000E-01 NotAppl  3.935076E-01  0.000000E+00  
9.713907E+02  1.766499E-03  -1.398434E-03  4.678904E-03  1.000000E+00  3.514604E-01  2.305564E-26  1.068197E-13   5.000000E-01 NotAppl  1.167755E-02  0.000000E+00  
9.152277E+01  1.063199E-04  2.387881E+01  -2.052717E-08  1.000000E+00  4.424984E-03  9.130553E-25  2.588266E-22   5.000000E-01 NotAppl  5.520511E+00  0.000000E+00  
5.554418E+01  5.703124E-02  2.924379E+01  5.526668E-04  1.000000E+00  3.230785E-03  1.007577E-30  5.205710E-13   5.000000E-01 NotAppl  1.146301E-05  1.998426E-04  
7.841407E+01  1.563559E+02  5.048799E+01  6.851224E-05  1.000000E+00  2.820057E-02  2.150962E-33  3.957011E-15   5.000000E-01 NotAppl  1.720247E-08  0.000000E+00  
5.140014E+03  2.545818E-03  9.992787E-01  2.058750E-01  1.000000E+00  3.893142E+00  1.815503E-27  6.944014E-12   5.000000E-01 NotAppl  1.704650E-04  0.000000E+00  
3.689589E+02  9.577351E+01  -9.424193E+01  -2.710656E+00  1.000000E+00  3.018456E-04  2.079977E-23  2.593551E-07   0.000000E+00 XENON1T_2018  3.412366E+01  0.000000E+00  
1.339310E+02  1.338059E-04  6.359316E-04  1.399004E-03  1.000000E+00  8.832739E-03  9.174818E-25  5.508488E-13   5.000000E-01 NotAppl  3.686165E+00  0.000000E+00  
2.962911E+03  2.747142E+01  -2.372209E+01  -5.560127E-04  1.000000E+00  1.467357E-02  4.474699E-25  1.553321E-16   5.000000E-01 NotAppl  7.196383E-02  0.000000E+00  
3.898533E+03  7.635684E+01  -7.635673E+01  -1.028724E-08  1.000000E+00  2.035884E-03  3.376825E-24  3.042032E-26   5.000000E-01 NotAppl  4.103994E-01  0.000000E+00  
7.237914E+02  3.974069E+02  -3.974066E+02  -7.949665E-03  1.000000E+00  1.424777E-04  5.131999E-23  5.623713E-13   5.000000E-01 NotAppl  3.516140E+01  0.000000E+00  
6.237381E+02  9.557053E-02  2.711247E+02  6.914324E-05  1.000000E+00  4.005027E-04  1.242170E-23  5.765782E-17   5.000000E-01 NotAppl  1.007715E+01  0.000000E+00  
1.982493E+03  7.005067E+00  -6.955242E+00  -3.356256E-10  1.000000E+00  1.778372E-01  3.441433E-26  1.282916E-28   5.000000E-01 NotAppl  8.354587E-03  0.000000E+00  
1.003307E+02  1.495163E+01  -1.495134E+01  1.421869E-08  1.000000E+00  4.203107E-03  1.360154E-24  1.028676E-22   5.000000E-01 NotAppl  7.389255E+00  0.000000E+00  
1.401130E+03  9.780591E-03  6.439856E+02  -4.383799E-01  1.000000E+00  7.616593E-05  6.767742E-23  4.440802E-10   4.320670E-02 LZ5Tmedian  2.394868E+01  0.000000E+00  
5.723493E+02  4.244632E-03  1.043264E+01  4.454683E-01  1.000000E+00  2.862888E-02  3.109859E-25  2.853143E-09   6.170140E-22 LZ5Tmedian  2.811454E-01  0.000000E+00  
5.007546E+03  3.081391E-03  5.487407E+01  -1.209548E-02  1.000000E+00  5.951056E-03  8.041517E-25  2.527571E-14   5.000000E-01 NotAppl  7.746212E-02  0.000000E+00  
4.115095E+02  9.164983E-01  -9.151684E-01  1.244057E-02  1.000000E+00  6.641364E-02  1.258018E-25  4.369397E-12   5.000000E-01 NotAppl  1.549699E-01  0.000000E+00  
1.186568E+03  3.633868E-03  9.560329E-02  -2.829860E-04  1.000000E+00  5.136952E-01  1.550346E-26  2.597418E-16   5.000000E-01 NotAppl  6.392860E-03  0.000000E+00  
2.677343E+02  7.484187E-02  -5.577159E-02  3.812951E-01  1.000000E+00  1.283844E-02  8.487422E-25  9.895301E-09   6.926376E-154 LZ5Tmedian  1.686806E+00  0.000000E+00  
3.668085E+02  6.322216E-03  -5.098920E-03  7.726816E-04  1.000000E+00  5.503654E-02  1.548340E-25  2.132763E-14   5.000000E-01 NotAppl  2.149398E-01  0.000000E+00  
1.246466E+01  3.634551E-04  1.025916E+02  -2.521072E-03  1.000000E+00  5.818440E-04  1.050420E-30  2.201264E-10   6.629194E-03 LZ5Tmedian  6.100655E-05  8.665479E-03  
1.613195E+03  3.474965E+00  1.545940E+02  6.029913E-04  1.000000E+00  7.902426E-04  6.110510E-24  6.303396E-16   5.000000E-01 NotAppl  1.870835E+00  0.000000E+00  
7.261064E+02  4.545139E-04  1.437285E-03  1.153951E-04  1.000000E+00  2.022126E-01  4.093843E-26  1.177244E-16   5.000000E-01 NotAppl  2.799075E-02  0.000000E+00  
5.687428E+03  2.023771E-01  2.598697E+01  1.096441E-04  1.000000E+00  2.509688E-02  1.850758E-25  1.603358E-18   5.000000E-01 NotAppl  1.566475E-02  0.000000E+00  
1.206773E+02  5.703228E+01  4.650892E+02  1.011228E-06  1.000000E+00  9.829068E-04  3.007793E-24  3.563432E-19   5.000000E-01 NotAppl  1.337747E+01  0.000000E+00  
3.105390E+03  2.847798E-03  2.232832E+00  -5.267543E-03  1.000000E+00  1.557106E+00  3.601864E-27  1.267038E-14   5.000000E-01 NotAppl  5.580675E-04  0.000000E+00  
5.528131E+01  1.335745E-04  2.979885E+01  2.720946E-02  1.000000E+00  3.020878E-03  2.277283E-27  1.274074E-09   4.732311E-68 LZ5Tmedian  2.593633E-02  1.989422E-01  
2.315797E+02  7.853536E+01  -7.845435E+01  2.385446E-06  1.000000E+00  2.402162E-03  2.616527E-24  5.213249E-19   5.000000E-01 NotAppl  5.912999E+00  0.000000E+00  
1.246452E+01  5.314735E+02  -5.311960E+02  1.439697E-02  1.000000E+00  1.563581E-01  3.425535E-29  7.178834E-09   9.031476E-72 LZ5Tmedian  1.989908E-03  1.825434E-01  
1.345899E+01  8.477252E-04  2.298490E-03  -1.858251E-05  1.000000E+00  1.153672E-03  5.853461E-35  1.027658E-14   5.000000E-01 NotAppl  3.109419E-09  4.816841E-07  
1.946158E+03  1.749633E-03  1.110878E-02  3.181132E-01  1.000000E+00  7.354526E-01  1.235363E-26  1.196799E-10   5.000000E-01 NotAppl  3.163593E-03  0.000000E+00  
9.912176E+02  7.483845E-01  -7.480671E-01  8.602954E-05  1.000000E+00  3.549980E-01  2.247901E-26  3.465332E-17   5.000000E-01 NotAppl  1.115048E-02  0.000000E+00  
2.093473E+03  5.493133E-01  2.492650E-01  -1.110919E-03  1.000000E+00  1.397211E+00  5.353680E-27  1.257927E-15   5.000000E-01 NotAppl  1.233755E-03  0.000000E+00  
9.392906E+01  1.185386E-04  2.390374E-01  -7.261251E-07  1.000000E+00  5.473555E-03  1.126398E-24  3.070955E-19   5.000000E-01 NotAppl  6.563141E+00  0.000000E+00  
4.384185E+03  2.521210E+01  -2.519688E+01  -7.007628E+00  1.000000E+00  1.803262E-02  3.064404E-25  1.111732E-08   1.060613E-11 LZ5Tmedian  3.745507E-02  0.000000E+00  
1.446557E+01  8.104186E-02  -8.036581E-02  3.614684E-08  1.000000E+00  1.892566E-03  2.264228E-40  3.370453E-20   5.000000E-01 NotAppl  1.106951E-14  1.815691E-12  
6.204905E+02  1.634255E-04  7.410597E-02  -1.929159E-02  1.000000E+00  1.495789E-01  5.586357E-26  4.536582E-12   5.000000E-01 NotAppl  4.494867E-02  0.000000E+00  
6.636823E+01  8.911760E-01  -8.771597E-01  2.296986E-01  1.000000E+00  5.287625E-03  4.769205E-25  6.252986E-08   0.000000E+00 XENON1T_2018  4.496818E+00  0.000000E+00  
3.455614E+03  6.837086E-04  4.908094E-02  -2.655239E-03  1.000000E+00  3.971986E+00  1.844350E-27  2.590207E-15   5.000000E-01 NotAppl  2.547370E-04  0.000000E+00  
1.195014E+01  1.245689E+01  -6.172125E+00  -1.394778E-05  1.000000E+00  7.669689E+01  3.166521E-35  7.321288E-15   5.000000E-01 NotAppl  1.931923E-09  1.620420E-07  
1.286509E+01  5.292069E-02  -4.818498E-02  2.386529E-02  1.000000E+00  1.402915E-03  9.514909E-29  1.853225E-08   2.844878E-206 LZ5Tmedian  5.327473E-03  1.899681E-01  
4.741384E+01  6.484875E-02  -6.311089E-02  -2.292275E-03  1.000000E+00  6.789205E-04  4.251441E-30  1.236461E-11   2.064022E-01 NotAppl  5.700579E-05  4.804691E-03  
1.694692E+02  3.891729E+02  -3.812820E+02  1.752821E-01  1.000000E+00  3.366051E-04  1.073703E-23  5.337625E-09   8.967833E-127 LZ5Tmedian  3.462472E+01  0.000000E+00  
2.282518E+02  4.535191E-04  6.752033E-02  -6.821601E-06  1.000000E+00  2.254231E-02  3.773517E-25  4.391586E-18   5.000000E-01 NotAppl  8.589013E-01  0.000000E+00  
5.846608E+01  1.735763E+00  -9.210950E-01  -1.265306E-10  1.000000E+00  4.594364E-03  1.497943E-43  2.457690E-26   5.000000E-01 NotAppl  1.616305E-18  7.752264E-18  
5.022154E+01  4.644089E+00  9.825070E+00  8.448078E-09  1.000000E+00  1.675268E-02  8.279804E-41  1.493684E-22   5.000000E-01 NotAppl  1.042842E-15  4.400838E-14  
4.117801E+01  4.886478E+02  -4.877571E+02  -2.198291E-07  1.000000E+00  2.584050E-04  2.212767E-38  1.515200E-19   5.000000E-01 NotAppl  3.428782E-13  5.159595E-11  
9.497143E+01  4.860892E+00  3.822374E+00  1.404157E-10  1.000000E+00  3.023222E-03  1.214136E-24  1.122685E-26   5.000000E-01 NotAppl  6.988520E+00  0.000000E+00  
1.330221E+02  2.448749E+02  2.381312E+02  1.142111E-02  1.000000E+00  4.779929E-04  6.285375E-24  3.722827E-11   8.191713E-02 LZ5Tmedian  2.554044E+01  0.000000E+00  
2.429799E+03  4.889317E-01  6.035652E+01  -1.417491E-07  1.000000E+00  4.855923E-03  9.781769E-25  1.511943E-23   5.000000E-01 NotAppl  1.967826E-01  0.000000E+00  
6.270289E+01  1.542111E-01  1.756395E+02  -1.147878E-09  1.000000E+00  4.503461E-03  4.567875E-39  1.753587E-24   5.000000E-01 NotAppl  4.563015E-14  0.000000E+00  
5.061759E+03  2.551104E-04  2.194697E+01  -5.613624E+00  1.000000E+00  2.693575E-02  2.392160E-25  5.326425E-09   2.781545E-05 LZ5Tmedian  2.395574E-02  0.000000E+00  
6.525926E+03  8.029698E+01  2.580977E+02  1.463301E-07  1.000000E+00  1.584173E-04  3.310493E-23  2.159478E-24   5.000000E-01 NotAppl  2.430879E+00  0.000000E+00  
5.126278E+01  6.284819E+01  4.395167E+02  4.412719E-07  1.000000E+00  5.224753E+03  2.647187E-37  3.908335E-19   5.000000E-01 NotAppl  3.263307E-12  1.591654E-10  
8.167134E+03  1.649595E-02  -1.138734E-02  -1.999808E-06  1.000000E+00  2.104936E+01  3.308448E-28  2.557031E-22   5.000000E-01 NotAppl  1.909688E-05  0.000000E+00  
8.505239E+03  1.109463E+01  2.557392E+02  1.336438E+00  1.000000E+00  2.766492E-04  1.906605E-23  1.051668E-10   5.000000E-01 NotAppl  1.072722E+00  0.000000E+00  
4.107795E+01  3.023437E-04  4.254276E-02  -6.672475E-01  1.000000E+00  1.538433E-04  2.009858E-25  1.402886E-06   0.000000E+00 XENON1T_2018  3.119740E+00  2.499426E-01  
2.612282E+02  9.700492E+02  -5.144876E+02  -1.009921E-03  1.000000E+00  8.918158E-05  3.759487E-23  7.300705E-14   5.000000E-01 NotAppl  7.471072E+01  0.000000E+00  
6.099228E+03  1.641566E-03  2.284883E-01  2.733927E-03  1.000000E+00  1.142062E+01  6.078945E-28  8.648330E-16   5.000000E-01 NotAppl  4.718101E-05  0.000000E+00  
2.014273E+03  4.837303E-04  3.389801E-01  -2.749165E-10  1.000000E+00  1.391789E+00  5.442400E-27  8.333301E-29   5.000000E-01 NotAppl  1.304341E-03  0.000000E+00  
3.215200E+03  7.449461E+00  -7.418065E+00  6.872885E-04  1.000000E+00  1.714979E-01  3.483932E-26  2.009722E-16   5.000000E-01 NotAppl  5.154851E-03  0.000000E+00  
1.750183E+03  2.479647E-04  2.464173E-02  2.827748E-01  1.000000E+00  6.601578E-01  1.359264E-26  1.174030E-10   5.000000E-01 NotAppl  3.868120E-03  0.000000E+00  
6.144520E+01  1.235538E+02  1.890931E+02  -4.329042E+00  1.000000E+00  2.170055E-05  1.568263E-22  2.599431E-05   0.000000E+00 XENON1T_2018  1.609077E+03  9.997955E-01  
2.903659E+03  5.999108E-04  5.693853E+02  -6.487011E-07  1.000000E+00  7.244037E-05  7.143102E-23  2.203128E-22   5.000000E-01 NotAppl  1.197493E+01  0.000000E+00  
6.389024E+02  8.024073E+00  -7.586445E+00  1.513922E-04  1.000000E+00  7.562942E-02  8.988048E-26  2.631745E-16   5.000000E-01 NotAppl  7.012655E-02  0.000000E+00  
3.878717E+01  8.931614E+01  -8.517237E+01  -2.138301E-04  1.000000E+00  2.376387E-03  1.780226E-32  1.619036E-13   5.000000E-01 NotAppl  2.943187E-07  4.519829E-05  
1.255065E+03  5.682651E-01  -5.603154E-01  -5.992118E-04  1.000000E+00  5.585470E-01  1.405469E-26  1.038593E-15   5.000000E-01 NotAppl  5.469219E-03  0.000000E+00  
4.776504E+03  4.242462E+01  -3.732667E+01  1.466957E-05  1.000000E+00  6.366937E-03  1.061471E-24  4.092633E-20   5.000000E-01 NotAppl  1.049485E-01  0.000000E+00  
3.936596E+02  3.069600E-01  -2.829951E-01  3.211198E-09  1.000000E+00  6.248465E-02  1.352520E-25  3.187749E-25   5.000000E-01 NotAppl  1.744697E-01  0.000000E+00  
8.330143E+01  9.201865E-03  -3.745859E-03  3.804716E-10  1.000000E+00  5.959414E-03  5.880525E-25  1.078364E-25   5.000000E-01 NotAppl  3.987803E+00  0.000000E+00  
6.081679E+02  1.307003E+02  -1.119205E+02  -3.268276E+00  1.000000E+00  6.756330E-04  6.204310E-24  1.356553E-07   0.000000E+00 XENON1T_2018  5.946244E+00  0.000000E+00  
8.823401E+01  1.504637E-02  4.382389E+01  1.344594E-10  1.000000E+00  4.495839E-03  7.475908E-25  1.197031E-26   5.000000E-01 NotAppl  4.728634E+00  0.000000E+00  
1.394191E+02  5.257366E+00  -4.571275E+00  -1.089207E-02  1.000000E+00  7.067416E-03  8.633292E-25  3.075105E-11   1.373428E-01 NotAppl  3.331834E+00  0.000000E+00  
3.108813E+01  6.632742E-01  -1.110152E-01  -3.927311E-02  1.000000E+00  2.786191E-03  4.079958E-28  8.557331E-09   0.000000E+00 LZ5Tmedian  8.532569E-03  2.324007E-01  
1.029908E+01  3.790808E-02  -2.887051E-02  -1.281100E-01  1.000000E+00  9.173274E-04  2.501138E-27  8.267600E-07   0.000000E+00 XENON1T_2018  1.817624E-01  2.473995E-01  
1.775076E+02  3.611007E+00  -3.610432E+00  1.423483E+00  1.000000E+00  3.884265E-04  2.462474E-23  3.201294E-07   0.000000E+00 XENON1T_2018  8.065478E+01  0.000000E+00  
3.046611E+01  6.522829E-03  3.779425E+01  -1.301404E-06  1.000000E+00  1.942224E-03  4.373684E-37  9.789364E-18   5.000000E-01 NotAppl  9.349616E-12  2.112398E-09  
1.810918E+03  4.065194E-03  6.243258E+00  1.785653E-08  1.000000E+00  2.979009E-01  1.718938E-26  4.367122E-25   5.000000E-01 NotAppl  4.643836E-03  0.000000E+00  
1.231311E+03  3.805190E+02  -2.380468E+02  3.332001E-04  1.000000E+00  5.615285E-05  6.637164E-23  3.339062E-16   5.000000E-01 NotAppl  2.630705E+01  0.000000E+00  
6.749196E+02  7.299516E-02  -7.205651E-02  -5.046362E-08  1.000000E+00  1.758307E-01  4.727563E-26  2.614082E-23   5.000000E-01 NotAppl  3.486069E-02  0.000000E+00  
5.762782E+03  1.097137E-03  1.988701E+00  -2.636070E-05  1.000000E+00  2.745773E+00  1.732702E-27  9.023094E-20   5.000000E-01 NotAppl  1.438220E-04  0.000000E+00  
2.119498E+02  2.052894E+00  -2.051877E+00  -1.220149E-07  1.000000E+00  1.808570E-02  4.360819E-25  1.635358E-21   5.000000E-01 NotAppl  1.072466E+00  0.000000E+00  
1.587845E+01  9.617462E+00  -9.016957E+00  -7.793777E-04  1.000000E+00  1.095224E-01  1.082203E-31  1.301820E-11   5.000000E-01 NotAppl  4.755379E-06  5.878221E-04  
5.514127E+03  2.062927E+00  9.673302E+01  -8.407089E-09  1.000000E+00  1.917434E-03  2.591721E-24  1.003848E-26   5.000000E-01 NotAppl  2.263988E-01  0.000000E+00  
1.525107E+01  1.174892E-02  -1.111043E-02  -8.833558E-05  1.000000E+00  1.532533E-03  1.373638E-33  1.812095E-13   5.000000E-01 NotAppl  6.320281E-08  1.080909E-05  
1.330406E+03  7.074335E-01  4.431041E+02  4.337841E-03  1.000000E+00  1.361951E-04  3.741026E-23  4.832661E-14   5.000000E-01 NotAppl  1.396165E+01  0.000000E+00  
3.854565E+01  2.343925E+01  5.605650E+01  -4.311183E+00  1.000000E+00  9.256353E-04  3.262794E-24  6.665392E-05   0.000000E+00 XENON1T_2018  5.059031E+01  7.612901E-01  
1.016627E+02  5.762730E-03  1.196050E+00  6.656245E-02  1.000000E+00  4.523475E-03  1.791015E-24  2.194205E-09   1.840049E-80 LZ5Tmedian  9.580764E+00  0.000000E+00  
3.892696E+03  6.697682E-01  -2.736336E-01  -3.259175E-06  1.000000E+00  4.063473E+00  1.760976E-27  3.062705E-21   5.000000E-01 NotAppl  2.153939E-04  0.000000E+00  
2.639370E+01  1.656586E-02  -1.641224E-02  1.189894E+00  1.000000E+00  2.909420E-03  3.032528E-25  1.093990E-05   0.000000E+00 XENON1T_2018  7.615278E+00  2.499761E-01  
4.025459E+01  2.546482E-04  2.777044E-03  9.553335E+00  1.000000E+00  5.788292E-05  1.579710E-25  2.996689E-04   0.000000E+00 XENON1T_2018  1.950315E+00  2.500027E-01  
1.805848E+03  1.487133E-04  6.870098E-01  -3.863673E-01  1.000000E+00  5.505910E-01  1.689078E-26  2.056286E-10   3.228095E-01 NotAppl  4.706556E-03  0.000000E+00  
5.337597E+01  1.905741E+02  -1.876177E+02  -5.922694E-03  1.000000E+00  8.367636E-03  6.973069E-29  6.484170E-11   3.374848E-04 LZ5Tmedian  8.239119E-04  2.501484E-02  
6.552174E+02  8.861922E-02  5.089807E+02  -8.085372E-01  1.000000E+00  1.732592E-04  2.779467E-23  7.129455E-09   3.827295E-47 LZ5Tmedian  2.146137E+01  0.000000E+00  
1.908395E+03  2.301375E-04  1.349225E-01  -1.009467E-05  1.000000E+00  1.267721E+00  6.030497E-27  1.254247E-19   5.000000E-01 NotAppl  1.527369E-03  0.000000E+00  
3.737916E+03  7.996548E-02  2.525009E+01  3.369064E-06  1.000000E+00  2.646155E-02  1.736449E-25  3.554315E-21   5.000000E-01 NotAppl  2.249545E-02  0.000000E+00  
1.158004E+03  3.985652E-04  1.932806E-01  2.670147E-06  1.000000E+00  4.897325E-01  1.627959E-26  2.430384E-20   5.000000E-01 NotAppl  6.882934E-03  0.000000E+00  
2.531264E+02  3.652566E+00  -3.555014E+00  7.760553E-07  1.000000E+00  2.342757E-02  3.216487E-25  4.598352E-20   5.000000E-01 NotAppl  6.573274E-01  0.000000E+00  
7.865703E+01  6.436523E-03  -7.420941E-04  -6.040459E-07  1.000000E+00  7.281343E-03  1.618193E-37  3.056510E-19   5.000000E-01 NotAppl  1.290604E-12  0.000000E+00  
7.449271E+03  6.295772E-01  2.194727E+01  -1.099477E-02  1.000000E+00  3.412466E-02  1.375876E-25  9.317304E-15   5.000000E-01 NotAppl  8.853883E-03  0.000000E+00  
9.920354E+02  5.369513E+00  2.476789E+01  2.811628E+00  1.000000E+00  2.811978E-03  3.048834E-24  3.695169E-08   1.454812E-160 LZ5Tmedian  1.564518E+00  0.000000E+00  
5.163458E+01  6.197122E+02  -6.196765E+02  2.508574E-01  1.000000E+00  1.740708E-03  9.090858E-26  1.244619E-07   0.000000E+00 XENON1T_2018  1.115571E+00  4.952329E-01  
2.131043E+03  7.629352E+00  3.742735E+02  3.696405E-04  1.000000E+00  1.510886E-04  3.273096E-23  1.343113E-16   5.000000E-01 NotAppl  7.533906E+00  0.000000E+00  
1.066777E+02  9.883681E+00  -9.878159E+00  -1.057766E-02  1.000000E+00  4.856339E-03  1.211326E-24  5.020313E-11   1.750128E-02 LZ5Tmedian  6.165748E+00  0.000000E+00  
6.419358E+02  3.006969E-04  8.223961E+02  -1.151330E-10  1.000000E+00  1.022639E-04  4.994457E-23  1.507413E-28   5.000000E-01 NotAppl  3.934686E+01  0.000000E+00  
9.881142E+01  4.726387E+01  -4.657523E+01  -9.714538E-03  1.000000E+00  3.239686E-03  1.538633E-24  4.954354E-11   1.444976E-02 LZ5Tmedian  8.519244E+00  0.000000E+00  
6.885024E+01  2.154980E+01  -2.148482E+01  -4.184003E-01  1.000000E+00  6.885861E-03  5.684341E-25  1.924852E-07   0.000000E+00 XENON1T_2018  5.191248E+00  0.000000E+00  
1.135582E+02  1.252411E-02  8.221577E+01  2.523499E-07  1.000000E+00  3.713346E-03  1.530899E-24  2.513690E-20   5.000000E-01 NotAppl  7.228358E+00  0.000000E+00  
1.254554E+03  2.804128E-01  -2.803013E-01  1.322986E-02  1.000000E+00  5.651697E-01  1.400911E-26  5.067063E-13   5.000000E-01 NotAppl  5.454539E-03  0.000000E+00  
6.479274E+02  7.538183E+02  -7.536727E+02  1.879784E-02  1.000000E+00  7.232936E-05  1.012546E-22  3.942780E-12   5.000000E-01 NotAppl  7.788897E+01  0.000000E+00  
3.500411E+01  1.536276E-01  5.524135E+01  2.473675E-07  1.000000E+00  6.822645E-04  1.926906E-38  2.668921E-19   5.000000E-01 NotAppl  3.551837E-13  7.238952E-11  
3.007310E+03  3.205596E-01  -3.198774E-01  3.713736E-04  1.000000E+00  2.937136E+00  2.494681E-27  6.723032E-17   5.000000E-01 NotAppl  3.969744E-04  0.000000E+00  
3.433887E+03  3.762902E+00  -3.730226E+00  7.455059E-03  1.000000E+00  5.748747E-01  1.036106E-26  2.068251E-14   5.000000E-01 NotAppl  1.434331E-03  0.000000E+00  
5.030355E+01  1.555431E+00  -1.555303E+00  2.930833E-07  1.000000E+00  1.486495E-03  1.008522E-37  1.791764E-19   5.000000E-01 NotAppl  1.268005E-12  6.956235E-11  
9.416413E+01  2.809050E+01  1.699791E+01  -3.976961E-06  1.000000E+00  2.082684E-03  1.380599E-24  9.164912E-18   5.000000E-01 NotAppl  8.032785E+00  0.000000E+00  
4.346506E+02  3.521220E+02  -3.520582E+02  4.650508E-02  1.000000E+00  2.312345E-04  3.035274E-23  5.459180E-11   2.946043E-01 NotAppl  3.538901E+01  0.000000E+00  
2.873413E+01  1.799366E-03  3.237395E-03  6.823228E-07  1.000000E+00  2.779202E-03  1.129473E-37  3.029510E-18   5.000000E-01 NotAppl  2.576768E-12  5.905843E-10  
4.518045E+02  3.939866E+01  4.885252E+01  8.141169E-09  1.000000E+00  1.309494E-03  2.590930E-24  1.545647E-24   5.000000E-01 NotAppl  2.914951E+00  0.000000E+00  
2.187422E+02  4.095571E-01  6.145109E+01  -2.480581E-02  1.000000E+00  4.810237E-03  1.060938E-24  6.336108E-11   6.528223E-02 LZ5Tmedian  2.512782E+00  0.000000E+00  
4.256640E+02  1.895854E-04  3.399571E-02  -2.014244E-09  1.000000E+00  7.304496E-02  1.162157E-25  1.068844E-25   5.000000E-01 NotAppl  1.381773E-01  0.000000E+00  
1.075163E+03  1.517204E+02  3.814644E+01  -2.282792E-08  1.000000E+00  1.774265E-04  1.975796E-23  2.066904E-24   5.000000E-01 NotAppl  9.066972E+00  0.000000E+00  
8.814283E+01  1.646260E-04  9.510427E-04  -2.077015E-10  1.000000E+00  5.820819E-03  7.463216E-25  2.862348E-26   5.000000E-01 NotAppl  4.725529E+00  0.000000E+00  
6.498415E+03  1.200288E+02  -1.200260E+02  1.817227E-01  1.000000E+00  8.460562E-04  8.411737E-24  3.359137E-12   5.000000E-01 NotAppl  6.085575E-01  0.000000E+00  
4.678605E+02  1.339430E+01  -1.031938E+01  2.723958E-06  1.000000E+00  2.962074E-02  2.002707E-25  1.611070E-19   5.000000E-01 NotAppl  2.160640E-01  0.000000E+00  
2.782616E+03  9.314685E+01  1.789445E+02  -1.754461E-03  1.000000E+00  1.890617E-04  2.303445E-23  1.757455E-15   5.000000E-01 NotAppl  4.015380E+00  0.000000E+00  
1.114701E+03  1.978312E-03  7.719751E+00  1.510742E-02  1.000000E+00  1.660520E-01  3.441302E-26  8.409300E-13   5.000000E-01 NotAppl  1.526233E-02  0.000000E+00  
2.820991E+03  1.123696E+01  -8.804848E+00  -1.863938E-08  1.000000E+00  8.287909E-02  7.857912E-26  1.929075E-25   5.000000E-01 NotAppl  1.329237E-02  0.000000E+00  
3.333690E+03  1.590338E-04  4.425746E-03  1.545243E-02  1.000000E+00  3.700679E+00  1.986485E-27  9.437685E-14   5.000000E-01 NotAppl  2.846327E-04  0.000000E+00  
6.288804E+01  3.144691E+02  -3.125172E+02  1.580943E-09  1.000000E+00  1.395190E-02  2.361692E-39  3.306395E-24   5.000000E-01 NotAppl  2.352655E-14  0.000000E+00  
2.312407E+02  1.649644E-04  7.760072E+01  6.436481E-06  1.000000E+00  3.616011E-03  1.405587E-24  3.806885E-18   5.000000E-01 NotAppl  3.141505E+00  0.000000E+00  
5.417871E+01  2.367956E+02  -2.367849E+02  1.204100E-04  1.000000E+00  3.026062E-03  3.418119E-32  2.599695E-14   5.000000E-01 NotAppl  3.989664E-07  1.032796E-05  
7.003903E+03  8.388510E+01  -6.923612E+01  6.260988E-01  1.000000E+00  1.646325E-03  4.306594E-24  3.424483E-11   5.000000E-01 NotAppl  2.888923E-01  0.000000E+00  
2.783593E+02  1.755681E-01  1.751407E+00  -8.899288E-09  1.000000E+00  3.081077E-02  2.632102E-25  4.977375E-24   5.000000E-01 NotAppl  4.869683E-01  0.000000E+00  
2.854855E+03  4.401039E+02  -4.401011E+02  2.171326E+00  1.000000E+00  7.243083E-05  1.030199E-22  2.554973E-09   1.355196E-04 LZ5Tmedian  1.720604E+01  0.000000E+00  
7.101625E+03  1.796139E-02  1.189675E+02  5.759534E-02  1.000000E+00  1.327754E-03  3.767519E-24  2.817464E-13   5.000000E-01 NotAppl  2.545219E-01  0.000000E+00  
8.526293E+03  1.337981E-04  6.196997E+01  -1.788893E-09  1.000000E+00  4.744832E-03  1.029873E-24  1.874860E-28   5.000000E-01 NotAppl  5.780558E-02  0.000000E+00  
6.220329E+01  2.757873E-04  -1.273740E-04  3.124141E-08  1.000000E+00  4.580199E-03  1.594223E-36  1.320346E-21   5.000000E-01 NotAppl  1.614146E-11  1.356901E-13  
5.393254E+02  3.315701E-01  -3.312456E-01  -4.425279E-09  1.000000E+00  1.139188E-01  7.344514E-26  3.179375E-25   5.000000E-01 NotAppl  6.830738E-02  0.000000E+00  
7.778840E+03  3.780413E+01  -3.584591E+01  8.991901E-01  1.000000E+00  7.603910E-03  9.220689E-25  5.707294E-11   5.000000E-01 NotAppl  5.561607E-02  0.000000E+00  
2.349697E+03  5.754930E-02  9.496450E+01  8.946583E-06  1.000000E+00  2.047838E-03  2.343175E-24  6.448514E-20   5.000000E-01 NotAppl  4.878815E-01  0.000000E+00  
2.404537E+03  4.241481E+02  -3.987153E+02  -4.090803E-05  1.000000E+00  6.645717E-05  8.861549E-23  1.286340E-18   5.000000E-01 NotAppl  1.763786E+01  0.000000E+00  
5.079187E+02  2.949000E+00  -2.450574E+00  1.060231E-05  1.000000E+00  8.825983E-02  8.778367E-26  2.063213E-18   5.000000E-01 NotAppl  8.688972E-02  0.000000E+00  
8.439174E+02  4.213082E+00  -3.778015E+00  2.326202E-08  1.000000E+00  1.776583E-01  4.087690E-26  3.518861E-24   5.000000E-01 NotAppl  2.392341E-02  0.000000E+00  
1.736850E+03  5.095162E-03  1.062712E+01  -1.414145E-04  1.000000E+00  1.259919E-01  3.758188E-26  2.982323E-17   5.000000E-01 NotAppl  1.063261E-02  0.000000E+00  
4.010146E+03  3.039631E+01  -3.036530E+01  8.897319E-07  1.000000E+00  1.196575E-02  5.427832E-25  2.148560E-22   5.000000E-01 NotAppl  6.409976E-02  0.000000E+00  
6.059938E+01  7.911594E-03  1.875089E+01  8.763515E-08  1.000000E+00  3.937447E-03  3.131671E-37  1.095811E-20   5.000000E-01 NotAppl  3.241088E-12  2.684829E-12  
4.077528E+01  2.287303E+02  -2.287272E+02  -1.865850E-04  1.000000E+00  3.824511E-04  1.548440E-32  1.113613E-13   5.000000E-01 NotAppl  2.428887E-07  3.769730E-05  
1.490756E+03  6.454173E-01  -6.425317E-01  -2.205320E+00  1.000000E+00  2.193612E-02  5.452615E-25  9.903524E-09   2.439147E-29 LZ5Tmedian  1.898687E-01  0.000000E+00  
9.916942E+02  1.834774E+02  -1.818674E+02  1.497372E-04  1.000000E+00  4.206255E-04  1.628267E-23  1.048776E-16   5.000000E-01 NotAppl  8.054261E+00  0.000000E+00  
2.807809E+03  3.333368E+02  -2.899944E+02  1.845378E-02  1.000000E+00  9.211918E-05  5.860081E-23  1.908968E-13   5.000000E-01 NotAppl  9.955827E+00  0.000000E+00  
1.239445E+02  6.509109E-02  4.883317E-01  5.134806E-01  1.000000E+00  1.922281E-03  5.718994E-24  8.698295E-08   0.000000E+00 XENON1T_2018  2.494924E+01  0.000000E+00  
4.799964E+03  7.380962E+02  -7.380950E+02  -1.136379E-09  1.000000E+00  2.789553E-05  2.746523E-22  2.431574E-28   5.000000E-01 NotAppl  2.701541E+01  0.000000E+00  
1.838294E+02  8.988486E+01  -8.988476E+01  1.224917E-01  1.000000E+00  1.684176E-03  3.738956E-24  2.206404E-09   3.820919E-49 LZ5Tmedian  1.078844E+01  0.000000E+00  
5.290948E+02  3.324412E-02  5.946423E-03  5.525447E-04  1.000000E+00  1.105752E-01  7.616536E-26  5.154687E-15   5.000000E-01 NotAppl  7.225735E-02  0.000000E+00  
8.556777E+01  1.380466E-01  2.201983E-01  9.377976E-04  1.000000E+00  5.713170E-03  6.994619E-25  6.200833E-13   5.000000E-01 NotAppl  4.563470E+00  0.000000E+00  
1.612133E+01  1.244678E+01  -1.153544E+01  -7.635647E-08  1.000000E+00  1.376084E-01  1.043487E-39  1.212297E-19   5.000000E-01 NotAppl  4.506794E-14  4.199888E-12  
8.941135E+01  4.695830E-03  4.442229E+00  3.553657E+00  1.000000E+00  4.469202E-05  2.355267E-22  8.137227E-06   0.000000E+00 XENON1T_2018  1.470928E+03  0.000000E+00  
4.368681E+02  1.656514E+01  3.655368E+02  2.085756E-06  1.000000E+00  2.458266E-04  1.553075E-23  1.086756E-19   5.000000E-01 NotAppl  1.813057E+01  0.000000E+00  
1.284706E+01  7.169261E-04  4.321661E-03  2.176979E-02  1.000000E+00  1.056625E-03  7.913647E-29  1.546344E-08   2.169570E-171 LZ5Tmedian  4.438140E-03  1.814836E-01  
1.614862E+01  2.025229E+00  -2.024556E+00  -2.407635E-06  1.000000E+00  6.488811E-02  1.037996E-36  1.201252E-16   5.000000E-01 NotAppl  4.474451E-11  7.878230E-09  
1.561430E+03  1.795648E+01  6.682687E+01  1.931097E-03  1.000000E+00  2.414470E-03  2.032051E-24  6.909365E-15   5.000000E-01 NotAppl  6.420344E-01  0.000000E+00  
2.768145E+02  1.433292E-02  3.955332E-02  -1.016254E-08  1.000000E+00  3.230074E-02  2.641082E-25  6.565138E-24   5.000000E-01 NotAppl  4.914775E-01  0.000000E+00  
9.054491E+02  3.505124E-02  5.384748E-02  2.339947E-08  1.000000E+00  3.074557E-01  2.648739E-26  3.083943E-24   5.000000E-01 NotAppl  1.442346E-02  0.000000E+00  
1.384425E+02  1.100424E+02  4.231351E+02  -1.592240E-04  1.000000E+00  6.038001E-04  4.978831E-24  6.666760E-15   5.000000E-01 NotAppl  1.928190E+01  0.000000E+00  
1.150604E+02  3.155126E-02  6.310169E+00  -2.369845E-06  1.000000E+00  5.822453E-03  1.146220E-24  2.157968E-18   5.000000E-01 NotAppl  5.382827E+00  0.000000E+00  
2.148073E+02  4.607360E+00  -4.607237E+00  -1.467048E-09  1.000000E+00  1.661811E-02  4.371837E-25  2.300161E-25   5.000000E-01 NotAppl  1.060546E+00  0.000000E+00  
1.712839E+02  1.132285E-02  9.918690E+01  -7.173005E-05  1.000000E+00  2.949649E-03  1.748947E-24  8.745689E-16   5.000000E-01 NotAppl  5.348409E+00  0.000000E+00  
3.605518E+02  1.486242E+01  6.146664E+01  -4.344594E-02  1.000000E+00  2.667168E-03  1.409939E-24  6.984461E-11   1.536036E-01 NotAppl  2.002109E+00  0.000000E+00  
1.170893E+01  8.519589E-01  -8.508585E-01  -4.525165E-01  1.000000E+00  2.392051E-02  3.306830E-26  8.021786E-06   0.000000E+00 XENON1T_2018  2.066503E+00  2.505160E-01  
1.237481E+02  5.911944E+01  -4.377134E+01  -3.962239E-09  1.000000E+00  1.588134E-03  1.943710E-24  5.196123E-24   5.000000E-01 NotAppl  8.540027E+00  0.000000E+00  
8.204493E+01  5.644462E+00  -5.316451E+00  1.076351E-07  1.000000E+00  7.396809E-03  4.841350E-25  8.903365E-21   5.000000E-01 NotAppl  3.363467E+00  0.000000E+00  
5.010887E+03  1.104355E-01  3.915208E+02  9.263107E+00  1.000000E+00  1.239201E-04  4.458703E-23  1.480408E-08   1.620875E-13 LZ5Tmedian  4.295113E+00  0.000000E+00  
1.392003E+01  1.857202E-02  -7.787495E-03  2.540350E-04  1.000000E+00  1.329952E-03  1.105416E-32  1.796608E-12   5.000000E-01 NotAppl  5.648991E-07  8.983234E-05  
2.939069E+03  9.216981E-02  -7.447154E-02  -4.569233E-07  1.000000E+00  2.901029E+00  2.552396E-27  1.066402E-22   5.000000E-01 NotAppl  4.158203E-04  0.000000E+00  
2.085467E+01  6.334600E+00  1.753884E+02  -2.696290E-09  1.000000E+00  1.456559E+00  1.425441E-42  9.029391E-23   5.000000E-01 NotAppl  4.617477E-17  7.665170E-15  
2.069946E+03  2.165930E+00  4.789150E+02  2.454308E+00  1.000000E+00  9.920232E-05  5.342108E-23  6.282736E-09   7.956212E-14 LZ5Tmedian  1.267110E+01  0.000000E+00  
1.993470E+01  5.281371E+01  -5.050486E+01  7.775641E-02  1.000000E+00  2.000923E-01  1.163146E-27  8.221327E-08   0.000000E+00 XENON1T_2018  3.959625E-02  4.557606E-01  
4.976491E+03  3.271735E-01  -3.221518E-01  -3.672365E-06  1.000000E+00  7.341051E+00  9.532216E-28  2.359618E-21   5.000000E-01 NotAppl  9.085006E-05  0.000000E+00  
5.246496E+01  1.662870E+02  -1.513651E+02  5.313641E-02  1.000000E+00  6.521631E-02  4.713079E-27  5.405584E-09   6.850953E-292 LZ5Tmedian  5.688135E-02  6.867666E-01  
9.207518E+01  2.962459E-02  -2.633524E-02  1.507839E-10  1.000000E+00  5.626801E-03  9.949864E-25  1.379445E-26   5.000000E-01 NotAppl  5.945884E+00  0.000000E+00  
4.449688E+02  1.747449E+01  -9.247940E+00  -1.109801E-10  1.000000E+00  1.708408E-02  2.937907E-25  2.963271E-28   5.000000E-01 NotAppl  3.341626E-01  0.000000E+00  
3.138564E+03  3.231592E-03  2.311160E+00  -1.031110E-02  1.000000E+00  1.522289E+00  3.622197E-27  4.751061E-14   5.000000E-01 NotAppl  5.553295E-04  0.000000E+00  
5.059294E+02  1.610695E+02  -1.604055E+02  2.384591E-05  1.000000E+00  6.308435E-04  1.066733E-23  1.052098E-17   5.000000E-01 NotAppl  1.060989E+01  0.000000E+00  
1.155577E+02  4.289692E-04  8.645071E+02  -1.748907E+00  1.000000E+00  3.081043E-04  2.659833E-23  1.164929E-06   0.000000E+00 XENON1T_2018  1.262633E+02  0.000000E+00  
1.651529E+02  7.251184E+01  -1.768635E+01  1.104426E-06  1.000000E+00  1.148759E-03  2.658121E-24  2.234153E-19   5.000000E-01 NotAppl  8.678209E+00  0.000000E+00  
6.905837E+02  1.841726E-01  1.089628E+01  1.580230E-09  1.000000E+00  7.600197E-02  7.785208E-26  2.445918E-26   5.000000E-01 NotAppl  5.642031E-02  0.000000E+00  
1.624035E+03  4.515626E-02  1.011656E+02  1.126653E-01  1.000000E+00  1.821772E-03  2.656083E-24  2.170715E-11   5.000000E-01 NotAppl  8.076493E-01  0.000000E+00  
3.854855E+03  7.924639E-03  -7.738582E-03  4.359326E-10  1.000000E+00  4.909371E+00  1.482288E-27  5.589320E-29   5.000000E-01 NotAppl  1.831886E-04  0.000000E+00  
1.999906E+03  2.369547E-04  4.110704E+02  -4.941444E-08  1.000000E+00  1.384550E-04  3.683685E-23  2.731854E-24   5.000000E-01 NotAppl  9.050032E+00  0.000000E+00  
2.000336E+02  4.688226E+00  -4.666008E+00  8.125485E-08  1.000000E+00  1.449464E-02  4.958985E-25  8.165476E-22   5.000000E-01 NotAppl  1.295974E+00  0.000000E+00  
6.298092E+01  6.522443E+01  -6.522391E+01  5.405164E+00  1.000000E+00  1.351583E-06  1.790840E-20  3.853291E-05   0.000000E+00 XENON1T_2018  1.786817E+05  0.000000E+00  
2.557836E+02  7.857931E+00  -7.733424E+00  -6.613814E-05  1.000000E+00  1.980152E-02  3.433257E-25  3.269120E-16   5.000000E-01 NotAppl  6.944751E-01  0.000000E+00  
4.502312E+02  3.073618E+02  -7.899031E+01  -1.057569E-06  1.000000E+00  1.030133E-04  3.402881E-23  2.626960E-20   5.000000E-01 NotAppl  3.830581E+01  0.000000E+00  
1.562436E+03  7.893356E-03  2.875496E+00  -2.098174E-02  1.000000E+00  5.978738E-01  1.094977E-26  8.145969E-13   5.000000E-01 NotAppl  3.415614E-03  0.000000E+00  
1.218356E+03  5.721908E-01  4.624255E+01  -2.228100E-01  1.000000E+00  8.456136E-03  5.228884E-25  1.525651E-10   2.894319E-01 NotAppl  2.136279E-01  0.000000E+00  
1.461677E+01  3.285717E-04  4.162475E-01  -3.042252E-05  1.000000E+00  8.934674E-04  1.608856E-34  2.338681E-14   5.000000E-01 NotAppl  7.771987E-09  1.285132E-06  
2.212549E+03  3.946125E+00  -3.926001E+00  -1.483844E-02  1.000000E+00  4.626306E-01  1.320945E-26  2.005040E-13   5.000000E-01 NotAppl  2.867612E-03  0.000000E+00  
8.211768E+01  2.941603E-02  9.511640E-02  9.301761E-05  1.000000E+00  5.973386E-03  4.868112E-25  6.637245E-15   5.000000E-01 NotAppl  3.376990E+00  0.000000E+00  
8.202488E+03  1.221508E-02  1.809051E-01  -6.008836E-03  1.000000E+00  2.019111E+01  3.368501E-28  2.288389E-15   5.000000E-01 NotAppl  1.936715E-05  0.000000E+00  
3.204429E+03  1.891125E+00  7.018307E+02  1.542526E-06  1.000000E+00  4.874759E-05  1.064403E-22  1.019269E-21   5.000000E-01 NotAppl  1.613385E+01  0.000000E+00  
1.600271E+03  1.490945E-03  2.647142E+02  7.676215E-02  1.000000E+00  3.128132E-04  1.602505E-23  1.038409E-11   5.000000E-01 NotAppl  4.947280E+00  0.000000E+00  
2.004733E+03  1.578171E+00  1.466104E+02  7.748554E+00  1.000000E+00  5.206488E-04  1.343668E-23  6.684327E-08   1.333447E-144 LZ5Tmedian  3.319787E+00  0.000000E+00  
1.380549E+02  2.901191E-04  3.354574E+00  -2.779132E+00  1.000000E+00  4.822523E-06  2.700963E-21  2.042736E-06   0.000000E+00 XENON1T_2018  1.230063E+04  0.000000E+00  
1.472771E+02  1.251764E-04  1.289773E-02  2.344559E-02  1.000000E+00  1.001126E-02  8.407070E-25  1.273342E-10   3.940153E-04 LZ5Tmedian  3.063506E+00  0.000000E+00  
3.420534E+03  4.170019E+01  -4.169993E+01  3.223030E-03  1.000000E+00  6.515498E-03  1.016597E-24  3.896484E-15   5.000000E-01 NotAppl  1.411582E-01  0.000000E+00  
1.988916E+03  1.110364E-03  1.023208E-02  -6.903128E-04  1.000000E+00  1.374452E+00  5.549233E-27  5.391603E-16   5.000000E-01 NotAppl  1.347186E-03  0.000000E+00  
1.053983E+03  2.259215E-01  3.331551E+01  1.832943E-10  1.000000E+00  1.501453E-02  3.129764E-25  1.387778E-28   5.000000E-01 NotAppl  1.481777E-01  0.000000E+00  
6.184838E+02  3.267313E-02  2.287992E+00  1.201812E-03  1.000000E+00  1.390553E-01  5.768141E-26  1.772315E-14   5.000000E-01 NotAppl  4.657134E-02  0.000000E+00  
6.930495E+02  1.024947E+02  -9.320662E+01  -1.760773E-04  1.000000E+00  1.001820E-03  5.295664E-24  3.014707E-16   5.000000E-01 NotAppl  3.795472E+00  0.000000E+00  
9.494025E+02  3.519173E+00  -2.338687E+00  1.956974E-05  1.000000E+00  2.319661E-01  3.176561E-26  1.958091E-18   5.000000E-01 NotAppl  1.646718E-02  0.000000E+00  
1.066382E+02  4.381722E+01  -4.380750E+01  2.092007E-09  1.000000E+00  3.454377E-03  1.669373E-24  1.965203E-24   5.000000E-01 NotAppl  8.542365E+00  0.000000E+00  
7.934117E+03  1.496928E-03  6.191254E-03  -1.084441E+00  1.000000E+00  2.068477E+00  4.884762E-27  7.974509E-11   5.000000E-01 NotAppl  3.054510E-04  0.000000E+00  
4.714162E+03  3.468558E+02  -3.468009E+02  -6.128777E-05  1.000000E+00  1.122431E-04  6.593457E-23  7.336979E-19   5.000000E-01 NotAppl  6.605532E+00  0.000000E+00  
1.762190E+02  8.775897E-03  1.574131E+02  2.084214E-02  1.000000E+00  1.853524E-03  2.668699E-24  6.966124E-11   2.580598E-02 LZ5Tmedian  7.899435E+00  0.000000E+00  
3.861442E+02  3.699860E+00  -1.683473E+00  -1.096025E+00  1.000000E+00  3.742858E-03  2.579799E-24  3.862983E-08   0.000000E+00 LZ5Tmedian  3.760682E+00  0.000000E+00  
3.533385E+01  1.924833E+02  -1.916215E+02  -2.813447E-01  1.000000E+00  3.857863E-03  2.534208E-26  3.387365E-07   0.000000E+00 XENON1T_2018  4.617640E-01  5.039460E-01  
1.348239E+01  5.618715E-04  4.515883E+00  -3.948982E-05  1.000000E+00  6.681177E-04  2.644914E-34  4.625047E-14   5.000000E-01 NotAppl  1.402530E-08  2.108421E-06  
2.264991E+03  1.137095E-02  5.441190E+00  1.232700E-04  1.000000E+00  4.032054E-01  1.229334E-26  1.319284E-17   5.000000E-01 NotAppl  2.642240E-03  0.000000E+00  
5.845828E+02  4.158364E+02  -4.155757E+02  7.703780E-04  1.000000E+00  1.517816E-04  4.711564E-23  8.171854E-15   5.000000E-01 NotAppl  4.030278E+01  0.000000E+00  
1.102652E+01  5.889719E-02  2.116502E+02  -6.054993E-06  1.000000E+00  6.116903E-04  5.774837E-36  1.615984E-15   5.000000E-01 NotAppl  3.873078E-10  5.154943E-08  
9.546268E+02  9.965609E-02  -9.924744E-02  2.171492E-03  1.000000E+00  3.397448E-01  2.386728E-26  2.384041E-14   5.000000E-01 NotAppl  1.230727E-02  0.000000E+00  
1.000321E+01  1.596974E-01  7.382258E-01  2.771664E-08  1.000000E+00  8.429831E-04  1.152257E-40  4.096380E-20   5.000000E-01 NotAppl  8.666198E-15  1.082544E-12  
1.867715E+02  1.731938E+00  -1.711796E+00  -1.818000E+00  1.000000E+00  9.128027E-05  1.309740E-22  4.704646E-07   0.000000E+00 XENON1T_2018  4.342181E+02  0.000000E+00  
3.264293E+03  1.307203E+02  -1.307165E+02  -1.622098E+00  1.000000E+00  7.972438E-04  8.647578E-24  1.085472E-09   3.648551E-02 LZ5Tmedian  1.259995E+00  0.000000E+00  
2.189121E+03  5.305779E-04  1.306901E+02  -8.376018E-10  1.000000E+00  1.114652E-03  4.342569E-24  6.528893E-28   5.000000E-01 NotAppl  9.722896E-01  0.000000E+00  
3.158199E+02  9.458057E-03  2.183044E-01  9.969761E-09  1.000000E+00  4.127183E-02  2.060393E-25  4.823618E-24   5.000000E-01 NotAppl  3.341980E-01  0.000000E+00  
5.535205E+03  2.779991E-04  1.863500E+00  5.266265E-07  1.000000E+00  2.948149E+00  1.657344E-27  3.908534E-23   5.000000E-01 NotAppl  1.431921E-04  0.000000E+00  
6.778022E+01  1.028772E-04  3.728427E+01  -1.599917E-04  1.000000E+00  4.902225E-03  1.219067E-31  2.906018E-14   5.000000E-01 NotAppl  1.123533E-06  0.000000E+00  
1.132398E+01  7.225545E-03  -5.688826E-03  7.892868E-07  1.000000E+00  9.050580E-04  9.925991E-38  2.606144E-17   5.000000E-01 NotAppl  6.450494E-12  8.751575E-10  
2.025870E+01  1.975215E-03  1.973007E-03  -4.970746E-03  1.000000E+00  2.290269E-03  4.785023E-30  3.252810E-10   6.072556E-12 LZ5Tmedian  1.600265E-04  2.945990E-02  
2.942650E+01  5.763487E-04  4.192432E+01  -1.395038E-06  1.000000E+00  2.006907E-03  4.836921E-37  1.206802E-17   5.000000E-01 NotAppl  1.075166E-11  2.452547E-09  
4.585307E+03  5.112815E-01  3.593271E+00  1.846236E+00  1.000000E+00  1.624419E-01  6.176209E-26  7.043988E-10   2.163108E-01 NotAppl  6.658208E-03  0.000000E+00  
3.328203E+03  9.289387E-03  9.487046E+02  -1.292405E-07  1.000000E+00  2.935015E-05  1.804570E-22  6.624073E-24   5.000000E-01 NotAppl  2.631559E+01  0.000000E+00  
1.011943E+02  1.243914E+01  -1.242932E+01  -1.843783E-04  1.000000E+00  4.314137E-03  1.335541E-24  1.699610E-14   5.000000E-01 NotAppl  7.187619E+00  0.000000E+00  
3.514548E+03  1.103797E-03  7.016713E+01  -2.867903E-05  1.000000E+00  3.675240E-03  1.304669E-24  2.919526E-19   5.000000E-01 NotAppl  1.799731E-01  0.000000E+00  
3.701443E+01  6.956379E-04  5.868924E+00  8.671990E-06  1.000000E+00  1.906423E-04  2.634937E-35  2.928470E-16   5.000000E-01 NotAppl  4.577372E-10  6.836777E-08  
1.389038E+02  1.038303E+00  -2.382392E-01  -4.378404E-04  1.000000E+00  8.281924E-03  8.710960E-25  5.006887E-14   5.000000E-01 NotAppl  3.372142E+00  0.000000E+00  
6.354909E+03  3.152567E-04  5.456419E-04  6.576722E-06  1.000000E+00  1.293441E+01  5.460018E-28  4.603999E-21   5.000000E-01 NotAppl  4.063279E-05  0.000000E+00  
1.587048E+01  1.093982E-01  1.070477E+01  5.423870E-01  1.000000E+00  1.237255E-03  5.231448E-26  6.311142E-06   0.000000E+00 XENON1T_2018  2.300806E+00  2.504886E-01  
1.013885E+01  6.173668E-02  1.885196E+00  6.698357E-05  1.000000E+00  5.475812E-04  6.780558E-34  2.330478E-13   5.000000E-01 NotAppl  5.018697E-08  6.302991E-06  
3.524709E+01  8.843744E-04  5.626720E+00  -4.864902E-09  1.000000E+00  6.079196E-04  7.544535E-42  1.017889E-22   5.000000E-01 NotAppl  1.380463E-16  2.268642E-14  
3.344103E+01  2.811644E-03  5.429278E-03  -7.406207E-04  1.000000E+00  1.342224E-03  1.603263E-31  2.624827E-12   5.000000E-01 NotAppl  3.103230E-06  6.602317E-04  
1.471947E+03  4.552625E-03  -2.109841E-03  4.276661E-06  1.000000E+00  7.742586E-01  1.010240E-26  3.822087E-20   5.000000E-01 NotAppl  3.339094E-03  0.000000E+00  
2.547275E+03  3.177810E-03  2.759037E-01  -7.726307E-02  1.000000E+00  2.116764E+00  3.563788E-27  4.080194E-12   5.000000E-01 NotAppl  6.740766E-04  0.000000E+00  
6.176529E+03  1.040334E-04  4.850382E-03  -5.327860E-10  1.000000E+00  1.223848E+01  5.779766E-28  3.201465E-29   5.000000E-01 NotAppl  4.427176E-05  0.000000E+00  
2.405675E+01  3.628308E+00  -3.449291E+00  2.079533E+00  1.000000E+00  6.626146E-03  6.213197E-25  4.028951E-05   0.000000E+00 XENON1T_2018  1.731761E+01  2.529142E-01  
9.616086E+03  2.854464E+02  -2.854461E+02  2.174235E+00  1.000000E+00  1.570647E-04  4.783156E-23  2.169395E-10   5.000000E-01 NotAppl  2.327856E+00  0.000000E+00  
4.784131E+01  8.589585E+01  -8.589479E+01  5.504300E-03  1.000000E+00  4.297933E-04  2.575327E-29  7.000209E-11   1.343321E-04 LZ5Tmedian  3.420929E-04  2.638594E-02  
2.059561E+03  3.635783E-03  3.838479E+02  -3.426001E-05  1.000000E+00  1.549966E-04  3.278178E-23  1.236848E-18   5.000000E-01 NotAppl  7.814109E+00  0.000000E+00  
1.215662E+02  2.516920E+01  -1.459456E+01  -6.005771E-03  1.000000E+00  2.405739E-03  1.336884E-24  1.238152E-11   4.075729E-01 NotAppl  5.955392E+00  0.000000E+00  
3.777887E+02  3.081045E+01  -2.153850E+01  5.866610E-06  1.000000E+00  6.644473E-03  6.644172E-25  1.157441E-18   5.000000E-01 NotAppl  8.971286E-01  0.000000E+00  
2.122943E+03  1.839894E+02  -1.839890E+02  -9.615057E-04  1.000000E+00  3.904331E-04  1.827398E-23  9.158542E-16   5.000000E-01 NotAppl  4.132381E+00  0.000000E+00  
1.171167E+01  4.392859E-03  7.885123E-01  -9.636397E-01  1.000000E+00  5.525242E-04