MD1           DMP           DM3           l345          ld           Omegah2       sigV          protonSI      PvalDD        expName      CMB_ID        brH_DMDM      
2.047451E+01  2.459040E+02  -2.025943E+02  2.400409E-03  1.000000E+00  1.108825E+03  1.120793E-30  7.425950E-11   2.485108E-03 LZ5Tmedian  3.704677E-05  7.718790E-03  
1.165377E+01  2.334557E-02  2.825962E+01  -4.709372E-04  1.000000E+00  5.768062E-04  3.575188E-32  8.769214E-12   5.000000E-01 NotAppl  2.246432E-06  8.480274E-05  
2.638035E+02  2.534009E-03  4.818030E-01  -1.441210E-10  1.000000E+00  2.923007E-02  2.892278E-25  1.457196E-27   5.000000E-01 NotAppl  5.659588E-01  0.000000E+00  
2.089685E+01  5.768358E+00  -5.767999E+00  -6.379265E-09  1.000000E+00  3.913136E-02  7.986267E-42  5.033884E-22   5.000000E-01 NotAppl  2.581280E-16  4.467738E-14  
5.673010E+01  2.465015E+02  -2.210317E+02  -6.131565E+00  1.000000E+00  2.172286E-04  1.450726E-23  6.137375E-05   0.000000E+00 XENON1T_2018  1.615122E+02  9.999556E-01  
2.657431E+02  2.211293E-01  7.353665E+02  -8.759498E-08  1.000000E+00  3.756457E-04  1.245205E-23  5.302802E-22   5.000000E-01 NotAppl  2.412406E+01  0.000000E+00  
1.015878E+01  3.553720E+01  -3.553537E+01  3.234742E-02  1.000000E+00  2.146598E-01  1.582980E-28  5.414063E-08   9.350537E-224 LZ5Tmedian  1.169132E-02  6.287688E-02  
3.582605E+03  6.421507E+01  -6.421446E+01  4.268279E-05  1.000000E+00  2.842532E-03  2.392714E-24  6.219293E-19   5.000000E-01 NotAppl  3.169131E-01  0.000000E+00  
1.431229E+03  5.341261E-04  9.697784E+00  -1.492425E-06  1.000000E+00  1.388486E-01  3.589116E-26  4.928560E-21   5.000000E-01 NotAppl  1.236201E-02  0.000000E+00  
1.515112E+03  2.897284E-02  -2.871153E-02  9.486545E-04  1.000000E+00  8.179280E-01  9.539280E-27  1.773009E-15   5.000000E-01 NotAppl  3.060809E-03  0.000000E+00  
4.688084E+01  2.521530E-04  6.786346E-01  -1.893367E-01  1.000000E+00  6.507480E-04  2.733656E-26  8.632095E-08   0.000000E+00 XENON1T_2018  3.697831E-01  2.507500E-01  
3.839404E+02  1.974355E-01  -1.797205E-01  5.753225E-09  1.000000E+00  5.976160E-02  1.418632E-25  1.076939E-24   5.000000E-01 NotAppl  1.878174E-01  0.000000E+00  
5.835380E+02  3.795019E-01  4.680312E+02  -3.214075E-07  1.000000E+00  1.986792E-04  2.519638E-23  1.427622E-21   5.000000E-01 NotAppl  2.188208E+01  0.000000E+00  
1.512535E+03  2.207383E+00  -2.206288E+00  5.730227E-08  1.000000E+00  5.732391E-01  1.244051E-26  6.491517E-24   5.000000E-01 NotAppl  3.995411E-03  0.000000E+00  
9.571513E+02  7.934588E-01  -7.630609E-01  -6.653302E-02  1.000000E+00  3.299292E-01  2.427018E-26  2.226026E-11   5.000000E-01 NotAppl  1.252148E-02  0.000000E+00  
1.593714E+03  4.973810E-04  6.956486E-04  9.162224E-01  1.000000E+00  1.238692E-01  8.895204E-26  1.491804E-09   9.257692E-05 LZ5Tmedian  2.854483E-02  0.000000E+00  
2.313500E+03  1.323668E-04  5.509589E+02  -1.402378E-10  1.000000E+00  8.082321E-05  6.394062E-23  1.635340E-29   5.000000E-01 NotAppl  1.352788E+01  0.000000E+00  
2.625464E+03  1.109282E+02  -1.106833E+02  -1.255291E-06  1.000000E+00  1.001277E-03  6.959776E-24  1.012719E-21   5.000000E-01 NotAppl  1.266147E+00  0.000000E+00  
8.557661E+02  1.032722E+01  1.436675E+02  2.186826E-05  1.000000E+00  8.422244E-04  5.371120E-24  3.022525E-18   5.000000E-01 NotAppl  3.151565E+00  0.000000E+00  
4.057495E+01  1.842615E-02  -1.787415E-02  -6.074714E-09  1.000000E+00  9.282976E-05  1.618406E-41  1.192292E-22   5.000000E-01 NotAppl  2.551993E-16  4.009412E-14  
1.175448E+02  1.204916E-04  1.082656E+01  1.686749E-06  1.000000E+00  5.769361E-03  1.142437E-24  1.046374E-18   5.000000E-01 NotAppl  5.245336E+00  0.000000E+00  
3.663733E+02  1.315052E-01  1.120685E-01  4.287918E-08  1.000000E+00  5.438143E-02  1.552465E-25  6.584002E-23   5.000000E-01 NotAppl  2.157788E-01  0.000000E+00  
1.473406E+02  1.747575E-01  -1.684936E-01  6.104365E-02  1.000000E+00  9.256291E-03  9.454385E-25  8.624228E-10   8.920322E-24 LZ5Tmedian  3.449648E+00  0.000000E+00  
6.458483E+01  1.294253E-03  4.322888E+00  -1.415756E-07  1.000000E+00  4.503769E-03  6.403420E-37  2.511294E-20   5.000000E-01 NotAppl  6.203631E-12  0.000000E+00  
1.272493E+01  6.137874E-02  -6.127423E-02  -8.889690E+00  1.000000E+00  1.435843E-03  9.112283E-26  2.627626E-03   0.000000E+00 XENON1T_2018  5.098093E+00  2.500269E-01  
2.914227E+02  7.095294E-04  1.638700E-02  1.588040E-05  1.000000E+00  3.560821E-02  2.397699E-25  1.442854E-17   5.000000E-01 NotAppl  4.228730E-01  0.000000E+00  
2.775727E+02  4.532149E+02  -4.529691E+02  -1.930182E-03  1.000000E+00  2.958129E-04  2.222383E-23  2.355067E-13   5.000000E-01 NotAppl  4.152954E+01  0.000000E+00  
4.035937E+03  1.125978E+01  -1.125921E+01  -2.314120E-06  1.000000E+00  8.001611E-02  7.600415E-26  1.434622E-21   5.000000E-01 NotAppl  8.917662E-03  0.000000E+00  
1.100415E+02  1.560461E+01  8.905334E+01  1.091094E-09  1.000000E+00  1.761323E-03  1.723602E-24  5.012293E-25   5.000000E-01 NotAppl  8.426242E+00  0.000000E+00  
9.462070E+02  1.310534E+02  -1.310474E+02  8.109649E-04  1.000000E+00  8.016905E-04  8.731891E-24  3.385761E-15   5.000000E-01 NotAppl  4.533771E+00  0.000000E+00  
4.159042E+02  3.095524E-02  -3.080225E-02  1.049471E-07  1.000000E+00  6.989056E-02  1.215458E-25  3.042581E-22   5.000000E-01 NotAppl  1.480568E-01  0.000000E+00  
1.161979E+01  1.636930E-04  5.918433E-02  -7.450061E-04  1.000000E+00  7.772026E-04  8.936981E-32  2.207230E-11   5.000000E-01 NotAppl  5.634726E-06  7.766741E-04  
4.045940E+03  5.661296E+01  -5.554268E+01  -1.753991E-10  1.000000E+00  3.610939E-03  1.867711E-24  8.200379E-30   5.000000E-01 NotAppl  2.185823E-01  0.000000E+00  
5.174978E+01  3.582433E-03  1.609620E+01  -2.085726E-04  1.000000E+00  2.409112E-03  6.408207E-32  8.564928E-14   5.000000E-01 NotAppl  7.819920E-07  3.484124E-05  
2.641079E+01  7.100977E+00  -7.084586E+00  -1.845671E-07  1.000000E+00  1.788396E-02  7.675125E-39  2.628676E-19   5.000000E-01 NotAppl  1.921279E-13  2.924857E-11  
1.706738E+02  4.116832E+00  -4.115262E+00  -6.049658E+00  1.000000E+00  6.597377E-07  1.648217E-20  6.266567E-06   0.000000E+00 XENON1T_2018  6.080320E+04  0.000000E+00  
2.493481E+03  2.661851E-03  1.982018E-02  -1.606898E-02  1.000000E+00  2.116450E+00  3.544430E-27  1.843275E-13   5.000000E-01 NotAppl  6.828991E-04  0.000000E+00  
6.789388E+02  8.498303E+01  -5.769183E+01  -1.162618E-08  1.000000E+00  1.042405E-03  3.918389E-24  1.370780E-24   5.000000E-01 NotAppl  2.871115E+00  0.000000E+00  
1.599372E+02  1.351210E+02  -1.351209E+02  -3.320042E-08  1.000000E+00  1.559543E-03  3.837305E-24  2.156228E-22   5.000000E-01 NotAppl  1.309869E+01  0.000000E+00  
1.245631E+01  3.195204E-03  1.408644E-01  1.474589E-04  1.000000E+00  8.053197E-04  3.592802E-33  7.540813E-13   5.000000E-01 NotAppl  2.088268E-07  3.043127E-05  
1.194249E+01  2.591503E+02  -2.591443E+02  -1.215101E+00  1.000000E+00  2.211242E-02  2.372691E-25  5.563522E-05   0.000000E+00 XENON1T_2018  1.448948E+01  4.998861E-01  
4.490250E+02  1.860125E+01  -1.752468E+01  3.836850E-06  1.000000E+00  2.063450E-02  2.958853E-25  3.476712E-19   5.000000E-01 NotAppl  3.332321E-01  0.000000E+00  
4.661125E+02  4.403067E-01  1.758863E+00  6.373287E-07  1.000000E+00  8.086472E-02  9.910119E-26  8.887219E-21   5.000000E-01 NotAppl  1.072521E-01  0.000000E+00  
1.255928E+02  3.305614E-01  -3.283212E-01  4.028797E-05  1.000000E+00  7.902236E-03  1.002518E-24  5.211645E-16   5.000000E-01 NotAppl  4.299262E+00  0.000000E+00  
1.386747E+02  6.448951E-01  -5.950466E-01  5.406143E-05  1.000000E+00  9.066791E-03  8.702904E-25  7.659156E-16   5.000000E-01 NotAppl  3.374815E+00  0.000000E+00  
6.977848E+02  9.005752E-02  1.412340E+01  1.495285E-08  1.000000E+00  5.639585E-02  9.763789E-26  2.144092E-24   5.000000E-01 NotAppl  7.014358E-02  0.000000E+00  
7.774361E+01  4.369653E-04  1.903227E-04  -5.877335E-06  1.000000E+00  7.272138E-03  1.739515E-35  2.963542E-17   5.000000E-01 NotAppl  1.403873E-10  0.000000E+00  
1.236290E+01  5.132767E-04  1.502652E-03  1.132085E-01  1.000000E+00  9.971126E-04  2.112104E-27  4.511081E-07   0.000000E+00 XENON1T_2018  1.238747E-01  2.465598E-01  
6.445190E+02  1.380817E-03  2.404733E-02  -4.028874E-10  1.000000E+00  1.611447E-01  5.175022E-26  1.830777E-27   5.000000E-01 NotAppl  4.002236E-02  0.000000E+00  
1.170585E+03  1.342950E+00  -5.405908E-01  1.145013E-02  1.000000E+00  4.431298E-01  1.748553E-26  4.371692E-13   5.000000E-01 NotAppl  7.312080E-03  0.000000E+00  
1.592154E+01  6.937833E-03  1.728251E-03  -1.536059E-03  1.000000E+00  1.578544E-03  4.207060E-31  5.029512E-11   8.757930E-02 LZ5Tmedian  1.842321E-05  3.217623E-03  
2.477481E+03  2.957798E-04  4.126581E-05  -2.909572E-09  1.000000E+00  2.094001E+00  3.581694E-27  6.123014E-27   5.000000E-01 NotAppl  6.945154E-04  0.000000E+00  
6.595668E+01  6.560569E+01  -6.560195E+01  -1.580701E-06  1.000000E+00  1.133228E-02  2.846920E-35  2.999061E-18   5.000000E-01 NotAppl  2.699552E-10  0.000000E+00  
9.427335E+02  8.394951E-02  1.572335E-01  -1.856645E-10  1.000000E+00  3.310411E-01  2.447510E-26  1.788013E-28   5.000000E-01 NotAppl  1.278494E-02  0.000000E+00  
8.295010E+01  1.358103E-01  -1.337632E-01  -2.402114E-03  1.000000E+00  6.210615E-03  5.488598E-25  4.335802E-12   5.000000E-01 NotAppl  3.747010E+00  0.000000E+00  
5.332975E+01  2.374072E-02  -1.706034E-02  -2.747566E-08  1.000000E+00  2.627671E-03  1.487056E-39  1.397910E-21   5.000000E-01 NotAppl  1.764633E-14  5.623112E-13  
9.548058E+03  1.180131E+02  -1.177657E+02  -3.321892E-07  1.000000E+00  8.798124E-04  8.126275E-24  5.137557E-24   5.000000E-01 NotAppl  3.983311E-01  0.000000E+00  
2.595333E+01  2.999039E-04  5.120518E-02  4.213866E-04  1.000000E+00  2.786634E-03  3.947647E-32  1.419443E-12   5.000000E-01 NotAppl  1.006584E-06  2.305031E-04  
3.642903E+02  2.545323E-01  -1.467252E-01  4.064366E-01  1.000000E+00  2.162686E-02  4.959484E-25  5.984815E-09   9.420310E-70 LZ5Tmedian  7.195990E-01  0.000000E+00  
2.785139E+03  6.641404E-02  -5.547871E-02  -5.300240E-08  1.000000E+00  2.619185E+00  2.838548E-27  1.600982E-24   5.000000E-01 NotAppl  4.884550E-04  0.000000E+00  
8.852679E+01  1.701749E+00  5.653127E+00  6.270836E-08  1.000000E+00  4.739511E-03  7.610046E-25  2.585982E-21   5.000000E-01 NotAppl  4.797387E+00  0.000000E+00  
1.254771E+02  1.649107E+01  -1.506016E+01  9.989087E-05  1.000000E+00  4.202832E-03  1.165682E-24  3.209937E-15   5.000000E-01 NotAppl  5.018514E+00  0.000000E+00  
2.793466E+03  2.194084E+00  -2.116494E+00  -6.215485E-01  1.000000E+00  8.047304E-01  9.164863E-27  2.188294E-10   4.586277E-01 NotAppl  1.699068E-03  0.000000E+00  
1.580767E+03  1.167885E-01  5.117931E+02  -1.472764E-03  1.000000E+00  1.024615E-04  5.032079E-23  3.919209E-15   5.000000E-01 NotAppl  1.573150E+01  0.000000E+00  
4.809498E+02  3.061397E+00  -3.060470E+00  -1.757341E-06  1.000000E+00  8.067421E-02  9.734503E-26  6.337455E-20   5.000000E-01 NotAppl  1.019739E-01  0.000000E+00  
1.084386E+01  4.593983E+01  -1.255633E+01  1.504115E-09  1.000000E+00  2.758373E+06  3.536518E-43  1.030358E-22   5.000000E-01 NotAppl  2.418516E-17  1.732969E-16  
1.288895E+01  2.141749E+00  7.409810E+00  2.180079E-09  1.000000E+00  2.508340E-01  7.944748E-43  1.540811E-22   5.000000E-01 NotAppl  4.438729E-17  5.591369E-15  
7.892680E+03  4.864819E-04  1.172201E+02  9.446925E-03  1.000000E+00  1.370819E-03  3.657310E-24  6.116346E-15   5.000000E-01 NotAppl  2.219789E-01  0.000000E+00  
1.726776E+02  4.202122E-02  -1.593338E-02  -2.655132E-03  1.000000E+00  1.364264E-02  6.040683E-25  1.178556E-12   5.000000E-01 NotAppl  1.868251E+00  0.000000E+00  
5.088199E+01  8.079524E-01  -8.073332E-01  -2.911871E-03  1.000000E+00  1.852085E-03  1.085872E-29  1.727918E-11   1.148275E-01 NotAppl  1.348905E-04  6.935849E-03  
1.969229E+03  1.917531E+01  -1.915810E+01  -1.716881E-02  1.000000E+00  2.886872E-02  2.174183E-25  3.403371E-13   5.000000E-01 NotAppl  5.311564E-02  0.000000E+00  
1.305895E+03  2.527761E+02  -2.519773E+02  2.479297E-08  1.000000E+00  2.318964E-04  3.072614E-23  1.639718E-24   5.000000E-01 NotAppl  1.144604E+01  0.000000E+00  
9.852977E+02  5.221867E-01  7.099860E+01  7.832577E-08  1.000000E+00  3.628747E-03  1.300198E-24  2.907834E-23   5.000000E-01 NotAppl  6.601615E-01  0.000000E+00  
7.483078E+03  2.465597E-02  9.122687E-03  8.168376E-01  1.000000E+00  2.907536E+00  3.368204E-27  5.095591E-11   5.000000E-01 NotAppl  2.226340E-04  0.000000E+00  
1.814609E+01  4.592773E-03  3.941988E-03  -4.892086E-10  1.000000E+00  1.937386E-03  4.447624E-44  3.928947E-24   5.000000E-01 NotAppl  1.680994E-18  3.271377E-16  
7.118758E+03  4.665680E+00  -2.446693E+00  2.955424E-01  1.000000E+00  3.983541E-01  1.911752E-26  7.382392E-12   5.000000E-01 NotAppl  1.265767E-03  0.000000E+00  
7.912633E+01  6.321012E+01  -6.117073E+01  -1.116752E-02  1.000000E+00  1.598943E-02  5.193135E-29  1.032097E-10   3.208948E-05 LZ5Tmedian  4.115643E-04  0.000000E+00  
1.238132E+02  1.858015E-02  3.324625E+00  -1.008823E-01  1.000000E+00  7.741871E-03  7.520192E-25  3.364806E-09   4.671990E-105 LZ5Tmedian  3.276651E+00  0.000000E+00  
3.907740E+03  1.270357E+00  -1.242333E+00  3.842417E+00  1.000000E+00  4.535746E-02  2.580303E-25  4.223682E-09   2.107239E-05 LZ5Tmedian  3.303733E-02  0.000000E+00  
6.889482E+02  4.059254E+00  -4.045840E+00  2.075604E-05  1.000000E+00  1.357449E-01  5.504600E-26  4.240279E-18   5.000000E-01 NotAppl  3.972990E-02  0.000000E+00  
4.122205E+01  2.639804E-04  1.110969E+01  2.562130E-05  1.000000E+00  2.049238E-04  3.015945E-34  2.053797E-15   5.000000E-01 NotAppl  4.677477E-09  3.555097E-07  
2.241259E+03  1.052213E-01  -1.039308E-01  2.832187E-05  1.000000E+00  1.723871E+00  4.380427E-27  7.115165E-19   5.000000E-01 NotAppl  9.410092E-04  0.000000E+00  
1.145336E+01  8.447312E+00  -8.428678E+00  3.542457E-07  1.000000E+00  1.672603E-01  2.008894E-38  5.133919E-18   5.000000E-01 NotAppl  1.288437E-12  1.443220E-10  
1.471943E+01  9.926594E+02  -9.892888E+02  1.362231E+00  1.000000E+00  9.384164E-03  3.168587E-25  4.624281E-05   0.000000E+00 XENON1T_2018  1.517985E+01  5.023236E-01  
2.489016E+02  9.198887E-01  -5.626205E-01  -8.556115E-08  1.000000E+00  2.512028E-02  3.232268E-25  5.785542E-22   5.000000E-01 NotAppl  6.720856E-01  0.000000E+00  
2.566978E+02  9.863395E-02  2.980553E+02  -2.621182E-06  1.000000E+00  7.017969E-04  6.735329E-24  5.097383E-19   5.000000E-01 NotAppl  1.351749E+01  0.000000E+00  
1.678381E+02  7.104502E+02  -7.102791E+02  -1.139987E-05  1.000000E+00  5.973975E-04  9.848356E-24  2.302940E-17   5.000000E-01 NotAppl  3.208717E+01  0.000000E+00  
7.257571E+03  2.444960E+02  -7.066352E+01  3.067999E-07  1.000000E+00  1.280995E-04  4.209971E-23  7.649434E-24   5.000000E-01 NotAppl  2.734235E+00  0.000000E+00  
1.449720E+02  8.383817E-04  -6.985433E-04  2.749680E-02  1.000000E+00  9.675577E-03  8.741040E-25  1.808972E-10   1.248923E-05 LZ5Tmedian  3.238506E+00  0.000000E+00  
1.072515E+02  2.353571E+01  -2.412603E-01  -1.466510E-05  1.000000E+00  1.989541E-03  1.533623E-24  9.544342E-17   5.000000E-01 NotAppl  7.760790E+00  0.000000E+00  
1.159145E+03  1.546573E-01  -1.544789E-01  -9.478703E-08  1.000000E+00  4.906321E-01  1.625179E-26  3.056538E-23   5.000000E-01 NotAppl  6.864139E-03  0.000000E+00  
8.080577E+01  4.549538E+00  3.182985E+00  6.774599E-06  1.000000E+00  6.867207E-03  2.612040E-25  3.638626E-17   5.000000E-01 NotAppl  1.858886E+00  0.000000E+00  
1.995444E+01  2.817629E+00  -2.733348E+00  -2.587716E-02  1.000000E+00  4.133139E-02  1.288813E-28  9.087415E-09   2.299658E-306 LZ5Tmedian  4.382829E-03  2.229703E-01  
4.295758E+03  4.060826E-01  5.114004E+00  -8.048506E-04  1.000000E+00  4.892964E-01  9.499715E-27  1.528570E-16   5.000000E-01 NotAppl  1.066480E-03  0.000000E+00  
9.621062E+03  1.240376E-03  2.079514E+01  3.500473E-01  1.000000E+00  3.859776E-02  1.230946E-25  5.617237E-12   5.000000E-01 NotAppl  6.114535E-03  0.000000E+00  
3.808553E+02  3.241566E-02  2.755390E+00  -6.895589E-07  1.000000E+00  5.523641E-02  1.465086E-25  1.572830E-20   5.000000E-01 NotAppl  1.956214E-01  0.000000E+00  
2.061102E+01  7.447556E+02  -7.018911E+02  8.926069E-09  1.000000E+00  1.478073E+06  1.554191E-41  1.013209E-21   5.000000E-01 NotAppl  5.099788E-16  1.074761E-13  
1.681112E+01  1.263675E-01  7.917790E+01  2.373601E-03  1.000000E+00  1.413715E-03  1.021359E-30  1.077545E-10   2.614534E-03 LZ5Tmedian  4.206666E-05  7.560584E-03  
7.011059E+01  1.302584E+02  -1.302445E+02  -6.167256E-06  1.000000E+00  1.504570E-02  8.447794E-35  4.030040E-17   5.000000E-01 NotAppl  7.521475E-10  0.000000E+00  
1.633051E+01  1.104046E+00  4.526857E+02  -6.511256E-07  1.000000E+00  1.427587E-02  7.617595E-38  8.591789E-18   5.000000E-01 NotAppl  3.242203E-12  5.819898E-10  
5.448972E+02  1.584160E+01  -1.551014E+01  -2.179910E-02  1.000000E+00  3.098983E-02  2.025509E-25  7.554585E-12   5.000000E-01 NotAppl  1.864523E-01  0.000000E+00  
1.293302E+02  1.142428E+02  -1.142421E+02  5.621074E-09  1.000000E+00  2.091633E-03  2.799913E-24  9.553339E-24   5.000000E-01 NotAppl  1.184843E+01  0.000000E+00  
2.494828E+02  5.917350E-04  3.755070E-04  5.755097E-08  1.000000E+00  2.662295E-02  3.204532E-25  2.605082E-22   5.000000E-01 NotAppl  6.646754E-01  0.000000E+00  
9.002652E+01  2.619698E-02  7.185417E+00  -2.036782E-09  1.000000E+00  4.731793E-03  7.642790E-25  2.635796E-24   5.000000E-01 NotAppl  4.737208E+00  0.000000E+00  
1.240192E+02  1.257929E-01  8.865614E+02  -3.712566E-09  1.000000E+00  1.875432E-03  2.433319E-24  4.541493E-24   5.000000E-01 NotAppl  1.036607E+01  0.000000E+00  
1.923112E+02  1.555243E+01  -4.540318E+00  -2.461322E-05  1.000000E+00  5.393572E-03  6.858645E-25  8.121949E-17   5.000000E-01 NotAppl  1.870114E+00  0.000000E+00  
1.588152E+01  5.061349E+02  -5.061306E+02  1.813846E-07  1.000000E+00  8.034728E-02  5.861771E-39  7.048372E-19   5.000000E-01 NotAppl  2.575141E-13  4.546734E-11  
9.395579E+03  3.829530E+02  -3.829516E+02  -2.550281E+00  1.000000E+00  9.256850E-05  8.139943E-23  3.128653E-10   5.000000E-01 NotAppl  4.055465E+00  0.000000E+00  
9.165264E+01  1.031851E+00  -1.031603E+00  -1.905606E-01  1.000000E+00  1.027855E-02  1.592404E-25  2.224103E-08   0.000000E+00 XENON1T_2018  9.646090E-01  0.000000E+00  
8.352446E+01  2.866847E+01  -2.866636E+01  -2.216169E+00  1.000000E+00  9.469215E-05  6.947280E-23  3.638705E-06   0.000000E+00 XENON1T_2018  4.704669E+02  0.000000E+00  
8.400331E+01  3.634167E-02  1.187770E-02  -2.517877E-10  1.000000E+00  5.922157E-03  6.295268E-25  4.642190E-26   5.000000E-01 NotAppl  4.212450E+00  0.000000E+00  
3.784818E+02  1.260297E+01  1.538698E+01  -1.526924E-09  1.000000E+00  9.986896E-03  4.284430E-25  7.811422E-26   5.000000E-01 NotAppl  5.778162E-01  0.000000E+00  
6.378934E+01  1.558562E-02  -1.529880E-02  5.181069E-01  1.000000E+00  7.206367E-04  2.262462E-23  3.449424E-07   0.000000E+00 XENON1T_2018  2.225726E+02  0.000000E+00  
1.215697E+02  2.786825E-01  5.793816E+01  3.966194E-04  1.000000E+00  4.128590E-03  1.408401E-24  5.399560E-14   5.000000E-01 NotAppl  6.202083E+00  0.000000E+00  
2.036552E+03  8.086263E+01  -8.086100E+01  2.291747E-07  1.000000E+00  1.850560E-03  3.708097E-24  5.662598E-23   5.000000E-01 NotAppl  8.750694E-01  0.000000E+00  
1.123560E+01  8.566883E-04  -4.625103E-04  -3.019249E-09  1.000000E+00  8.543562E-04  1.447650E-42  3.872635E-22   5.000000E-01 NotAppl  9.497139E-17  1.280941E-14  
1.193506E+01  3.967126E-01  -7.890910E-02  -9.157139E-02  1.000000E+00  3.413952E-03  1.364188E-27  3.163562E-07   0.000000E+00 XENON1T_2018  8.336798E-02  2.462201E-01  
4.076601E+02  3.504164E+02  -3.497804E+02  9.850349E-09  1.000000E+00  2.406826E-04  2.805790E-23  2.792517E-24   5.000000E-01 NotAppl  3.499207E+01  0.000000E+00  
8.972067E+02  1.208120E+00  -9.188631E-01  -8.467763E-10  1.000000E+00  2.845861E-01  2.786355E-26  4.114727E-27   5.000000E-01 NotAppl  1.531583E-02  0.000000E+00  
1.357671E+02  3.512474E-04  1.084844E+00  -4.103278E-04  1.000000E+00  8.637394E-03  8.979834E-25  4.608220E-14   5.000000E-01 NotAppl  3.557530E+00  0.000000E+00  
3.381115E+01  6.246817E+02  -6.245511E+02  5.817995E-02  1.000000E+00  4.974798E-03  1.006269E-27  1.584010E-08   0.000000E+00 XENON1T_2018  1.924683E-02  4.435336E-01  
1.786003E+03  3.673777E-02  3.238595E+02  -1.979488E-04  1.000000E+00  2.150241E-04  2.345807E-23  5.520388E-17   5.000000E-01 NotAppl  6.471534E+00  0.000000E+00  
1.562366E+01  1.069897E+02  -1.069893E+02  -9.394252E-08  1.000000E+00  8.357268E-02  1.564693E-39  1.953313E-19   5.000000E-01 NotAppl  7.001286E-14  1.221020E-11  
5.053148E+03  5.148503E-04  2.216678E-03  -3.822587E-06  1.000000E+00  8.290584E+00  8.632078E-28  2.478376E-21   5.000000E-01 NotAppl  8.103488E-05  0.000000E+00  
1.443016E+02  4.660917E-04  9.957620E+02  -8.514395E-02  1.000000E+00  1.377856E-03  3.011664E-24  1.751063E-09   2.205846E-48 LZ5Tmedian  1.098222E+01  0.000000E+00  
1.787465E+01  6.448183E-03  1.692083E+02  -1.138528E-05  1.000000E+00  1.119454E-03  2.396731E-35  2.193167E-15   5.000000E-01 NotAppl  9.212735E-10  1.774282E-07  
2.971063E+02  7.219965E+01  -7.209653E+01  1.126268E-08  1.000000E+00  2.621124E-03  2.437335E-24  6.975984E-24   5.000000E-01 NotAppl  4.236959E+00  0.000000E+00  
4.806410E+01  6.416381E+00  -5.673869E+00  -5.588594E-05  1.000000E+00  7.221319E-04  2.726399E-33  7.148282E-15   5.000000E-01 NotAppl  3.604512E-08  1.671225E-06  
2.377467E+01  3.576686E-03  4.503229E-02  -4.519738E-02  1.000000E+00  2.660608E-03  4.283125E-28  1.949009E-08   0.000000E+00 XENON1T_2018  1.202957E-02  2.290404E-01  
9.167069E+02  6.184221E-04  1.657596E+02  1.359243E-04  1.000000E+00  7.973781E-04  6.143244E-24  1.014685E-16   5.000000E-01 NotAppl  3.359792E+00  0.000000E+00  
8.226695E+01  5.246982E-03  3.722776E+00  2.469087E-09  1.000000E+00  5.065845E-03  5.022078E-25  4.659232E-24   5.000000E-01 NotAppl  3.473814E+00  0.000000E+00  
2.481428E+02  5.275161E-02  -3.138448E-03  -3.500919E-10  1.000000E+00  2.628939E-02  3.237296E-25  9.747011E-27   5.000000E-01 NotAppl  6.752580E-01  0.000000E+00  
3.421832E+03  8.308763E+01  7.717518E+01  3.976859E-02  1.000000E+00  4.732950E-04  1.062326E-23  5.927743E-13   5.000000E-01 NotAppl  1.494136E+00  0.000000E+00  
1.654827E+01  3.292438E-01  -1.388184E-01  1.812070E-03  1.000000E+00  3.903550E-03  5.923750E-31  6.480797E-11   3.181688E-02 LZ5Tmedian  2.483700E-05  4.419796E-03  
9.398152E+03  1.814373E+01  1.305592E+02  -3.927355E+00  1.000000E+00  9.485252E-04  5.495133E-24  7.415497E-10   4.550138E-01 NotAppl  2.795151E-01  0.000000E+00  
1.013363E+03  1.593505E-04  1.818307E-04  5.888955E-01  1.000000E+00  1.034417E-01  1.040705E-25  1.552163E-09   2.665424E-07 LZ5Tmedian  5.290909E-02  0.000000E+00  
7.964152E+02  1.084239E+02  -1.084231E+02  6.865885E-09  1.000000E+00  1.154450E-03  5.983477E-24  3.450547E-25   5.000000E-01 NotAppl  3.712842E+00  0.000000E+00  
6.045645E+01  1.827152E+01  -1.749341E+01  -1.478955E-09  1.000000E+00  5.300676E-03  7.730674E-41  3.136042E-24   5.000000E-01 NotAppl  8.058432E-16  7.902300E-16  
6.546407E+02  2.705411E-01  4.611035E+02  2.636498E-02  1.000000E+00  1.858717E-04  2.719236E-23  7.594387E-12   5.000000E-01 NotAppl  2.099644E+01  0.000000E+00  
1.589835E+03  8.965945E-01  -8.890721E-01  1.246950E-08  1.000000E+00  8.291743E-01  9.142681E-27  2.776936E-25   5.000000E-01 NotAppl  2.791554E-03  0.000000E+00  
6.076502E+03  2.255858E-03  3.912426E+02  1.777344E-04  1.000000E+00  1.327248E-04  3.872308E-23  3.682954E-18   5.000000E-01 NotAppl  3.064647E+00  0.000000E+00  
5.183644E+03  2.226538E-01  1.289099E+00  2.446264E-10  1.000000E+00  3.851059E+00  1.466687E-27  9.637119E-30   5.000000E-01 NotAppl  1.350982E-04  0.000000E+00  
2.856024E+02  2.009676E+00  1.895723E+02  -8.253773E-01  1.000000E+00  9.628042E-04  4.845953E-24  4.062068E-08   0.000000E+00 LZ5Tmedian  9.375999E+00  0.000000E+00  
1.560827E+01  1.436648E+02  -1.399291E+02  5.984999E-05  1.000000E+00  2.430393E+00  6.349010E-34  7.943787E-14   5.000000E-01 NotAppl  2.844087E-08  4.822712E-06  
1.899619E+03  3.797907E-03  -3.669512E-03  -7.785205E-03  1.000000E+00  1.258414E+00  6.084222E-27  7.530401E-14   5.000000E-01 NotAppl  1.548308E-03  0.000000E+00  
2.203758E+03  1.310478E-01  -1.216221E-01  -1.331358E-03  1.000000E+00  1.667666E+00  4.532293E-27  1.627265E-15   5.000000E-01 NotAppl  9.905828E-04  0.000000E+00  
2.616553E+02  6.901245E+02  -6.130423E+02  4.497541E-02  1.000000E+00  1.236218E-04  2.717799E-23  1.443069E-10   5.217131E-03 LZ5Tmedian  5.403203E+01  0.000000E+00  
1.688353E+02  1.716457E-02  -1.001847E-02  2.008058E-07  1.000000E+00  1.311063E-02  6.304694E-25  7.059295E-21   5.000000E-01 NotAppl  1.995324E+00  0.000000E+00  
7.953465E+01  2.756384E-01  2.537589E+02  1.647384E-09  1.000000E+00  6.262314E-03  1.071879E-42  2.222439E-24   5.000000E-01 NotAppl  8.453325E-18  0.000000E+00  
2.815112E+03  6.836191E-03  8.544191E+02  5.090295E-01  1.000000E+00  3.658672E-05  1.445427E-22  1.444830E-10   5.000000E-01 NotAppl  2.501208E+01  0.000000E+00  
3.517876E+02  4.024855E-03  -3.453952E-03  -2.233287E+00  1.000000E+00  7.045078E-04  1.922560E-23  1.940882E-07   0.000000E+00 XENON1T_2018  3.176409E+01  0.000000E+00  
2.995061E+03  1.527275E-02  3.520751E-02  -9.376177E-07  1.000000E+00  3.014747E+00  2.453958E-27  4.321185E-22   5.000000E-01 NotAppl  3.921715E-04  0.000000E+00  
1.263194E+01  1.149817E+00  -1.126559E+00  -8.687437E+00  1.000000E+00  2.892424E-02  9.551417E-26  2.546017E-03   0.000000E+00 XENON1T_2018  5.520773E+00  2.505429E-01  
2.366742E+01  9.722967E-03  5.971471E-03  1.556461E-07  1.000000E+00  2.815080E-03  5.065995E-39  2.332499E-19   5.000000E-01 NotAppl  1.429850E-13  3.202803E-11  
6.946900E+02  6.735751E+00  2.289212E+01  -5.777969E-01  1.000000E+00  2.239018E-02  1.908452E-25  3.230656E-09   1.385350E-20 LZ5Tmedian  1.464381E-01  0.000000E+00  
4.751903E+03  2.617551E-02  -2.506160E-02  -9.251015E-02  1.000000E+00  6.937085E+00  1.059447E-27  1.644776E-12   5.000000E-01 NotAppl  1.063894E-04  0.000000E+00  
1.247225E+01  6.105015E-02  -6.084574E-02  1.651112E+00  1.000000E+00  1.363653E-03  3.846919E-25  9.430478E-05   0.000000E+00 XENON1T_2018  2.234983E+01  2.500008E-01  
9.026386E+03  5.737379E+02  -5.737331E+02  -6.360365E-10  1.000000E+00  4.208389E-05  1.823276E-22  2.111039E-29   5.000000E-01 NotAppl  9.459167E+00  0.000000E+00  
6.396032E+02  6.856216E-02  3.663385E+00  1.201404E-07  1.000000E+00  1.359918E-01  5.637148E-26  1.653643E-22   5.000000E-01 NotAppl  4.398581E-02  0.000000E+00  
8.764659E+02  2.840473E-04  8.860572E-01  9.951639E-06  1.000000E+00  2.833839E-01  2.846500E-26  5.961204E-19   5.000000E-01 NotAppl  1.603116E-02  0.000000E+00  
3.651003E+03  1.062445E+00  -1.061425E+00  1.396750E-09  1.000000E+00  2.855246E+00  2.318570E-27  6.408583E-28   5.000000E-01 NotAppl  3.023503E-04  0.000000E+00  
1.243577E+01  4.973778E-01  -3.572233E-01  3.287692E-06  1.000000E+00  6.292434E-03  1.784936E-36  3.760725E-16   5.000000E-01 NotAppl  1.039682E-10  1.512295E-08  
6.221144E+01  3.101897E-03  4.571330E+01  -7.667740E-07  1.000000E+00  4.153879E-03  1.015225E-33  7.951427E-19   5.000000E-01 NotAppl  1.027774E-08  8.060983E-11  
1.630841E+03  1.145698E-02  5.555771E-03  -2.090878E-03  1.000000E+00  9.411603E-01  8.238856E-27  7.412725E-15   5.000000E-01 NotAppl  2.451225E-03  0.000000E+00  
1.496848E+02  1.154047E+00  -1.153735E+00  5.297590E-05  1.000000E+00  1.008461E-02  7.740118E-25  6.288439E-16   5.000000E-01 NotAppl  2.772158E+00  0.000000E+00  
1.126765E+02  7.031779E+00  -5.784436E+00  1.551087E-03  1.000000E+00  4.285716E-03  1.213495E-24  9.649783E-13   5.000000E-01 NotAppl  5.833244E+00  0.000000E+00  
1.313665E+01  2.403478E+01  -2.403078E+01  2.815163E-06  1.000000E+00  1.242438E-01  1.333074E-36  2.474418E-16   5.000000E-01 NotAppl  7.285065E-11  2.256076E-09  
9.975798E+01  3.207982E-03  3.374307E+02  2.286252E-06  1.000000E+00  3.222063E-03  1.477302E-24  2.690939E-18   5.000000E-01 NotAppl  8.016362E+00  0.000000E+00  
1.070717E+02  2.137218E-04  1.843169E+00  -8.262880E-07  1.000000E+00  5.781255E-03  1.203616E-24  3.040415E-19   5.000000E-01 NotAppl  6.092942E+00  0.000000E+00  
7.719259E+03  1.678570E+02  -1.642942E+02  -3.498402E-01  1.000000E+00  4.430263E-04  1.615693E-23  8.775042E-12   5.000000E-01 NotAppl  9.818585E-01  0.000000E+00  
8.855652E+01  5.134906E+00  -4.998260E+00  7.865392E-03  1.000000E+00  5.971640E-03  8.368156E-25  4.065523E-11   2.302924E-02 LZ5Tmedian  5.273383E+00  0.000000E+00  
8.034129E+03  1.441897E+01  -1.434457E+01  -1.468898E-03  1.000000E+00  5.081766E-02  1.228904E-25  1.426348E-16   5.000000E-01 NotAppl  7.172159E-03  0.000000E+00  
1.555158E+01  1.414623E+00  -1.327195E+00  3.485282E-02  1.000000E+00  4.495407E-02  2.150793E-28  2.713448E-08   0.000000E+00 LZ5Tmedian  9.677878E-03  2.096215E-01  
2.979953E+03  2.401693E+00  8.729880E+02  -3.098466E-06  1.000000E+00  3.431050E-05  1.522065E-22  4.767770E-21   5.000000E-01 NotAppl  2.484784E+01  0.000000E+00  
1.459087E+02  5.057290E-04  1.536116E-01  5.970748E-08  1.000000E+00  1.013817E-02  8.020186E-25  8.417653E-22   5.000000E-01 NotAppl  2.949766E+00  0.000000E+00  
2.719760E+03  5.241811E+02  -5.241801E+02  4.492264E-08  1.000000E+00  5.655239E-05  1.328197E-22  1.207061E-24   5.000000E-01 NotAppl  2.330674E+01  0.000000E+00  
1.066114E+01  2.770403E+01  2.225983E+02  6.349542E-09  1.000000E+00  1.795149E+06  6.252049E-42  1.898285E-21   5.000000E-01 NotAppl  4.362587E-16  9.718900E-15  
7.862806E+02  9.520519E-02  2.022691E+02  -5.871433E+00  1.000000E+00  4.108225E-04  1.667560E-23  2.590264E-07   0.000000E+00 XENON1T_2018  1.178123E+01  0.000000E+00  
4.542165E+02  5.522079E-04  1.007488E+00  -2.437944E-06  1.000000E+00  8.123070E-02  1.028468E-25  1.371051E-19   5.000000E-01 NotAppl  1.143190E-01  0.000000E+00  
1.110395E+02  3.817289E+01  -3.817274E+01  -1.264773E-04  1.000000E+00  3.652362E-03  1.590747E-24  6.611500E-15   5.000000E-01 NotAppl  7.805152E+00  0.000000E+00  
1.989225E+02  1.252675E+01  -8.662932E+00  -9.600562E-03  1.000000E+00  8.356576E-03  5.669776E-25  1.153012E-11   5.000000E-01 NotAppl  1.492175E+00  0.000000E+00  
5.284004E+03  7.919271E+00  -1.622401E+00  -5.989070E-09  1.000000E+00  1.521808E-01  4.846840E-26  5.555581E-27   5.000000E-01 NotAppl  4.346270E-03  0.000000E+00  
6.027918E+03  2.570150E-04  3.746188E+02  4.715531E-05  1.000000E+00  1.441907E-04  3.558363E-23  2.635116E-19   5.000000E-01 NotAppl  2.839245E+00  0.000000E+00  
2.036619E+01  2.034868E-01  3.880266E+02  -4.593213E-05  1.000000E+00  2.175042E-03  4.094794E-34  2.748110E-14   5.000000E-01 NotAppl  1.361467E-08  2.848745E-06  
5.765349E+03  7.831958E-01  1.431264E+00  -6.579114E-05  1.000000E+00  2.493280E+00  2.349052E-27  5.615433E-19   5.000000E-01 NotAppl  1.945609E-04  0.000000E+00  
1.144771E+01  7.670998E+01  -7.669074E+01  -9.777225E-09  1.000000E+00  1.674378E-01  1.529977E-41  3.914642E-21   5.000000E-01 NotAppl  9.816749E-16  1.342950E-13  
4.396823E+03  2.185407E-01  2.311686E+02  -1.045101E-06  1.000000E+00  3.652018E-04  1.370779E-23  2.458285E-22   5.000000E-01 NotAppl  1.506385E+00  0.000000E+00  
8.027198E+02  1.282099E-01  -1.279239E-01  -2.667788E-05  1.000000E+00  2.443360E-01  3.360653E-26  5.126289E-18   5.000000E-01 NotAppl  2.071819E-02  0.000000E+00  
4.789663E+01  5.372352E-03  7.240246E-01  9.279135E-10  1.000000E+00  1.046684E-03  7.368101E-43  1.984721E-24   5.000000E-01 NotAppl  9.748911E-18  7.860733E-16  
1.595447E+01  7.616537E-03  8.322745E-01  9.985183E-08  1.000000E+00  9.863259E-04  1.778871E-39  2.116577E-19   5.000000E-01 NotAppl  7.774239E-14  1.375368E-11  
1.682765E+01  3.194538E+02  -2.559863E+02  4.319362E-06  1.000000E+00  4.758575E+06  3.383182E-36  3.561288E-16   5.000000E-01 NotAppl  1.391858E-10  2.567391E-08  
1.184624E+02  1.022506E+01  -1.021822E+01  2.282063E-02  1.000000E+00  4.708478E-03  1.292732E-24  1.885029E-10   8.660408E-07 LZ5Tmedian  5.908780E+00  0.000000E+00  
2.133393E+02  9.048385E-01  -9.002837E-01  1.309627E-09  1.000000E+00  1.927886E-02  4.279182E-25  1.858948E-25   5.000000E-01 NotAppl  1.045144E+00  0.000000E+00  
6.410709E+02  8.118712E+02  -8.112122E+02  2.413506E-07  1.000000E+00  6.702445E-05  1.069626E-22  6.642416E-22   5.000000E-01 NotAppl  8.320651E+01  0.000000E+00  
1.307683E+01  1.818962E+02  -1.811328E+02  4.583996E-10  1.000000E+00  2.221251E-01  3.529257E-44  6.620233E-24   5.000000E-01 NotAppl  1.938905E-18  2.934064E-16  
8.470425E+02  4.056913E+00  -4.036843E+00  2.185928E-03  1.000000E+00  1.824633E-01  4.003262E-26  3.083904E-14   5.000000E-01 NotAppl  2.334004E-02  0.000000E+00  
6.379888E+02  8.913668E-03  1.487617E+00  5.265079E+00  1.000000E+00  9.887176E-04  1.363510E-23  3.192396E-07   0.000000E+00 XENON1T_2018  1.084311E+01  0.000000E+00  
1.131170E+01  3.302201E+01  -2.622406E+01  1.578937E-05  1.000000E+00  1.744654E+02  3.970428E-35  1.045163E-14   5.000000E-01 NotAppl  2.583503E-09  3.902200E-08  
2.241625E+02  1.150078E+01  -1.150060E+01  -6.713298E-10  1.000000E+00  1.376172E-02  4.664073E-25  4.413738E-26   5.000000E-01 NotAppl  1.083624E+00  0.000000E+00  
2.618700E+01  1.061441E-02  -1.034169E-02  -3.357108E+00  1.000000E+00  2.642165E-03  5.733938E-25  8.847587E-05   0.000000E+00 XENON1T_2018  1.435651E+01  2.500079E-01  
1.286107E+02  1.164679E+01  7.916981E+01  -2.875605E-07  1.000000E+00  1.886926E-03  1.700372E-24  2.528957E-20   5.000000E-01 NotAppl  7.037207E+00  0.000000E+00  
5.417997E+03  9.322190E-01  6.435415E+02  2.974649E-02  1.000000E+00  5.259684E-05  9.931808E-23  1.302489E-13   5.000000E-01 NotAppl  8.831865E+00  0.000000E+00  
8.316674E+02  7.811543E+01  -7.811521E+01  -9.907361E-08  1.000000E+00  2.081758E-03  3.263552E-24  6.576462E-23   5.000000E-01 NotAppl  1.936416E+00  0.000000E+00  
1.176779E+01  6.023739E-03  -5.757469E-03  -7.520465E-05  1.000000E+00  9.618483E-04  9.151970E-34  2.193855E-13   5.000000E-01 NotAppl  5.685243E-08  7.934208E-06  
3.981226E+02  1.408143E-03  4.903696E-03  2.308049E-01  1.000000E+00  4.304381E-02  2.274930E-25  1.609241E-09   9.226198E-18 LZ5Tmedian  2.973039E-01  0.000000E+00  
9.931695E+01  9.408652E+00  -9.407687E+00  2.236396E-06  1.000000E+00  4.444679E-03  1.305164E-24  2.598348E-18   5.000000E-01 NotAppl  7.162543E+00  0.000000E+00  
1.961423E+01  2.240889E+01  -2.240821E+01  -3.772521E-03  1.000000E+00  4.692623E-02  2.720699E-30  1.999191E-10   2.952195E-07 LZ5Tmedian  9.430179E-05  3.853468E-03  
1.998765E+02  1.046619E+02  -1.046557E+02  -1.264838E-09  1.000000E+00  1.759805E-03  3.573212E-24  1.981765E-25   5.000000E-01 NotAppl  9.431089E+00  0.000000E+00  
1.198155E+01  2.109591E-04  3.926734E+02  -1.288602E-07  1.000000E+00  5.426319E-04  2.705425E-39  6.216853E-19   5.000000E-01 NotAppl  1.645846E-13  2.327940E-11  
4.396358E+01  4.902247E-04  5.736694E-01  8.666800E-02  1.000000E+00  1.230632E-04  4.302384E-27  2.061459E-08   0.000000E+00 XENON1T_2018  6.223582E-02  2.404945E-01  
1.635408E+01  4.562945E+01  6.404512E+02  -1.498516E-06  1.000000E+00  3.179931E+06  4.036200E-37  4.537616E-17   5.000000E-01 NotAppl  1.714981E-11  4.803573E-10  
3.044299E+03  4.217012E+00  -4.216584E+00  -4.058059E-10  1.000000E+00  4.621554E-01  1.285709E-26  7.830208E-29   5.000000E-01 NotAppl  2.012748E-03  0.000000E+00  
2.861337E+02  2.895974E-04  5.464241E+01  1.449672E-10  1.000000E+00  5.814147E-03  8.800069E-25  1.248328E-27   5.000000E-01 NotAppl  1.581597E+00  0.000000E+00  
3.351941E+02  1.852988E-04  1.325605E+02  -7.772878E-06  1.000000E+00  1.532414E-03  3.145119E-24  2.595551E-18   5.000000E-01 NotAppl  4.811170E+00  0.000000E+00  
8.403245E+03  3.413760E+01  -3.386446E+01  -3.317203E-01  1.000000E+00  9.834489E-03  6.629496E-25  6.639963E-12   5.000000E-01 NotAppl  3.697450E-02  0.000000E+00  
2.093878E+03  8.284988E-04  5.611355E+02  -2.947144E-06  1.000000E+00  8.054104E-05  6.423742E-23  8.849576E-21   5.000000E-01 NotAppl  1.505461E+01  0.000000E+00  
2.138236E+03  4.710283E-02  -4.391563E-02  6.495533E-03  1.000000E+00  1.576913E+00  4.810317E-27  4.119091E-14   5.000000E-01 NotAppl  1.084355E-03  0.000000E+00  
6.069253E+02  1.169434E+00  -1.129927E+00  1.110323E-04  1.000000E+00  1.385054E-01  5.908090E-26  1.572221E-16   5.000000E-01 NotAppl  4.862395E-02  0.000000E+00  
1.900041E+02  1.549090E-03  2.035019E+00  3.323562E-02  1.000000E+00  1.463194E-02  5.611793E-25  1.518005E-10   5.854685E-04 LZ5Tmedian  1.548379E+00  0.000000E+00  
7.774162E+02  1.906942E+01  2.998876E+01  -5.068418E-05  1.000000E+00  5.417160E-03  8.485515E-25  1.975416E-17   5.000000E-01 NotAppl  5.467918E-01  0.000000E+00  
5.924768E+01  2.278503E-01  -2.132753E-01  2.297887E-06  1.000000E+00  4.295212E-03  7.508074E-35  7.889081E-18   5.000000E-01 NotAppl  7.991686E-10  2.399634E-09  
3.340674E+01  4.516895E-01  4.226024E-02  1.447193E-01  1.000000E+00  1.343568E-03  6.113567E-27  1.004306E-07   0.000000E+00 XENON1T_2018  1.182594E-01  2.458870E-01  
6.337742E+03  2.559438E+02  -2.559406E+02  2.271718E-03  1.000000E+00  1.980363E-04  3.715069E-23  5.523471E-16   5.000000E-01 NotAppl  2.756739E+00  0.000000E+00  
5.951550E+03  1.591864E+01  -1.591303E+01  5.055810E-06  1.000000E+00  4.165200E-02  1.498933E-25  3.108662E-21   5.000000E-01 NotAppl  1.185460E-02  0.000000E+00  
2.502969E+03  1.133930E+01  -9.813848E+00  -4.444684E+00  1.000000E+00  1.945336E-02  4.953517E-25  1.399383E-08   7.065919E-25 LZ5Tmedian  1.046630E-01  0.000000E+00  
1.309057E+02  2.074054E-04  1.138226E+01  -1.125108E-04  1.000000E+00  6.751884E-03  9.990814E-25  3.733569E-15   5.000000E-01 NotAppl  4.100894E+00  0.000000E+00  
5.282418E+01  1.258485E-01  -1.256869E-01  -1.271612E-08  1.000000E+00  2.533278E-03  2.885962E-40  3.052996E-22   5.000000E-01 NotAppl  3.458710E-15  1.234136E-13  
1.900079E+02  1.181669E+01  -1.954463E+00  -3.143898E-01  1.000000E+00  3.924564E-03  1.009348E-24  1.358267E-08   5.897897E-290 LZ5Tmedian  3.066173E+00  0.000000E+00  
4.351113E+02  1.641839E+02  -1.358707E+02  -2.530516E-10  1.000000E+00  3.537016E-04  1.051308E-23  1.612885E-27   5.000000E-01 NotAppl  1.224510E+01  0.000000E+00  
2.202139E+02  6.309728E+00  2.243072E+01  -6.266097E+00  1.000000E+00  1.392484E-06  4.251637E-21  3.987888E-06   0.000000E+00 XENON1T_2018  1.210175E+04  0.000000E+00  
4.189927E+01  3.012956E-01  8.120457E+00  -1.077587E+00  1.000000E+00  3.119860E-04  5.371615E-25  3.514503E-06   0.000000E+00 XENON1T_2018  8.148563E+00  2.669296E-01  
1.034769E+03  1.743611E-03  5.024656E+02  -9.747896E-07  1.000000E+00  1.263578E-04  4.070359E-23  4.075236E-21   5.000000E-01 NotAppl  1.965994E+01  0.000000E+00  
3.328351E+02  2.780656E+00  4.069498E+01  1.081433E-08  1.000000E+00  7.668115E-03  6.257645E-25  5.097355E-24   5.000000E-01 NotAppl  9.633571E-01  0.000000E+00  
9.779260E+03  5.547249E+02  -3.219913E+02  1.233173E+00  1.000000E+00  2.737003E-05  1.873382E-22  6.744302E-11   5.000000E-01 NotAppl  8.978084E+00  0.000000E+00  
2.083879E+03  6.233849E-03  4.333401E+01  -1.547253E-10  1.000000E+00  9.317149E-03  5.014162E-25  2.463075E-29   5.000000E-01 NotAppl  1.180664E-01  0.000000E+00  
3.355650E+03  9.908215E+02  -9.824916E+02  4.638301E-03  1.000000E+00  1.697826E-05  4.258636E-22  8.390485E-15   5.000000E-01 NotAppl  6.029622E+01  0.000000E+00  
1.131049E+03  6.364839E+01  -6.364611E+01  -9.453050E-04  1.000000E+00  2.988723E-03  2.260497E-24  3.196097E-15   5.000000E-01 NotAppl  9.763976E-01  0.000000E+00  
2.079435E+01  2.619152E-04  4.791237E+01  -9.780995E-06  1.000000E+00  1.412825E-03  1.873388E-35  1.195140E-15   5.000000E-01 NotAppl  6.087835E-10  1.288712E-07  
3.329380E+01  9.882078E-01  -9.877911E-01  1.536830E-09  1.000000E+00  1.713460E-03  6.857593E-43  1.140375E-23   5.000000E-01 NotAppl  1.333642E-17  2.820271E-15  
6.612647E+01  6.830846E+02  -6.830843E+02  3.564663E-03  1.000000E+00  1.147383E-02  1.312225E-28  1.517202E-11   1.834136E-01 NotAppl  1.241055E-03  0.000000E+00  
9.247870E+03  4.917801E+02  -9.313515E+01  -3.851082E-05  1.000000E+00  2.595884E-05  1.764797E-22  7.367505E-20   5.000000E-01 NotAppl  8.978158E+00  0.000000E+00  
7.594885E+03  2.825754E+00  -2.470566E+00  -6.814805E-08  1.000000E+00  1.165291E+00  5.131424E-27  3.441488E-25   5.000000E-01 NotAppl  3.171748E-04  0.000000E+00  
4.096846E+01  2.712150E-02  -2.671703E-02  1.239166E-02  1.000000E+00  1.393860E-04  6.925886E-29  4.864796E-10   3.483667E-28 LZ5Tmedian  1.081124E-03  9.939552E-02  
1.453872E+03  3.376810E-01  3.667359E+01  1.741439E-04  1.000000E+00  1.261871E-02  3.704246E-25  6.499049E-17   5.000000E-01 NotAppl  1.261261E-01  0.000000E+00  
5.590394E+01  8.814392E+00  -8.813466E+00  3.519246E-03  1.000000E+00  3.990410E-03  4.515769E-29  2.083215E-11   8.018261E-02 LZ5Tmedian  5.102725E-04  7.788969E-03  
5.467250E+01  1.897086E+00  2.435634E+00  -5.442710E-02  1.000000E+00  5.360045E-03  7.831034E-27  5.214264E-09   1.918384E-277 LZ5Tmedian  9.019694E-02  3.190210E-01  
1.113844E+02  1.384931E-02  1.780690E+01  1.254758E-09  1.000000E+00  5.124489E-03  1.241997E-24  6.465958E-25   5.000000E-01 NotAppl  6.021041E+00  0.000000E+00  
5.939333E+01  5.812902E-03  1.412665E+01  1.166713E+00  1.000000E+00  3.130461E-04  1.710546E-23  2.023586E-06   0.000000E+00 XENON1T_2018  1.818737E+02  3.333432E-01  
9.549843E+03  6.093886E+02  -6.093817E+02  1.098938E-06  1.000000E+00  3.746111E-05  2.056405E-22  5.620399E-23   5.000000E-01 NotAppl  1.007795E+01  0.000000E+00  
9.899232E+03  4.037506E+01  8.552762E+01  4.626906E-07  1.000000E+00  1.215127E-03  5.185960E-24  9.262296E-24   5.000000E-01 NotAppl  2.493054E-01  0.000000E+00  
2.071890E+02  2.004947E-04  -1.097694E-05  -1.546673E-06  1.000000E+00  1.890555E-02  4.493867E-25  2.752970E-19   5.000000E-01 NotAppl  1.131604E+00  0.000000E+00  
1.503542E+03  5.745373E+01  8.217061E+02  -3.467147E-09  1.000000E+00  3.505823E-05  1.146024E-22  2.405626E-26   5.000000E-01 NotAppl  3.770534E+01  0.000000E+00  
2.283096E+03  1.443070E+01  -1.429844E+01  2.080453E-10  1.000000E+00  4.922262E-02  1.262625E-25  3.697398E-29   5.000000E-01 NotAppl  2.650673E-02  0.000000E+00  
4.338650E+02  3.626911E+01  -3.625984E+01  1.421487E-04  1.000000E+00  7.954477E-03  8.001465E-25  5.119411E-16   5.000000E-01 NotAppl  9.344681E-01  0.000000E+00  
3.876809E+01  8.395304E-03  4.931108E-01  8.013634E-07  1.000000E+00  4.078062E-05  2.497622E-37  2.276210E-18   5.000000E-01 NotAppl  4.131706E-12  7.181018E-10  
4.874345E+03  1.593702E-01  -1.581389E-01  -5.840707E-08  1.000000E+00  7.563921E+00  9.426407E-28  6.225777E-25   5.000000E-01 NotAppl  9.177742E-05  0.000000E+00  
2.930390E+02  2.775630E-03  8.774343E-03  4.105292E-02  1.000000E+00  3.500118E-02  2.479116E-25  9.533861E-11   4.420842E-02 LZ5Tmedian  4.354269E-01  0.000000E+00  
1.062983E+03  6.031317E-03  1.733920E+00  1.166502E-03  1.000000E+00  3.828332E-01  2.012146E-26  5.524034E-15   5.000000E-01 NotAppl  9.296182E-03  0.000000E+00  
1.727291E+03  1.499176E-01  -1.045865E-01  -7.762519E+00  1.000000E+00  2.464497E-03  5.323133E-24  9.087778E-08   1.478999E-227 LZ5Tmedian  1.603472E+00  0.000000E+00  
1.679677E+02  1.453530E+01  1.633483E+01  1.618876E-10  1.000000E+00  3.402064E-03  9.650217E-25  4.636843E-27   5.000000E-01 NotAppl  3.059577E+00  0.000000E+00  
1.073199E+02  1.580609E+02  -1.580494E+02  6.158738E-07  1.000000E+00  2.207216E-03  2.557546E-24  1.681094E-19   5.000000E-01 NotAppl  1.307499E+01  0.000000E+00  
8.837432E+02  2.382326E+01  1.728243E+01  7.781000E-05  1.000000E+00  6.101601E-03  7.841009E-25  3.583296E-17   5.000000E-01 NotAppl  4.415710E-01  0.000000E+00  
1.446933E+01  1.134023E-02  1.555557E+01  1.105924E-01  1.000000E+00  7.918689E-04  2.119744E-27  3.153359E-07   0.000000E+00 XENON1T_2018  1.035663E-01  2.279489E-01  
3.752523E+02  1.463938E-04  1.967767E-04  -4.006923E-03  1.000000E+00  5.751105E-02  1.480149E-25  5.474372E-13   5.000000E-01 NotAppl  2.007233E-01  0.000000E+00  
1.434950E+03  1.362944E+02  -1.362934E+02  -5.605847E-10  1.000000E+00  7.082379E-04  9.924630E-24  6.917007E-28   5.000000E-01 NotAppl  3.355534E+00  0.000000E+00  
2.538484E+01  3.530820E-01  4.318128E+01  1.440467E-08  1.000000E+00  3.271228E-03  4.539526E-41  1.734540E-21   5.000000E-01 NotAppl  1.187428E-15  2.705791E-13  
2.976464E+03  6.893914E-03  -6.520304E-03  3.040172E-09  1.000000E+00  2.980236E+00  2.483820E-27  4.601016E-27   5.000000E-01 NotAppl  3.994706E-04  0.000000E+00  
1.900288E+02  2.347297E+01  1.857762E+02  -1.947282E-04  1.000000E+00  8.290207E-04  3.750583E-24  5.209642E-15   5.000000E-01 NotAppl  1.024765E+01  0.000000E+00  
2.067768E+02  9.379811E-03  1.140118E+02  -8.485397E-04  1.000000E+00  2.339699E-03  2.115789E-24  8.319951E-14   5.000000E-01 NotAppl  5.298905E+00  0.000000E+00  
1.154308E+03  8.612473E+00  -4.856887E+00  1.553894E-01  1.000000E+00  8.152412E-02  9.183908E-26  8.284768E-11   4.915103E-01 NotAppl  3.905837E-02  0.000000E+00  
1.081609E+02  2.400008E-01  9.388625E+00  2.480281E-04  1.000000E+00  5.041430E-03  1.232704E-24  2.683249E-14   5.000000E-01 NotAppl  6.168450E+00  0.000000E+00  
2.187702E+03  2.348780E+00  -2.348366E+00  9.513131E-05  1.000000E+00  8.397575E-01  7.843427E-27  8.433054E-18   5.000000E-01 NotAppl  1.724178E-03  0.000000E+00  
7.131086E+01  7.426303E-02  4.386507E+01  -6.518524E-05  1.000000E+00  5.558461E-03  6.934092E-33  4.348790E-15   5.000000E-01 NotAppl  6.064621E-08  0.000000E+00  
6.649555E+03  3.523920E+01  -3.522744E+01  -1.688908E-10  1.000000E+00  9.032806E-03  7.301172E-25  2.769060E-30   5.000000E-01 NotAppl  5.160060E-02  0.000000E+00  
4.005418E+03  9.477286E-03  3.615565E-03  1.227156E-05  1.000000E+00  5.286600E+00  1.373171E-27  4.097041E-20   5.000000E-01 NotAppl  1.632237E-04  0.000000E+00  
6.265248E+03  8.748113E-02  -8.598999E-02  1.062600E-08  1.000000E+00  1.244583E+01  5.662542E-28  1.237074E-26   5.000000E-01 NotAppl  4.274940E-05  0.000000E+00  
1.022558E+01  3.263603E+02  -3.216860E+02  4.176738E-06  1.000000E+00  4.687181E+01  2.648517E-36  8.911741E-16   5.000000E-01 NotAppl  1.941049E-10  2.405447E-08  
5.562418E+01  2.925106E-01  -2.923058E-01  7.722758E-10  1.000000E+00  3.425225E-03  2.010808E-42  1.013499E-24   5.000000E-01 NotAppl  2.284254E-17  3.878628E-16  
5.806284E+02  2.222022E+00  -1.949301E+00  -7.216972E+00  1.000000E+00  1.701631E-04  7.686735E-23  7.271918E-07   0.000000E+00 XENON1T_2018  7.641251E+01  0.000000E+00  
1.143215E+01  2.213768E-02  2.861228E+01  9.287921E-09  1.000000E+00  5.560952E-04  1.379921E-41  3.542078E-21   5.000000E-01 NotAppl  8.869601E-16  3.211315E-14  
2.516175E+03  1.900895E-03  1.675312E-01  1.177482E+00  1.000000E+00  1.907153E-01  5.729500E-26  9.716485E-10   2.147197E-02 LZ5Tmedian  1.152828E-02  0.000000E+00  
5.912036E+03  1.757729E-04  2.224773E-02  6.747520E-04  1.000000E+00  1.123699E+01  6.309588E-28  5.612547E-17   5.000000E-01 NotAppl  5.052092E-05  0.000000E+00  
3.631538E+02  4.607972E-04  7.231688E-01  -8.118872E-02  1.000000E+00  5.126030E-02  1.662282E-25  2.403444E-10   1.658161E-03 LZ5Tmedian  2.346022E-01  0.000000E+00  
8.209312E+03  1.119130E-01  -9.824132E-02  -3.115050E-02  1.000000E+00  2.084509E+01  3.304654E-28  6.139680E-14   5.000000E-01 NotAppl  1.898682E-05  0.000000E+00  
1.437049E+02  1.687279E+00  -1.630827E+00  9.499277E+00  1.000000E+00  6.211969E-08  2.182810E-19  2.198186E-05   0.000000E+00 XENON1T_2018  9.538492E+05  0.000000E+00  
1.382488E+02  1.871188E+02  -1.870974E+02  -2.103457E-08  1.000000E+00  1.443074E-03  4.063794E-24  1.166841E-22   5.000000E-01 NotAppl  1.610484E+01  0.000000E+00  
3.433028E+02  5.250006E+02  -5.249434E+02  4.894805E-10  1.000000E+00  2.036099E-04  3.371780E-23  9.801345E-27   5.000000E-01 NotAppl  5.036981E+01  0.000000E+00  
8.477663E+01  1.903835E+02  -1.903830E+02  -7.501106E+00  1.000000E+00  7.860438E-06  9.355614E-22  4.043423E-05   0.000000E+00 XENON1T_2018  6.179742E+03  0.000000E+00  
1.430813E+03  1.435134E-03  -1.051388E-03  7.523817E-07  1.000000E+00  7.336157E-01  1.068796E-26  1.253341E-21   5.000000E-01 NotAppl  3.636938E-03  0.000000E+00  
4.788143E+03  4.889438E-03  3.278234E+01  6.755304E-08  1.000000E+00  1.611755E-02  2.892593E-25  8.635922E-25   5.000000E-01 NotAppl  2.915488E-02  0.000000E+00  
4.789311E+02  1.231149E+00  1.053965E+02  -1.176737E-05  1.000000E+00  1.907827E-03  2.474976E-24  2.866145E-18   5.000000E-01 NotAppl  2.629334E+00  0.000000E+00  
3.778231E+03  2.157052E-02  9.973236E-03  -2.660910E-05  1.000000E+00  4.720277E+00  1.543432E-27  2.169298E-19   5.000000E-01 NotAppl  1.946621E-04  0.000000E+00  
5.063960E+02  8.469453E+00  -8.320705E+00  2.810126E-03  1.000000E+00  5.506219E-02  1.249261E-25  1.458349E-13   5.000000E-01 NotAppl  1.240752E-01  0.000000E+00  
3.529651E+02  7.948959E-03  1.038523E+00  1.212951E+00  1.000000E+00  4.290384E-03  2.865055E-24  5.686254E-08   0.000000E+00 LZ5Tmedian  4.274642E+00  0.000000E+00  
4.882965E+02  2.113208E-02  -2.075720E-02  -4.190240E-04  1.000000E+00  9.491952E-02  8.903596E-26  3.493129E-15   5.000000E-01 NotAppl  9.180516E-02  0.000000E+00  
2.009836E+02  5.998313E-01  7.945932E+01  1.319689E-02  1.000000E+00  3.390517E-03  1.503622E-24  2.133094E-11   3.702891E-01 NotAppl  3.881294E+00  0.000000E+00  
2.003340E+01  2.999506E+01  -2.997695E+01  1.235558E-02  1.000000E+00  4.420364E-02  2.942907E-29  2.055375E-09   2.598494E-70 LZ5Tmedian  9.964336E-04  1.529765E-02  
2.241697E+03  5.567204E+01  -5.567174E+01  -1.386163E-10  1.000000E+00  3.766009E-03  1.786930E-24  1.703715E-29   5.000000E-01 NotAppl  3.821747E-01  0.000000E+00  
4.860169E+02  9.135595E+00  1.290000E+00  2.387625E-03  1.000000E+00  3.337648E-02  1.677347E-25  1.145053E-13   5.000000E-01 NotAppl  1.741728E-01  0.000000E+00  
1.520846E+02  5.240175E-01  3.933702E+02  3.929730E-09  1.000000E+00  1.325191E-03  3.375976E-24  3.349281E-24   5.000000E-01 NotAppl  1.160704E+01  0.000000E+00  
3.773379E+03  5.226227E-01  -3.040799E-01  -8.963773E-09  1.000000E+00  4.171467E+00  1.721130E-27  2.468176E-26   5.000000E-01 NotAppl  2.172777E-04  0.000000E+00  
1.727011E+01  4.236065E-02  1.044155E+01  3.748655E-04  1.000000E+00  1.173706E-03  2.569230E-32  2.546873E-12   5.000000E-01 NotAppl  1.026513E-06  1.431168E-04  
2.324486E+02  1.449418E-04  4.560863E-02  -6.793679E+00  1.000000E+00  3.779849E-06  4.229192E-21  4.196112E-06   0.000000E+00 XENON1T_2018  1.139448E+04  0.000000E+00  
2.223586E+01  8.524309E-01  4.267819E+01  -5.277110E-03  1.000000E+00  6.922544E-03  5.628016E-30  3.040272E-10   9.393857E-13 LZ5Tmedian  1.698481E-04  3.446202E-02  
2.853008E+03  1.692545E+01  -1.685046E+01  2.431909E-02  1.000000E+00  3.632741E-02  1.732697E-25  3.209246E-13   5.000000E-01 NotAppl  2.895771E-02  0.000000E+00  
1.755136E+01  3.201402E+02  -3.201289E+02  7.476614E-01  1.000000E+00  3.018929E-02  1.025402E-25  9.809460E-06   0.000000E+00 XENON1T_2018  4.023064E+00  4.996788E-01  
2.069703E+02  1.505944E+02  -1.504941E+02  1.142389E-01  1.000000E+00  9.698552E-04  6.561115E-24  1.505124E-09   2.330930E-30 LZ5Tmedian  1.671201E+01  0.000000E+00  
6.589241E+02  9.197662E+02  -9.197637E+02  1.229681E+00  1.000000E+00  5.357979E-05  1.385806E-22  1.630176E-08   2.831818E-106 LZ5Tmedian  1.047097E+02  0.000000E+00  
2.449228E+03  2.835103E+01  3.535675E+02  -1.337490E-04  1.000000E+00  1.387276E-04  3.399182E-23  1.324439E-17   5.000000E-01 NotAppl  6.781242E+00  0.000000E+00  
5.957377E+03  1.108202E-02  -1.040717E-02  1.757363E-05  1.000000E+00  1.140787E+01  6.213138E-28  3.748446E-20   5.000000E-01 NotAppl  4.936457E-05  0.000000E+00  
2.893895E+03  6.965684E-01  -6.928856E-01  -8.458782E-10  1.000000E+00  2.453277E+00  2.913812E-27  3.771759E-28   5.000000E-01 NotAppl  4.820288E-04  0.000000E+00  
9.084401E+03  1.543501E-02  -1.531044E-02  -5.000996E-07  1.000000E+00  2.588848E+01  2.674363E-28  1.288236E-23   5.000000E-01 NotAppl  1.386200E-05  0.000000E+00  
5.416687E+03  1.069058E+01  -1.068717E+01  -9.452694E-04  1.000000E+00  8.917503E-02  6.808597E-26  1.315913E-16   5.000000E-01 NotAppl  5.924175E-03  0.000000E+00  
1.338995E+01  4.208395E+02  -4.183121E+02  -9.285019E-08  1.000000E+00  1.555698E+00  1.459011E-39  2.591942E-19   5.000000E-01 NotAppl  7.796824E-14  1.192736E-11  
4.351300E+02  1.824924E-04  3.686779E-05  2.243722E-08  1.000000E+00  7.619328E-02  1.113691E-25  1.267900E-23   5.000000E-01 NotAppl  1.294255E-01  0.000000E+00  
6.561709E+02  7.595278E-02  2.713354E-01  -3.653709E-09  1.000000E+00  1.658142E-01  5.001029E-26  1.451555E-25   5.000000E-01 NotAppl  3.796735E-02  0.000000E+00  
8.868605E+03  6.491928E-01  6.228311E+00  -3.420972E-02  1.000000E+00  3.527653E-01  1.304378E-26  6.329700E-14   5.000000E-01 NotAppl  7.030714E-04  0.000000E+00  
2.118785E+03  2.224333E-03  -1.808107E-03  -1.565843E-05  1.000000E+00  1.551353E+00  4.892131E-27  2.438674E-19   5.000000E-01 NotAppl  1.113130E-03  0.000000E+00  
1.880444E+02  7.974311E+00  -7.972150E+00  -2.772831E-10  1.000000E+00  1.149706E-02  5.766669E-25  1.079295E-26   5.000000E-01 NotAppl  1.608631E+00  0.000000E+00  
2.981673E+03  6.321874E+00  7.990136E+02  -1.566535E+00  1.000000E+00  3.942244E-05  1.292273E-22  1.217285E-09   1.718839E-02 LZ5Tmedian  2.108457E+01  0.000000E+00  
5.876242E+01  9.996585E+02  -4.386958E+02  2.244572E-05  1.000000E+00  8.900685E+01  5.464220E-33  7.654620E-16   5.000000E-01 NotAppl  5.864488E-08  2.452095E-07  
3.416439E+01  2.373723E+02  -4.425972E+01  -9.637602E-04  1.000000E+00  3.710648E+03  2.807455E-31  4.255893E-12   5.000000E-01 NotAppl  5.303092E-06  1.110117E-03  
1.318618E+01  4.613433E+00  -4.611627E+00  3.973040E-01  1.000000E+00  7.946681E-02  2.658824E-26  4.891931E-06   0.000000E+00 XENON1T_2018  1.446871E+00  2.491089E-01  
7.346637E+03  3.509492E-01  -3.506636E-01  -1.778560E-07  1.000000E+00  1.380963E+01  4.813777E-28  2.507809E-24   5.000000E-01 NotAppl  3.090125E-05  0.000000E+00  
4.093205E+02  1.906093E-01  9.328887E+02  -1.713335E-09  1.000000E+00  1.677774E-04  2.926880E-23  8.378481E-26   5.000000E-01 NotAppl  3.652038E+01  0.000000E+00  
1.282051E+01  7.412612E-01  3.780819E+01  1.182716E-10  1.000000E+00  6.905752E-03  2.334137E-45  4.582828E-25   5.000000E-01 NotAppl  1.312180E-19  2.877950E-18  
1.494328E+03  8.960281E-03  -8.849049E-03  -2.655041E-04  1.000000E+00  7.968153E-01  9.803738E-27  1.428464E-16   5.000000E-01 NotAppl  3.190563E-03  0.000000E+00  
3.014484E+02  1.168548E+02  -1.165641E+02  1.135668E-04  1.000000E+00  1.256647E-03  5.133076E-24  6.885279E-16   5.000000E-01 NotAppl  8.790341E+00  0.000000E+00  
2.449432E+01  1.041322E-01  -1.008409E-01  -6.081806E-09  1.000000E+00  3.621003E-03  7.900128E-42  3.323057E-22   5.000000E-01 NotAppl  2.148675E-16  4.860538E-14  
1.854566E+01  7.113394E-03  4.785117E+00  2.469619E-07  1.000000E+00  1.194858E-03  1.142033E-38  9.585434E-19   5.000000E-01 NotAppl  4.212536E-13  7.833384E-11  
7.804175E+03  6.968074E+00  2.051659E+01  4.158813E-06  1.000000E+00  2.484012E-02  2.323043E-25  1.212823E-21   5.000000E-01 NotAppl  1.422410E-02  0.000000E+00  
4.650945E+03  9.342445E+02  -2.896072E+02  -1.590314E-10  1.000000E+00  7.443970E-06  5.160031E-22  5.077591E-30   5.000000E-01 NotAppl  5.262344E+01  0.000000E+00  
8.672704E+03  7.655762E-02  -6.452008E-02  -1.289491E-09  1.000000E+00  2.331905E+01  2.967664E-28  9.410670E-29   5.000000E-01 NotAppl  1.611943E-05  0.000000E+00  
4.402289E+03  2.256426E-01  5.944451E+02  3.725160E-01  1.000000E+00  6.238401E-05  8.349075E-23  3.115360E-11   5.000000E-01 NotAppl  9.163473E+00  0.000000E+00  
3.586688E+02  3.466393E-01  -3.338067E-01  -9.206195E-02  1.000000E+00  4.958987E-02  1.732885E-25  3.169930E-10   1.944364E-04 LZ5Tmedian  2.481780E-01  0.000000E+00  
2.455372E+02  5.900422E+01  -5.900386E+01  5.864580E+00  1.000000E+00  8.099960E-06  9.521730E-22  2.794940E-06   0.000000E+00 XENON1T_2018  2.388542E+03  0.000000E+00  
1.458005E+02  4.708773E-04  4.961191E+00  -4.124343E-10  1.000000E+00  8.796101E-03  8.201977E-25  4.022567E-26   5.000000E-01 NotAppl  3.017047E+00  0.000000E+00  
1.871245E+01  2.392165E-04  -9.045841E-06  -1.426449E-02  1.000000E+00  2.024951E-03  3.822147E-29  3.141063E-09   6.241805E-95 LZ5Tmedian  1.395188E-03  1.314853E-01  
1.622236E+01  1.995173E-04  9.836892E-04  -2.076246E-10  1.000000E+00  1.593321E-03  7.729828E-45  8.852495E-25   5.000000E-01 NotAppl  3.314872E-19  5.946712E-17  
5.790612E+01  5.487663E-03  3.537036E-01  -7.403128E-04  1.000000E+00  3.600549E-03  3.989376E-30  8.580114E-13   5.000000E-01 NotAppl  4.347650E-05  2.942753E-04  
1.361518E+02  1.519097E+01  -1.519015E+01  1.688366E-05  1.000000E+00  5.773269E-03  1.028633E-24  7.756858E-17   5.000000E-01 NotAppl  4.077066E+00  0.000000E+00  
6.844103E+03  9.953480E-04  1.152028E-02  1.048272E-07  1.000000E+00  1.493615E+01  4.708294E-28  1.006055E-24   5.000000E-01 NotAppl  3.249987E-05  0.000000E+00  
6.850152E+01  7.720901E-02  -3.785152E-02  2.249173E-04  1.000000E+00  5.918207E-03  1.846710E-31  5.620333E-14   5.000000E-01 NotAppl  1.694462E-06  0.000000E+00  
1.905367E+02  1.907944E-04  2.636064E+00  -1.377380E-09  1.000000E+00  1.501756E-02  5.262092E-25  2.592280E-25   5.000000E-01 NotAppl  1.446255E+00  0.000000E+00  
1.314005E+02  6.901334E-01  -6.890746E-01  1.181529E+00  1.000000E+00  2.016352E-04  6.056705E-23  4.085692E-07   0.000000E+00 XENON1T_2018  2.784648E+02  0.000000E+00  
3.355403E+01  2.902757E+01  -2.902616E+01  1.062588E-10  1.000000E+00  5.286395E-03  3.316541E-45  5.366198E-26   5.000000E-01 NotAppl  6.394894E-20  1.361784E-17  
2.322517E+03  2.679895E-04  1.578904E+01  1.392856E-02  1.000000E+00  6.366716E-02  7.166314E-26  1.600477E-13   5.000000E-01 NotAppl  1.508693E-02  0.000000E+00  
4.503422E+01  1.115920E+02  3.992472E+01  -5.943891E-01  1.000000E+00  1.125838E-02  2.231713E-25  9.232667E-07   0.000000E+00 XENON1T_2018  3.148537E+00  9.971505E-01  
2.968482E+01  3.735535E+01  -3.734254E+01  1.583548E-02  1.000000E+00  1.079647E-02  6.289799E-29  1.527713E-09   5.451958E-80 LZ5Tmedian  1.384711E-03  1.932863E-01  
4.321132E+03  4.833088E+02  -4.517941E+02  -5.834081E-06  1.000000E+00  5.109683E-05  1.232962E-22  7.935932E-21   5.000000E-01 NotAppl  1.349533E+01  0.000000E+00  
4.646828E+03  1.516263E+02  5.928050E+02  3.165235E-06  1.000000E+00  3.080146E-05  1.400021E-22  2.015051E-21   5.000000E-01 NotAppl  1.451723E+01  0.000000E+00  
4.921505E+03  2.984944E-03  -8.631393E-04  -6.798733E-01  1.000000E+00  1.757066E+00  5.547320E-27  8.272111E-11   5.000000E-01 NotAppl  5.605139E-04  0.000000E+00  
3.765116E+01  8.938351E+01  3.949198E+02  2.878982E-02  1.000000E+00  6.067810E+00  3.012035E-28  3.117684E-09   5.209281E-176 LZ5Tmedian  5.138501E-03  4.859492E-01  
1.219314E+03  1.166215E-03  2.695239E+00  -2.337152E-03  1.000000E+00  4.297481E-01  1.661202E-26  1.675958E-14   5.000000E-01 NotAppl  6.674800E-03  0.000000E+00  
3.669135E+02  1.414634E+01  -1.396373E+01  8.024092E-08  1.000000E+00  2.407947E-02  2.655351E-25  2.298683E-22   5.000000E-01 NotAppl  3.690287E-01  0.000000E+00  
4.305823E+01  8.089233E+00  -8.085825E+00  -2.106441E-08  1.000000E+00  7.485498E-05  2.352113E-40  1.270421E-21   5.000000E-01 NotAppl  3.477653E-15  2.178523E-13  
9.048704E+02  1.589801E+02  -1.589796E+02  -1.364561E+00  1.000000E+00  7.599677E-04  9.170794E-24  1.050141E-08   1.793336E-50 LZ5Tmedian  5.011349E+00  0.000000E+00  
3.235803E+02  5.233048E-01  -5.224644E-01  -3.315512E-04  1.000000E+00  4.278268E-02  1.969725E-25  5.075977E-15   5.000000E-01 NotAppl  3.115189E-01  0.000000E+00  
1.196123E+01  1.561277E+02  -1.560016E+02  1.029568E-01  1.000000E+00  1.488265E-01  1.725944E-27  3.981940E-07   0.000000E+00 XENON1T_2018  1.051888E-01  4.833558E-01  
4.324501E+01  5.422472E+00  6.286001E+02  -6.319692E-08  1.000000E+00  1.449345E-02  2.150401E-39  1.133484E-20   5.000000E-01 NotAppl  3.164986E-14  2.713743E-12  
8.410651E+02  3.675229E-02  8.568139E+02  1.201515E-08  1.000000E+00  7.478407E-05  6.926909E-23  9.452982E-25   5.000000E-01 NotAppl  4.138503E+01  0.000000E+00  
5.798999E+01  1.707067E-02  1.703444E+02  2.973141E-07  1.000000E+00  3.568994E-03  6.666961E-37  1.379784E-19   5.000000E-01 NotAppl  7.222956E-12  4.709533E-11  
2.015037E+01  7.568362E-04  1.822873E-03  2.259541E-02  1.000000E+00  2.264022E-03  9.865781E-29  6.794075E-09   5.790410E-233 LZ5Tmedian  3.319070E-03  1.835115E-01  
2.339095E+01  7.810563E+00  -7.799725E+00  2.041383E-06  1.000000E+00  2.769310E-02  8.655190E-37  4.108450E-17   5.000000E-01 NotAppl  2.472109E-11  3.622950E-09  
4.471499E+03  9.269701E-03  -6.367521E-04  -7.611418E-08  1.000000E+00  6.541581E+00  1.102147E-27  1.260005E-24   5.000000E-01 NotAppl  1.171438E-04  0.000000E+00  
1.939900E+01  5.874082E-01  3.691192E+02  -1.648344E-06  1.000000E+00  4.531409E-03  5.172091E-37  3.902090E-17   5.000000E-01 NotAppl  1.814741E-11  3.683263E-09  
3.789851E+01  9.222718E+00  8.513471E+00  9.657640E-02  1.000000E+00  5.394272E-02  3.439801E-27  3.461929E-08   0.000000E+00 XENON1T_2018  5.817384E-02  1.912276E-01  
6.557080E+03  1.159259E-01  -1.150349E-01  1.052639E+00  1.000000E+00  1.435010E+00  7.110784E-27  1.106719E-10   5.000000E-01 NotAppl  5.378219E-04  0.000000E+00  
2.261199E+02  3.263546E+02  -3.263544E+02  2.441731E-09  1.000000E+00  5.037807E-04  1.288392E-23  5.735800E-25   5.000000E-01 NotAppl  2.988981E+01  0.000000E+00  
2.445869E+03  2.708983E+01  3.258109E+01  -2