MD1           DMP           DM3           l345          ld           Omegah2       sigV          protonSI      PvalDD        expName      CMB_ID        brH_DMDM      
2.322761E+02  2.305993E+00  5.248822E+00  2.769869E-09  1.000000E+00  1.592005E-02  3.892661E-25  6.985888E-25   5.000000E-01 NotAppl  8.698563E-01  0.000000E+00  
3.502138E+01  5.306362E-02  4.819742E+01  8.072969E-07  1.000000E+00  6.964862E-04  2.054077E-37  2.839765E-18   5.000000E-01 NotAppl  3.784258E-12  7.710486E-10  
1.499329E+03  5.292654E+00  7.072626E+02  2.353336E-07  1.000000E+00  6.073977E-05  8.302971E-23  1.114643E-22   5.000000E-01 NotAppl  2.740606E+01  0.000000E+00  
1.778016E+03  2.373582E-01  -1.952172E-01  -2.056524E-03  1.000000E+00  1.102393E+00  6.966429E-27  6.013105E-15   5.000000E-01 NotAppl  1.896991E-03  0.000000E+00  
1.171692E+03  2.030720E-02  8.500004E-01  1.036183E-06  1.000000E+00  4.878653E-01  1.610269E-26  3.573257E-21   5.000000E-01 NotAppl  6.728007E-03  0.000000E+00  
1.790447E+02  1.156159E+01  -1.156143E+01  -2.920863E-01  1.000000E+00  5.839117E-03  1.074868E-24  1.324245E-08   2.387262E-298 LZ5Tmedian  3.470161E+00  0.000000E+00  
5.553963E+01  1.403021E-01  1.031229E-01  1.903411E-09  1.000000E+00  3.260451E-03  1.193662E-41  6.175764E-24   5.000000E-01 NotAppl  1.352751E-16  2.371279E-15  
6.993543E+02  7.686729E-04  3.452064E-01  -2.530312E-08  1.000000E+00  1.874146E-01  4.411845E-26  6.111535E-24   5.000000E-01 NotAppl  3.135897E-02  0.000000E+00  
3.821977E+03  1.161150E-03  1.790455E+02  3.821875E-07  1.000000E+00  5.990637E-04  8.256469E-24  4.371606E-23   5.000000E-01 NotAppl  1.045962E+00  0.000000E+00  
3.975509E+01  1.342787E+00  4.384642E+01  1.700812E-10  1.000000E+00  1.114226E-04  1.199343E-44  9.742497E-26   5.000000E-01 NotAppl  1.932188E-19  3.097063E-17  
2.618649E+02  7.087928E-03  2.138494E-02  -2.430940E-02  1.000000E+00  2.922220E-02  2.905232E-25  4.208942E-11   2.161501E-01 NotAppl  5.732395E-01  0.000000E+00  
1.402872E+03  1.486267E-01  1.022262E-01  -8.345004E-06  1.000000E+00  7.030560E-01  1.114662E-26  1.605138E-19   5.000000E-01 NotAppl  3.870670E-03  0.000000E+00  
1.092438E+02  8.915268E+02  -7.014711E+02  -2.077930E+00  1.000000E+00  1.032507E-04  3.326670E-23  1.845233E-06   0.000000E+00 XENON1T_2018  1.661064E+02  0.000000E+00  
1.096257E+01  1.298928E-01  -1.296100E-01  -3.871536E-01  1.000000E+00  1.640986E-03  2.354609E-26  6.682337E-06   0.000000E+00 XENON1T_2018  1.589847E+00  2.498147E-01  
7.061777E+01  4.544775E-02  -4.530110E-02  -2.589375E-08  1.000000E+00  6.273293E-03  1.300660E-39  7.000396E-22   5.000000E-01 NotAppl  1.157091E-14  0.000000E+00  
1.117487E+02  4.288927E-02  4.605455E+01  -2.876455E+00  1.000000E+00  9.989347E-05  9.203331E-23  3.375370E-06   0.000000E+00 XENON1T_2018  4.500101E+02  0.000000E+00  
3.091693E+03  2.569101E+00  -2.565893E+00  2.090198E-03  1.000000E+00  9.846740E-01  6.225951E-27  2.013056E-15   5.000000E-01 NotAppl  9.602801E-04  0.000000E+00  
8.561005E+03  1.881908E+02  -1.881901E+02  -1.125932E-03  1.000000E+00  3.571672E-04  2.046411E-23  7.366157E-17   5.000000E-01 NotAppl  1.120024E+00  0.000000E+00  
4.989902E+02  4.622780E+01  -4.348963E+01  1.073686E-03  1.000000E+00  4.833468E-03  1.202710E-24  2.194063E-14   5.000000E-01 NotAppl  1.213618E+00  0.000000E+00  
5.195987E+02  2.158860E-01  -2.154990E-01  -8.855176E+00  1.000000E+00  7.066650E-05  2.070563E-22  1.373870E-06   0.000000E+00 XENON1T_2018  2.357647E+02  0.000000E+00  
7.358390E+03  2.726036E+02  -2.725615E+02  -1.126556E-09  1.000000E+00  1.751082E-04  4.228843E-23  1.002888E-28   5.000000E-01 NotAppl  2.697460E+00  0.000000E+00  
6.062855E+02  2.001372E-02  1.802701E-01  -2.220300E-05  1.000000E+00  1.430934E-01  5.836472E-26  6.300492E-18   5.000000E-01 NotAppl  4.808711E-02  0.000000E+00  
1.851001E+02  4.302441E-03  -3.653742E-03  3.588803E-06  1.000000E+00  1.542556E-02  5.481806E-25  1.867408E-18   5.000000E-01 NotAppl  1.553212E+00  0.000000E+00  
2.210208E+03  2.023001E+00  -2.008100E+00  -7.262737E-10  1.000000E+00  9.716762E-01  6.910252E-27  4.813751E-28   5.000000E-01 NotAppl  1.503614E-03  0.000000E+00  
7.153396E+03  1.832132E-01  1.630754E+02  1.662088E+00  1.000000E+00  7.044055E-04  7.345141E-24  2.311973E-10   5.000000E-01 NotAppl  4.926104E-01  0.000000E+00  
3.803410E+02  1.262450E-03  6.764673E-02  5.379887E-02  1.000000E+00  5.688240E-02  1.522375E-25  9.600336E-11   8.666623E-02 LZ5Tmedian  2.040478E-01  0.000000E+00  
1.592222E+02  9.204707E-01  8.885219E+00  -1.004558E-04  1.000000E+00  8.513573E-03  7.370071E-25  1.992258E-15   5.000000E-01 NotAppl  2.473235E+00  0.000000E+00  
2.667144E+03  3.874057E-02  1.320198E+02  3.189073E-02  1.000000E+00  1.083015E-03  4.492249E-24  6.329966E-13   5.000000E-01 NotAppl  8.215263E-01  0.000000E+00  
1.205863E+02  8.311960E+00  -8.311849E+00  -5.558237E-07  1.000000E+00  5.485271E-03  1.121141E-24  1.078242E-19   5.000000E-01 NotAppl  5.027432E+00  0.000000E+00  
1.826433E+02  6.388747E-03  4.888010E+02  -5.473282E-09  1.000000E+00  8.797946E-04  5.188224E-24  4.464050E-24   5.000000E-01 NotAppl  1.472772E+01  0.000000E+00  
1.263627E+01  5.990643E+00  -3.651189E+00  -8.854317E-08  1.000000E+00  1.627734E+00  1.301826E-39  2.642985E-19   5.000000E-01 NotAppl  7.442799E-14  9.809874E-12  
4.570132E+02  1.371063E-01  -4.233504E-02  4.438982E-10  1.000000E+00  8.329108E-02  1.013048E-25  4.488692E-27   5.000000E-01 NotAppl  1.118872E-01  0.000000E+00  
4.537729E+01  3.281855E-02  2.343571E+00  -3.051664E-09  1.000000E+00  2.512714E-04  6.080319E-42  2.396341E-23   5.000000E-01 NotAppl  8.532064E-17  8.691233E-15  
3.253086E+01  1.530652E+01  -1.496543E+01  1.703992E-10  1.000000E+00  6.639071E-03  8.151837E-45  1.469433E-25   5.000000E-01 NotAppl  1.623070E-19  8.359730E-18  
6.811909E+01  6.904802E-02  1.159908E+01  -5.039066E-01  1.000000E+00  2.200847E-03  1.065915E-24  2.853522E-07   0.000000E+00 XENON1T_2018  9.859043E+00  0.000000E+00  
1.559259E+01  8.573810E+00  -8.572855E+00  -6.209313E-06  1.000000E+00  8.396342E-02  6.831958E-36  8.567532E-16   5.000000E-01 NotAppl  3.063871E-10  3.933840E-08  
7.832721E+01  2.378982E-04  4.344466E-04  5.335380E+00  1.000000E+00  1.406434E-04  1.321545E-23  2.405166E-05   0.000000E+00 XENON1T_2018  1.048622E+02  0.000000E+00  
1.440296E+02  2.128520E-01  -1.209266E-01  5.975735E-06  1.000000E+00  9.819078E-03  8.191361E-25  8.658770E-18   5.000000E-01 NotAppl  3.053833E+00  0.000000E+00  
2.796247E+02  1.630626E-04  3.594506E+01  -3.853531E+00  1.000000E+00  4.903524E-05  2.236420E-22  9.246412E-07   0.000000E+00 XENON1T_2018  4.919625E+02  0.000000E+00  
6.107489E+03  8.843349E-03  8.334349E+00  3.595287E-07  1.000000E+00  2.244429E-01  1.936344E-26  1.491527E-23   5.000000E-01 NotAppl  1.523807E-03  0.000000E+00  
1.486860E+03  9.495361E+00  3.148821E+00  8.872656E+00  1.000000E+00  1.073045E-03  9.547296E-24  1.611652E-07   0.000000E+00 LZ5Tmedian  3.233203E+00  0.000000E+00  
6.801741E+02  3.852775E-01  7.560146E+00  7.139316E-05  1.000000E+00  1.026688E-01  6.358991E-26  5.149835E-17   5.000000E-01 NotAppl  4.670303E-02  0.000000E+00  
2.554135E+01  2.195574E-04  1.262903E+00  4.787950E+00  1.000000E+00  1.907100E-03  3.451597E-25  1.892726E-04   0.000000E+00 XENON1T_2018  8.713012E+00  2.505791E-01  
4.823395E+02  3.026092E+00  -2.892882E+00  9.261425E-06  1.000000E+00  8.098605E-02  9.672200E-26  1.749828E-18   5.000000E-01 NotAppl  1.010182E-01  0.000000E+00  
4.382675E+03  1.847574E-01  5.127278E-02  -2.059604E-04  1.000000E+00  6.090208E+00  1.182152E-27  9.610138E-18   5.000000E-01 NotAppl  1.282497E-04  0.000000E+00  
2.150849E+02  1.659762E+00  9.048679E+01  -2.500260E-10  1.000000E+00  2.744447E-03  1.705095E-24  6.663316E-27   5.000000E-01 NotAppl  4.103459E+00  0.000000E+00  
3.356996E+01  1.257145E+02  -1.087017E+02  3.252132E-07  1.000000E+00  5.481588E+01  3.109339E-38  5.021751E-19   5.000000E-01 NotAppl  5.984939E-13  4.248279E-11  
1.688859E+03  4.029237E-01  6.578668E+01  -8.402123E-08  1.000000E+00  4.136244E-03  1.143454E-24  1.114679E-23   5.000000E-01 NotAppl  3.339980E-01  0.000000E+00  
1.233321E+02  1.117045E+00  -1.101104E+00  -1.428839E-01  1.000000E+00  8.633533E-03  6.909203E-25  6.803978E-09   2.227500E-212 LZ5Tmedian  3.025854E+00  0.000000E+00  
7.189629E+01  3.759350E-01  -1.732692E-01  -2.799982E-05  1.000000E+00  7.162048E-03  1.116458E-33  7.890933E-16   5.000000E-01 NotAppl  9.753051E-09  0.000000E+00  
5.912078E+03  1.938995E+00  5.387821E+02  -1.426563E-07  1.000000E+00  7.207367E-05  7.192666E-23  2.508693E-24   5.000000E-01 NotAppl  5.853351E+00  0.000000E+00  
4.050429E+02  8.908082E+01  7.969954E+01  9.320073E+00  1.000000E+00  1.105857E-05  3.425677E-22  2.533116E-06   0.000000E+00 XENON1T_2018  4.823170E+02  0.000000E+00  
5.989542E+03  8.760590E-01  1.193296E+02  1.384053E-05  1.000000E+00  1.303351E-03  3.825066E-24  2.299752E-20   5.000000E-01 NotAppl  3.071945E-01  0.000000E+00  
3.660548E+01  8.111064E-02  7.530413E+02  -2.750644E-01  1.000000E+00  2.449904E-04  2.590747E-26  3.013511E-07   0.000000E+00 XENON1T_2018  4.553269E-01  3.326517E-01  
5.556339E+01  4.803687E-02  6.545989E-02  4.567133E-07  1.000000E+00  3.196370E-03  6.916791E-37  3.552502E-19   5.000000E-01 NotAppl  7.866301E-12  1.364057E-10  
6.398707E+01  8.696514E+01  -6.801585E+00  2.423818E-04  1.000000E+00  4.271285E+01  3.719921E-30  7.501776E-14   5.000000E-01 NotAppl  3.658177E-05  0.000000E+00  
1.037203E+02  4.519142E+00  -4.516901E+00  6.004995E-10  1.000000E+00  5.059850E-03  1.255682E-24  1.713981E-25   5.000000E-01 NotAppl  6.577523E+00  0.000000E+00  
2.748029E+02  7.147554E+01  2.072658E+02  2.926263E-08  1.000000E+00  3.568178E-04  8.956461E-24  5.525272E-23   5.000000E-01 NotAppl  1.680477E+01  0.000000E+00  
5.673995E+03  1.163117E-02  3.249751E+01  4.462162E+00  1.000000E+00  1.108369E-02  6.363824E-25  2.668320E-09   9.194521E-03 LZ5Tmedian  5.448888E-02  0.000000E+00  
5.813272E+01  6.616169E+02  -6.615684E+02  8.538611E+00  1.000000E+00  1.627244E-03  2.663382E-24  1.132340E-04   0.000000E+00 XENON1T_2018  2.890151E+01  5.013286E-01  
5.315698E+01  2.502385E-01  -2.067963E-01  -3.406201E-10  1.000000E+00  2.676603E-03  2.208214E-43  2.162702E-25   5.000000E-01 NotAppl  2.619845E-18  8.705938E-17  
1.344678E+03  4.254410E+02  -2.357431E+02  3.705002E-03  1.000000E+00  4.386119E-05  8.478364E-23  3.449559E-14   5.000000E-01 NotAppl  3.071040E+01  0.000000E+00  
2.702872E+02  1.742215E+02  -1.741919E+02  1.296181E-08  1.000000E+00  7.881447E-04  8.346746E-24  1.121491E-23   5.000000E-01 NotAppl  1.603835E+01  0.000000E+00  
1.868791E+02  1.119652E-03  -9.616795E-04  5.137621E-05  1.000000E+00  1.569085E-02  5.391759E-25  3.752760E-16   5.000000E-01 NotAppl  1.512477E+00  0.000000E+00  
5.724493E+01  6.885210E-03  5.008240E+01  -3.466698E-10  1.000000E+00  3.434769E-03  6.756117E-43  1.926055E-25   5.000000E-01 NotAppl  7.450613E-18  6.890238E-17  
2.224176E+03  1.157995E-02  -1.143401E-02  7.117810E-05  1.000000E+00  1.702514E+00  4.441080E-27  4.564597E-18   5.000000E-01 NotAppl  9.615392E-04  0.000000E+00  
1.126301E+01  7.174035E-02  -7.160774E-02  8.885960E-10  1.000000E+00  1.282512E-03  1.255233E-43  3.338416E-23   5.000000E-01 NotAppl  8.210615E-18  1.109432E-15  
1.576509E+01  5.311474E-04  -3.603189E-04  1.668153E-03  1.000000E+00  1.526768E-03  4.947117E-31  6.049580E-11   5.746624E-02 LZ5Tmedian  2.191654E-05  3.788105E-03  
1.458424E+03  1.203042E-01  5.668750E-01  -1.631506E-09  1.000000E+00  7.420474E-01  1.042772E-26  5.668164E-27   5.000000E-01 NotAppl  3.480185E-03  0.000000E+00  
1.662035E+03  3.073228E-01  -3.007047E-01  1.866675E-01  1.000000E+00  7.281041E-01  1.169947E-26  5.684384E-11   5.000000E-01 NotAppl  3.467709E-03  0.000000E+00  
2.176675E+03  1.406460E-04  4.059773E-04  4.708296E-10  1.000000E+00  1.633566E+00  4.636245E-27  2.087065E-28   5.000000E-01 NotAppl  1.026207E-03  0.000000E+00  
2.906711E+01  4.278827E-02  -1.175034E-02  9.165991E-05  1.000000E+00  2.845480E-03  2.061814E-33  5.341031E-14   5.000000E-01 NotAppl  4.644941E-08  1.062302E-05  
4.613691E+03  2.322669E-03  4.465554E+02  -3.028595E-04  1.000000E+00  1.052247E-04  4.878092E-23  1.871875E-17   5.000000E-01 NotAppl  5.105418E+00  0.000000E+00  
1.284355E+01  6.309277E+02  -6.238541E+02  1.888411E+00  1.000000E+00  5.584574E-03  5.552439E-25  1.164194E-04   0.000000E+00 XENON1T_2018  3.114249E+01  5.058532E-01  
1.117168E+02  3.429422E+01  -3.425257E+01  -3.283381E-01  1.000000E+00  1.048156E-02  3.538709E-25  4.400513E-08   0.000000E+00 XENON1T_2018  1.711046E+00  0.000000E+00  
2.840522E+02  2.911877E+00  -2.876928E+00  -2.948029E-06  1.000000E+00  3.028553E-02  2.576520E-25  5.240184E-19   5.000000E-01 NotAppl  4.668042E-01  0.000000E+00  
4.154484E+01  4.643489E-01  -3.660893E-01  1.953600E-09  1.000000E+00  2.302125E-04  1.795899E-42  1.175266E-23   5.000000E-01 NotAppl  2.762643E-17  4.057604E-15  
2.923848E+02  1.828798E-01  1.007590E-01  1.211750E-03  1.000000E+00  3.524186E-02  2.386886E-25  8.344386E-14   5.000000E-01 NotAppl  4.195242E-01  0.000000E+00  
1.275868E+01  1.344519E+01  6.130526E+01  -1.047060E-03  1.000000E+00  5.290071E+03  1.826442E-31  3.626284E-11   4.068739E-01 NotAppl  1.032563E-05  8.835022E-04  
1.926967E+02  1.413696E-04  1.850124E+00  -1.000548E-09  1.000000E+00  1.566797E-02  5.141288E-25  1.336648E-25   5.000000E-01 NotAppl  1.396530E+00  0.000000E+00  
4.279435E+02  1.964676E-01  1.483068E+02  -1.116744E-06  1.000000E+00  1.170801E-03  4.118348E-24  3.249765E-20   5.000000E-01 NotAppl  4.909666E+00  0.000000E+00  
1.739362E+03  6.568191E-02  -6.557222E-02  -4.146571E-09  1.000000E+00  1.063541E+00  7.250182E-27  2.556617E-26   5.000000E-01 NotAppl  2.019246E-03  0.000000E+00  
1.722533E+02  1.637642E-02  4.952783E+00  8.065052E-04  1.000000E+00  1.180040E-02  6.238955E-25  1.092904E-13   5.000000E-01 NotAppl  1.933141E+00  0.000000E+00  
2.316001E+03  1.983021E-02  -1.937597E-02  -7.963142E-09  1.000000E+00  1.839734E+00  4.097139E-27  5.261277E-26   5.000000E-01 NotAppl  8.511328E-04  0.000000E+00  
1.635050E+03  1.649565E-02  2.179290E+02  -2.099904E-07  1.000000E+00  4.427877E-04  1.117492E-23  7.437672E-23   5.000000E-01 NotAppl  3.374833E+00  0.000000E+00  
4.275358E+02  1.087827E-04  1.827704E-02  2.452008E-09  1.000000E+00  7.367130E-02  1.152315E-25  1.569766E-25   5.000000E-01 NotAppl  1.363843E-01  0.000000E+00  
1.750995E+02  7.575389E+00  -6.070404E+00  5.833437E-04  1.000000E+00  8.856446E-03  6.366969E-25  5.528771E-14   5.000000E-01 NotAppl  1.944075E+00  0.000000E+00  
7.840763E+03  1.996691E-04  -6.691926E-05  4.825119E-09  1.000000E+00  1.945653E+01  3.587638E-28  1.617144E-27   5.000000E-01 NotAppl  2.158056E-05  0.000000E+00  
3.118292E+01  4.764722E-02  1.453461E-01  -2.775001E-08  1.000000E+00  2.141273E-03  2.044755E-40  4.246145E-21   5.000000E-01 NotAppl  4.267540E-15  9.530804E-13  
1.957535E+01  2.325302E+00  -1.613874E+00  9.080173E-01  1.000000E+00  1.716874E-02  1.550743E-25  1.162807E-05   0.000000E+00 XENON1T_2018  5.391986E+00  2.508942E-01  
1.477035E+03  3.183034E+02  -3.182998E+02  -3.672787E-05  1.000000E+00  1.540610E-04  4.765319E-23  2.799151E-18   5.000000E-01 NotAppl  1.563925E+01  0.000000E+00  
3.734216E+02  1.606433E-03  3.767671E-01  3.809017E-07  1.000000E+00  5.658814E-02  1.496781E-25  4.996721E-21   5.000000E-01 NotAppl  2.039629E-01  0.000000E+00  
8.172503E+02  6.822546E-03  -6.678631E-03  -1.377430E-04  1.000000E+00  2.532068E-01  3.242556E-26  1.317426E-16   5.000000E-01 NotAppl  1.962396E-02  0.000000E+00  
8.184856E+02  2.472844E-03  1.608141E+00  7.328907E-09  1.000000E+00  2.412906E-01  3.305143E-26  3.718142E-25   5.000000E-01 NotAppl  1.997889E-02  0.000000E+00  
1.828668E+03  5.485284E+01  -5.412021E+01  1.620477E-03  1.000000E+00  3.855535E-03  1.727377E-24  3.525771E-15   5.000000E-01 NotAppl  4.552607E-01  0.000000E+00  
2.102432E+03  1.755953E-02  -8.555555E-03  4.261488E-05  1.000000E+00  1.528418E+00  4.968491E-27  1.834996E-18   5.000000E-01 NotAppl  1.139508E-03  0.000000E+00  
3.576502E+01  2.156392E-04  1.214840E-01  2.748676E-03  1.000000E+00  4.324136E-04  2.473502E-30  3.154546E-11   1.741658E-02 LZ5Tmedian  4.456255E-05  8.531313E-03  
6.918198E+03  3.267433E+02  -2.396770E+02  3.629236E-02  1.000000E+00  9.356863E-05  6.217967E-23  1.179786E-13   5.000000E-01 NotAppl  4.224793E+00  0.000000E+00  
3.328399E+01  4.642296E-04  -2.731996E-04  -4.210999E-07  1.000000E+00  1.410662E-03  5.146323E-38  8.566943E-19   5.000000E-01 NotAppl  1.001154E-12  2.143936E-10  
6.233957E+02  6.923822E+01  -6.873747E+01  2.428843E-05  1.000000E+00  2.598584E-03  2.527184E-24  7.122708E-18   5.000000E-01 NotAppl  2.021931E+00  0.000000E+00  
1.242224E+03  4.710732E+02  -4.710585E+02  -8.785595E-09  1.000000E+00  8.533787E-05  8.749286E-23  2.280018E-25   5.000000E-01 NotAppl  3.430450E+01  0.000000E+00  
7.846362E+03  1.482627E-04  3.028625E-01  -6.898591E-07  1.000000E+00  1.726826E+01  3.830524E-28  3.300836E-23   5.000000E-01 NotAppl  2.304823E-05  0.000000E+00  
1.065095E+01  1.000145E-01  -4.023190E-02  -1.535551E-01  1.000000E+00  1.196797E-03  3.654692E-27  1.112289E-06   0.000000E+00 XENON1T_2018  2.552700E-01  2.483301E-01  
1.655056E+01  5.968233E-02  2.284959E+01  2.499181E-01  1.000000E+00  1.150743E-03  1.127000E-26  1.232408E-06   0.000000E+00 XENON1T_2018  4.722088E-01  2.425620E-01  
4.281962E+02  4.666190E-04  4.437610E+02  1.638850E-07  1.000000E+00  2.787940E-04  1.771053E-23  6.990340E-22   5.000000E-01 NotAppl  2.110455E+01  0.000000E+00  
6.874594E+01  1.888210E-03  -1.119147E-03  1.574015E-06  1.000000E+00  5.794774E-03  8.322746E-36  2.732597E-18   5.000000E-01 NotAppl  7.559283E-11  0.000000E+00  
7.054126E+02  3.464710E-01  -3.243954E-01  2.062771E-02  1.000000E+00  1.885842E-01  4.389002E-26  3.990711E-12   5.000000E-01 NotAppl  3.092947E-02  0.000000E+00  
3.424942E+02  1.712110E+02  -1.422345E+02  -3.024038E-09  1.000000E+00  3.581806E-04  9.851659E-24  3.759116E-25   5.000000E-01 NotAppl  1.475197E+01  0.000000E+00  
2.442371E+01  1.337278E-04  8.753640E-01  1.403086E-05  1.000000E+00  1.971324E-03  4.196958E-35  1.778975E-15   5.000000E-01 NotAppl  1.145045E-09  2.580935E-07  
1.566328E+02  1.556080E+00  1.109725E+02  -5.294707E-05  1.000000E+00  2.473030E-03  1.877060E-24  5.723697E-16   5.000000E-01 NotAppl  6.294654E+00  0.000000E+00  
1.433620E+03  9.020642E+00  -6.972278E+00  1.626383E-07  1.000000E+00  1.099248E-01  5.936944E-26  5.833142E-23   5.000000E-01 NotAppl  2.011383E-02  0.000000E+00  
5.301985E+03  4.289492E+02  -4.287404E+02  2.022796E-02  1.000000E+00  7.472918E-05  1.001162E-22  6.293842E-14   5.000000E-01 NotAppl  8.902583E+00  0.000000E+00  
3.692373E+03  3.597650E+00  -3.590963E+00  -2.193938E-04  1.000000E+00  6.348395E-01  9.246380E-27  1.545317E-17   5.000000E-01 NotAppl  1.188741E-03  0.000000E+00  
1.121598E+01  8.225252E+00  -8.039533E+00  -6.633310E-03  1.000000E+00  1.864760E-01  6.982358E-30  1.875678E-09   6.453686E-13 LZ5Tmedian  4.589260E-04  5.464654E-02  
6.378740E+02  3.042477E+02  -2.915511E+02  -9.399269E-06  1.000000E+00  1.560558E-04  3.237247E-23  1.017782E-18   5.000000E-01 NotAppl  2.531444E+01  0.000000E+00  
3.899819E+01  8.737008E-01  -8.734735E-01  -9.946758E-03  1.000000E+00  4.432488E-05  3.904338E-29  3.464915E-10   2.887212E-20 LZ5Tmedian  6.418572E-04  8.194041E-02  
5.175249E+02  2.897653E+01  -2.886570E+01  -8.623068E-06  1.000000E+00  1.185559E-02  5.358961E-25  1.313489E-18   5.000000E-01 NotAppl  5.205027E-01  0.000000E+00  
1.515818E+03  4.651611E-04  5.886582E-02  2.697269E-09  1.000000E+00  8.185322E-01  9.530380E-27  1.431960E-26   5.000000E-01 NotAppl  3.056498E-03  0.000000E+00  
2.843210E+01  2.500990E-04  2.928218E+01  -5.276533E-08  1.000000E+00  2.029812E-03  6.685763E-40  1.850867E-20   5.000000E-01 NotAppl  1.543027E-14  7.003880E-13  
1.181018E+02  1.001031E-01  4.440736E+02  -3.026504E-08  1.000000E+00  2.236815E-03  2.109959E-24  3.336261E-22   5.000000E-01 NotAppl  9.507793E+00  0.000000E+00  
9.597329E+02  9.590386E-02  -9.475038E-02  3.148298E-04  1.000000E+00  3.432928E-01  2.360955E-26  4.957004E-16   5.000000E-01 NotAppl  1.210759E-02  0.000000E+00  
6.478056E+02  1.281763E+00  -1.280570E+00  -1.353371E-03  1.000000E+00  1.558170E-01  5.218836E-26  2.044500E-14   5.000000E-01 NotAppl  4.014927E-02  0.000000E+00  
4.390802E+03  3.824770E-03  9.622607E-02  3.519123E-06  1.000000E+00  6.288265E+00  1.145627E-27  2.795085E-21   5.000000E-01 NotAppl  1.240437E-04  0.000000E+00  
4.284483E+03  1.989681E-04  3.635393E-01  4.804718E-08  1.000000E+00  5.705125E+00  1.236017E-27  5.476614E-25   5.000000E-01 NotAppl  1.372644E-04  0.000000E+00  
8.247161E+02  9.402978E-02  -8.130565E-02  1.601497E-01  1.000000E+00  2.108524E-01  4.188194E-26  1.748128E-10   1.237392E-01 NotAppl  2.547226E-02  0.000000E+00  
4.410036E+02  2.753697E+01  -2.752976E+01  -4.138287E-04  1.000000E+00  1.226994E-02  5.148648E-25  4.196386E-15   5.000000E-01 NotAppl  5.910322E-01  0.000000E+00  
2.970651E+02  1.287070E-03  -1.131280E-03  -1.075533E-04  1.000000E+00  3.692558E-02  2.312364E-25  6.363454E-16   5.000000E-01 NotAppl  3.997565E-01  0.000000E+00  
7.156814E+02  5.313322E-03  -4.430011E-03  -8.200234E-01  1.000000E+00  3.019348E-02  3.851790E-25  6.123173E-09   2.803744E-37 LZ5Tmedian  2.851949E-01  0.000000E+00  
2.240832E+03  3.716353E+00  -3.715574E+00  -4.522963E+00  1.000000E+00  1.301305E-02  9.029857E-25  1.815331E-08   1.055308E-35 LZ5Tmedian  2.082009E-01  0.000000E+00  
4.187616E+02  4.222847E-04  -3.021946E-04  -9.803978E-07  1.000000E+00  7.082507E-02  1.199429E-25  2.618313E-20   5.000000E-01 NotAppl  1.450538E-01  0.000000E+00  
5.826913E+01  6.557760E+00  2.604457E+01  -1.534687E-09  1.000000E+00  4.435065E-02  2.009340E-41  3.640536E-24   5.000000E-01 NotAppl  2.175532E-16  1.216979E-15  
7.467000E+02  5.341740E-04  1.565505E+02  4.161760E-04  1.000000E+00  9.191221E-04  5.313419E-24  1.446213E-15   5.000000E-01 NotAppl  3.585697E+00  0.000000E+00  
2.880315E+02  4.625953E-02  2.093682E+01  -1.809252E-10  1.000000E+00  1.721431E-02  3.563625E-25  1.918262E-27   5.000000E-01 NotAppl  6.361949E-01  0.000000E+00  
8.429261E+01  8.425184E-04  6.906189E-03  8.846404E-01  1.000000E+00  5.809545E-04  2.012947E-23  5.690203E-07   0.000000E+00 XENON1T_2018  1.341392E+02  0.000000E+00  
3.261673E+01  3.895628E-03  7.902087E-01  6.796396E-06  1.000000E+00  1.503624E-03  1.301634E-35  2.325145E-16   5.000000E-01 NotAppl  2.584243E-10  5.606588E-08  
3.779206E+02  7.482058E+01  -7.431860E+01  5.933924E-01  1.000000E+00  1.284222E-03  5.075061E-24  1.183310E-08   1.875354E-132 LZ5Tmedian  6.894853E+00  0.000000E+00  
4.726885E+03  3.516672E+01  -3.407990E+01  6.748859E-07  1.000000E+00  9.090266E-03  7.262144E-25  8.848104E-23   5.000000E-01 NotAppl  7.255722E-02  0.000000E+00  
1.130422E+03  1.332288E-02  1.327151E-01  1.337739E-08  1.000000E+00  4.682390E-01  1.707198E-26  6.407824E-25   5.000000E-01 NotAppl  7.398719E-03  0.000000E+00  
1.450297E+01  2.459862E-04  1.042904E+00  1.854092E-04  1.000000E+00  7.836527E-04  5.961798E-33  8.822336E-13   5.000000E-01 NotAppl  2.905996E-07  4.765419E-05  
6.199771E+02  7.224000E-04  8.210168E+00  -1.701452E-04  1.000000E+00  8.943172E-02  7.390923E-26  3.534815E-16   5.000000E-01 NotAppl  5.970573E-02  0.000000E+00  
6.590552E+02  1.859803E-04  3.594532E+01  -5.091438E-07  1.000000E+00  1.270887E-02  3.773119E-25  2.793533E-21   5.000000E-01 NotAppl  2.888024E-01  0.000000E+00  
4.999018E+01  6.677744E+00  -6.676034E+00  -3.092453E-08  1.000000E+00  1.121046E-03  1.073207E-39  2.020391E-21   5.000000E-01 NotAppl  1.362403E-14  4.792692E-13  
1.562611E+01  3.733342E+00  -3.733207E+00  -4.520399E-07  1.000000E+00  8.298806E-02  3.623163E-38  4.521319E-18   5.000000E-01 NotAppl  1.621412E-12  2.681614E-10  
1.260152E+02  1.902694E-02  2.803380E+00  6.996385E-01  1.000000E+00  9.542515E-04  1.068747E-23  1.560927E-07   0.000000E+00 XENON1T_2018  4.739796E+01  0.000000E+00  
3.071340E+03  1.284848E+02  3.242359E+02  -3.585673E-03  1.000000E+00  7.208952E-05  5.687590E-23  6.004279E-15   5.000000E-01 NotAppl  8.972016E+00  0.000000E+00  
3.647448E+02  1.010001E-04  4.636934E+01  -3.528775E-01  1.000000E+00  8.136800E-03  5.881714E-25  4.499919E-09   1.453594E-52 LZ5Tmedian  8.547946E-01  0.000000E+00  
1.341836E+02  6.355978E+01  1.578657E+02  8.261247E+00  1.000000E+00  2.592994E-08  1.678227E-19  1.913408E-05   0.000000E+00 XENON1T_2018  7.863565E+05  0.000000E+00  
5.374521E+01  6.571649E-02  5.847729E+00  6.393285E-09  1.000000E+00  2.907274E-03  8.771582E-41  7.450057E-23   5.000000E-01 NotAppl  1.032542E-15  2.437223E-14  
5.299661E+03  2.451120E-01  5.238023E+01  -2.395856E-09  1.000000E+00  6.478423E-03  7.412605E-25  8.837307E-28   5.000000E-01 NotAppl  6.741185E-02  0.000000E+00  
2.810652E+01  1.135278E-02  1.322648E-01  1.726083E-09  1.000000E+00  2.661651E-03  7.077505E-43  2.027308E-23   5.000000E-01 NotAppl  1.654193E-17  3.800872E-15  
1.091577E+02  2.002633E+00  7.851753E+02  1.564611E-10  1.000000E+00  2.186250E-03  1.859450E-24  1.047862E-26   5.000000E-01 NotAppl  9.110608E+00  0.000000E+00  
1.037044E+03  5.279572E+01  -5.279558E+01  2.770522E-10  1.000000E+00  4.255321E-03  1.571079E-24  3.277233E-28   5.000000E-01 NotAppl  7.421302E-01  0.000000E+00  
4.557949E+03  1.002438E+02  2.132227E+01  1.974378E-10  1.000000E+00  5.805121E-04  9.690281E-24  8.154358E-30   5.000000E-01 NotAppl  1.013464E+00  0.000000E+00  
3.847272E+03  1.791220E-04  1.011363E-01  -1.030773E-05  1.000000E+00  4.873765E+00  1.490875E-27  3.137517E-20   5.000000E-01 NotAppl  1.846244E-04  0.000000E+00  
6.034160E+02  1.446915E-01  3.796591E+02  1.448682E-06  1.000000E+00  2.533737E-04  1.978941E-23  2.708376E-20   5.000000E-01 NotAppl  1.660778E+01  0.000000E+00  
1.570463E+01  8.378843E-01  4.208661E+00  -6.374709E-07  1.000000E+00  8.009567E-03  7.216108E-38  8.902212E-18   5.000000E-01 NotAppl  3.210889E-12  5.323757E-10  
2.253977E+03  1.088260E+02  4.191590E+02  5.644895E-09  1.000000E+00  5.970471E-05  6.561175E-23  2.794135E-26   5.000000E-01 NotAppl  1.422666E+01  0.000000E+00  
8.592973E+03  1.229745E-01  6.874025E+02  -1.415009E+00  1.000000E+00  4.518066E-05  1.168196E-22  1.154643E-10   5.000000E-01 NotAppl  6.505432E+00  0.000000E+00  
1.124515E+01  1.507179E+02  -1.218356E+02  2.681873E-03  1.000000E+00  1.093009E+03  1.142602E-30  3.050427E-10   9.892446E-03 LZ5Tmedian  7.488359E-05  2.453704E-03  
2.635376E+03  1.720897E+01  -7.651627E+00  1.603670E-07  1.000000E+00  3.467880E-02  2.013293E-25  1.640206E-23   5.000000E-01 NotAppl  3.658299E-02  0.000000E+00  
3.174362E+01  6.442893E+01  -4.857775E+01  4.445630E-08  1.000000E+00  1.384402E+01  5.367536E-40  1.051114E-20   5.000000E-01 NotAppl  1.098776E-14  8.998424E-13  
2.308919E+01  1.612460E-03  4.057096E+01  3.780741E-03  1.000000E+00  1.672545E-03  2.947126E-30  1.446585E-10   9.898166E-07 LZ5Tmedian  8.543769E-05  1.795069E-02  
2.761267E+01  1.099419E+00  -3.769366E-01  -6.524787E-07  1.000000E+00  6.457526E-03  9.952776E-38  3.002607E-18   5.000000E-01 NotAppl  2.371909E-12  5.381679E-10  
1.353653E+03  3.964688E-04  3.290495E+01  -7.939007E-10  1.000000E+00  1.568273E-02  2.967381E-25  1.562524E-27   5.000000E-01 NotAppl  1.087104E-01  0.000000E+00  
1.358100E+03  8.505989E+00  5.547988E+02  3.129185E-04  1.000000E+00  8.824979E-05  5.530921E-23  2.411302E-16   5.000000E-01 NotAppl  2.021036E+01  0.000000E+00  
8.300676E+02  1.219285E-02  1.120689E-02  7.547319E-05  1.000000E+00  2.607911E-01  3.144586E-26  3.831507E-17   5.000000E-01 NotAppl  1.872832E-02  0.000000E+00  
7.753512E+02  4.254025E-01  -3.899624E-01  -7.605266E-04  1.000000E+00  2.268784E-01  3.608107E-26  4.472004E-15   5.000000E-01 NotAppl  2.305348E-02  0.000000E+00  
6.528360E+02  2.863155E-01  3.829525E+01  1.429232E-07  1.000000E+00  1.121025E-02  4.262192E-25  2.244364E-22   5.000000E-01 NotAppl  3.294798E-01  0.000000E+00  
2.889181E+02  7.447804E-01  1.111876E+02  -1.845579E-03  1.000000E+00  2.033087E-03  2.332987E-24  1.983543E-13   5.000000E-01 NotAppl  4.151514E+00  0.000000E+00  
4.292851E+01  1.741079E+01  -7.340303E-01  6.243234E-06  1.000000E+00  1.513932E+00  2.043844E-35  1.122883E-16   5.000000E-01 NotAppl  3.032033E-10  7.691458E-09  
3.043958E+03  9.343597E+00  -9.342640E+00  -1.631361E-08  1.000000E+00  1.121886E-01  5.374544E-26  1.265715E-25   5.000000E-01 NotAppl  8.408816E-03  0.000000E+00  
1.556179E+03  1.055273E-01  2.064275E-01  4.111452E-02  1.000000E+00  8.359915E-01  9.369028E-27  3.153579E-12   5.000000E-01 NotAppl  2.928415E-03  0.000000E+00  
1.260382E+01  7.813507E+00  -7.800612E+00  -6.143903E-10  1.000000E+00  1.359734E-01  6.262528E-44  1.279019E-23   5.000000E-01 NotAppl  3.591152E-18  4.367909E-16  
6.041419E+03  1.043620E-04  9.089339E-01  -3.135862E-06  1.000000E+00  6.979784E+00  8.272429E-28  1.160053E-21   5.000000E-01 NotAppl  6.508551E-05  0.000000E+00  
3.605934E+03  3.049148E-03  5.411827E+02  5.653605E-08  1.000000E+00  7.623618E-05  6.775491E-23  1.076839E-24   5.000000E-01 NotAppl  9.105883E+00  0.000000E+00  
7.368726E+02  3.102684E+02  6.721539E+02  1.553675E+00  1.000000E+00  2.903561E-05  1.227093E-22  2.070872E-08   7.566598E-121 LZ5Tmedian  8.345511E+01  0.000000E+00  
2.016221E+02  2.366195E-03  2.854732E+00  -7.472658E+00  1.000000E+00  1.061280E-06  1.370763E-20  6.795064E-06   0.000000E+00 XENON1T_2018  4.275389E+04  0.000000E+00  
3.259155E+03  1.380629E-02  7.386332E-02  1.329153E-06  1.000000E+00  3.543639E+00  2.074607E-27  7.311503E-22   5.000000E-01 NotAppl  3.041476E-04  0.000000E+00  
4.078425E+01  3.912988E-02  -3.880107E-02  2.810597E-02  1.000000E+00  1.223505E-04  3.516286E-28  2.525711E-09   2.706725E-143 LZ5Tmedian  5.503114E-03  1.929095E-01  
2.732597E+01  1.057402E-01  2.472849E+01  -5.351601E-09  1.000000E+00  2.354451E-03  6.635023E-42  2.062993E-22   5.000000E-01 NotAppl  1.599528E-16  8.057602E-15  
3.454966E+01  8.782811E-01  -8.398995E-01  1.197766E-07  1.000000E+00  8.963379E-04  4.417705E-39  6.425601E-20   5.000000E-01 NotAppl  8.244403E-14  1.690222E-11  
7.212991E+02  2.223126E+01  -2.222844E+01  -2.855308E-09  1.000000E+00  1.998377E-02  3.203661E-25  7.306209E-26   5.000000E-01 NotAppl  2.203103E-01  0.000000E+00  
2.518785E+01  2.354091E-04  1.973446E-02  8.123077E-04  1.000000E+00  2.836638E-03  1.435774E-31  5.603348E-12   5.000000E-01 NotAppl  3.788328E-06  8.595863E-04  
8.940634E+01  1.802809E+00  3.426834E+02  2.473743E+00  1.000000E+00  5.038513E-05  1.197546E-22  3.943524E-06   0.000000E+00 XENON1T_2018  7.479308E+02  0.000000E+00  
8.438329E+01  3.865368E+02  -3.865207E+02  -8.056889E-06  1.000000E+00  5.090440E-03  8.232240E-25  4.709471E-17   5.000000E-01 NotAppl  5.470779E+00  0.000000E+00  
1.777641E+01  4.976005E-01  1.395729E+02  4.273569E-08  1.000000E+00  3.645564E-03  3.370678E-40  3.124298E-20   5.000000E-01 NotAppl  1.303125E-14  2.498518E-12  
1.275126E+01  1.715494E-04  4.147355E+01  8.386729E-09  1.000000E+00  6.046474E-04  1.171551E-41  2.329178E-21   5.000000E-01 NotAppl  6.626279E-16  1.333892E-14  
1.766742E+01  1.465602E-04  3.724503E+02  -1.153106E-03  1.000000E+00  1.070141E-03  2.449020E-31  2.302772E-11   2.422846E-01 NotAppl  9.537874E-06  1.811991E-03  
1.633686E+01  9.194994E-02  7.248794E+00  -1.349621E-08  1.000000E+00  1.235300E-03  3.273130E-41  3.688429E-21   5.000000E-01 NotAppl  1.391997E-15  2.217248E-13  
9.327954E+01  1.041424E+01  3.046840E+01  9.946516E-06  1.000000E+00  2.488233E-03  1.189887E-24  5.844792E-17   5.000000E-01 NotAppl  6.991895E+00  0.000000E+00  
1.735787E+03  9.146855E-01  -8.561355E-01  -2.713079E+00  1.000000E+00  2.008959E-02  5.954246E-25  1.099090E-08   5.014814E-28 LZ5Tmedian  1.773679E-01  0.000000E+00  
3.342940E+03  1.034959E-03  2.159136E-01  -9.747900E+00  1.000000E+00  5.979228E-03  2.120043E-24  3.734609E-08   4.889210E-49 LZ5Tmedian  3.217500E-01  0.000000E+00  
1.403963E+03  1.915450E+01  -1.915433E+01  -5.604072E-09  1.000000E+00  2.832129E-02  2.239590E-25  7.227343E-26   5.000000E-01 NotAppl  7.745628E-02  0.000000E+00  
4.188364E+01  1.603270E+00  -1.601370E+00  -6.220748E-01  1.000000E+00  2.247051E-04  1.859143E-25  1.172126E-06   0.000000E+00 XENON1T_2018  2.837356E+00  2.558326E-01  
2.978370E+03  3.310538E-03  1.239297E-02  -6.094036E-04  1.000000E+00  2.983854E+00  2.480662E-27  1.846296E-16   5.000000E-01 NotAppl  3.987027E-04  0.000000E+00  
3.327426E+02  7.965114E+01  -7.962950E+01  -1.264398E-09  1.000000E+00  2.233596E-03  2.914791E-24  6.972043E-26   5.000000E-01 NotAppl  4.499051E+00  0.000000E+00  
2.311222E+03  2.446905E-04  4.596713E+00  -1.947457E-09  1.000000E+00  5.212069E-01  9.808726E-27  3.159988E-27   5.000000E-01 NotAppl  2.062498E-03  0.000000E+00  
6.977364E+02  1.488644E-04  6.698028E-03  1.531833E-02  1.000000E+00  1.869233E-01  4.446286E-26  2.250505E-12   5.000000E-01 NotAppl  3.168497E-02  0.000000E+00  
6.075973E+01  4.454509E+01  -4.423532E+01  -3.786620E-07  1.000000E+00  6.831701E-03  6.955320E-36  2.034889E-19   5.000000E-01 NotAppl  7.212757E-11  4.798384E-11  
9.397781E+02  3.215189E-01  3.031206E+02  1.312559E-03  1.000000E+00  2.847039E-04  1.764310E-23  8.993623E-15   5.000000E-01 NotAppl  9.406706E+00  0.000000E+00  
2.812422E+03  4.519006E+00  1.075823E+02  -1.077670E-08  1.000000E+00  1.494023E-03  3.273147E-24  6.488547E-26   5.000000E-01 NotAppl  5.668926E-01  0.000000E+00  
2.774079E+02  2.898038E+00  -2.897882E+00  -2.576764E+00  1.000000E+00  1.705625E-04  6.763950E-23  4.202273E-07   0.000000E+00 XENON1T_2018  1.469265E+02  0.000000E+00  
2.420529E+01  1.652732E+00  -1.652628E+00  -4.415643E-02  1.000000E+00  1.624826E-02  4.133113E-28  1.794145E-08   0.000000E+00 XENON1T_2018  1.138563E-02  2.427237E-01  
2.278281E+01  7.247827E-02  4.715021E+01  -3.145289E-05  1.000000E+00  1.914189E-03  2.024867E-34  1.028480E-14   5.000000E-01 NotAppl  5.955719E-09  1.315884E-06  
4.614336E+02  3.150267E+00  -3.136229E+00  1.992171E+00  1.000000E+00  2.633197E-03  4.353851E-24  8.864507E-08   0.000000E+00 XENON1T_2018  4.901751E+00  0.000000E+00  
7.873413E+02  9.499241E+00  -9.384075E+00  -1.163844E-04  1.000000E+00  7.561924E-02  8.701974E-26  1.014961E-16   5.000000E-01 NotAppl  5.468084E-02  0.000000E+00  
1.791847E+01  4.178086E-02  -3.850627E-02  -3.543992E-05  1.000000E+00  2.217433E-03  2.324196E-34  2.114669E-14   5.000000E-01 NotAppl  8.905593E-09  1.718794E-06  
1.598334E+02  1.018411E-01  -1.008557E-01  -4.874393E-08  1.000000E+00  1.188349E-02  6.916482E-25  4.653997E-22   5.000000E-01 NotAppl  2.315412E+00  0.000000E+00  
1.841672E+01  7.923924E-01  8.406647E+01  -7.266356E-07  1.000000E+00  6.802143E-03  9.862565E-38  8.414960E-18   5.000000E-01 NotAppl  3.664714E-12  7.187101E-10  
7.917642E+02  2.931516E-03  2.076577E+01  -3.169598E-04  1.000000E+00  3.362689E-02  1.474934E-25  7.442160E-16   5.000000E-01 NotAppl  9.339198E-02  0.000000E+00  
6.001388E+01  9.707989E+02  -9.707946E+02  3.693439E-10  1.000000E+00  6.680423E-03  3.279484E-42  1.985386E-25   5.000000E-01 NotAppl  3.444223E-17  5.442863E-17  
3.234235E+01  2.441249E-03  2.181387E+01  -2.085693E-02  1.000000E+00  1.592895E-03  1.211450E-28  2.227577E-09   3.022091E-121 LZ5Tmedian  2.430568E-03  1.348360E-01  
8.757579E+01  6.947455E+00  -6.946632E+00  1.106328E-03  1.000000E+00  6.336028E-03  7.820129E-25  8.229155E-13   5.000000E-01 NotAppl  4.983740E+00  0.000000E+00  
8.047491E+02  3.331283E+02  -3.331280E+02  9.312220E-07  1.000000E+00  1.746563E-04  4.179169E-23  6.213942E-21   5.000000E-01 NotAppl  2.565385E+01  0.000000E+00  
8.774823E+01  1.145432E+02  1.513464E+02  -3.276738E+00  1.000000E+00  2.215839E-05  1.594376E-22  7.189854E-06   0.000000E+00 XENON1T_2018  1.015008E+03  0.000000E+00  
6.405158E+01  3.627804E+01  -3.627660E+01  4.117407E-08  1.000000E+00  9.750455E-03  9.851715E-38  2.160322E-21   5.000000E-01 NotAppl  9.678546E-13  0.000000E+00  
1.860384E+03  1.035697E-02  -5.880039E-03  2.481590E-01  1.000000E+00  8.134543E-01  1.073063E-26  7.983790E-11   5.000000E-01 NotAppl  2.857489E-03  0.000000E+00  
7.283113E+01  1.319947E-03  -1.087633E-03  -2.758596E-02  1.000000E+00  6.524650E-03  8.859322E-28  7.459929E-10   5.722510E-35 LZ5Tmedian  7.639372E-03  0.000000E+00  
2.665486E+03  3.546097E-02  1.279092E-01  -6.968213E-01  1.000000E+00  5.264636E-01  1.930208E-26  3.025973E-10   3.232082E-01 NotAppl  3.651419E-03  0.000000E+00  
1.986704E+01  1.051313E+00  6.010145E+01  7.390218E-07  1.000000E+00  1.047176E-02  1.049339E-37  7.477336E-18   5.000000E-01 NotAppl  3.583944E-12  7.354428E-10  
3.650578E+01  2.437410E-01  -2.404232E-01  1.251357E-03  1.000000E+00  2.446653E-04  5.333712E-31  6.271508E-12   4.455993E-01 NotAppl  9.386155E-06  1.794657E-03  
3.308547E+01  4.157015E-02  7.759769E-02  -2.681842E-06  1.000000E+00  1.469340E-03  2.068867E-36  3.517159E-17   5.000000E-01 NotAppl  4.050678E-11  8.715289E-09  
1.075061E+03  4.644762E-04  6.812352E+00  8.705582E-10  1.000000E+00  1.890178E-01  3.131281E-26  3.006541E-27   5.000000E-01 NotAppl  1.438986E-02  0.000000E+00  
4.301549E+02  2.529674E-03  2.701628E-03  5.703723E-08  1.000000E+00  7.454084E-02  1.138766E-25  8.388446E-23   5.000000E-01 NotAppl  1.339289E-01  0.000000E+00  
1.092831E+01  6.886732E-02  1.943326E+00  6.196949E-07  1.000000E+00  6.293798E-04  6.024503E-38  1.722589E-17   5.000000E-01 NotAppl  4.082507E-12  5.380816E-10  
3.380006E+02  9.971806E-01  2.712330E+02  -1.404633E-02  1.000000E+00  5.746834E-04  8.179795E-24  8.332569E-12   5.000000E-01 NotAppl  1.240860E+01  0.000000E+00  
6.500072E+01  4.635189E-01  -4.597886E-01  8.296890E-04  1.000000E+00  6.015667E-03  1.519453E-29  8.512577E-13   5.000000E-01 NotAppl  1.462327E-04  0.000000E+00  
4.066800E+03  4.267153E+00  -4.267048E+00  1.004941E-10  1.000000E+00  4.826523E-01  1.207277E-26  2.663893E-30   5.000000E-01 NotAppl  1.406382E-03  0.000000E+00  
1.648414E+02  8.024653E+02  -8.024648E+02  7.812662E-01  1.000000E+00  2.657063E-04  2.400914E-23  1.122324E-07   0.000000E+00 XENON1T_2018  7.979095E+01  0.000000E+00  
3.489263E+01  3.054496E+00  -3.053997E+00  -4.101885E-08  1.000000E+00  1.071180E-03  5.269095E-40  7.386341E-21   5.000000E-01 NotAppl  9.745573E-15  1.763504E-12  
1.124680E+02  1.188353E-01  3.049425E+00  -1.053632E+00  1.000000E+00  8.232700E-04  9.871222E-24  4.469638E-07   0.000000E+00 XENON1T_2018  4.800326E+01  0.000000E+00  
9.186574E+03  2.106419E-01  2.750706E-02  8.349944E-02  1.000000E+00  1.952984E+01  3.733399E-28  3.510642E-13   5.000000E-01 NotAppl  1.920038E-05  0.000000E+00  
4.669641E+01  1.761044E-03  2.029372E-02  2.129285E-03  1.000000E+00  4.424424E-04  3.388332E-30  1.100527E-11   2.443845E-01 NotAppl  4.603047E-05  4.230373E-03  
7.786371E+03  1.665940E-02  2.999518E-03  7.805556E-04  1.000000E+00  1.917762E+01  3.641073E-28  4.292212E-17   5.000000E-01 NotAppl  2.205678E-05  0.000000E+00  
9.628041E+01  4.055066E-02  1.911546E+00  -1.432475E-05  1.000000E+00  5.077735E-03  1.199649E-24  1.136097E-16   5.000000E-01 NotAppl  6.800640E+00  0.000000E+00  
3.442092E+02  1.696782E+00  -1.696199E+00  -2.173961E-10  1.000000E+00  4.612993E-02  1.769096E-25  1.922978E-27   5.000000E-01 NotAppl  2.623405E-01  0.000000E+00  
1.098890E+02  5.455093E+02  -5.453145E+02  1.596194E+00  1.000000E+00  1.095180E-04  5.876935E-23  1.075768E-06   0.000000E+00 XENON1T_2018  2.924484E+02  0.000000E+00  
1.390824E+02  6.978134E+02  -6.977479E+02  -5.387490E-01  1.000000E+00  6.402578E-04  9.569601E-24  7.560752E-08   0.000000E+00 XENON1T_2018  4.217293E+01  0.000000E+00  
4.367396E+01  4.037804E-04  -1.293257E-04  7.523721E-05  1.000000E+00  1.291703E-04  3.161185E-33  1.574581E-14   5.000000E-01 NotAppl  4.604855E-08  5.784000E-06  
1.536474E+03  3.835338E-01  9.107148E+01  1.850960E-05  1.000000E+00  2.235454E-03  2.132093E-24  6.559809E-19   5.000000E-01 NotAppl  6.862387E-01  0.000000E+00  
2.719880E+02  4.902004E-02  9.114742E+01  -7.660580E-02  1.000000E+00  2.949234E-03  1.591399E-24  3.867308E-10   1.267004E-06 LZ5Tmedian  3.015369E+00  0.000000E+00  
9.130231E+01  1.673798E+00  -1.597371E+00  -2.343570E-08  1.000000E+00  5.799220E-03  8.652088E-25  3.390419E-22   5.000000E-01 NotAppl  5.262581E+00  0.000000E+00  
2.126450E+02  2.729628E+01  -2.729452E+01  2.703954E-02  1.000000E+00  7.138840E-03  8.554687E-25  7.977587E-11   2.938629E-02 LZ5Tmedian  2.107711E+00  0.000000E+00  
2.071052E+01  1.135160E-02  1.619022E+01  5.343796E-09  1.000000E+00  1.452883E-03  5.582108E-42  3.596474E-22   5.000000E-01 NotAppl  1.822032E-16  1.774881E-14  
7.703389E+02  1.116990E+01  -1.116482E+01  -9.178634E-08  1.000000E+00  6.000169E-02  1.082753E-25  6.600595E-23   5.000000E-01 NotAppl  6.958086E-02  0.000000E+00  
2.156114E+03  8.762347E-02  2.937069E+01  -1.760120E-05  1.000000E+00  1.960423E-02  2.357213E-25  2.973649E-19   5.000000E-01 NotAppl  5.358852E-02  0.000000E+00  
6.032663E+01  5.671844E-04  1.067686E+02  -1.536937E-08  1.000000E+00  3.883193E-03  7.397147E-39  3.401645E-22   5.000000E-01 NotAppl  7.691564E-14  8.820842E-14  
1.015314E+03  1.052664E-01  4.112456E+01  -2.984888E-01  1.000000E+00  1.100037E-02  3.873589E-25  3.972034E-10   2.093289E-02 LZ5Tmedian  1.910995E-01  0.000000E+00  
1.129405E+01  4.604434E-01  2.461038E+00  6.220101E-06  1.000000E+00  2.818958E-03  6.157662E-36  1.626974E-15   5.000000E-01 NotAppl  4.014794E-10  5.384954E-08  
1.634806E+02  1.276442E-02  1.274150E+01  -7.845058E-02  1.000000E+00  9.969668E-03  6.488305E-25  1.151045E-09   8.519327E-29 LZ5Tmedian  2.136836E+00  0.000000E+00  
4.564254E+03  2.774825E+01  -2.723746E+01  1.447154E-05  1.000000E+00  1.433425E-02  4.530589E-25  4.368555E-20   5.000000E-01 NotAppl  4.690339E-02  0.000000E+00  
2.496198E+03  2.270474E+02  -5.855340E+01  -8.176948E-05  1.000000E+00  1.113725E-04  3.487418E-23  4.762479E-18   5.000000E-01 NotAppl  6.710144E+00  0.000000E+00  
1.256431E+02  7.656788E+01  -7.328479E+01  2.977865E+00  1.000000E+00  2.412097E-06  1.425022E-21  2.844971E-06   0.000000E+00 XENON1T_2018  7.062607E+03  0.000000E+00  
3.403379E+03  1.884385E+02  -1.883898E+02  5.614770E+00  1.000000E+00  2.866011E-04  2.570880E-23  1.194680E-08   6.595008E-16 LZ5Tmedian  3.593626E+00  0.000000E+00  
5.443245E+01  4.429124E+00  -4.110219E+00  2.827610E-01  1.000000E+00  2.871416E-03  1.995082E-25  1.420034E-07   0.000000E+00 XENON1T_2018  2.316067E+00  2.819780E-01  
6.441218E+03  1.032823E-02  -9.008329E-03  -6.320047E-06  1.000000E+00  1.327557E+01  5.315414E-28  4.136679E-21   5.000000E-01 NotAppl  3.901797E-05  0.000000E+00  
8.054353E+03  7.330108E-01  -7.298613E-01  -3.199863E-03  1.000000E+00  9.176743E+00  6.523633E-28  6.734225E-16   5.000000E-01 NotAppl  3.808685E-05  0.000000E+00  
1.120768E+03  1.209584E-02  1.343434E+00  -4.541570E-01  1.000000E+00  1.833827E-01  5.411902E-26  7.515900E-10   1.314248E-03 LZ5Tmedian  2.479766E-02  0.000000E+00  
2.417847E+01  3.744935E+02  -3.637897E+02  -6.809971E-09  1.000000E+00  6.649597E+00  9.823769E-42  4.276919E-22   5.000000E-01 NotAppl  2.709414E-16  3.939616E-14  
1.028104E+03  2.083245E+00  -2.082968E+00  7.837306E-08  1.000000E+00  3.290652E-01  2.315481E-26  2.669269E-23   5.000000E-01 NotAppl  1.105965E-02  0.000000E+00  
1.321123E+01  1.256774E-02  3.076398E+02  1.033606E-08  1.000000E+00  6.810258E-04  1.800308E-41  3.298484E-21   5.000000E-01 NotAppl  9.771631E-16  1.491587E-13  
2.281693E+03  2.188364E-01  -2.119040E-02  -3.728048E-09  1.000000E+00  1.769119E+00  4.259768E-27  1.188741E-26   5.000000E-01 NotAppl  8.985314E-04  0.000000E+00  
5.270002E+03  2.534422E+02  -2.461115E+02  3.515030E-06  1.000000E+00  1.953649E-04  3.615233E-23  1.924027E-21   5.000000E-01 NotAppl  3.234601E+00  0.000000E+00  
1.354927E+02  4.278924E+01  -3.333776E+01  1.408522E-06  1.000000E+00  2.128905E-03  1.552261E-24  5.452555E-19   5.000000E-01 NotAppl  6.217123E+00  0.000000E+00  
5.836339E+02  4.654931E-04  1.588635E-02  3.568607E-01  1.000000E+00  6.481845E-02  1.589229E-25  1.759351E-09   1.475808E-13 LZ5Tmedian  1.412588E-01  0.000000E+00  
2.809442E+02  7.003087E+02  -7.000589E+02  -2.278091E-10  1.000000E+00  2.265271E-04  2.907747E-23  3.200443E-27   5.000000E-01 NotAppl  5.365133E+01  0.000000E+00  
1.759681E+03  1.270665E+00  -1.249442E+00  -2.502659E-09  1.000000E+00  9.140823E-01  8.035018E-27  9.095156E-27   5.000000E-01 NotAppl  2.210365E-03  0.000000E+00  
3.520226E+02  1.698267E-01  1.528462E+00  3.044502E-06  1.000000E+00  4.862440E-02  1.686549E-25  3.602043E-19   5.000000E-01 NotAppl  2.443078E-01  0.000000E+00  
1.743604E+03  1.800714E+02  -1.800533E+02  1.459935E-10  1.000000E+00  4.145874E-04  1.719038E-23  3.153541E-29   5.000000E-01 NotAppl  4.757566E+00  0.000000E+00  
1.611000E+03  5.449115E+01  -5.209969E-02  4.548820E-02  1.000000E+00  1.968572E-03  2.508388E-24  3.597124E-12   5.000000E-01 NotAppl  7.579971E-01  0.000000E+00  
3.888019E+01  1.763535E-04  1.504820E+02  5.842362E-07  1.000000E+00  4.332217E-05  1.336942E-37  1.202767E-18   5.000000E-01 NotAppl  2.204921E-12  3.817477E-10  
1.789454E+03  9.326379E+02  -9.326204E+02  -9.081123E-05  1.000000E+00  2.590485E-05  2.963702E-22  1.157269E-17   5.000000E-01 NotAppl  7.986486E+01  0.000000E+00  
1.144106E+02  7.821622E+02  -7.821614E+02  1.824334E-03  1.000000E+00  1.461279E-03  3.845625E-24  1.293768E-12   5.000000E-01 NotAppl  1.848042E+01  0.000000E+00  
5.823711E+01  2.542271E-03  -1.833169E-03  -1.143450E-08  1.000000E+00  3.783285E-03  1.099456E-39  2.023240E-22   5.000000E-01 NotAppl  1.185887E-14  6.779407E-14  
3.866933E+02  1.760042E+00  -1.759674E+00  -3.430875E-10  1.000000E+00  5.744855E-02  1.419543E-25  3.774229E-27   5.000000E-01 NotAppl  1.865580E-01  0.000000E+00  
1.936668E+01  1.290538E+00  1.181188E+02  2.350222E-10  1.000000E+00  1.624328E-02  1.050783E-44  7.959235E-25   5.000000E-01 NotAppl  3.693729E-19  7.439413E-17  
9.240385E+02  6.049766E-04  -3.012071E-04  -7.400234E-04  1.000000E+00  3.197494E-01  2.543889E-26  2.959132E-15   5.000000E-01 NotAppl  1.356538E-02  0.000000E+00  
1.714178E+02  1.048198E-02  2.182581E+00  5.943581E-05  1.000000E+00  1.252601E-02  6.192481E-25  5.995041E-16   5.000000E-01 NotAppl  1.929136E+00  0.000000E+00  
3.057719E+01  3.903266E-04  3.691749E-01  2.929774E-02  1.000000E+00  2.104780E-03  2.226121E-28  4.924895E-09   1.955284E-260 LZ5Tmedian  4.739769E-03  2.006020E-01  
3.230812E+01  6.510811E-01  6.205143E+02  -2.790929E-06  1.000000E+00  1.960257E-03  2.166124E-36  3.997256E-17   5.000000E-01 NotAppl  4.351026E-11  9.476484E-09  
2.969659E+01  5.532971E+01  -5.532959E+01  2.464609E-03  1.000000E+00  1.078847E-02  1.524318E-30  3.697657E-11   1.205247E-02 LZ5Tmedian  3.354494E-05  7.522742E-03  
1.506629E+01  2.177692E-02  -1.525147E-02  -5.496719E-08  1.000000E+00  1.552672E-03  5.299553E-40  7.188624E-20   5.000000E-01 NotAppl  2.471904E-14  4.188623E-12  
7.566615E+01  1.199489E+00  -1.165959E+00  2.112799E-09  1.000000E+00  1.012951E-02  3.088899E-42  4.047603E-24   5.000000E-01 NotAppl  2.562181E-17  0.000000E+00  
9.031552E+03  2.586895E+01  -2.579591E+01  3.582113E-05  1.000000E+00  1.648628E-02  3.944614E-25  6.688155E-20   5.000000E-01 NotAppl  2.045317E-02  0.000000E+00  
6.338254E+03  2.346521E+01  -2.212898E+01  -4.230197E-10  1.000000E+00  2.010863E-02  3.250554E-25  1.914932E-29   5.000000E-01 NotAppl  2.411938E-02  0.000000E+00  
1.195009E+02  1.967951E+00  -3.377983E-01  8.954494E-01  1.000000E+00  5.266005E-04  1.423734E-23  2.850850E-07   0.000000E+00 XENON1T_2018  6.469700E+01  0.000000E+00  
1.041640E+01  2.570721E-01  1.165742E+01  9.552495E-03  1.000000E+00  1.254789E-03  1.398832E-29  4.496098E-09   1.223791E-21 LZ5Tmedian  1.003118E-03  6.141835E-02  
1.553789E+02  3.398796E-04  -7.911257E-05  -1.089584E-10  1.000000E+00  1.135301E-02  7.244117E-25  2.464162E-27   5.000000E-01 NotAppl  2.496458E+00  0.000000E+00  
8.427426E+01  4.418714E+02  -4.406046E+02  -2.651740E-07  1.000000E+00  4.230387E-03  8.132877E-25  5.115049E-20   5.000000E-01 NotAppl  5.416229E+00  0.000000E+00  
1.317129E+03  3.820978E+00  -3.820588E+00  -7.244478E-08  1.000000E+00  3.219977E-01  2.117258E-26  1.375746E-23   5.000000E-01 NotAppl  7.833363E-03  0.000000E+00  
5.864322E+02  2.224658E-04  -6.743108E-05  -2.666611E-05  1.000000E+00  1.346025E-01  6.227658E-26  9.728098E-18   5.000000E-01 NotAppl  5.310909E-02  0.000000E+00  
1.788290E+01  5.828917E-01  -5.823333E-01  3.489417E-01  1.000000E+00  9.169920E-03  2.252239E-26  2.058205E-06   0.000000E+00 XENON1T_2018  8.654893E-01  2.494779E-01  
1.082161E+01  6.959712E+00  -6.929323E+00  -6.194921E-03  1.000000E+00  1.888352E-01  5.993476E-30  1.754870E-09   1.810248E-10 LZ5Tmedian  4.108600E-04  4.870443E-02  
1.739468E+01  8.629886E-04  3.089450E+01  -4.907198E-02  1.000000E+00  1.044835E-03  4.412761E-28  4.302154E-08   0.000000E+00 XENON1T_2018  1.748156E-02  2.929341E-01  
2.306606E+03  1.371448E-01  1.485371E+01  -1.961635E-09  1.000000E+00  7.085601E-02  6.440431E-26  3.219246E-27   5.000000E-01 NotAppl  1.365280E-02  0.000000E+00  
1.418736E+01  3.648477E-04  2.539472E+01  -1.429318E-08  1.000000E+00  7.296595E-04  3.519692E-41  5.476992E-21   5.000000E-01 NotAppl  1.759160E-15  8.366157E-14  
1.248312E+01  1.179418E+01  -1.178895E+01  -8.644810E-01  1.000000E+00  3.640698E-02  1.221240E-25  2.580743E-05   0.000000E+00 XENON1T_2018  7.081701E+00  2.619181E-01  
1.645874E+03  1.009730E-03  1.217279E-01  -1.326961E-01  1.000000E+00  8.462243E-01  9.591061E-27  2.930305E-11   5.000000E-01 NotAppl  2.855169E-03  0.000000E+00  
8.441440E+01  9.965626E+01  -9.921159E+01  -3.377915E-04  1.000000E+00  5.108836E-03  7.840114E-25  8.271930E-14   5.000000E-01 NotAppl  5.206901E+00  0.000000E+00  
4.881454E+01  1.604451E+01  -3.724818E+00  5.193226E-01  1.000000E+00  9.320622E-03  2.579981E-25  5.980857E-07   0.000000E+00 XENON1T_2018  3.354324E+00  7.148281E-01  
3.563797E+02  4.074859E+01  -4.072771E+01  -8.457444E-09  1.000000E+00  6.366035E-03  9.929238E-25  2.710562E-24   5.000000E-01 NotAppl  1.425262E+00  0.000000E+00  
2.221787E+02  1.417077E-02  -8.025563E-03  7.363079E-06  1.000000E+00  2.148156E-02  3.962852E-25  5.407091E-18   5.000000E-01 NotAppl  9.277499E-01  0.000000E+00  
2.260883E+02  5.913023E-03  -4.437699E-03  2.733397E-07  1.000000E+00  2.218474E-02  3.839083E-25  7.189994E-21   5.000000E-01 NotAppl  8.825539E-01  0.000000E+00  
1.625459E+01  1.122751E-01  4.303436E-02  1.241042E-07  1.000000E+00  1.994154E-03  2.763417E-39  3.150378E-19   5.000000E-01 NotAppl  1.182402E-13  2.124188E-11  
7.173126E+01  5.532145E+01  -5.532052E+01  -2.102898E-05  1.000000E+00  1.656732E-02  6.536630E-34  4.471905E-16   5.000000E-01 NotAppl  5.722083E-09  0.000000E+00  
1.567069E+03  1.783669E-04  3.735214E-03  3.520287E-10  1.000000E+00  8.722905E-01  8.919434E-27  2.279262E-28   5.000000E-01 NotAppl  2.764501E-03  0.000000E+00  
2.148803E+01  6.817143E+02  -5.909459E+02  -3.650118E-08  1.000000E+00  5.269310E+06  2.647975E-40  1.558197E-20   5.000000E-01 NotAppl  8.295813E-15  1.787682E-12  
1.199531E+01  1.726479E+02  -1.720426E+02  1.707420E-09  1.000000E+00  2.372103E-01  4.751818E-43  1.089012E-22   5.000000E-01 NotAppl  2.886393E-17  4.086710E-15  
8.875986E+03  1.357934E+01  -1.354336E+01  -5.400905E-06  1.000000E+00  5.709612E-02  1.090431E-25  1.575011E-21   5.000000E-01 NotAppl  5.754052E-03  0.000000E+00  
1.078257E+03  3.470058E-03  1.153028E+02  -1.117418E-02  1.000000E+00  1.493874E-03  3.215657E-24  4.923472E-13   5.000000E-01 NotAppl  1.488635E+00  0.000000E+00  
2.765011E+01  8.528441E-02  6.466721E-01  2.991538E-08  1.000000E+00  2.549992E-03  2.094686E-40  6.294552E-21   5.000000E-01 NotAppl  4.979325E-15  1.143532E-12  
1.281993E+01  1.317578E-04  6.580732E-03  1.723419E-05  1.000000E+00  1.041385E-03  4.956104E-35  9.731793E-15   5.000000E-01 NotAppl  2.785699E-09  4.152516E-07  
8.550999E+01  4.163253E-02  1.048720E-01  -9.541050E-02  1.000000E+00  7.460177E-03  2.040782E-25  6.427252E-09   3.793034E-266 LZ5Tmedian  1.334034E+00  0.000000E+00  
1.136591E+03  2.074919E-03  8.940235E+00  1.478560E-05  1.000000E+00  1.409042E-01  3.829592E-26  7.741451E-19   5.000000E-01 NotAppl  1.666824E-02  0.000000E+00  
2.871724E+03  2.867705E-03  -2.205699E-04  8.656892E-07  1.000000E+00  2.781609E+00  2.667845E-27  4.012838E-22   5.000000E-01 NotAppl  4.450217E-04  0.000000E+00  
7.951222E+02  1.083206E+02  -1.072091E+02  -8.936597E+00  1.000000E+00  1.896315E-04  3.557319E-23  5.865169E-07   0.000000E+00 XENON1T_2018  2.610686E+01  0.000000E+00  
8.490597E+01  3.363758E+00  -3.284363E+00  -1.791204E+00  1.000000E+00  1.737071E-04  4.520298E-23  2.298435E-06   0.000000E+00 XENON1T_2018  2.979300E+02  0.000000E+00  
8.279694E+02  1.921945E+02  2.488731E+02  -5.924447E-09  1.000000E+00  7.471989E-05  4.664776E-23  2.373147E-25   5.000000E-01 NotAppl  2.813552E+01  0.000000E+00  
1.886912E+02  2.998861E-03  5.560907E-01  -1.261235E-06  1.000000E+00  1.569075E-02  5.309752E-25  2.217324E-19   5.000000E-01 NotAppl  1.474442E+00  0.000000E+00  
1.135126E+02  8.689906E-01  -2.449284E-02  4.679126E-02  1.000000E+00  5.238911E-03  1.415978E-24  8.649527E-10   1.572787E-29 LZ5Tmedian  6.7