MD1           DMP           DM3           l345          ld           Omegah2       sigV          protonSI      PvalDD        expName      CMB_ID        brH_DMDM      
1.370612E+01  1.243079E+01  -1.240397E+01  -2.569171E-09  1.000000E+00  1.129348E-01  1.125274E-42  1.894897E-22   5.000000E-01 NotAppl  5.854302E-17  5.285549E-15  
6.913546E+01  2.751351E-04  3.724991E-03  -4.078418E-04  1.000000E+00  5.853808E-03  4.925100E-31  1.813555E-13   5.000000E-01 NotAppl  4.447296E-06  0.000000E+00  
3.946588E+02  2.899474E+01  -1.556048E+01  7.844094E+00  1.000000E+00  2.639064E-05  1.826522E-22  1.892268E-06   0.000000E+00 XENON1T_2018  2.641281E+02  0.000000E+00  
2.522187E+01  8.414229E-01  7.664778E+02  -1.068536E-10  1.000000E+00  5.950309E-03  2.486733E-45  9.669458E-26   5.000000E-01 NotAppl  6.551464E-20  1.483900E-17  
1.054523E+02  1.430941E-04  1.168234E-04  6.002302E-02  1.000000E+00  5.233287E-03  1.656960E-24  1.655286E-09   3.475737E-59 LZ5Tmedian  8.528454E+00  0.000000E+00  
5.357895E+02  2.544232E-01  -2.530615E-01  -6.358618E-09  1.000000E+00  1.127252E-01  7.436200E-26  6.653144E-25   5.000000E-01 NotAppl  6.963314E-02  0.000000E+00  
4.998170E+01  1.580842E-04  1.746195E+02  -7.968747E-10  1.000000E+00  1.953938E-03  7.118249E-43  1.342022E-24   5.000000E-01 NotAppl  9.038477E-18  5.446010E-16  
1.147286E+01  1.042989E+02  -1.042979E+02  2.959881E-02  1.000000E+00  1.661647E-01  1.403433E-28  3.572207E-08   3.433984E-256 LZ5Tmedian  8.983156E-03  3.555377E-01  
1.726124E+03  2.922977E+01  -2.851670E+01  2.676244E-09  1.000000E+00  1.284690E-02  5.022170E-25  1.081689E-26   5.000000E-01 NotAppl  1.404396E-01  0.000000E+00  
4.193536E+02  1.929871E+00  4.884721E+00  -6.831293E-06  1.000000E+00  5.130917E-02  1.348958E-25  1.267557E-18   5.000000E-01 NotAppl  1.630328E-01  0.000000E+00  
1.200400E+03  1.143214E+02  -1.141508E+02  3.783099E-04  1.000000E+00  9.952768E-04  6.975179E-24  4.533541E-16   5.000000E-01 NotAppl  2.833809E+00  0.000000E+00  
6.015648E+01  1.999473E-02  -1.960438E-02  2.668359E-07  1.000000E+00  4.218981E-03  1.922675E-36  1.031261E-19   5.000000E-01 NotAppl  2.014731E-11  2.758993E-11  
5.562998E+01  3.827721E+00  -3.803775E+00  -3.803266E-08  1.000000E+00  3.814023E-03  4.884204E-39  2.457533E-21   5.000000E-01 NotAppl  5.547476E-14  7.857455E-13  
1.842900E+02  1.319416E-03  -8.621194E-04  -3.140080E-06  1.000000E+00  1.530514E-02  5.523538E-25  1.442532E-18   5.000000E-01 NotAppl  1.572239E+00  0.000000E+00  
3.920029E+03  1.534016E-02  -1.321440E-02  -4.966998E-02  1.000000E+00  4.983776E+00  1.468876E-27  7.012875E-13   5.000000E-01 NotAppl  1.787394E-04  0.000000E+00  
9.083646E+01  4.899585E+02  -4.898925E+02  1.913449E-05  1.000000E+00  3.213999E-03  1.378603E-24  2.283939E-16   5.000000E-01 NotAppl  8.467195E+00  0.000000E+00  
3.363704E+03  8.339511E+00  -8.313251E+00  -1.021645E-05  1.000000E+00  1.397072E-01  4.289977E-26  4.050892E-20   5.000000E-01 NotAppl  6.060951E-03  0.000000E+00  
6.773208E+03  8.838066E-01  2.992338E+01  -6.932257E+00  1.000000E+00  1.914533E-02  2.472201E-25  4.493775E-09   1.336469E-03 LZ5Tmedian  1.827396E-02  0.000000E+00  
1.935128E+01  8.623842E-03  3.023023E+00  3.833704E-06  1.000000E+00  1.292668E-03  2.795124E-36  2.121209E-16   5.000000E-01 NotAppl  9.834128E-11  1.947816E-08  
4.211129E+03  1.002427E+02  -9.915319E+01  -4.597317E-06  1.000000E+00  1.198346E-03  5.794811E-24  5.193246E-21   5.000000E-01 NotAppl  6.511108E-01  0.000000E+00  
9.050649E+03  6.836008E+01  -5.414078E+01  -5.402833E-08  1.000000E+00  2.568174E-03  2.794545E-24  1.514984E-25   5.000000E-01 NotAppl  1.446509E-01  0.000000E+00  
3.802230E+02  2.899844E-01  -2.872984E-01  -3.547322E-05  1.000000E+00  5.852427E-02  1.445827E-25  4.176544E-17   5.000000E-01 NotAppl  1.933635E-01  0.000000E+00  
1.129710E+03  2.523891E+01  -2.523608E+01  -6.807972E-10  1.000000E+00  1.683891E-02  3.825524E-25  1.661734E-27   5.000000E-01 NotAppl  1.654654E-01  0.000000E+00  
9.746355E+02  6.527207E+02  -6.497252E+02  1.042014E-10  1.000000E+00  5.631854E-05  1.234792E-22  5.262029E-29   5.000000E-01 NotAppl  6.218131E+01  0.000000E+00  
7.500407E+02  6.284534E-01  -6.196007E-01  5.738086E+00  1.000000E+00  1.129474E-03  1.192611E-23  2.724280E-07   0.000000E+00 XENON1T_2018  8.059761E+00  0.000000E+00  
1.214894E+03  9.560334E-04  7.039389E+01  -1.588515E-09  1.000000E+00  3.708847E-03  1.273208E-24  7.799914E-27   5.000000E-01 NotAppl  5.214321E-01  0.000000E+00  
5.993507E+01  6.310621E-03  3.972491E+02  5.700836E-06  1.000000E+00  3.838770E-03  7.351240E-34  4.742688E-17   5.000000E-01 NotAppl  7.732474E-09  1.316291E-08  
3.744839E+01  4.510489E-01  3.077833E+02  9.253821E-06  1.000000E+00  1.000777E-04  3.075710E-35  3.256578E-16   5.000000E-01 NotAppl  5.277605E-10  9.763071E-08  
1.970417E+02  3.608840E-04  3.290494E-03  -1.603767E-09  1.000000E+00  1.725857E-02  4.913377E-25  3.280785E-25   5.000000E-01 NotAppl  1.303911E+00  0.000000E+00  
7.885169E+01  1.300658E-02  -1.262496E-02  -1.736611E-02  1.000000E+00  7.365701E-03  1.302989E-28  2.513609E-10   1.073659E-11 LZ5Tmedian  1.036670E-03  0.000000E+00  
1.795341E+01  8.794606E-01  -8.684523E-01  -1.306180E-01  1.000000E+00  1.636977E-02  3.158989E-27  2.861348E-07   0.000000E+00 XENON1T_2018  1.207866E-01  2.500000E-01  
6.445136E+01  2.535171E-04  6.047359E+02  4.191740E-07  1.000000E+00  4.453239E-03  6.419807E-36  2.210770E-19   5.000000E-01 NotAppl  6.232835E-11  0.000000E+00  
1.713675E+01  3.550898E-02  1.238675E+00  -9.047979E-07  1.000000E+00  1.176221E-03  1.493079E-37  1.506903E-17   5.000000E-01 NotAppl  6.017804E-12  1.120945E-09  
1.138831E+01  3.040281E-03  1.486005E+02  -4.771011E-04  1.000000E+00  5.059677E-04  3.635380E-32  9.417139E-12   5.000000E-01 NotAppl  2.347244E-06  3.194049E-04  
9.990945E+01  4.377794E-02  6.374115E+00  -1.514883E-10  1.000000E+00  4.834776E-03  1.247713E-24  1.177778E-26   5.000000E-01 NotAppl  6.792253E+00  0.000000E+00  
2.448984E+03  9.714740E+01  -9.713046E+01  5.389690E-02  1.000000E+00  1.288158E-03  5.388446E-24  2.151130E-12   5.000000E-01 NotAppl  1.052587E+00  0.000000E+00  
1.593881E+01  5.609775E+02  -5.609458E+02  3.954091E-07  1.000000E+00  7.960380E-02  2.788623E-38  3.325565E-18   5.000000E-01 NotAppl  1.219686E-12  2.160144E-10  
3.613239E+01  2.525372E+00  -2.476051E+00  1.186088E-02  1.000000E+00  3.843787E-04  4.696149E-29  5.753227E-10   7.152675E-33 LZ5Tmedian  8.369406E-04  7.871050E-02  
1.387025E+03  4.257533E-03  -3.769541E-03  6.134937E-08  1.000000E+00  6.915059E-01  1.136906E-26  8.878546E-24   5.000000E-01 NotAppl  3.994119E-03  0.000000E+00  
2.366429E+02  1.718572E-02  1.635212E-01  -8.245877E-08  1.000000E+00  2.402453E-02  3.533477E-25  5.959353E-22   5.000000E-01 NotAppl  7.745060E-01  0.000000E+00  
1.649246E+01  5.136446E+00  -1.995630E+00  3.334137E-08  1.000000E+00  9.393179E-01  2.003385E-40  2.208882E-20   5.000000E-01 NotAppl  8.431976E-15  1.343704E-12  
9.473233E+02  7.739135E-01  -7.735218E-01  -6.087179E-06  1.000000E+00  3.257200E-01  2.457834E-26  1.903000E-19   5.000000E-01 NotAppl  1.277423E-02  0.000000E+00  
4.319803E+03  2.056725E-04  6.196332E-02  -2.772615E-06  1.000000E+00  6.109140E+00  1.181781E-27  1.793511E-21   5.000000E-01 NotAppl  1.300918E-04  0.000000E+00  
1.507505E+03  8.950366E-02  -8.933399E-02  -2.192677E-04  1.000000E+00  8.095002E-01  9.638829E-27  9.569780E-17   5.000000E-01 NotAppl  3.108761E-03  0.000000E+00  
1.997285E+03  5.940696E+01  -1.324080E+01  -2.390901E-09  1.000000E+00  2.066580E-03  2.586032E-24  6.412593E-27   5.000000E-01 NotAppl  6.255413E-01  0.000000E+00  
1.541272E+01  1.829465E-02  1.112544E-01  1.960318E-03  1.000000E+00  1.308080E-03  6.785974E-31  8.738811E-11   2.044366E-02 LZ5Tmedian  3.084884E-05  5.203901E-03  
1.346597E+03  1.593525E+00  -1.571074E+00  -9.013514E-07  1.000000E+00  5.534274E-01  1.355586E-26  2.035691E-21   5.000000E-01 NotAppl  4.907402E-03  0.000000E+00  
4.963159E+02  1.194244E-04  2.543566E+02  -7.429197E+00  1.000000E+00  7.504883E-05  1.359651E-22  1.062066E-06   0.000000E+00 XENON1T_2018  1.636685E+02  0.000000E+00  
1.122098E+02  5.002084E-01  -5.000382E-01  2.546463E-02  1.000000E+00  6.193534E-03  1.296100E-24  2.623103E-10   1.524447E-09 LZ5Tmedian  6.252325E+00  0.000000E+00  
2.045116E+02  2.119576E-01  -2.099574E-01  -2.791426E-04  1.000000E+00  1.834419E-02  4.601012E-25  9.209412E-15   5.000000E-01 NotAppl  1.174456E+00  0.000000E+00  
1.936242E+03  4.525366E-03  7.058963E-02  1.313649E-09  1.000000E+00  1.304947E+00  5.855653E-27  2.062229E-27   5.000000E-01 NotAppl  1.461234E-03  0.000000E+00  
4.059061E+02  2.747564E+00  -2.653357E+00  -6.060141E-09  1.000000E+00  5.987127E-02  1.321163E-25  1.066326E-24   5.000000E-01 NotAppl  1.650796E-01  0.000000E+00  
1.834102E+01  6.817866E+00  1.489245E+01  2.949300E-10  1.000000E+00  4.669367E+00  1.622464E-44  1.397777E-24   5.000000E-01 NotAppl  6.056527E-19  3.580829E-17  
2.321401E+01  8.368707E+02  -8.368705E+02  -1.066712E-03  1.000000E+00  2.843668E-02  2.353036E-31  1.139115E-11   3.342528E-01 NotAppl  6.781530E-06  1.505020E-03  
1.336433E+01  5.116015E-02  -4.967577E-02  3.139837E-09  1.000000E+00  1.484228E-03  1.667436E-42  2.975223E-22   5.000000E-01 NotAppl  8.932495E-17  1.375667E-14  
6.231878E+03  3.830603E-01  1.517257E+00  -6.275429E+00  1.000000E+00  5.159065E-02  2.276314E-25  4.361707E-09   9.301912E-04 LZ5Tmedian  1.833828E-02  0.000000E+00  
3.906027E+01  1.439099E+02  -1.439065E+02  9.195993E-06  1.000000E+00  9.980567E-04  3.350082E-35  2.952042E-16   5.000000E-01 NotAppl  5.497775E-10  9.432996E-08  
9.107885E+01  1.021963E-03  -6.260486E-04  2.370194E-09  1.000000E+00  5.696963E-03  7.691894E-25  3.485349E-24   5.000000E-01 NotAppl  4.712196E+00  0.000000E+00  
5.523910E+01  6.720159E+01  -1.609100E+01  -6.576486E-08  1.000000E+00  1.226589E+03  1.315693E-38  7.454511E-21   5.000000E-01 NotAppl  1.499830E-13  2.890991E-12  
3.754999E+03  8.355869E-04  4.363502E-03  7.171735E-09  1.000000E+00  4.666221E+00  1.562011E-27  1.595720E-26   5.000000E-01 NotAppl  1.982439E-04  0.000000E+00  
4.488875E+03  4.756693E+02  -4.748934E+02  -2.078695E-10  1.000000E+00  6.219046E-05  1.199078E-22  9.323898E-30   5.000000E-01 NotAppl  1.262529E+01  0.000000E+00  
1.189317E+03  7.597013E+02  -7.590911E+02  1.270338E-09  1.000000E+00  4.305924E-05  1.733265E-22  5.209544E-27   5.000000E-01 NotAppl  7.109040E+01  0.000000E+00  
3.691204E+02  3.176160E-01  7.250942E+02  -1.554835E-09  1.000000E+00  2.237283E-04  2.165341E-23  8.525611E-26   5.000000E-01 NotAppl  3.003360E+01  0.000000E+00  
1.967702E+02  2.643915E-04  5.594019E-03  -7.160709E-02  1.000000E+00  1.712344E-02  4.858646E-25  6.558958E-10   2.970400E-14 LZ5Tmedian  1.299138E+00  0.000000E+00  
1.356941E+02  2.232279E+01  -1.942310E+01  -3.257891E-02  1.000000E+00  4.236685E-03  1.011135E-24  2.908193E-10   4.511395E-09 LZ5Tmedian  4.028665E+00  0.000000E+00  
4.797116E+03  2.283369E-04  2.184311E+02  3.931678E+00  1.000000E+00  3.847383E-04  1.385301E-23  2.914215E-09   2.345747E-03 LZ5Tmedian  1.394365E+00  0.000000E+00  
1.670816E+01  1.445002E-04  2.626087E+02  6.557293E-10  1.000000E+00  9.708069E-04  7.780062E-44  8.325201E-24   5.000000E-01 NotAppl  3.225476E-18  5.918516E-16  
6.883396E+03  1.787767E-02  -1.762627E-02  7.458296E-04  1.000000E+00  1.509614E+01  4.656565E-28  5.033870E-17   5.000000E-01 NotAppl  3.195683E-05  0.000000E+00  
2.969333E+01  1.158145E-04  6.347714E-04  1.761434E-02  1.000000E+00  2.606232E-03  7.785865E-29  1.889121E-09   9.312082E-99 LZ5Tmedian  1.713753E-03  1.523301E-01  
5.013909E+01  9.609341E-01  4.577135E+01  -8.752335E-10  1.000000E+00  3.110693E-03  8.782128E-43  1.608588E-24   5.000000E-01 NotAppl  1.107978E-17  6.416719E-16  
6.995582E+02  1.107049E+02  -2.193175E+01  -4.180396E-10  1.000000E+00  4.375185E-04  7.929290E-24  1.667164E-27   5.000000E-01 NotAppl  5.649888E+00  0.000000E+00  
7.429740E+02  1.053322E-03  -4.859125E-04  -1.360189E-07  1.000000E+00  2.112450E-01  3.912780E-26  1.560684E-22   5.000000E-01 NotAppl  2.612521E-02  0.000000E+00  
1.631281E+01  1.679139E+00  -1.664883E+00  3.709740E-08  1.000000E+00  5.282939E-02  2.471908E-40  2.794990E-20   5.000000E-01 NotAppl  1.053389E-14  1.877860E-12  
1.399188E+02  3.441514E+02  -3.433799E+02  -4.226211E-06  1.000000E+00  9.705088E-04  5.448037E-24  4.595747E-18   5.000000E-01 NotAppl  2.135136E+01  0.000000E+00  
3.470263E+01  1.502998E+00  -1.401244E+00  -1.196170E-02  1.000000E+00  8.608514E-04  4.438909E-29  6.351282E-10   6.792750E-36 LZ5Tmedian  8.257910E-04  1.137469E-01  
3.450028E+01  5.888315E-01  -5.755543E-01  1.860051E-10  1.000000E+00  9.081523E-04  1.062823E-44  1.554103E-25   5.000000E-01 NotAppl  1.989615E-19  4.101986E-17  
1.468406E+02  1.694827E+00  1.626223E+02  -2.644778E-01  1.000000E+00  2.044040E-03  2.152616E-24  1.630213E-08   0.000000E+00 LZ5Tmedian  8.297509E+00  0.000000E+00  
6.812194E+03  1.087746E+02  -1.087745E+02  2.032306E-06  1.000000E+00  1.027737E-03  6.878320E-24  3.817471E-22   5.000000E-01 NotAppl  4.743811E-01  0.000000E+00  
7.287876E+01  7.257713E-04  9.258355E+02  1.657462E-09  1.000000E+00  5.593713E-03  3.166697E-42  2.689465E-24   5.000000E-01 NotAppl  2.728562E-17  0.000000E+00  
4.857217E+01  6.925060E+02  -6.925058E+02  -3.801422E-06  1.000000E+00  6.337042E-04  1.342361E-35  3.237317E-17   5.000000E-01 NotAppl  1.750747E-10  1.299417E-08  
2.486925E+02  5.620363E+02  -5.620362E+02  -9.198790E-08  1.000000E+00  3.122534E-04  2.109305E-23  6.698846E-22   5.000000E-01 NotAppl  4.426371E+01  0.000000E+00  
1.746770E+03  3.303814E-04  4.528958E+01  4.977487E-10  1.000000E+00  8.556652E-03  5.461981E-25  3.652127E-28   5.000000E-01 NotAppl  1.541057E-01  0.000000E+00  
3.144180E+03  1.195725E-01  4.586702E+00  -2.897430E-03  1.000000E+00  5.823816E-01  8.170719E-27  3.737892E-15   5.000000E-01 NotAppl  1.257244E-03  0.000000E+00  
3.735240E+02  4.510275E+00  -3.900624E+00  -7.711891E-03  1.000000E+00  4.581671E-02  1.600906E-25  2.047091E-12   5.000000E-01 NotAppl  2.181473E-01  0.000000E+00  
6.267348E+03  5.013092E+01  2.570975E+01  -3.198896E-06  1.000000E+00  2.271884E-03  3.007630E-24  1.120369E-21   5.000000E-01 NotAppl  2.282330E-01  0.000000E+00  
7.120879E+03  1.243466E-03  4.971799E-02  -2.216066E+00  1.000000E+00  4.557635E-01  2.389225E-26  4.148206E-10   5.000000E-01 NotAppl  1.672170E-03  0.000000E+00  
2.566390E+03  1.679644E-01  2.152674E+02  8.161654E-07  1.000000E+00  4.296463E-04  1.150282E-23  4.484165E-22   5.000000E-01 NotAppl  2.188154E+00  0.000000E+00  
3.330956E+01  8.812632E-01  -7.793269E-01  5.718655E-04  1.000000E+00  1.616754E-03  9.502034E-32  1.577491E-12   5.000000E-01 NotAppl  1.846987E-06  3.885283E-04  
3.015626E+02  5.044826E+01  -5.044803E+01  7.702721E-05  1.000000E+00  4.501214E-03  1.404632E-24  3.164976E-16   5.000000E-01 NotAppl  2.402872E+00  0.000000E+00  
1.573902E+03  6.212998E+00  -6.210485E+00  2.122116E-08  1.000000E+00  1.994462E-01  3.148942E-26  8.209644E-25   5.000000E-01 NotAppl  9.691325E-03  0.000000E+00  
5.638333E+03  2.740888E-03  -2.589261E-03  2.903544E-09  1.000000E+00  1.025370E+01  6.934747E-28  1.144379E-27   5.000000E-01 NotAppl  5.825256E-05  0.000000E+00  
2.023542E+02  9.019150E+00  -9.008544E+00  -5.463330E-03  1.000000E+00  1.275920E-02  5.136644E-25  3.605227E-12   5.000000E-01 NotAppl  1.327175E+00  0.000000E+00  
4.893639E+01  2.380072E+00  -2.378662E+00  -7.168358E-06  1.000000E+00  8.673632E-04  5.000381E-35  1.133763E-16   5.000000E-01 NotAppl  6.490230E-10  4.121691E-08  
3.624935E+02  1.451395E-02  -1.440558E-02  1.589206E-07  1.000000E+00  5.381827E-02  1.583466E-25  9.243163E-22   5.000000E-01 NotAppl  2.225332E-01  0.000000E+00  
7.208805E+02  1.254807E-01  -1.249312E-01  -4.328674E-04  1.000000E+00  1.991455E-01  4.153472E-26  1.681168E-15   5.000000E-01 NotAppl  2.861134E-02  0.000000E+00  
8.367091E+02  6.902756E-02  -5.864186E-02  -2.916692E-03  1.000000E+00  2.647004E-01  3.095123E-26  5.629852E-14   5.000000E-01 NotAppl  1.828311E-02  0.000000E+00  
3.153264E+02  2.021195E+01  1.340562E+02  4.621503E-05  1.000000E+00  8.606363E-04  4.008659E-24  1.039826E-16   5.000000E-01 NotAppl  6.526952E+00  0.000000E+00  
1.124861E+01  5.314711E+02  -5.314675E+02  -4.091912E-02  1.000000E+00  1.726136E-01  2.660285E-28  7.096994E-08   0.000000E+00 LZ5Tmedian  1.742863E-02  4.124100E-01  
6.008955E+03  5.674929E-01  -4.955635E-01  2.399311E-03  1.000000E+00  8.264171E+00  8.064507E-28  6.865819E-16   5.000000E-01 NotAppl  6.343259E-05  0.000000E+00  
3.536666E+03  1.867605E+00  7.195792E+02  -1.434920E-04  1.000000E+00  4.572280E-05  1.137477E-22  7.215970E-18   5.000000E-01 NotAppl  1.559157E+01  0.000000E+00  
6.490521E+01  2.073250E-01  -2.072212E-01  4.145892E-09  1.000000E+00  5.534188E-03  4.106891E-40  2.131916E-23   5.000000E-01 NotAppl  3.981204E-15  0.000000E+00  
6.561623E+02  1.322169E-04  7.384789E-01  2.756927E-01  1.000000E+00  9.880724E-02  9.796446E-26  8.264715E-10   4.234249E-06 LZ5Tmedian  7.654980E-02  0.000000E+00  
4.940510E+01  5.665479E-02  1.999954E+00  1.276578E+00  1.000000E+00  1.416657E-03  1.473263E-24  3.526489E-06   0.000000E+00 XENON1T_2018  1.901392E+01  2.541751E-01  
2.474198E+01  8.439329E-04  1.434162E+02  -6.699726E-06  1.000000E+00  1.833278E-03  9.649983E-36  3.951601E-16   5.000000E-01 NotAppl  2.593999E-10  5.887979E-08  
9.710695E+02  9.160215E-03  6.684697E+02  1.195584E-06  1.000000E+00  8.878842E-05  5.834246E-23  6.979371E-21   5.000000E-01 NotAppl  3.007842E+01  0.000000E+00  
8.665396E+02  2.757678E+02  4.589301E+02  -3.315661E-02  1.000000E+00  3.864959E-05  9.146559E-23  6.773081E-12   5.000000E-01 NotAppl  5.266046E+01  0.000000E+00  
4.185553E+02  1.883777E+02  -1.883723E+02  1.004419E-07  1.000000E+00  5.512032E-04  1.248923E-23  2.750960E-22   5.000000E-01 NotAppl  1.514853E+01  0.000000E+00  
1.535970E+02  1.097340E-03  9.657310E-03  2.923356E-10  1.000000E+00  1.112754E-02  7.382258E-25  1.816270E-26   5.000000E-01 NotAppl  2.574382E+00  0.000000E+00  
2.788339E+01  1.800706E-03  1.103254E-01  -1.742218E-07  1.000000E+00  2.663802E-03  7.158089E-39  2.098951E-19   5.000000E-01 NotAppl  1.685949E-13  3.880174E-11  
1.156676E+02  1.863395E+02  -1.862420E+02  -5.589866E-08  1.000000E+00  1.843682E-03  3.061010E-24  1.187741E-21   5.000000E-01 NotAppl  1.452216E+01  0.000000E+00  
3.954791E+03  1.880814E+02  -1.875682E+02  4.322109E+00  1.000000E+00  3.096415E-04  2.367582E-23  5.215548E-09   1.968186E-06 LZ5Tmedian  2.837906E+00  0.000000E+00  
5.037039E+03  2.550051E-01  1.614463E+02  1.720089E-09  1.000000E+00  7.287327E-04  6.836671E-24  5.050955E-28   5.000000E-01 NotAppl  6.546522E-01  0.000000E+00  
9.653150E+02  9.021409E-02  -9.009894E-02  -4.134752E+00  1.000000E+00  2.536060E-03  5.198840E-24  8.449377E-08   0.000000E+00 LZ5Tmedian  2.878525E+00  0.000000E+00  
6.997950E+01  1.373894E-02  -1.311339E-02  -6.146807E-08  1.000000E+00  6.059916E-03  8.706617E-39  4.018690E-21   5.000000E-01 NotAppl  7.764276E-14  0.000000E+00  
2.939777E+01  1.102388E+01  -1.091672E+01  2.159792E-05  1.000000E+00  1.131182E-02  1.158199E-34  2.898321E-15   5.000000E-01 NotAppl  2.577259E-09  2.348478E-07  
1.522386E+03  4.200183E+02  -4.199720E+02  9.574027E-09  1.000000E+00  9.554585E-05  7.782707E-23  1.788312E-25   5.000000E-01 NotAppl  2.475974E+01  0.000000E+00  
7.787614E+02  1.384651E-04  2.043362E-04  2.951416E-01  1.000000E+00  1.351116E-01  7.196024E-26  6.674839E-10   2.155014E-04 LZ5Tmedian  4.720846E-02  0.000000E+00  
1.348802E+01  2.682901E-04  2.682938E-02  2.350158E+00  1.000000E+00  1.052886E-03  5.478481E-25  1.636746E-04   0.000000E+00 XENON1T_2018  2.897025E+01  2.499964E-01  
2.396920E+02  1.389378E+00  -1.353480E+00  3.309159E-05  1.000000E+00  2.342921E-02  3.472179E-25  9.349103E-17   5.000000E-01 NotAppl  7.510111E-01  0.000000E+00  
9.781884E+01  1.786814E+01  2.685177E+01  -3.499470E-07  1.000000E+00  2.051341E-03  1.453608E-24  6.563486E-20   5.000000E-01 NotAppl  8.101175E+00  0.000000E+00  
1.521192E+01  1.584831E+00  -1.584632E+00  -1.286833E-08  1.000000E+00  5.909010E-02  2.912828E-41  3.865225E-21   5.000000E-01 NotAppl  1.343759E-15  2.275524E-13  
3.822841E+02  3.529325E-03  -2.605284E-03  1.353340E-06  1.000000E+00  5.954403E-02  1.429817E-25  6.012078E-20   5.000000E-01 NotAppl  1.901502E-01  0.000000E+00  
8.998421E+01  5.894434E-01  -5.305025E-01  -4.903725E-03  1.000000E+00  6.238827E-03  7.356910E-25  1.529301E-11   2.460447E-01 NotAppl  4.562179E+00  0.000000E+00  
5.889214E+01  1.160494E-01  2.090119E+01  -1.119164E-06  1.000000E+00  3.867431E-03  1.455316E-35  1.894480E-18   5.000000E-01 NotAppl  1.551566E-10  5.989702E-10  
1.287019E+03  2.811407E-04  5.240694E+02  -7.252585E-05  1.000000E+00  1.070548E-04  4.820660E-23  1.445428E-17   5.000000E-01 NotAppl  1.861355E+01  0.000000E+00  
2.427257E+02  6.143475E-02  -5.185214E-02  -1.839136E-01  1.000000E+00  1.966389E-02  4.639634E-25  2.814314E-09   1.683123E-48 LZ5Tmedian  1.023024E+00  0.000000E+00  
6.542646E+02  2.030175E-02  1.043350E-01  1.136633E-01  1.000000E+00  1.482807E-01  5.867472E-26  1.413151E-10   1.198497E-01 NotAppl  4.495651E-02  0.000000E+00  
7.980494E+02  1.685005E-03  -1.480662E-03  8.266980E-10  1.000000E+00  2.420179E-01  3.398315E-26  4.981616E-27   5.000000E-01 NotAppl  2.107675E-02  0.000000E+00  
1.818689E+02  4.267258E-04  2.260093E+00  2.136116E-05  1.000000E+00  1.392668E-02  5.696482E-25  6.859068E-17   5.000000E-01 NotAppl  1.643733E+00  0.000000E+00  
9.194021E+01  3.211101E-04  2.859050E+02  -2.772635E-03  1.000000E+00  3.831317E-03  9.660143E-25  4.678272E-12   5.000000E-01 NotAppl  5.783992E+00  0.000000E+00  
7.433547E+01  3.112577E+01  -1.580396E+01  -2.411516E-01  1.000000E+00  5.705125E-02  5.062135E-26  5.467673E-08   0.000000E+00 XENON1T_2018  4.275399E-01  0.000000E+00  
6.615946E+01  9.640875E+00  -9.635135E+00  6.170197E+00  1.000000E+00  2.572861E-05  3.884933E-22  4.541112E-05   0.000000E+00 XENON1T_2018  3.711791E+03  0.000000E+00  
1.907893E+01  1.358177E-03  1.357277E-02  8.049952E-02  1.000000E+00  2.036963E-03  1.225945E-27  9.622172E-08   0.000000E+00 XENON1T_2018  4.381909E-02  2.430728E-01  
2.520382E+01  1.542914E-03  7.832911E+02  -2.285695E+00  1.000000E+00  1.594480E-03  8.093499E-25  4.430856E-05   0.000000E+00 XENON1T_2018  2.138917E+01  3.333200E-01  
1.602228E+01  1.536562E+00  -1.536395E+00  3.560340E-06  1.000000E+00  4.976567E-02  2.264484E-36  2.668300E-16   5.000000E-01 NotAppl  9.848915E-11  1.735380E-08  
3.538219E+02  1.202481E-04  2.528431E-01  1.053751E-09  1.000000E+00  5.118331E-02  1.659280E-25  4.270319E-26   5.000000E-01 NotAppl  2.390794E-01  0.000000E+00  
3.078457E+01  1.267196E+01  1.266288E+02  -5.918073E+00  1.000000E+00  4.958335E-03  5.819981E-25  1.982178E-04   0.000000E+00 XENON1T_2018  1.161466E+01  3.796721E-01  
1.555712E+03  1.735675E-03  6.902892E+00  -1.175800E-02  1.000000E+00  2.414590E-01  2.146292E-26  2.580748E-13   5.000000E-01 NotAppl  6.771269E-03  0.000000E+00  
1.039264E+03  3.373572E-04  1.856190E+02  5.286162E-04  1.000000E+00  6.378767E-04  7.720274E-24  1.187871E-15   5.000000E-01 NotAppl  3.712113E+00  0.000000E+00  
1.304384E+03  6.554454E-04  2.928829E+01  1.749361E-07  1.000000E+00  1.949386E-02  2.388964E-25  8.182694E-23   5.000000E-01 NotAppl  9.089303E-02  0.000000E+00  
1.472515E+03  2.030301E+01  1.576071E+02  -8.578980E-06  1.000000E+00  5.905110E-04  7.785047E-24  1.536811E-19   5.000000E-01 NotAppl  2.615952E+00  0.000000E+00  
8.317126E+01  7.850343E-03  1.579316E-01  6.339445E-03  1.000000E+00  5.709803E-03  6.185366E-25  3.003413E-11   5.439878E-02 LZ5Tmedian  4.205051E+00  0.000000E+00  
4.557537E+02  4.887714E+02  -4.886545E+02  2.820661E-01  1.000000E+00  1.476187E-04  4.800384E-23  1.822664E-09   1.194636E-17 LZ5Tmedian  5.326629E+01  0.000000E+00  
1.789092E+02  1.345320E-03  -1.166124E-03  -3.758604E-09  1.000000E+00  1.451938E-02  5.704962E-25  2.196208E-24   5.000000E-01 NotAppl  1.701459E+00  0.000000E+00  
2.039714E+03  2.935242E+01  -2.934903E+01  -2.529865E-02  1.000000E+00  1.289689E-02  4.996558E-25  6.878666E-13   5.000000E-01 NotAppl  1.177262E-01  0.000000E+00  
3.086461E+03  3.922510E-02  1.458295E+02  -4.628035E-10  1.000000E+00  8.924195E-04  5.478097E-24  9.903109E-29   5.000000E-01 NotAppl  8.627782E-01  0.000000E+00  
3.358301E+01  2.158995E-02  5.380473E+01  -9.266481E-10  1.000000E+00  1.230921E-03  2.526149E-43  4.073859E-24   5.000000E-01 NotAppl  4.867204E-18  1.034455E-15  
6.333197E+01  4.211312E-02  -9.738997E-03  6.998128E-09  1.000000E+00  4.865978E-03  1.000455E-38  6.386317E-23   5.000000E-01 NotAppl  9.891005E-14  0.000000E+00  
1.598201E+01  9.127699E-03  -8.397930E-03  6.566929E-03  1.000000E+00  1.635529E-03  7.698093E-30  9.123356E-10   4.286112E-20 LZ5Tmedian  3.357732E-04  4.807973E-02  
8.857372E+03  2.922367E+02  -1.653224E+02  -2.279239E-10  1.000000E+00  1.112772E-04  5.308982E-23  2.816965E-30   5.000000E-01 NotAppl  2.812261E+00  0.000000E+00  
1.110051E+01  3.306493E+01  1.651757E+01  9.826657E-06  1.000000E+00  2.029250E+06  1.525484E-35  4.200743E-15   5.000000E-01 NotAppl  1.014917E-09  9.771996E-09  
5.402675E+02  2.785618E-04  5.895864E+01  -2.616493E-03  1.000000E+00  5.295699E-03  8.991094E-25  1.107515E-13   5.000000E-01 NotAppl  8.439986E-01  0.000000E+00  
4.514030E+03  2.718495E+00  -2.718382E+00  -5.236968E-03  1.000000E+00  1.073100E+00  5.388920E-27  5.851137E-15   5.000000E-01 NotAppl  5.648393E-04  0.000000E+00  
1.936922E+01  6.243558E+02  -6.243555E+02  4.754374E-03  1.000000E+00  4.856015E-02  4.300230E-30  3.256313E-10   3.943810E-11 LZ5Tmedian  1.511368E-04  2.893110E-02  
5.409172E+01  4.521327E-01  7.006549E+02  2.048535E-10  1.000000E+00  3.492577E-03  9.706131E-44  7.549310E-26   5.000000E-01 NotAppl  1.134959E-18  2.991340E-17  
1.163899E+03  2.824025E-02  4.612108E+02  1.138247E-06  1.000000E+00  1.359861E-04  3.774674E-23  4.370962E-21   5.000000E-01 NotAppl  1.615841E+01  0.000000E+00  
8.985607E+03  1.070977E+00  -1.069717E+00  8.010353E-02  1.000000E+00  5.415493E+00  1.135516E-27  3.379316E-13   5.000000E-01 NotAppl  5.932224E-05  0.000000E+00  
6.811688E+02  4.262781E-02  1.290441E+02  1.484226E-01  1.000000E+00  1.271384E-03  3.916468E-24  2.219133E-10   4.067347E-02 LZ5Tmedian  2.903683E+00  0.000000E+00  
4.384941E+02  1.746336E-02  1.690619E-01  -1.830608E-10  1.000000E+00  7.710999E-02  1.097529E-25  8.307973E-28   5.000000E-01 NotAppl  1.265354E-01  0.000000E+00  
3.213278E+01  3.595801E+00  9.137611E+02  -1.433668E-09  1.000000E+00  5.711115E-03  5.673729E-43  1.066481E-23   5.000000E-01 NotAppl  1.146378E-17  2.166536E-15  
1.195908E+03  2.692014E-01  2.192230E+00  2.720832E-01  1.000000E+00  2.525320E-01  3.523582E-26  2.363020E-10   1.414164E-01 NotAppl  1.477643E-02  0.000000E+00  
9.265668E+02  3.267497E-02  -2.982546E-02  1.309676E+00  1.000000E+00  2.383626E-02  5.043130E-25  9.216761E-09   2.234460E-43 LZ5Tmedian  2.826626E-01  0.000000E+00  
5.366844E+02  1.396097E+00  -1.102349E+00  1.962975E-06  1.000000E+00  1.075705E-01  7.532764E-26  6.319008E-20   5.000000E-01 NotAppl  7.041696E-02  0.000000E+00  
8.213795E+01  2.595460E-02  2.296451E+01  -3.834474E-02  1.000000E+00  5.487915E-03  3.064286E-25  1.127326E-09   1.357510E-48 LZ5Tmedian  2.124752E+00  0.000000E+00  
6.296865E+02  1.191423E+01  -1.191373E+01  -1.210705E-07  1.000000E+00  4.832993E-02  1.352249E-25  1.733846E-22   5.000000E-01 NotAppl  1.070943E-01  0.000000E+00  
2.363412E+01  4.483056E-03  3.293998E+02  -1.982924E-05  1.000000E+00  1.743953E-03  8.215618E-35  3.796552E-15   5.000000E-01 NotAppl  2.322346E-09  5.199578E-07  
1.284422E+01  4.809410E+01  5.844492E+02  2.017844E-05  1.000000E+00  2.354849E+06  6.798164E-35  1.329116E-14   5.000000E-01 NotAppl  3.812815E-09  5.528436E-08  
3.075059E+03  1.714818E-02  7.761698E+01  -1.565594E+00  1.000000E+00  3.239569E-03  1.342923E-24  1.141847E-09   2.481388E-02 LZ5Tmedian  2.127217E-01  0.000000E+00  
1.921033E+03  1.975931E+00  -1.546949E+00  6.642471E-07  1.000000E+00  8.555682E-01  8.298471E-27  5.358175E-22   5.000000E-01 NotAppl  2.085553E-03  0.000000E+00  
5.340162E+03  8.514496E-01  6.172896E+00  -1.355519E-02  1.000000E+00  3.313484E-01  1.433111E-26  2.785406E-14   5.000000E-01 NotAppl  1.291390E-03  0.000000E+00  
2.618952E+02  8.390704E-03  1.698646E-01  5.749525E-07  1.000000E+00  2.903387E-02  2.929599E-25  2.353887E-20   5.000000E-01 NotAppl  5.776235E-01  0.000000E+00  
1.714481E+03  7.674359E+00  -6.567564E+00  -9.711159E-02  1.000000E+00  1.675957E-01  3.512393E-26  1.444057E-11   5.000000E-01 NotAppl  9.911993E-03  0.000000E+00  
1.506231E+01  9.646201E+00  -7.126991E+00  1.353918E-06  1.000000E+00  9.134535E-01  3.215030E-37  4.363669E-17   5.000000E-01 NotAppl  1.500054E-11  1.740461E-09  
2.152998E+01  1.049933E+02  -9.769180E+01  7.413463E-01  1.000000E+00  2.484283E-02  1.091206E-25  6.402466E-06   0.000000E+00 XENON1T_2018  3.411510E+00  5.053859E-01  
7.322964E+02  9.894692E+00  -9.517385E+00  -4.704945E+00  1.000000E+00  8.289494E-04  1.253580E-23  1.923398E-07   0.000000E+00 XENON1T_2018  9.486552E+00  0.000000E+00  
3.761166E+03  2.226735E-04  5.267457E-01  -9.389847E-03  1.000000E+00  4.310503E+00  1.622994E-27  2.726312E-14   5.000000E-01 NotAppl  2.057840E-04  0.000000E+00  
6.499763E+01  1.461019E-04  9.938212E+02  -3.677859E-04  1.000000E+00  4.527224E-03  2.993284E-30  1.672872E-13   5.000000E-01 NotAppl  2.897483E-05  0.000000E+00  
1.057306E+02  2.294982E-01  -2.179331E-01  -5.190268E-09  1.000000E+00  6.212698E-03  1.207996E-24  1.231036E-23   5.000000E-01 NotAppl  6.197894E+00  0.000000E+00  
2.164114E+01  7.062343E+02  -5.871538E+02  -1.265698E-10  1.000000E+00  5.495467E+06  3.194618E-45  1.847002E-25   5.000000E-01 NotAppl  9.936572E-20  2.147435E-17  
5.379348E+01  9.134537E+01  3.063245E+01  6.978307E-02  1.000000E+00  2.168779E-02  1.055544E-26  8.859650E-09   0.000000E+00 LZ5Tmedian  1.237095E-01  7.798610E-01  
1.996319E+03  8.305869E-01  -4.105928E-01  5.062175E-03  1.000000E+00  1.250645E+00  6.010744E-27  2.877482E-14   5.000000E-01 NotAppl  1.453514E-03  0.000000E+00  
2.907470E+02  8.973951E-04  1.779945E+01  3.601555E-03  1.000000E+00  1.961446E-02  3.249234E-25  7.456661E-13   5.000000E-01 NotAppl  5.744667E-01  0.000000E+00  
2.657939E+02  1.079976E-02  9.393608E+00  1.926505E-10  1.000000E+00  2.312744E-02  3.108560E-25  2.563995E-27   5.000000E-01 NotAppl  6.034097E-01  0.000000E+00  
8.356888E+01  5.141008E+01  -5.106174E+01  -1.215820E-02  1.000000E+00  6.393930E-03  6.011849E-25  1.093974E-10   2.567833E-05 LZ5Tmedian  4.057821E+00  0.000000E+00  
9.677821E+02  9.929011E+00  -6.926472E-02  -9.952085E-06  1.000000E+00  6.051171E-02  1.063925E-25  4.869573E-19   5.000000E-01 NotAppl  5.426049E-02  0.000000E+00  
1.472775E+03  2.596316E+01  -2.594932E+01  6.762769E-03  1.000000E+00  1.606387E-02  4.017660E-25  9.546452E-14   5.000000E-01 NotAppl  1.322655E-01  0.000000E+00  
2.135892E+01  3.254387E-02  -2.456040E-02  1.006612E-03  1.000000E+00  2.720337E-03  2.008257E-31  1.199487E-11   3.558877E-01 NotAppl  6.337125E-06  1.352494E-03  
8.249124E+03  6.414021E-04  2.566491E+01  -3.041506E-09  1.000000E+00  2.615267E-02  1.776655E-25  5.795966E-28   5.000000E-01 NotAppl  1.031110E-02  0.000000E+00  
2.394165E+02  2.395073E-03  9.249000E-02  2.435583E-03  1.000000E+00  2.458092E-02  3.465194E-25  5.076494E-13   5.000000E-01 NotAppl  7.503565E-01  0.000000E+00  
2.257390E+02  2.201887E-01  3.780782E-02  -7.514212E-10  1.000000E+00  2.166309E-02  3.854533E-25  5.450868E-26   5.000000E-01 NotAppl  8.875408E-01  0.000000E+00  
4.646057E+01  2.157212E+00  3.367605E+01  4.358503E-09  1.000000E+00  3.427082E-03  1.384425E-41  4.658928E-23   5.000000E-01 NotAppl  1.895744E-16  1.668513E-14  
5.539568E+01  4.068003E+00  2.827274E+02  -5.718769E-08  1.000000E+00  1.141669E-02  1.036654E-38  5.604404E-21   5.000000E-01 NotAppl  1.182578E-13  1.768465E-12  
7.998701E+02  4.415427E+00  -2.565663E+00  -1.589894E-07  1.000000E+00  1.575144E-01  4.617700E-26  1.833966E-22   5.000000E-01 NotAppl  2.857107E-02  0.000000E+00  
5.478172E+01  1.404501E+02  -1.403802E+02  -4.023096E-04  1.000000E+00  3.375567E-03  4.390657E-31  2.837370E-13   5.000000E-01 NotAppl  5.066385E-06  1.113143E-04  
4.202349E+02  2.243158E-01  3.798953E+01  -1.373315E-03  1.000000E+00  1.059470E-02  4.718408E-25  5.100782E-14   5.000000E-01 NotAppl  5.720341E-01  0.000000E+00  
2.552163E+02  8.389991E-02  -8.313253E-02  1.329539E-06  1.000000E+00  2.771647E-02  3.073140E-25  1.327102E-19   5.000000E-01 NotAppl  6.224905E-01  0.000000E+00  
4.151149E+01  1.782094E-03  9.079575E+02  1.816470E-09  1.000000E+00  2.515577E-04  1.548756E-42  1.017726E-23   5.000000E-01 NotAppl  2.379310E-17  3.523489E-15  
2.686089E+01  5.388355E-03  2.574053E+01  6.481049E-02  1.000000E+00  2.011968E-03  9.593188E-28  3.132492E-08   0.000000E+00 XENON1T_2018  2.354405E-02  1.734999E-01  
1.177244E+01  7.929248E+00  -7.750441E+00  -4.631155E-04  1.000000E+00  1.666810E-01  3.471133E-32  8.313036E-12   5.000000E-01 NotAppl  2.155279E-06  2.558330E-04  
1.849179E+03  1.432040E+02  -1.429589E+02  -7.627504E-01  1.000000E+00  6.816077E-04  1.023263E-23  7.635911E-10   1.655686E-02 LZ5Tmedian  2.666861E+00  0.000000E+00  
1.793954E+01  8.358543E+00  -8.314927E+00  2.322924E-03  1.000000E+00  5.940687E-02  9.989224E-31  9.063707E-11   3.151732E-03 LZ5Tmedian  3.824194E-05  4.634659E-03  
1.196583E+01  2.865718E-02  -2.824863E-02  -2.405129E-07  1.000000E+00  1.124467E-03  9.420222E-39  2.171364E-18   5.000000E-01 NotAppl  5.739611E-13  8.110204E-11  
2.435595E+02  3.230512E-02  2.203710E-01  -8.668065E-07  1.000000E+00  2.528062E-02  3.351859E-25  6.207804E-20   5.000000E-01 NotAppl  7.129142E-01  0.000000E+00  
6.333849E+02  1.565882E+00  1.615724E-01  -2.055036E-03  1.000000E+00  1.403046E-01  5.575651E-26  4.935990E-14   5.000000E-01 NotAppl  4.391379E-02  0.000000E+00  
1.656561E+02  6.024975E-02  -2.453527E-02  -2.156820E-10  1.000000E+00  1.263689E-02  6.513113E-25  8.467581E-27   5.000000E-01 NotAppl  2.101839E+00  0.000000E+00  
8.165662E+03  2.436792E+00  2.311144E+02  4.737442E-02  1.000000E+00  3.589852E-04  1.432685E-23  1.435509E-13   5.000000E-01 NotAppl  8.401314E-01  0.000000E+00  
2.657675E+03  5.973065E-01  -3.200184E-01  -4.332384E-06  1.000000E+00  2.205286E+00  3.345365E-27  1.176715E-20   5.000000E-01 NotAppl  6.037243E-04  0.000000E+00  
3.051129E+01  3.010828E-03  2.557565E+01  -1.000398E-06  1.000000E+00  1.928031E-03  2.588902E-37  5.767298E-18   5.000000E-01 NotAppl  5.532320E-12  2.714773E-10  
1.736963E+01  9.485455E+00  1.860365E+00  6.908983E-09  1.000000E+00  4.644297E+01  8.743474E-42  8.552600E-22   5.000000E-01 NotAppl  3.469322E-16  3.391234E-14  
1.739150E+01  1.465436E-03  2.318825E+01  -8.727508E-05  1.000000E+00  1.047556E-03  1.395756E-33  1.361314E-13   5.000000E-01 NotAppl  5.532839E-08  3.191272E-06  
1.967060E+02  4.395521E-04  3.635141E+02  -3.906252E+00  1.000000E+00  8.213610E-06  1.410914E-21  1.953141E-06   0.000000E+00 XENON1T_2018  4.495525E+03  0.000000E+00  
7.992679E+03  2.324870E+01  -2.190893E+01  -2.730833E-08  1.000000E+00  2.059135E-02  3.191834E-25  4.981903E-26   5.000000E-01 NotAppl  1.872668E-02  0.000000E+00  
1.363906E+02  6.287846E+00  1.492343E+01  3.787586E-01  1.000000E+00  1.106364E-03  3.771950E-24  3.889711E-08   0.000000E+00 XENON1T_2018  1.489808E+01  0.000000E+00  
3.526763E+01  1.664062E-04  2.085733E-04  1.214577E-07  1.000000E+00  6.042395E-04  4.707461E-39  6.337069E-20   5.000000E-01 NotAppl  8.608145E-14  1.739702E-11  
2.172498E+02  1.756307E-04  8.707109E+02  -4.078407E-04  1.000000E+00  5.254372E-04  8.734958E-24  1.736957E-14   5.000000E-01 NotAppl  2.077245E+01  0.000000E+00  
2.991508E+01  5.434934E-03  2.357993E+01  -1.848211E+00  1.000000E+00  1.715358E-03  6.846571E-25  2.048742E-05   0.000000E+00 XENON1T_2018  1.489115E+01  2.819346E-01  
8.371513E+01  3.123298E-02  -3.108288E-02  4.739334E-09  1.000000E+00  5.981806E-03  6.137682E-25  1.656329E-23   5.000000E-01 NotAppl  4.129347E+00  0.000000E+00  
9.210026E+03  3.066760E-03  2.708690E+02  -9.702288E-10  1.000000E+00  2.688927E-04  1.923694E-23  4.715409E-29   5.000000E-01 NotAppl  9.986653E-01  0.000000E+00  
2.638415E+01  4.914375E+02  -4.647374E+02  1.220003E-01  1.000000E+00  6.591648E-01  3.350652E-27  1.150897E-07   0.000000E+00 XENON1T_2018  8.396454E-02  3.953155E-01  
8.668202E+02  3.862886E-04  1.007854E+02  2.675655E-10  1.000000E+00  1.954144E-03  2.449095E-24  4.407773E-28   5.000000E-01 NotAppl  1.418350E+00  0.000000E+00  
2.594730E+01  1.642154E-03  -1.313604E-03  5.694222E-07  1.000000E+00  2.960269E-03  7.207262E-38  2.593159E-18   5.000000E-01 NotAppl  1.838206E-12  4.213623E-10  
1.057454E+03  1.038723E-02  1.323184E+00  -2.212555E-08  1.000000E+00  3.919719E-01  1.996711E-26  2.008612E-24   5.000000E-01 NotAppl  9.271570E-03  0.000000E+00  
3.697321E+02  1.774717E+01  -1.677706E+01  8.742529E+00  1.000000E+00  2.122903E-05  3.778840E-22  2.686329E-06   0.000000E+00 XENON1T_2018  6.046469E+02  0.000000E+00  
1.464369E+03  5.641697E-01  -5.613543E-01  1.775665E-09  1.000000E+00  7.445487E-01  1.039585E-26  6.658621E-27   5.000000E-01 NotAppl  3.454124E-03  0.000000E+00  
7.769246E+01  2.944981E+01  -2.944950E+01  3.232335E-03  1.000000E+00  1.939887E-02  5.298659E-30  8.975670E-12   4.022451E-01 NotAppl  4.278093E-05  0.000000E+00  
4.859655E+03  1.061446E+01  1.259661E+01  8.046205E-06  1.000000E+00  3.083921E-02  2.121125E-25  1.188804E-20   5.000000E-01 NotAppl  2.091708E-02  0.000000E+00  
2.607087E+03  1.731252E+02  -1.709518E+02  -1.686523E-10  1.000000E+00  4.203519E-04  1.653504E-23  1.854370E-29   5.000000E-01 NotAppl  3.029766E+00  0.000000E+00  
7.638174E+03  7.543530E-01  -7.398670E-01  -9.085491E+00  1.000000E+00  3.621831E-02  3.307283E-25  6.046753E-09   3.715179E-04 LZ5Tmedian  2.164303E-02  0.000000E+00  
3.678219E+02  3.238883E-04  1.669610E+01  6.732334E-04  1.000000E+00  2.719504E-02  2.266238E-25  1.609980E-14   5.000000E-01 NotAppl  3.142726E-01  0.000000E+00  
1.668592E+03  4.933529E+01  -4.933404E+01  9.902354E-06  1.000000E+00  4.775538E-03  1.398966E-24  1.586854E-19   5.000000E-01 NotAppl  4.050462E-01  0.000000E+00  
6.467089E+01  5.159099E-03  -7.108542E-04  -3.042897E-07  1.000000E+00  5.054732E-03  2.724822E-36  1.156951E-19   5.000000E-01 NotAppl  2.636171E-11  0.000000E+00  
5.680892E+03  4.435231E-03  -4.260433E-03  -7.461236E+00  1.000000E+00  2.852297E-02  4.230506E-25  7.442119E-09   2.123395E-06 LZ5Tmedian  3.730337E-02  0.000000E+00  
2.765872E+02  2.693785E-01  1.434190E+02  -1.152416E-06  1.000000E+00  1.488468E-03  3.210379E-24  8.456463E-20   5.000000E-01 NotAppl  5.972279E+00  0.000000E+00  
5.021136E+03  2.681664E-04  2.898910E+02  -5.325211E-04  1.000000E+00  2.364199E-04  2.140363E-23  4.872340E-17   5.000000E-01 NotAppl  2.056127E+00  0.000000E+00  
5.730200E+03  1.306096E+01  -6.883760E+00  1.109332E-01  1.000000E+00  6.259729E-02  1.169022E-25  1.616477E-12   5.000000E-01 NotAppl  9.628411E-03  0.000000E+00  
8.230445E+01  6.979693E-02  2.742790E+00  7.858700E-07  1.000000E+00  5.206511E-03  5.061276E-25  4.715604E-19   5.000000E-01 NotAppl  3.498403E+00  0.000000E+00  
1.858805E+01  1.331214E+01  -1.175820E+01  -6.159055E-10  1.000000E+00  1.510336E-01  7.108883E-44  5.934639E-24   5.000000E-01 NotAppl  2.615553E-18  2.252810E-16  
5.575914E+03  5.050947E-03  9.052793E-03  -1.614591E+00  1.000000E+00  5.087728E-01  2.108231E-26  3.619635E-10   5.000000E-01 NotAppl  1.889962E-03  0.000000E+00  
7.699372E+01  1.034858E-01  -1.907412E-02  -6.916957E-05  1.000000E+00  7.436602E-03  2.688822E-33  4.186781E-15   5.000000E-01 NotAppl  2.191411E-08  0.000000E+00  
2.300828E+03  3.370457E-04  1.395112E+00  1.342589E-07  1.000000E+00  1.466025E+00  4.677178E-27  1.515734E-23   5.000000E-01 NotAppl  9.800868E-04  0.000000E+00  
4.080952E+01  2.564648E+00  -2.564520E+00  1.773132E-07  1.000000E+00  3.665457E-04  1.401975E-38  1.003972E-19   5.000000E-01 NotAppl  2.197393E-13  3.060225E-11  
3.254401E+03  2.248481E-03  8.148866E+00  -1.600250E-03  1.000000E+00  2.231740E-01  1.994106E-26  1.062973E-15   5.000000E-01 NotAppl  2.970316E-03  0.000000E+00  
1.469521E+01  8.704639E-01  -8.193274E-01  5.864600E-01  1.000000E+00  1.694249E-02  5.973462E-26  8.598857E-06   0.000000E+00 XENON1T_2018  2.868776E+00  2.499352E-01  
2.377972E+02  9.762943E-01  -9.754635E-01  5.251622E-05  1.000000E+00  2.352596E-02  3.514242E-25  2.393221E-16   5.000000E-01 NotAppl  7.664186E-01  0.000000E+00  
1.506950E+01  2.684596E-04  4.519261E+02  3.983248E-08  1.000000E+00  8.107059E-04  2.783135E-40  3.773368E-20   5.000000E-01 NotAppl  1.298235E-14  2.199549E-12  
2.785326E+02  7.129025E-03  8.089946E-03  5.334422E+00  1.000000E+00  5.184015E-05  2.886154E-22  1.786122E-06   0.000000E+00 XENON1T_2018  6.226182E+02  0.000000E+00  
6.143041E+02  8.733762E-03  1.710584E+00  -6.581192E-09  1.000000E+00  1.410260E-01  5.771768E-26  5.388857E-25   5.000000E-01 NotAppl  4.692121E-02  0.000000E+00  
5.025426E+03  1.386154E-01  -1.063310E-01  -1.383498E+00  1.000000E+00  5.686788E-01  1.862395E-26  3.282971E-10   5.000000E-01 NotAppl  1.858126E-03  0.000000E+00  
1.096632E+01  4.018188E+00  -3.770958E+00  2.719069E-07  1.000000E+00  2.053674E-01  1.161686E-38  3.293906E-18   5.000000E-01 NotAppl  7.840101E-13  1.004408E-10  
1.312959E+02  1.031230E+02  4.654228E+01  7.467498E-04  1.000000E+00  8.198790E-04  3.679256E-24  1.634694E-13   5.000000E-01 NotAppl  1.512043E+01  0.000000E+00  
1.609016E+02  8.797135E-01  5.469468E+00  -2.817818E-10  1.000000E+00  9.218341E-03  7.073634E-25  1.534196E-26   5.000000E-01 NotAppl  2.349973E+00  0.000000E+00  
5.854142E+03  6.946285E+01  -6.944906E+01  -9.792586E-01  1.000000E+00  2.545329E-03  2.623567E-24  1.206014E-10   5.000000E-01 NotAppl  2.110299E-01  0.000000E+00  
6.957105E+01  6.496719E+01  -6.496520E+01  7.227229E-06  1.000000E+00  1.454098E-02  1.353609E-34  5.622386E-17   5.000000E-01 NotAppl  1.222298E-09  0.000000E+00  
1.128846E+02  3.189770E+01  1.394524E+02  -1.865057E-06  1.000000E+00  1.411208E-03  2.105329E-24  1.389908E-18   5.000000E-01 NotAppl  1.003094E+01  0.000000E+00  
2.737702E+03  1.144500E+01  -1.144479E+01  2.252788E-09  1.000000E+00  7.636712E-02  7.990613E-26  2.995195E-27   5.000000E-01 NotAppl  1.393095E-02  0.000000E+00  
1.187272E+02  4.893142E+00  7.435820E+02  -8.214352E-09  1.000000E+00  1.567845E-03  2.234179E-24  2.431208E-23   5.000000E-01 NotAppl  1.001361E+01  0.000000E+00  
6.615738E+02  3.145663E+00  1.139908E+01  -8.909467E+00  1.000000E+00  1.231273E-04  8.487884E-23  8.487720E-07   0.000000E+00 XENON1T_2018  7.371611E+01  0.000000E+00  
2.164172E+03  3.222167E-03  6.453842E+01  8.846564E-06  1.000000E+00  4.320521E-03  1.095472E-24  7.455112E-20   5.000000E-01 NotAppl  2.481588E-01  0.000000E+00  
1.639539E+03  3.581123E-02  -2.667764E-02  5.726946E-08  1.000000E+00  9.506078E-01  8.153093E-27  5.501198E-24   5.000000E-01 NotAppl  2.412512E-03  0.000000E+00  
1.463690E+03  8.372920E-03  -8.191452E-03  6.668483E+00  1.000000E+00  2.799085E-03  4.703293E-24  9.399981E-08   2.727687E-277 LZ5Tmedian  1.635560E+00  0.000000E+00  
1.886466E+02  9.415286E-02  8.749523E+00  -8.755185E-03  1.000000E+00  1.289307E-02  5.503861E-25  1.069001E-11   5.000000E-01 NotAppl  1.527996E+00  0.000000E+00  
3.082543E+03  6.390596E+01  -6.385053E+01  5.844832E-10  1.000000E+00  2.874634E-03  2.363020E-24  1.583598E-28   5.000000E-01 NotAppl  3.648967E-01  0.000000E+00  
4.989443E+02  8.504489E-02  9.590111E+00  -6.703701E-03  1.000000E+00  6.060321E-02  1.093820E-25  8.554719E-13   5.000000E-01 NotAppl  1.105480E-01  0.000000E+00  
1.327498E+03  3.748364E-04  3.079849E+02  -6.703559E-09  1.000000E+00  2.511863E-04  2.007726E-23  1.159281E-25   5.000000E-01 NotAppl  7.509793E+00  0.000000E+00  
1.348711E+02  8.536292E-03  5.117156E-01  1.573455E-08  1.000000E+00  8.743976E-03  9.060029E-25  6.868709E-23   5.000000E-01 NotAppl  3.613952E+00  0.000000E+00  
2.212197E+03  4.465125E-02  1.646998E-01  7.945267E+00  1.000000E+00  4.252991E-03  3.026745E-24  5.750483E-08   5.974683E-113 LZ5Tmedian  6.928556E-01  0.000000E+00  
2.372682E+02  5.088286E-03  7.624461E-02  -7.323723E-03  1.000000E+00  2.427803E-02  3.496493E-25  4.675642E-12   5.000000E-01 NotAppl  7.643272E-01  0.000000E+00  
2.590176E+01  9.182903E+02  -9.176441E+02  7.414892E-02  1.000000E+00  2.278147E-02  1.220457E-27  4.412762E-08   0.000000E+00 XENON1T_2018  3.121574E-02  4.617082E-01  
6.952415E+02  4.680725E-04  3.283906E-03  -2.468107E-06  1.000000E+00  1.861686E-01  4.459144E-26  5.885237E-20   5.000000E-01 NotAppl  3.188853E-02  0.000000E+00  
6.443658E+03  1.728702E-04  2.337014E-01  1.939839E-04  1.000000E+00  1.263330E+01  5.459102E-28  3.894113E-18   5.000000E-01 NotAppl  4.007647E-05  0.000000E+00  
8.748487E+02  4.782444E-03  8.561512E+01  -7.302879E-01  1.000000E+00  2.910714E-03  1.451493E-24  3.222337E-09   1.653200E-16 LZ5Tmedian  8.379224E-01  0.000000E+00  
1.385716E+01  5.231739E+02  -5.231655E+02  3.649621E-02  1.000000E+00  1.097455E-01  2.278379E-28  3.741605E-08   0.000000E+00 LZ5Tmedian  1.170405E-02  3.938182E-01  
6.287004E+01  7.250041E+02  -7.250040E+02  3.947847E-09  1.000000E+00  8.810731E-03  1.619900E-38  2.062988E-23   5.000000E-01 NotAppl  1.621966E-13  0.000000E+00  
1.627321E+03  5.466843E+01  -5.466748E+01  -6.975922E-07  1.000000E+00  3.930777E-03  1.709095E-24  8.287750E-22   5.000000E-01 NotAppl  5.077232E-01  0.000000E+00  
6.896437E+03  1.856912E+02  -1.855606E+02  2.754615E-08  1.000000E+00  3.666350E-04  1.982399E-23  6.840288E-26   5.000000E-01 NotAppl  1.350297E+00  0.000000E+00  
3.415462E+03  5.654062E-04  5.607448E-03  4.771937E+00  1.000000E+00  2.551685E-02  4.721251E-25  8.567320E-09   1.418759E-11 LZ5Tmedian  6.965695E-02  0.000000E+00  
3.035263E+03  6.479499E+02  -6.479470E+02  4.613557E-09  1.000000E+00  3.820948E-05  1.985946E-22  1.018207E-26   5.000000E-01 NotAppl  3.115382E+01  0.000000E+00  
2.100221E+01  1.134852E+01  -1.134792E+01  4.802482E-08  1.000000E+00  3.867838E-02  4.536343E-40  2.824257E-20   5.000000E-01 NotAppl  1.457225E-14  1.519367E-12  
4.660218E+03  3.480085E+00  -3.476397E+00  -4.341966E-07  1.000000E+00  7.082825E-01  8.161754E-27  3.769694E-23   5.000000E-01 NotAppl  8.278702E-04  0.000000E+00  
1.278868E+02  3.480646E+00  -3.479517E+00  1.711411E+00  1.000000E+00  3.512914E-05  2.473621E-22  9.061864E-07   0.000000E+00 XENON1T_2018  1.193369E+03  0.000000E+00  
3.157776E+02  1.530724E-01  6.023151E+01  -7.708439E-04  1.000000E+00  5.062461E-03  9.802594E-25  2.884401E-14   5.000000E-01 NotAppl  1.592885E+00  0.000000E+00  
1.389987E+01  3.358767E+01  -1.994260E+01  -1.851088E-09  1.000000E+00  3.699462E+04  5.866783E-43  9.566809E-23   5.000000E-01 NotAppl  3.002323E-17  4.476511E-16  
1.297404E+03  8.240804E-04  -4.090443E-04  7.301042E-02  1.000000E+00  5.835244E-01  1.378632E-26  1.440990E-11   5.000000E-01 NotAppl  5.205145E-03  0.000000E+00  
5.232653E+01  1.437617E-04  4.956203E-01  2.863402E-06  1.000000E+00  2.353109E-03  1.335114E-35  1.578200E-17   5.000000E-01 NotAppl  1.615984E-10  6.389326E-09  
2.065371E+03  4.795976E-03  -4.557312E-03  -4.672370E-09  1.000000E+00  1.477331E+00  5.147495E-27  2.287299E-26   5.000000E-01 NotAppl  1.202255E-03  0.000000E+00  
1.425625E+02  3.556177E-02  4.015209E+01  -4.029353E-01  1.000000E+00  2.044533E-03  3.902684E-24  4.020310E-08   0.000000E+00 XENON1T_2018  1.665127E+01  0.000000E+00  
1.558364E+03  1.753329E-04  1.965451E-02  5.996473E+00  1.000000E+00  3.814504E-03  3.407862E-24  6.689023E-08   1.174902E-185 LZ5Tmedian  1.114136E+00  0.000000E+00  
7.291704E+03  1.701552E+00  2.255566E+01  -9.693160E-01  1.000000E+00  3.253481E-02  1.353910E-25  7.563279E-11   5.000000E-01 NotAppl  8.918007E-03  0.000000E+00  
4.502470E+03  5.564402E-02  -5.545738E-02  -2.400577E-07  1.000000E+00  6.614577E+00  1.088819E-27  1.235880E-23   5.000000E-01 NotAppl  1.149175E-04  0.000000E+00  
3.415283E+03  3.065413E-03  1.729343E-02  -1.560032E-04  1.000000E+00  3.884933E+00  1.887695E-27  9.157331E-18   5.000000E-01 NotAppl  2.638574E-04  0.000000E+00  
1.603168E+03  1.019216E-03  4.187466E+01  3.425668E-09  1.000000E+00  9.941520E-03  4.691432E-25  2.060457E-26   5.000000E-01 NotAppl  1.445132E-01  0.000000E+00  
7.323869E+03  1.642168E-03  3.353653E-01  6.243449E-03  1.000000E+00  1.491812E+01  4.443195E-28  3.109891E-15   5.000000E-01 NotAppl  2.867032E-05  0.000000E+00  
1.353490E+02  2.539303E-01  1.576332E+01  -2.981012E-10  1.000000E+00  6.586589E-03  9.841100E-25  2.447623E-26   5.000000E-01 NotAppl  3.901115E+00  0.000000E+00  
1.478985E+03  4.143007E+00  -7.333309E-01  6.638482E-07  1.000000E+00  3.101559E-01  2.322698E-26  9.120192E-22   5.000000E-01 NotAppl  7.646642E-03  0.000000E+00  
4.636314E+02  4.359887E-02  1.501013E+01  -7.052522E-07  1.000000E+00  3.805738E-02  1.578284E-25  1.100194E-20   5.000000E-01 NotAppl  1.723576E-01  0.000000E+00  
1.383231E+01  1.175056E-01  7.443520E-01  -8.326629E-02  1.000000E+00  1.120287E-03  1.185288E-27  1.954545E-07   0.000000E+00 XENON1T_2018  6.101398E-02  2.454608E-01  
2.374934E+01  6.059799E-04  4.840919E+02  8.094062E-01  1.000000E+00  1.711894E-03  1.366031E-25  6.264021E-06   0.000000E+00 XENON1T_2018  3.845661E+00  3.332042E-01  
1.921039E+01  1.523621E+02  -1.523618E+02  -1.062746E-03  1.000000E+00  4.965624E-02  2.141983E-31  1.654122E-11   3.014580E-01 NotAppl  7.597363E-06  1.531009E-03  
2.234320E+03  6.749724E+02  -6.749716E+02  3.093693E-03  1.000000E+00  3.876672E-05  1.959518E-22  8.543557E-15   5.000000E-01 NotAppl  4.204795E+01  0.000000E+00  
3.197674E+01  5.612760E-03  1.859658E-02  1.469376E-02  1.000000E+00  1.916020E-03  5.921161E-29  1.131377E-09   1.183840E-61 LZ5Tmedian  1.200995E-03  1.284657E-01  
1.159016E+03  3.966397E-02  -3.897731E-02  4.152795E+00  1.000000E+00  4.415637E-03  2.939471E-24  5.868286E-08   2.426006E-218 LZ5Tmedian  1.300586E+00  0.000000E+00  
2.559482E+02  2.101874E-01  -1.430160E-01  2.322166E-01  1.000000E+00  1.746868E-02  5.699596E-25  4.024771E-09   1.001790E-65 LZ5Tmedian  1.176888E+00  0.000000E+00  
4.410680E+01  1.252114E-03  5.528038E+02  8.645097E-10  1.000000E+00  2.136538E-04  4.335159E-43  2.037613E-24   5.000000E-01 NotAppl  6.250215E-18  7.563895E-16  
3.907518E+03  7.085315E-03  6.011711E+02  -3.095804E-01  1.000000E+00  6.249137E-05  8.293612E-23  2.742076E-11   5.000000E-01 NotAppl  1.027318E+01  0.000000E+00  
6.631107E+02  1.121302E+01  6.272522E+01  5.338881E-08  1.000000E+00  3.109827E-03  1.425134E-24  3.033393E-23   5.000000E-01 NotAppl  1.084685E+00  0.000000E+00  
3.614823E+02  2.015545E+02  -2.012492E+02  -7.599698E-03  1.000000E+00  5.340948E-04  1.252638E-23  2.125867E-12   5.000000E-01 NotAppl  1.772384E+01  0.000000E+00  
5.258925E+01  6.850592E-01  -6.846486E-01  -5.397571E+00  1.000000E+00  2.064356E-03  9.205371E-25  5.550857E-05   0.000000E+00 XENON1T_2018  9.373657E+00  2.542177E-01  
1.441509E+01  6.375625E+01  -6.361428E+01  2.943560E-01  1.000000E+00  7.992465E-02  1.499852E-26  2.250643E-06   0.000000E+00 XENON1T_2018  7.361870E-01  4.978366E-01  
8.040295E+01  5.030425E+00  -5.030293E+00  1.804307E-01  1.000000E+00  3.994164E-03  2.403674E-25  2.607511E-08   0.000000E+00 XENON1T_2018  1.731339E+00  0.000000E+00  
2.033862E+01  7.991756E-04  -2.486993E-04  -5.497728E-10  1.000000E+00  2.307486E-03  5.862994E-44  3.947742E-24   5.000000E-01 NotAppl  1.952284E-18  4.082489E-16  
8.051044E+03  5.607733E+00  2.756250E+01  3.297797E-06  1.000000E+00  1.718235E-02  3.148174E-25  7.158716E-22   5.000000E-01 NotAppl  1.870333E-02  0.000000E+00  
1.287909E+01  1.926315E-02  -4.140569E-03  1.120807E-08  1.000000E+00  1.161198E-03  2.099358E-41  4.078715E-21   5.000000E-01 NotAppl  1.173955E-15  1.755915E-13  
1.211807E+01  2.650441E+01  -1.270137E+01  -3.023611E-09  1.000000E+00  6.365554E+04  1.495796E-42  3.347301E-22   5.000000E-01 NotAppl  8.979944E-17  2.086104E-15  
1.348372E+03  1.509040E-03  5.580517E+02  -7.538638E-04  1.000000E+00  9.532310E-05  5.429117E-23  1.420178E-15   5.000000E-01 NotAppl  1.998457E+01  0.000000E+00  
2.977504E+03  1.714133E-01  -1.594441E-01  -9.928205E-03  1.000000E+00  2.960221E+00  2.491889E-27  4.903318E-14   5.000000E-01 NotAppl  4.006444E-04  0.000000E+00  
2.600442E+01  4.121251E+02  -3.140498E+02  1.507568E-10  1.000000E+00  3.526295E+06  5.059974E-45  1.809613E-25   5.000000E-01 NotAppl  1.287456E-19  2.953042E-17  
5.884093E+03  3.086765E-03  7.278672E+00  -1.651766E-10  1.000000E+00  2.894411E-01  1.493824E-26  3.395858E-30   5.000000E-01 NotAppl  1.220697E-03  0.000000E+00  
2.070420E+01  1.736732E+01  -1.734081E+01  -1.296982E-07  1.000000E+00  4.026714E-02  3.287871E-39  2.119880E-19   5.000000E-01 NotAppl  1.073568E-13  6.052902E-12  
3.958880E+02  1.293522E-01  -1.290985E-01  1.444919E-04  1.000000E+00  6.347310E-02  1.337146E-25  6.379999E-16   5.000000E-01 NotAppl  1.714759E-01  0.000000E+00  
3.776078E+01  6.873838E+02  -6.748351E+02  -3.212992E-09  1.000000E+00  2.406538E-02  3.775777E-42  3.860184E-23   5.000000E-01 NotAppl  6.411144E-17  5.332435E-15  
1.150112E+02  7.335447E+02  -7.319852E+02  1.129955E-01  1.000000E+00  8.459772E-04  5.489867E-24  4.910309E-09   1.641474E-162 LZ5Tmedian  2.621981E+01  0.000000E+00  
9.505153E+01  3.323284E+01  -9.460704E+00  2.304655E-10  1.000000E+00  2.011518E-03  1.453132E-24  3.019173E-26   5.000000E-01 NotAppl  8.369952E+00  0.000000E+00  
2.252424E+03  5.445656E-04  4.706565E-03  9.718603E-02  1.000000E+00  1.621847E+00  4.790853E-27  8.293786E-12   5.000000E-01 NotAppl  1.029762E-03  0.000000E+00  
6.261692E+01  1.228070E+00  -3.179117E-01  -1.023127E-10  1.000000E+00  6.377790E-03  1.094019E-40  1.397047E-26   5.000000E-01 NotAppl  1.100165E-15  0.000000E+00  
3.513552E+03  1.023382E-03  1.302246E-01  3.327137E-06  1.000000E+00  4.083912E+00  1.788337E-27  3.931653E-21   5.000000E-01 NotAppl  2.428571E-04  0.000000E+00  
1.038204E+01  4.906592E-04  5.137509E-02  -6.356925E-08  1.000000E+00  6.445748E-04  6.184285E-40  2.004012E-19   5.000000E-01 NotAppl  4.452087E-14  5.692224E-12  
3.754012E+02  4.089354E-04  4.050821E-03  1.306415E-02  1.000000E+00  5.729878E-02  1.490092E-25  5.814626E-12   5.000000E-01 NotAppl  2.020192E-01  0.000000E+00  
1.499216E+01  1.408363E-01  3.448393E-01  -8.894852E-04  1.000000E+00  1.524871E-03  1.385718E-31  1.900968E-11   4.562073E-01 NotAppl  6.502123E-06  1.094069E-03  
4.772602E+02  1.887710E+00  1.250788E+01  -9.690990E-10  1.000000E+00  3.962642E-02  1.497341E-25  1.957852E-26   5.000000E-01 NotAppl  1.586831E-01  0.000000E+00  
4.590230E+02  3.135419E-04  5.210577E+00  3.230950E-03  1.000000E+00  7.019311E-02  1.083680E-25  2.356759E-13   5.000000E-01 NotAppl  1.192281E-01  0.000000E+00  
1.057406E+03  5.981436E+02  -5.366680E+02  4.158724E-01  1.000000E+00  3.402860E-05  1.197929E-22  7.096902E-10   1.312127E-03 LZ5Tmedian  5.547419E+01  0.000000E+00  
5.178029E+01  7.573848E-04  6.485387E+02  -2.841675E-01  1.000000E+00  2.309563E-03  1.196836E-25  1.587948E-07   0.000000E+00 XENON1T_2018  1.458158E+00  3.316309E-01  
4.829734E+01  1.135240E-03  4.241940E+02  1.047430E-07  1.000000E+00  1.420954E-03  9.852171E-39  2.486355E-20   5.000000E-01 NotAppl  1.292321E-13  9.946811E-12  
1.132040E+03  4.523578E-01  1.131319E+01  6.874988E-07  1.000000E+00  9.561777E-02  5.409096E-26  1.687500E-21   5.000000E-01 NotAppl  2.369163E-02  0.000000E+00  
1.170413E+02  2.487633E+01  4.973223E+02  2.176621E-04  1.000000E+00  1.240676E-03  2.368478E-24  1.757817E-14   5.000000E-01 NotAppl  1.081962E+01  0.000000E+00  
1.406313E+01  3.377804E+00  6.194537E-03  -2.699528E-02  1.000000E+00  1.122112E+00  1.252169E-28  1.988087E-08   2.321589E-296 LZ5Tmedian  6.323849E-03  2.380718E-01  
9.754016E+01  6.104741E-02  1.381195E+01  5.006760E-05  1.000000E+00  4.535719E-03  1.245858E-24  1.351398E-15   5.000000E-01 NotAppl  6.958864E+00  0.000000E+00  
6.716455E+02  5.796702E-02  3.150571E+00  -1.686498E-10  1.000000E+00  1.533516E-01  5.056726E-26  2.948830E-28   5.000000E-01 NotAppl  3.750725E-02  0.000000E+00  
3.232378E+02  4.689042E+01  -4.688884E+01  1.026117E-07  1.000000E+00  5.065504E-03  1.249235E-24  4.872521E-22   5.000000E-01 NotAppl  1.986629E+00  0.000000E+00  
2.176487E+02  8.752425E-04  3.729821E+01  6.370073E-07  1.000000E+00  8.152385E-03  7.136762E-25  4.221477E-20   5.000000E-01 NotAppl  1.701310E+00  0.000000E+00  
2.718938E+01  4.839878E-01  -4.833323E-01  -6.508588E-04  1.000000E+00  5.269870E-03  9.772324E-32  3.082500E-12   5.000000E-01 NotAppl  2.366520E-06  5.441725E-04  
1.198009E+03  1.193875E-03  6.125763E-03  -4.442435E-01  1.000000E+00  2.053140E-01  4.915180E-26  6.276984E-10   5.589325E-03 LZ5Tmedian  2.096616E-02  0.000000E+00  
1.254611E+01  4.867040E+00  -4.858625E+00  -1.228119E-01  1.000000E+00  1.298363E-01  2.498283E-27  5.157062E-07   0.000000E+00 XENON1T_2018  1.440255E-01  2.595816E-01  
2.395804E+03  4.318689E-02  -3.966120E-02  3.509557E+00  1.000000E+00  2.323356E-02  5.198820E-25  9.538095E-09   6.397186E-18 LZ5Tmedian  1.101332E-01  0.000000E+00  
5.308959E+01  3.806963E+02  -3.566139E+02  1.952404E-06  1.000000E+00  1.724002E+01  7.158270E-36  7.123913E-18   5.000000E-01 NotAppl  8.533176E-11  2.874182E-09  
1.341770E+01  1.029562E+02  -1.024857E+02  -2.097317E-10  1.000000E+00  1.537312E-01  7.449114E-45  1.317070E-24   5.000000E-01 NotAppl  3.971212E-19  6.137331E-17  
4.087131E+03  7.642089E+02  -7.634335E+02  -9.244274E-10  1.000000E+00  2.677414E-05  2.842564E-22  2.231395E-28   5.000000E-01 NotAppl  3.292522E+01  0.000000E+00  
3.350927E+01  5.749836E+00  -5.744920E+00  1.652549E-10  1.000000E+00  3.705580E-03  8.007156E-45  1.301433E-25   5.000000E-01 NotAppl  1.544141E-19  2.266875E-17  
2.270612E+01  2.087994E-01  6.491442E+00  -4.554817E-08  1.000000E+00  2.466038E-03  4.238709E-40  2.171525E-20   5.000000E-01 NotAppl  1.251296E-14  2.341843E-12  
3.525399E+02  2.032900E-03  2.121730E+00  -7.271195E-04  1.000000E+00  4.869188E-02  1.685548E-25  2.048437E-14   5.000000E-01 NotAppl  2.437929E-01  0.000000E+00  
5.375910E+02  7.064545E+02  -7.055693E+02  2.023928E-06  1.000000E+00  9.067480E-05  7.682257E-23  6.694385E-20   5.000000E-01 NotAppl  7.171536E+01  0.000000E+00  
7.273616E+03  5.215979E-02  -4.649794E-02  3.117293E-08  1.000000E+00  1.672932E+01  4.184759E-28  7.861868E-26   5.000000E-01 NotAppl  2.715871E-05  0.000000E+00  
6.902309E+01  2.774715E-02  -2.479485E-02  4.986340E-07  1.000000E+00  5.925660E-03  7.629275E-37  2.719903E-19   5.000000E-01 NotAppl  6.900719E-12  0.000000E+00  
7.825085E+01  1.181866E-04  1.146838E-05  -9.322949E-06  1.000000E+00  7.285487E-03  4.075331E-35  7.358451E-17   5.000000E-01 NotAppl  3.267401E-10  0.000000E+00  
1.281843E+01  4.049611E+00  2.994598E+02  3.725433E-10  1.000000E+00  4.626565E+00  2.315773E-44  4.548466E-24   5.000000E-01 NotAppl  1.302102E-18  1.854573E-16  
3.185014E+01  4.873690E-03  -1.791595E-04  -5.712510E+00  1.000000E+00  1.889439E-03  2.820512E-25  1.723805E-04   0.000000E+00 XENON1T_2018  5.962631E+00  2.500087E-01  
3.870291E+03  3.457433E-02  4.946607E+02  6.186098E-03  1.000000E+00  8.879041E-05  5.796019E-23  1.116408E-14   5.000000E-01 NotAppl  7.249548E+00  0.000000E+00  
1.105144E+02  4.597705E-02  -4.550334E-02  2.806305E-01  1.000000E+00  2.888553E-03  3.812764E-24  3.286736E-08   0.000000E+00 XENON1T_2018  1.872136E+01  0.000000E+00  
9.324499E+01  1.397190E+02  -1.397162E+02  7.002629E-03  1.000000E+00  2.947789E-03  1.772839E-24  2.899206E-11   7.502611E-02 LZ5Tmedian  1.047531E+01  0.000000E+00  
4.288877E+02  6.567934E+01  -5.406466E+01  -1.191343E-06  1.000000E+00  1.956149E-03  2.235963E-24  3.681797E-20   5.000000E-01 NotAppl  2.643773E+00  0.000000E+00  
3.357764E+01  1.490068E+00  -1.489909E+00  -3.444661E-07  1.000000E+00  1.676901E-03  3.489934E-38  5.631323E-19   5.000000E-01 NotAppl  6.725332E-13  1.389574E-10  
1.745933E+01  7.648019E-03  8.608509E-01  -4.021077E-10  1.000000E+00  1.158445E-03  2.966607E-44  2.867370E-24   5.000000E-01 NotAppl  1.170320E-18  2.214321E-16  
4.185276E+02  1.881013E-03  8.193661E-02  -4.937693E-04  1.000000E+00  7.068206E-02  1.200697E-25  6.649086E-15   5.000000E-01 NotAppl  1.452917E-01  0.000000E+00  
2.386656E+01  8.184727E+01  7.538643E+02  7.453856E-06  1.000000E+00  2.373822E+06  1.167608E-35  5.259832E-16   5.000000E-01 NotAppl  3.265693E-10  7.337541E-08  
3.494296E+03  6.599018E-01  -6.422876E-01  -7.372013E-10  1.000000E+00  3.403027E+00  2.060626E-27  1.951921E-28   5.000000E-01 NotAppl  2.812109E-04  0.000000E+00  
1.265111E+01  1.581159E+00  2.325876E+02  5.766214E-09  1.000000E+00  7.438835E-02  5.523285E-42  1.118303E-21   5.000000E-01 NotAppl  3.153454E-16  4.624083E-14  
6.941360E+01  3.394362E+02  -3.197676E+02  -2.386388E-10  1.000000E+00  2.104619E+00  1.546959E-43  6.158406E-26   5.000000E-01 NotAppl  1.391621E-18  0.000000E+00  
1.711733E+01  5.362369E-02  -4.032130E-02  6.356401E-03  1.000000E+00  2.125345E-03  7.366269E-30  7.453980E-10   2.456234E-19 LZ5Tmedian  2.972755E-04  4.533043E-02  
1.188711E+02  1.851299E-03  1.738069E+02  2.869088E-03  1.000000E+00  2.745902E-03  1.876389E-24  2.958590E-12   5.000000E-01 NotAppl  8.418334E+00  0.000000E+00  
3.160989E+02  2.057577E+02  -2.053018E+02  2.332026E-09  1.000000E+00  5.578910E-04  1.170828E-23  2.634421E-25   5.000000E-01 NotAppl  1.907523E+01  0.000000E+00  
7.886894E+03  2.270646E-02  4.873448E+00  2.068477E-06  1.000000E+00  6.246900E-01  6.824901E-27  2.936699E-22   5.000000E-01 NotAppl  4.142062E-04  0.000000E+00  
1.764218E+03  1.752304E-02  8.816378E+02  7.235047E-10  1.000000E+00  4.247117E-05  1.239689E-22  7.561535E-28   5.000000E-01 NotAppl  3.463284E+01  0.000000E+00  
2.862856E+01  3.757120E+02  -3.757119E+02  5.413395E-08  1.000000E+00  1.282660E-02  7.083490E-40  1.921173E-20   5.000000E-01 NotAppl  1.622459E-14  3.722171E-12  
1.368704E+01  8.022744E+02  -7.993311E+02  7.853757E-04  1.000000E+00  2.180108E+00  1.051071E-31  1.775602E-11   5.000000E-01 NotAppl  5.476982E-06  8.422272E-04  
1.105006E+02  8.922707E+00  3.628922E+01  2.065906E-05  1.000000E+00  2.284019E-03  1.455558E-24  1.781669E-16   5.000000E-01 NotAppl  7.102946E+00  0.000000E+00  
2.868204E+02  1.493400E+01  -1.488437E+01  -3.218966E-08  1.000000E+00  1.713908E-02  3.689580E-25  6.124775E-23   5.000000E-01 NotAppl  6.631489E-01  0.000000E+00  
3.375342E+02  6.597489E+02  -6.588536E+02  7.368281E-08  1.000000E+00  1.693513E-04  3.835696E-23  2.299392E-22   5.000000E-01 NotAppl  5.833094E+01  0.000000E+00  
7.425002E+03  3.146918E+02  -3.135215E+02  -2.868013E-04  1.000000E+00  1.323138E-04  5.604986E-23  6.382032E-18   5.000000E-01 NotAppl  3.542802E+00  0.000000E+00  
9.504931E+02  5.122200E-04  4.827968E-01  -1.284039E-10  1.000000E+00  3.345525E-01  2.412613E-26  8.410101E-29   5.000000E-01 NotAppl  1.249708E-02  0.000000E+00  
2.110791E+03  1.025523E+01  9.303731E+02  -5.149306E-10  1.000000E+00  3.365224E-05  1.495267E-22  2.657658E-28   5.000000E-01 NotAppl  3.475540E+01  0.000000E+00  
7.397473E+02  2.123540E+01  4.082499E+00  -1.005986E-10  1.000000E+00  1.068141E-02  4.611000E-25  8.613148E-29   5.000000E-01 NotAppl  3.108001E-01  0.000000E+00  
5.825461E+01  2.615398E+02  -2.465489E+02  1.509663E+00  1.000000E+00  9.537083E-05  1.829937E-23  3.524573E-06   0.000000E+00 XENON1T_2018  1.973890E+02  9.991532E-01  
7.982402E+03  1.115693E-03  1.980821E+02  4.166257E-07  1.000000E+00  4.933599E-04  1.033535E-23  1.162605E-23   5.000000E-01 NotAppl  6.201602E-01  0.000000E+00  
3.024531E+01  2.641837E-01  -2.578543E-01  -6.564617E-06  1.000000E+00  3.055646E-03  1.103627E-35  2.527829E-16   5.000000E-01 NotAppl  2.380936E-10  5.383044E-08  
3.413265E+03  6.383318E-02  5.317651E-01  -6.059975E-10  1.000000E+00  3.563638E+00  1.988130E-27  1.383459E-28   5.000000E-01 NotAppl  2.782760E-04  0.000000E+00  
4.440679E+02  1.043904E-03  3.227509E+01  1.400157E-04  1.000000E+00  1.394859E-02  3.652037E-25  4.736261E-16   5.000000E-01 NotAppl  4.182500E-01  0.000000E+00  
3.589736E+03  1.508903E-03  1.579977E-02  -3.911237E-04  1.000000E+00  4.277295E+00  1.708948E-27  5.201235E-17   5.000000E-01 NotAppl  2.270583E-04  0.000000E+00  
9.119328E+01  1.415829E+02  -1.411730E+02  -5.107209E-05  1.000000E+00  3.223478E-03  1.288805E-24  1.614092E-15   5.000000E-01 NotAppl  7.879564E+00  0.000000E+00  
2.110257E+02  1.539515E-04  4.786424E+00  1.399115E-04  1.000000E+00  1.721286E-02  4.448752E-25  2.169614E-15   5.000000E-01 NotAppl  1.098734E+00  0.000000E+00  
9.838492E+03  3.224770E-01  -3.222617E-01  -4.664507E-08  1.000000E+00  2.218123E+01  2.893385E-28  9.531818E-26   5.000000E-01 NotAppl  1.381963E-05  0.000000E+00  
2.860602E+02  4.961238E-04  3.186470E+00  1.482027E-05  1.000000E+00  3.176791E-02  2.521024E-25  1.305360E-17   5.000000E-01 NotAppl  4.533203E-01  0.000000E+00  
1.391298E+03  1.040885E+00  9.971205E-01  2.050867E-09  1.000000E+00  5.694534E-01  1.306556E-26  9.859907E-27   5.000000E-01 NotAppl  4.581897E-03  0.000000E+00  
3.334512E+01  2.964882E-02  -1.933236E-02  -5.549399E+00  1.000000E+00  1.347066E-03  3.083172E-25  1.482283E-04   0.000000E+00 XENON1T_2018  5.686223E+00  2.500536E-01  
4.579790E+03  4.995580E+01  4.737677E+01  -4.057182E-01  1.000000E+00  1.577640E-03  3.820913E-24  3.410016E-11   5.000000E-01 NotAppl  3.997627E-01  0.000000E+00  
1.327925E+02  8.154590E+01  1.187668E+02  1.097207E-08  1.000000E+00  8.473117E-04  3.552081E-24  3.448037E-23   5.000000E-01 NotAppl  1.436280E+01  0.000000E+00  
2.381629E+02  1.924260E-04  6.409900E+00  1.784351E-07  1.000000E+00  2.068804E-02  3.632065E-25  2.754162E-21   5.000000E-01 NotAppl  7.906425E-01  0.000000E+00  
6.136784E+03  8.790438E+02  -8.789856E+02  -1.529079E-10  1.000000E+00  1.967130E-05  3.939627E-22  2.671779E-30   5.000000E-01 NotAppl  3.020347E+01  0.000000E+00  
3.936506E+03  1.023025E-02  1.353622E+00  4.725121E-02  1.000000E+00  2.947767E+00  2.090831E-27  6.292578E-13   5.000000E-01 NotAppl  2.544321E-04  0.000000E+00  
1.348479E+03  3.844792E+00  -3.843810E+00  4.363722E-09  1.000000E+00  3.275299E-01  2.070562E-26  4.757738E-26   5.000000E-01 NotAppl  7.477357E-03  0.000000E+00  
2.266886E+01  1.555274E+02  3.967170E+02  1.456909E-07  1.000000E+00  4.507484E+06  4.332715E-39  2.229073E-19   5.000000E-01 NotAppl  1.281285E-13  2.826410E-11  
3.235264E+03  2.743675E-02  -2.659633E-02  -2.015090E-06  1.000000E+00  3.498809E+00  2.103504E-27  1.705879E-21   5.000000E-01 NotAppl  3.107006E-04  0.000000E+00  
8.967156E+01  2.348933E-03  1.031772E-01  5.319833E-03  1.000000E+00  5.638323E-03  7.973656E-25  1.812737E-11   1.889407E-01 NotAppl  4.961953E+00  0.000000E+00  
1.522275E+03  3.427051E+02  -3.354525E+02  3.701233E-05  1.000000E+00  1.200709E-04  5.470552E-23  2.673075E-18   5.000000E-01 NotAppl  1.740540E+01  0.000000E+00  
1.359461E+03  8.174413E+02  -7.816828E+02  -1.410739E-05  1.000000E+00  2.346177E-05  2.092899E-22  4.890972E-19   5.000000E-01 NotAppl  7.480642E+01  0.000000E+00  
5.568890E+02  1.208536E-04  6.065801E-04  1.267108E-10  1.000000E+00  1.219685E-01  6.890449E-26  2.441354E-28   5.000000E-01 NotAppl  6.199147E-02  0.000000E+00  
6.555016E+01  7.850265E+01  1.023121E+02  -9.478761E-02  1.000000E+00  3.150949E-02  1.322384E-25  1.092121E-08   0.000000E+00 LZ5Tmedian  1.261919E+00  0.000000E+00  
3.502885E+01  3.190995E-04  1.096078E-03  7.898979E-02  1.000000E+00  6.907813E-04  1.967471E-27  2.717500E-08   0.000000E+00 XENON1T_2018  3.624212E-02  2.418012E-01  
4.646256E+02  2.616276E+00  -2.616168E+00  -9.745080E-04  1.000000E+00  7.787325E-02  1.021444E-25  2.091453E-14   5.000000E-01 NotAppl  1.109049E-01  0.000000E+00  
1.321872E+03  1.013331E+01  -9.173185E+00  1.633827E-01  1.000000E+00  7.191177E-02  9.892919E-26  6.946275E-11   5.000000E-01 NotAppl  3.651066E-02  0.000000E+00  
1.680167E+01  6.134630E-04  5.962129E+01  -3.612343E-06  1.000000E+00  9.825628E-04  2.365180E-36  2.498535E-16   5.000000E-01 NotAppl  9.743849E-11  1.795371E-08  
7.578242E+01  1.421222E-01  -4.603387E-02  8.209765E-09  1.000000E+00  7.366051E-03  4.576237E-41  6.092292E-23   5.000000E-01 NotAppl  3.790063E-16  0.000000E+00  
2.024545E+02  6.598704E+00  -6.598574E+00  -1.453171E+00  1.000000E+00  1.967262E-04  4.415641E-23  2.548062E-07   0.000000E+00 XENON1T_2018  1.335458E+02  0.000000E+00  
3.138153E+03  3.764076E-01  9.347169E+02  1.169226E-01  1.000000E+00  3.054866E-05  1.731433E-22  6.110740E-12   5.000000E-01 NotAppl  2.681051E+01  0.000000E+00  
2.594893E+03  7.350065E-01  -5.807781E-01  -8.695739E-05  1.000000E+00  2.032084E+00  3.590897E-27  4.977036E-18   5.000000E-01 NotAppl  6.639111E-04  0.000000E+00  
1.872357E+01  4.124283E-01  -4.063286E-01  -1.249886E+00  1.000000E+00  5.364193E-03  2.769918E-25  2.408732E-05   0.000000E+00 XENON1T_2018  1.010870E+01  2.503550E-01  
1.895944E+01  1.392276E+01  -1.392260E+01  -4.325421E-04  1.000000E+00  5.144113E-02  3.531175E-32  2.813269E-12   5.000000E-01 NotAppl  1.270241E-06  1.051732E-04  
2.159479E+02  2.992208E-03  -2.754749E-03  7.920394E-04  1.000000E+00  2.038216E-02  4.175289E-25  6.632090E-14   5.000000E-01 NotAppl  1.006951E+00  0.000000E+00  
4.820110E+01  1.393956E-02  2.262502E-03  9.821945E-04  1.000000E+00  9.865297E-04  8.562170E-31  2.195196E-12   5.000000E-01 NotAppl  1.125442E-05  8.739205E-04  
5.229975E+01  3.407747E-04  7.190610E-04  6.304105E-10  1.000000E+00  2.324896E-03  6.440487E-43  7.657685E-25   5.000000E-01 NotAppl  7.799539E-18  3.108191E-16  
8.174312E+03  1.906775E-04  2.371961E+00  2.208200E-01  1.000000E+00  2.019627E+00  2.534406E-27  3.112153E-12   5.000000E-01 NotAppl  1.485682E-04  0.000000E+00  
3.125158E+01  4.163490E-01  -3.799109E-01  -8.798798E-09  1.000000E+00  2.702101E-03  2.061333E-41  4.249912E-22   5.000000E-01 NotAppl  4.286270E-16  9.558213E-14  
7.103970E+01  3.874992E-01  2.400962E+02  -5.408072E-06  1.000000E+00  6.200438E-03  5.098623E-35  3.016713E-17   5.000000E-01 NotAppl  4.508464E-10  0.000000E+00  
3.504104E+02  2.057721E+01  -1.750162E+01  -8.497162E-04  1.000000E+00  1.352785E-02  3.981477E-25  2.832338E-14   5.000000E-01 NotAppl  5.809540E-01  0.000000E+00  
6.380784E+01  3.744567E+01  3.204751E+02  -2.757179E-10  1.000000E+00  5.319516E+01  6.239680E-42  9.762944E-26   5.000000E-01 NotAppl  6.122653E-17  0.000000E+00  
5.196713E+02  5.809098E+01  -5.809033E+01  4.431841E-10  1.000000E+00  3.646090E-03  1.804112E-24  3.440294E-27   5.000000E-01 NotAppl  1.744812E+00  0.000000E+00  
3.684735E+01  6.673063E+00  -6.672571E+00  -1.862272E-09  1.000000E+00  1.786897E-03  1.203794E-42  1.362952E-23   5.000000E-01 NotAppl  2.101286E-17  2.373491E-15  
6.995900E+03  7.103268E+02  -7.076497E+02  -2.435538E-06  1.000000E+00  2.822354E-05  2.687103E-22  5.194072E-22   5.000000E-01 NotAppl  1.803918E+01  0.000000E+00  
2.678359E+03  1.535886E+00  2.382040E+02  -1.085322E+00  1.000000E+00  3.579199E-04  1.345785E-23  7.269081E-10   6.718993E-02 LZ5Tmedian  2.451041E+00  0.000000E+00  
1.059264E+02  4.468128E-03  5.003378E+00  -7.026108E-02  1.000000E+00  6.242409E-03  8.358490E-25  2.247364E-09   8.139145E-80 LZ5Tmedian  4.278693E+00  0.000000E+00  
8.015638E+01  5.723265E-03  1.590631E+00  -1.532493E-01  1.000000E+00  6.803000E-03  8.577801E-27  1.892899E-08   0.000000E+00 XENON1T_2018  6.646888E-02  0.000000E+00  
8.345798E+02  4.638130E+01  -4.231348E+01  -6.402475E-05  1.000000E+00  4.927655E-03  1.221801E-24  2.726914E-17   5.000000E-01 NotAppl  7.223943E-01  0.000000E+00  
1.418346E+03  4.147658E+02  -4.147625E+02  2.246215E-02  1.000000E+00  9.962609E-05  7.461363E-23  1.137225E-12   5.000000E-01 NotAppl  2.553020E+01  0.000000E+00  
9.942435E+01  2.241586E+01  -7.759767E+00  -7.318278E-10  1.000000E+00  2.073248E-03  1.468549E-24  2.776231E-25   5.000000E-01 NotAppl  8.054332E+00  0.000000E+00  
2.572479E+01  2.631340E+01  -2.086288E+01  2.799153E-05  1.000000E+00  4.908535E-01  1.730553E-34  6.376269E-15   5.000000E-01 NotAppl  4.460150E-09  1.152571E-07  
5.846181E+02  5.356789E-02  1.302064E+01  1.256277E-06  1.000000E+00  5.468876E-02  1.078134E-25  2.172851E-20   5.000000E-01 NotAppl  9.274761E-02  0.000000E+00  
4.031715E+02  8.541652E-01  1.469389E+00  6.185644E-02  1.000000E+00  5.580448E-02  1.447064E-25  1.126423E-10   6.638249E-02 LZ5Tmedian  1.826751E-01  0.000000E+00  
2.378576E+02  2.708302E+01  -2.525971E+01  7.238978E-05  1.000000E+00  7.453464E-03  7.140189E-25  4.544903E-16   5.000000E-01 NotAppl  1.563914E+00  0.000000E+00  
2.568222E+01  6.943742E+01  -6.921525E+01  1.434068E-03  1.000000E+00  2.040901E-02  4.536637E-31  1.679210E-11   1.654365E-01 NotAppl  1.171348E-05  2.660514E-03  
5.151855E+01  6.346968E+00  -6.266664E+00  -1.452531E-03  1.000000E+00  1.780247E-03  2.990241E-30  4.192030E-12   5.000000E-01 NotAppl  3.666624E-05  1.110971E-03  
3.024369E+02  6.091922E-04  9.442788E-02  5.795824E-09  1.000000E+00  3.812902E-02  2.235883E-25  1.781303E-24   5.000000E-01 NotAppl  3.793892E-01  0.000000E+00  
5.778200E+03  2.060411E+01  -1.989471E+01  1.637556E-10  1.000000E+00  2.565057E-02  2.506438E-25  3.463181E-30   5.000000E-01 NotAppl  2.042620E-02  0.000000E+00  
5.865600E+03  2.026474E-03  1.167065E+00  -3.508839E-07  1.000000E+00  5.391644E+00  1.009888E-27  1.542264E-23   5.000000E-01 NotAppl  8.199857E-05  0.000000E+00  
1.383611E+02  1.088817E-04  3.794448E-04  -2.227671E-09  1.000000E+00  9.336320E-03  8.702635E-25  1.306541E-24   5.000000E-01 NotAppl  3.382274E+00  0.000000E+00  
7.820875E+02  7.568960E-04  5.003989E+02  1.865344E-05  1.000000E+00  1.493393E-04  3.421807E-23  2.643122E-18   5.000000E-01 NotAppl  2.202370E+01  0.000000E+00  
6.651622E+02  2.663990E-02  -2.520545E-02  -3.468272E-07  1.000000E+00  1.711178E-01  4.864354E-26  1.272076E-21   5.000000E-01 NotAppl  3.641340E-02  0.000000E+00  
2.812091E+03  4.102496E-01  -3.012177E-01  3.544985E-03  1.000000E+00  2.548184E+00  2.895156E-27  7.022781E-15   5.000000E-01 NotAppl  4.932603E-04  0.000000E+00  
6.062591E+02  1.369234E-03  1.299275E-01  8.964940E-02  1.000000E+00  1.331838E-01  6.468891E-26  1.027270E-10   1.897675E-01 NotAppl  5.360806E-02  0.000000E+00  
2.482057E+02  2.949977E-04  -1.941150E-04  5.621635E-04  1.000000E+00  2.636378E-02  3.236455E-25  2.511929E-14   5.000000E-01 NotAppl  6.749039E-01  0.000000E+00  
9.300332E+01  9.655514E-02  2.052868E+00  -3.712939E-06  1.000000E+00  4.950427E-03  1.077380E-24  8.194125E-18   5.000000E-01 NotAppl  6.351242E+00  0.000000E+00  
1.676120E+03  2.323463E-04  6.121723E-01  5.975501E-09  1.000000E+00  9.657107E-01  7.904272E-27  5.725630E-26   5.000000E-01 NotAppl  2.287102E-03  0.000000E+00  
1.149466E+01  1.389505E-02  3.458151E-01  4.130517E-07  1.000000E+00  6.285613E-04  2.735224E-38  6.930707E-18   5.000000E-01 NotAppl  1.746558E-12  2.395253E-10  
3.086492E+03  1.028597E-04  8.206187E+01  -4.770490E-08  1.000000E+00  2.711043E-03  1.772244E-24  1.052193E-24   5.000000E-01 NotAppl  2.791083E-01  0.000000E+00  
3.922997E+02  1.013542E+02  -1.012848E+02  1.060617E-10  1.000000E+00  1.469227E-03  4.526893E-24  3.502212E-28   5.000000E-01 NotAppl  5.878077E+00  0.000000E+00  
4.562289E+01  1.233833E-01  -1.230771E-01  2.313831E-05  1.000000E+00  1.409469E-04  3.581011E-34  1.362589E-15   5.000000E-01 NotAppl  4.984004E-09  5.225342E-07  
1.119935E+03  6.334897E-01  2.496550E+02  -4.051186E+00  1.000000E+00  4.179824E-04  1.052115E-23  5.989517E-08   1.639428E-230 LZ5Tmedian  4.780883E+00  0.000000E+00  
9.738132E+01  2.012879E-04  -7.054582E-05  1.447810E-02  1.000000E+00  5.454173E-03  1.331480E-24  1.133818E-10   5.518982E-05 LZ5Tmedian  7.456776E+00  0.000000E+00  
3.422615E+01  1.716483E+02  -1.716481E+02  -6.866872E-10  1.000000E+00  4.573088E-03  1.429448E-43  2.152678E-24   5.000000E-01 NotAppl  2.694913E-18  5.637636E-16  
1.349585E+02  4.088275E-01  -4.084769E-01  -3.772373E-02  1.000000E+00  9.277486E-03  8.217984E-25  3.942930E-10   4.287616E-12 LZ5Tmedian  3.281235E+00  0.000000E+00  
9.203905E+01  1.860877E+01  -1.570015E+01  -1.057704E-02  1.000000E+00  3.392323E-03  1.031684E-24  6.793165E-11   2.183141E-03 LZ5Tmedian  6.177576E+00  0.000000E+00  
8.317242E+02  4.249904E+02  -4.249888E+02  -6.902804E-09  1.000000E+00  1.199917E-04  6.143327E-23  3.192030E-25   5.000000E-01 NotAppl  3.644950E+01  0.000000E+00  
9.468619E+02  5.590946E-02  9.320327E+00  -4.356313E-03  1.000000E+00  1.186961E-01  4.740010E-26  9.756116E-14   5.000000E-01 NotAppl  2.485865E-02  0.000000E+00  
1.056444E+03  2.071188E+02  -1.924945E+02  3.169269E-02  1.000000E+00  2.638168E-04  2.067862E-23  4.129275E-12   5.000000E-01 NotAppl  9.583638E+00  0.000000E+00  
2.749491E+02  1.217752E+02  -1.173662E+02  -1.289019E-04  1.000000E+00  9.440484E-04  5.211315E-24  1.070959E-15   5.000000E-01 NotAppl  9.833203E+00  0.000000E+00  
1.654393E+03  2.145009E+02  -2.145005E+02  -2.438414E-09  1.000000E+00  3.032151E-04  2.371899E-23  9.791306E-27   5.000000E-01 NotAppl  6.927853E+00  0.000000E+00  
3.575312E+03  9.350185E-04  1.420429E+02  3.346535E-01  1.000000E+00  9.281888E-04  5.340020E-24  3.839074E-11   5.000000E-01 NotAppl  7.239459E-01  0.000000E+00  
6.686755E+02  7.968410E-04  4.891907E+01  1.660391E-01  1.000000E+00  6.812097E-03  7.510960E-25  2.884246E-10   1.443158E-02 LZ5Tmedian  5.675667E-01  0.000000E+00  
8.707696E+03  1.169073E-01  -1.127873E-01  -1.324253E-10  1.000000E+00  2.300187E+01  2.989925E-28  9.844081E-31   5.000000E-01 NotAppl  1.617301E-05  0.000000E+00  
5.963383E+03  3.581879E-02  2.476137E+02  -4.142965E-10  1.000000E+00  3.190811E-04  1.588228E-23  2.079033E-29   5.000000E-01 NotAppl  1.281194E+00  0.000000E+00  
1.144615E+03  9.988036E-04  3.008790E+02  2.376472E-03  1.000000E+00  2.720472E-04  1.853010E-23  1.971404E-14   5.000000E-01 NotAppl  8.069165E+00  0.000000E+00  
2.772609E+02  4.214084E-04  1.059331E+00  -9.390456E-01  1.000000E+00  2.550744E-03  4.779510E-24  5.587014E-08   0.000000E+00 XENON1T_2018  9.928520E+00  0.000000E+00  
1.268790E+03  6.673594E-02  -6.652842E-02  6.528249E-01  1.000000E+00  1.361336E-01  7.882941E-26  1.205708E-09   8.172229E-05 LZ5Tmedian  3.183221E-02  0.000000E+00  
5.413852E+03  2.085296E-03  -1.944965E-03  -4.441065E+00  1.000000E+00  7.061128E-02  1.651639E-25  2.907719E-09   4.725120E-03 LZ5Tmedian  1.528595E-02  0.000000E+00  
3.781532E+03  8.461376E+00  -8.391630E+00  2.167477E-06  1.000000E+00  1.373373E-01  4.371844E-26  1.436800E-21   5.000000E-01 NotAppl  5.481161E-03  0.000000E+00  
1.786134E+02  1.275263E-04  2.057558E+01  -2.879358E-03  1.000000E+00  9.600227E-03  6.786823E-25  1.293255E-12   5.000000E-01 NotAppl  2.017957E+00  0.000000E+00  
2.789393E+03  1.313739E-04  5.575754E+01  1.078690E-06  1.000000E+00  5.730952E-03  8.253424E-25  6.610573E-22   5.000000E-01 NotAppl  1.441564E-01  0.000000E+00  
2.980712E+02  3.558956E-03  1.517126E-01  3.265286E-02  1.000000E+00  3.633077E-02  2.371542E-25  5.824796E-11   1.533797E-01 NotAppl  4.089781E-01  0.000000E+00  
1.223023E+02  2.361530E+01  -2.361356E+01  6.669771E-07  1.000000E+00  4.531143E-03  1.292730E-24  1.508286E-19   5.000000E-01 NotAppl  5.728249E+00  0.000000E+00  
1.618755E+01  1.708457E-02  5.487543E-01  2.963835E-10  1.000000E+00  1.107683E-03  1.574120E-44  1.811657E-24   5.000000E-01 NotAppl  6.764589E-19  1.211303E-16  
3.252049E+02  4.464768E+02  -4.295836E+02  2.746754E-10  1.000000E+00  1.397836E-04  2.762772E-23  3.448301E-27   5.000000E-01 NotAppl  4.368951E+01  0.000000E+00  
2.648384E+01  1.963426E-02  -1.939168E-02  -1.742286E-03  1.000000E+00  3.089446E-03  6.854097E-31  2.329399E-11   7.691099E-02 LZ5Tmedian  1.710494E-05  3.868113E-03  
1.582299E+03  1.015078E+01  -4.823638E+00  -1.034087E-05  1.000000E+00  8.890210E-02  7.667043E-26  1.928364E-19   5.000000E-01 NotAppl  2.350292E-02  0.000000E+00  
1.335123E+01  2.079973E-04  5.525712E+00  -1.702026E-09  1.000000E+00  6.553952E-04  4.898151E-43  8.759529E-23   5.000000E-01 NotAppl  2.626293E-17  3.849208E-15  
2.261714E+02  1.050321E+02  3.836345E+01  8.863364E-08  1.000000E+00  5.093960E-04  6.293378E-24  7.554283E-22   5.000000E-01 NotAppl  1.449848E+01  0.000000E+00  
4.802359E+01  7.775950E+00  -6.492590E+00  4.827311E-02  1.000000E+00  9.854643E-04  2.024050E-27  5.342603E-09   5.817438E-296 LZ5Tmedian  2.678033E-02  1.645364E-01  
7.751901E+02  7.432245E-03  1.498227E+01  8.980244E-09  1.000000E+00  5.544261E-02  9.536706E-26  6.237836E-25   5.000000E-01 NotAppl  6.156992E-02  0.000000E+00  
2.177084E+03  4.200359E-01  -7.646519E-02  3.928468E-06  1.000000E+00  1.579622E+00  4.771166E-27  1.452408E-20   5.000000E-01 NotAppl  1.055897E-03  0.000000E+00  
3.092333E+01  9.366209E-01  -9.357696E-01  -2.162688E-09  1.000000E+00  3.565233E-03  1.229318E-42  2.623089E-23   5.000000E-01 NotAppl  2.589019E-17  5.749198E-15  
5.837395E+02  1.456728E+02  -1.456713E+02  -1.445861E-06  1.000000E+00  7.341189E-04  9.465001E-24  2.887007E-20   5.000000E-01 NotAppl  8.108640E+00  0.000000E+00  
6.856742E+01  1.056664E+01  -1.056198E+01  -6.504742E-07  1.000000E+00  1.354257E-02  1.509671E-36  4.691632E-19   5.000000E-01 NotAppl  1.375062E-11  0.000000E+00  
3.303978E+02  4.983541E-02  -4.962775E-02  -4.312648E-09  1.000000E+00  4.510767E-02  1.890443E-25  8.229399E-25   5.000000E-01 NotAppl  2.925602E-01  0.000000E+00  
3.193687E+03  1.151828E+01  -1.143673E+01  -1.248576E-09  1.000000E+00  7.621647E-02  8.018920E-26  6.723903E-28   5.000000E-01 NotAppl  1.194441E-02  0.000000E+00  
6.032020E+02  2.979778E-02  2.064338E+00  -1.161380E-08  1.000000E+00  1.342221E-01  6.018786E-26  1.741913E-24   5.000000E-01 NotAppl  4.986554E-02  0.000000E+00  
1.273002E+01  6.830152E-03  1.929678E+01  -1.281565E-09  1.000000E+00  6.241638E-04  2.734090E-43  5.456673E-23   5.000000E-01 NotAppl  1.549738E-17  1.112264E-15  
4.259542E+03  1.976403E+01  7.186571E+02  1.780642E-10  1.000000E+00  4.106741E-05  1.233098E-22  7.611787E-30   5.000000E-01 NotAppl  1.399497E+01  0.000000E+00  
1.197123E+02  1.793581E-02  1.523645E+01  -1.913740E-05  1.000000E+00  5.719541E-03  1.144089E-24  1.297430E-16   5.000000E-01 NotAppl  5.152158E+00  0.000000E+00  
1.825689E+01  5.354917E-04  1.144812E+02  -1.482388E-08  1.000000E+00  1.134778E-03  4.092314E-41  3.563861E-21   5.000000E-01 NotAppl  1.536204E-15  3.002072E-13  
1.102657E+01  5.897920E+02  -3.125182E+02  9.025349E-05  1.000000E+00  3.415655E+05  1.283031E-33  3.590326E-13   5.000000E-01 NotAppl  8.604946E-08  1.145643E-05  
1.148865E+01  1.461681E-04  1.836641E+02  2.208078E-09  1.000000E+00  5.042683E-04  7.814849E-43  1.982642E-22   5.000000E-01 NotAppl  4.993185E-17  6.845887E-15  
1.769118E+01  5.084330E+00  -5.035385E+00  1.743667E-01  1.000000E+00  5.798718E-02  5.603014E-27  5.251363E-07   0.000000E+00 XENON1T_2018  2.179038E-01  2.423770E-01  
2.850000E+02  9.975113E+00  -8.472640E+00  -2.144068E-02  1.000000E+00  2.061183E-02  2.940970E-25  2.752943E-11   3.966451E-01 NotAppl  5.317013E-01  0.000000E+00  
7.217705E+02  6.006198E+01  -6.006162E+01  4.529359E-06  1.000000E+00  3.394509E-03  1.966647E-24  1.836031E-19   5.000000E-01 NotAppl  1.351257E+00  0.000000E+00  
4.770346E+02  1.347892E-01  3.568938E-01  2.372980E-04  1.000000E+00  8.966361E-02  9.331309E-26  1.175037E-15   5.000000E-01 NotAppl  9.857513E-02  0.000000E+00  
1.493590E+03  1.186808E-01  5.538376E-01  3.646364E-01  1.000000E+00  3.618752E-01  2.636749E-26  2.697023E-10   1.668235E-01 NotAppl  8.880798E-03  0.000000E+00  
1.839340E+01  4.536726E+00  1.731573E+02  2.132430E-07  1.000000E+00  9.286315E-01  8.490156E-39  7.265572E-19   5.000000E-01 NotAppl  3.160677E-13  5.599320E-11  
1.109125E+01  2.881833E-04  6.677415E+02  -8.645333E-01  1.000000E+00  4.726237E-04  1.171731E-25  3.256782E-05   0.000000E+00 XENON1T_2018  7.804304E+00  3.332283E-01  
2.787606E+03  1.546340E+02  -1.525335E+02  -7.137258E-07  1.000000E+00  5.198867E-04  1.334314E-23  2.897846E-22   5.000000E-01 NotAppl  2.283297E+00  0.000000E+00  
1.332235E+02  1.654288E-04  1.536130E-03  -2.009077E-06  1.000000E+00  8.776172E-03  9.206947E-25  1.148426E-18   5.000000E-01 NotAppl  3.719092E+00  0.000000E+00  
6.270960E+02  1.247545E-04  7.377766E+01  -6.706563E-06  1.000000E+00  3.536932E-03  1.343242E-24  5.365287E-19   5.000000E-01 NotAppl  1.083203E+00  0.000000E+00  
1.792841E+02  9.092241E+01  4.896854E+01  2.886544E-05  1.000000E+00  6.696659E-04  4.599662E-24  1.289773E-16   5.000000E-01 NotAppl  1.369566E+01  0.000000E+00  
1.744576E+03  2.345200E-04  1.119200E-03  -2.486602E-10  1.000000E+00  1.070281E+00  7.204446E-27  9.137992E-29   5.000000E-01 NotAppl  2.000367E-03  0.000000E+00  
2.470676E+02  3.848017E+00  -3.847503E+00  3.953593E-10  1.000000E+00  2.232229E-02  3.369522E-25  1.254165E-26   5.000000E-01 NotAppl  7.062569E-01  0.000000E+00  
1.034963E+01  6.026316E-03  3.708531E+02  2.121417E-03  1.000000E+00  4.372091E-04  6.876154E-31  2.245493E-10   9.710189E-02 LZ5Tmedian  4.968418E-05  6.221119E-03  
7.350864E+01  9.575707E+02  -9.499672E+02  9.261345E-06  1.000000E+00  1.069153E-01  8.715134E-35  8.250736E-17   5.000000E-01 NotAppl  7.441544E-10  0.000000E+00  
1.842493E+01  2.793074E-04  1.802997E-01  1.237175E-08  1.000000E+00  1.575885E-03  2.859472E-41  2.437214E-21   5.000000E-01 NotAppl  1.062474E-15  2.089074E-13  
5.152674E+03  2.583072E-02  -2.563564E-02  2.522226E-07  1.000000E+00  8.604349E+00  8.306106E-28  1.037049E-23   5.000000E-01 NotAppl  7.644766E-05  0.000000E+00  
4.107459E+02  5.063788E-01  -4.721059E-01  7.273818E-09  1.000000E+00  6.737539E-02  1.247413E-25  1.499395E-24   5.000000E-01 NotAppl  1.539355E-01  0.000000E+00  
1.564229E+02  1.400994E-03  5.888228E+01  -4.294563E-04  1.000000E+00  4.646610E-03  1.235510E-24  3.775932E-14   5.000000E-01 NotAppl  4.174017E+00  0.000000E+00  
4.321863E+03  3.411491E-01  9.988945E+01  -2.504483E-09  1.000000E+00  1.845108E-03  2.651253E-24  1.461975E-27   5.000000E-01 NotAppl  2.964792E-01  0.000000E+00  
3.715592E+02  5.502552E-04  1.932161E-04  -1.881507E-04  1.000000E+00  5.640979E-02  1.510063E-25  1.231728E-15   5.000000E-01 NotAppl  2.068432E-01  0.000000E+00  
5.344984E+02  1.457768E-02  2.732999E+00  3.928820E-08  1.000000E+00  1.042979E-01  7.682210E-26  2.552515E-23   5.000000E-01 NotAppl  7.214101E-02  0.000000E+00  
2.972146E+03  4.136360E+02  -4.124798E+02  9.984638E-03  1.000000E+00  8.368181E-05  8.754887E-23  4.977434E-14   5.000000E-01 NotAppl  1.403214E+01  0.000000E+00  
4.667219E+03  6.694513E-02  -6.070836E-02  1.364480E-09  1.000000E+00  7.082860E+00  1.014352E-27  3.711435E-28   5.000000E-01 NotAppl  1.032198E-04  0.000000E+00  
1.892439E+02  3.543684E+00  -3.536293E+00  -4.427802E-09  1.000000E+00  1.372005E-02  5.394811E-25  2.716505E-24   5.000000E-01 NotAppl  1.493945E+00  0.000000E+00  
4.072342E+03  7.936179E-04  3.805642E+00  -2.516777E+00  1.000000E+00  1.312604E-01  7.999041E-26  1.666182E-09   1.696796E-02 LZ5Tmedian  9.955773E-03  0.000000E+00  
2.210792E+03  5.675912E-03  -5.447203E-03  1.524998E-05  1.000000E+00  1.682971E+00  4.494757E-27  2.121230E-19   5.000000E-01 NotAppl  9.791888E-04  0.000000E+00  
7.331748E+02  2.364564E-01  2.874582E+01  5.688949E-05  1.000000E+00  1.881217E-02  2.570296E-25  2.805179E-17   5.000000E-01 NotAppl  1.763132E-01  0.000000E+00  
1.117995E+01  3.644161E-04  1.897047E-01  2.549711E+00  1.000000E+00  6.047268E-04  5.228327E-25  2.788826E-04   0.000000E+00 XENON1T_2018  3.443843E+01  2.500212E-01  
3.862637E+01  2.534309E-01  -2.253745E-01  1.315116E-02  1.000000E+00  4.351394E-05  6.667383E-29  6.176099E-10   1.559802E-35 LZ5Tmedian  1.107237E-03  1.068415E-01  
2.283983E+02  1.393391E+02  -1.392871E+02  2.538167E-09  1.000000E+00  1.157688E-03  5.532312E-24  6.071808E-25   5.000000E-01 NotAppl  1.269441E+01  0.000000E+00  
4.101944E+02  1.344646E+00  -1.338432E+00  3.071743E-07  1.000000E+00  6.539997E-02  1.260777E-25  2.681359E-21   5.000000E-01 NotAppl  1.558067E-01  0.000000E+00  
4.028958E+01  6.527894E+02  -6.518490E+02  4.728619E-01  1.000000E+00  4.636338E-04  9.611926E-26  7.328803E-07   0.000000E+00 XENON1T_2018  1.526804E+00  5.004850E-01  
1.307535E+01  1.329079E+02  -1.328740E+02  -2.737219E-09  1.000000E+00  1.255091E-01  1.258339E-42  2.361027E-22   5.000000E-01 NotAppl  6.913971E-17  1.046899E-14  
4.508285E+03  7.028839E+01  -7.028540E+01  5.627761E-06  1.000000E+00  2.385168E-03  2.873265E-24  6.774486E-21   5.000000E-01 NotAppl  3.012139E-01  0.000000E+00  
2.956733E+01  6.934264E-01  2.664844E+02  1.019568E-10  1.000000E+00  3.470280E-03  2.596694E-45  6.384082E-26   5.000000E-01 NotAppl  5.742051E-20  1.301704E-17  
9.302634E+02  5.210462E+02  -3.799781E+02  2.974917E-03  1.000000E+00  4.031912E-05  9.257767E-23  4.717042E-14   5.000000E-01 NotAppl  4.896544E+01  0.000000E+00  
1.043567E+01  1.183382E+00  -1.175718E+00  -3.257455E-02  1.000000E+00  8.137746E-02  1.628149E-28  5.209425E-08   3.615038E-245 LZ5Tmedian  1.165018E-02  2.195719E-01  
5.737581E+02  1.773077E-01  1.688585E+01  -7.740548E-03  1.000000E+00  3.934298E-02  1.392872E-25  8.571376E-13   5.000000E-01 NotAppl  1.223451E-01  0.000000E+00  
7.601076E+02  2.232059E-03  1.389893E+00  -1.348160E-10  1.000000E+00  2.126845E-01  3.795720E-26  1.463430E-28   5.000000E-01 NotAppl  2.476011E-02  0.000000E+00  
1.471823E+03  1.293606E+02  -4.435518E+01  3.077587E-08  1.000000E+00  3.626275E-04  1.084606E-23  1.979641E-24   5.000000E-01 NotAppl  3.585557E+00  0.000000E+00  
6.866531E+01  4.296752E-04  2.657051E+01  -3.699579E-04  1.000000E+00  5.022452E-03  4.724024E-31  1.513224E-13   5.000000E-01 NotAppl  4.324059E-06  0.000000E+00  
2.123446E+03  9.388616E+01  -9.309801E+01  7.444681E-01  1.000000E+00  1.252540E-03  5.563287E-24  5.487889E-10   7.664338E-02 LZ5Tmedian  1.258205E+00  0.000000E+00  
5.107353E+01  4.191849E+00  -3.965276E+00  1.412159E+00  1.000000E+00  1.034275E-03  2.166596E-24  4.032928E-06   0.000000E+00 XENON1T_2018  2.664043E+01  2.740976E-01  
5.749642E+01  4.371327E-04  5.058333E-02  -5.001233E-08  1.000000E+00  3.590431E-03  1.544767E-38  3.972898E-21   5.000000E-01 NotAppl  1.688548E-13  1.400728E-12  
2.050903E+01  2.473222E+00  -2.356728E+00  -5.978387E-04  1.000000E+00  3.622935E-02  6.957399E-32  4.590645E-12   5.000000E-01 NotAppl  2.295505E-06  4.701422E-04  
2.236211E+02  8.509026E-02  1.804764E-01  -7.459689E-07  1.000000E+00  2.146988E-02  3.919633E-25  5.476815E-20   5.000000E-01 NotAppl  9.114515E-01  0.000000E+00  
1.399928E+03  1.073240E+00  -9.480413E-01  -3.171370E-02  1.000000E+00  6.582617E-01  1.152422E-26  2.328167E-12   5.000000E-01 NotAppl  4.012630E-03  0.000000E+00  
1.314791E+01  7.273607E-03  2.405330E+00  -1.322754E+00  1.000000E+00  6.496337E-04  2.748636E-25  5.453669E-05   0.000000E+00 XENON1T_2018  1.500552E+01  2.507847E-01  
3.719889E+02  6.705001E+01  -6.589298E+01  -5.173392E-07  1.000000E+00  2.729578E-03  2.238843E-24  9.290238E-21   5.000000E-01 NotAppl  3.073716E+00  0.000000E+00  
3.232842E+02  6.198321E-03  9.470953E-02  6.661741E-08  1.000000E+00  4.324659E-02  1.970510E-25  2.053091E-22   5.000000E-01 NotAppl  3.119362E-01  0.000000E+00  
1.055622E+03  9.077788E+02  -7.528644E+02  3.883843E-03  1.000000E+00  1.870702E-05  2.035943E-22  6.211102E-14   5.000000E-01 NotAppl  9.447805E+01  0.000000E+00  
3.169974E+02  8.643364E-01  -8.637617E-01  2.832244E-01  1.000000E+00  2.221101E-02  4.488846E-25  3.863277E-09   1.198072E-51 LZ5Tmedian  7.461086E-01  0.000000E+00  
2.408008E+02  8.594429E+00  -8.483335E+00  -1.402466E-08  1.000000E+00  1.726749E-02  3.867204E-25  1.663462E-23   5.000000E-01 NotAppl  8.332651E-01  0.000000E+00  
4.205496E+01  3.970085E+02  -3.968395E+02  8.483867E-05  1.000000E+00  1.553725E-04  3.520550E-33  2.162072E-14   5.000000E-01 NotAppl  5.346582E-08  7.605258E-06  
1.392555E+02  3.181481E-02  7.917187E-03  -9.199925E-07  1.000000E+00  9.407748E-03  8.620311E-25  2.199142E-19   5.000000E-01 NotAppl  3.328347E+00  0.000000E+00  
1.338952E+03  1.797239E-01  1.884145E+00  -8.026954E-07  1.000000E+00  5.490936E-01  1.336828E-26  1.633308E-21   5.000000E-01 NotAppl  4.877053E-03  0.000000E+00  
4.161203E+03  4.874122E+01  -4.871351E+01  1.500118E+00  1.000000E+00  4.215313E-03  1.721813E-24  5.665207E-10   2.575573E-01 NotAppl  1.960544E-01  0.000000E+00  
1.308180E+01  6.368918E-03  2.520944E-01  5.244153E-08  1.000000E+00  8.146592E-04  4.619606E-40  8.657836E-20   5.000000E-01 NotAppl  2.536828E-14  3.841090E-12  
1.097262E+02  1.800955E+00  4.604944E+02  -4.177855E-05  1.000000E+00  2.256129E-03  1.847261E-24  7.392198E-16   5.000000E-01 NotAppl  9.000875E+00  0.000000E+00  
2.766369E+01  8.485036E+02  -8.483537E+02  1.153394E-01  1.000000E+00  1.484212E-02  3.114940E-27  9.347599E-08   0.000000E+00 XENON1T_2018  7.407961E-02  4.849049E-01  
9.504595E+03  8.471748E+02  -8.471730E+02  -2.924506E+00  1.000000E+00  2.037669E-05  3.829070E-22  4.018962E-10   5.000000E-01 NotAppl  1.885558E+01  0.000000E+00  
4.217315E+02  3.236713E-04  8.186674E-02  -2.090185E-08  1.000000E+00  7.171315E-02  1.183277E-25  1.173023E-23   5.000000E-01 NotAppl  1.420507E-01  0.000000E+00  
2.061041E+03  1.651747E-04  -1.916643E-05  -4.715984E-02  1.000000E+00  1.446613E+00  5.294309E-27  2.340187E-12   5.000000E-01 NotAppl  1.241034E-03  0.000000E+00  
7.010588E+03  1.301528E-03  -1.090854E-03  2.357349E-07  1.000000E+00  1.565264E+01  4.487062E-28  4.845237E-24   5.000000E-01 NotAppl  3.022785E-05  0.000000E+00  
7.593122E+01  3.019144E+01  2.219189E+02  1.628548E-04  1.000000E+00  1.523262E-01  1.757436E-32  2.387702E-14   5.000000E-01 NotAppl  1.441186E-07  0.000000E+00  
1.890280E+02  5.628043E-02  7.051280E-01  -1.034729E-10  1.000000E+00  1.556918E-02  5.297484E-25  1.486974E-27   5.000000E-01 NotAppl  1.468285E+00  0.000000E+00  
1.364580E+02  1.267193E+02  7.390619E+02  -3.923151E-08  1.000000E+00  5.696454E-04  5.267337E-24  4.168909E-22   5.000000E-01 NotAppl  2.071759E+01  0.000000E+00  
6.722842E+03  5.121815E-04  1.396217E-02  7.136565E-08  1.000000E+00  1.442558E+01  4.879683E-28  4.835336E-25   5.000000E-01 NotAppl  3.429966E-05  0.000000E+00  
3.620335E+02  8.165445E-