MD1           DMP           DM3           l345          ld           Omegah2       sigV          protonSI      PvalDD        expName      CMB_ID        brH_DMDM      
4.240510E+03  4.509872E-02  -3.517461E-02  -3.585834E-07  1.000000E+00  5.896277E+00  1.226476E-27  3.115114E-23   5.000000E-01 NotAppl  1.375747E-04  0.000000E+00  
1.105294E+01  1.264292E-02  7.407463E-02  -1.088921E-09  1.000000E+00  7.428193E-04  1.869674E-43  5.201933E-23   5.000000E-01 NotAppl  1.250435E-17  1.667073E-15  
1.161290E+03  5.988465E+00  1.740608E+01  3.625882E-07  1.000000E+00  2.967948E-02  1.816760E-25  4.455746E-22   5.000000E-01 NotAppl  7.764369E-02  0.000000E+00  
3.847131E+03  9.442264E-02  9.185116E-01  2.039957E-03  1.000000E+00  3.681995E+00  1.775803E-27  1.228951E-15   5.000000E-01 NotAppl  2.204696E-04  0.000000E+00  
2.404996E+02  6.727379E-02  3.605586E+02  5.898257E-09  1.000000E+00  6.547459E-04  7.165691E-24  2.949779E-24   5.000000E-01 NotAppl  1.536773E+01  0.000000E+00  
7.521780E+03  1.073342E+00  2.952934E+02  -7.323016E-01  1.000000E+00  2.266263E-04  2.257266E-23  4.052772E-11   5.000000E-01 NotAppl  1.438510E+00  0.000000E+00  
1.371018E+02  2.975860E-04  8.247062E-03  -2.875313E-02  1.000000E+00  9.514898E-03  8.205995E-25  2.217850E-10   4.913648E-07 LZ5Tmedian  3.221815E+00  0.000000E+00  
6.270507E+02  5.639490E+00  -5.639185E+00  2.169627E-01  1.000000E+00  6.150900E-02  1.374262E-25  5.616004E-10   1.522190E-04 LZ5Tmedian  1.108424E-01  0.000000E+00  
3.094020E+01  8.912680E+00  -8.389500E+00  2.320004E-08  1.000000E+00  9.181993E-03  1.415617E-40  3.015243E-21   5.000000E-01 NotAppl  2.975721E-15  3.306249E-13  
3.668234E+03  3.512811E+01  -3.210546E+01  9.134638E-04  1.000000E+00  9.106454E-03  7.258241E-25  2.714857E-16   5.000000E-01 NotAppl  9.385582E-02  0.000000E+00  
8.197830E+01  1.628974E+02  -1.628972E+02  6.744270E-08  1.000000E+00  6.653194E-03  5.149430E-25  3.501380E-21   5.000000E-01 NotAppl  3.584360E+00  0.000000E+00  
3.919485E+01  2.514409E-03  6.775684E+01  -2.046759E-06  1.000000E+00  3.751141E-05  1.674153E-36  1.452186E-17   5.000000E-01 NotAppl  2.732370E-11  4.661157E-09  
1.546525E+03  3.229466E-01  -1.581233E-01  6.624664E-09  1.000000E+00  8.411896E-01  9.226790E-27  8.291849E-26   5.000000E-01 NotAppl  2.898834E-03  0.000000E+00  
4.848824E+01  1.713561E+00  7.959988E+01  -7.251130E-04  1.000000E+00  3.636315E-03  4.834099E-31  1.182047E-12   5.000000E-01 NotAppl  6.315034E-06  4.540403E-04  
1.200089E+03  1.694413E-01  -1.487532E-01  2.041447E-06  1.000000E+00  5.238995E-01  1.517414E-26  1.320832E-20   5.000000E-01 NotAppl  6.184700E-03  0.000000E+00  
4.340954E+02  3.579998E-04  1.584418E-03  -3.697268E-05  1.000000E+00  7.584850E-02  1.118828E-25  3.459587E-17   5.000000E-01 NotAppl  1.303442E-01  0.000000E+00  
2.821741E+03  2.712584E-01  -2.143586E-01  -1.120708E-02  1.000000E+00  2.645990E+00  2.790641E-27  6.970053E-14   5.000000E-01 NotAppl  4.738792E-04  0.000000E+00  
8.959621E+02  2.287974E-04  3.333034E+02  8.129095E-09  1.000000E+00  2.505876E-04  2.017813E-23  3.802936E-25   5.000000E-01 NotAppl  1.129845E+01  0.000000E+00  
9.359408E+01  3.124719E-03  5.300980E+00  -2.583151E-08  1.000000E+00  4.676945E-03  1.114542E-24  3.914986E-22   5.000000E-01 NotAppl  6.520421E+00  0.000000E+00  
3.322881E+03  1.210830E-04  5.873583E+01  -2.547697E-07  1.000000E+00  5.187419E-03  9.169972E-25  2.582485E-23   5.000000E-01 NotAppl  1.339362E-01  0.000000E+00  
2.204993E+02  4.417689E-02  2.487697E+01  -4.208367E-04  1.000000E+00  1.130787E-02  5.523770E-25  1.794006E-14   5.000000E-01 NotAppl  1.300741E+00  0.000000E+00  
3.077886E+01  1.867969E-02  5.859296E+00  4.115120E-05  1.000000E+00  1.924482E-03  4.425878E-34  9.587606E-15   5.000000E-01 NotAppl  9.356648E-09  1.736029E-06  
3.651470E+01  1.397887E-03  -1.296456E-03  -1.547770E-10  1.000000E+00  2.598210E-04  8.163767E-45  9.589738E-26   5.000000E-01 NotAppl  1.438769E-19  2.777225E-17  
1.577471E+03  4.196415E-03  -3.894299E-03  -7.440198E-03  1.000000E+00  8.830701E-01  8.806761E-27  1.004499E-13   5.000000E-01 NotAppl  2.711220E-03  0.000000E+00  
5.329778E+01  8.272992E+02  -5.081445E+02  3.070235E-02  1.000000E+00  5.467076E-02  1.844573E-27  1.747661E-09   2.388251E-94 LZ5Tmedian  2.182830E-02  4.129664E-01  
2.787970E+01  2.012803E+01  1.035166E+01  -7.370503E-06  1.000000E+00  1.631912E+03  1.280952E-35  3.757576E-16   5.000000E-01 NotAppl  3.017341E-10  6.897109E-09  
1.902128E+01  8.760446E-02  5.520835E+01  -1.544494E-08  1.000000E+00  1.533431E-03  4.507633E-41  3.563634E-21   5.000000E-01 NotAppl  1.615641E-15  3.245753E-13  
1.852383E+02  1.539512E-04  4.614119E-01  1.286047E-06  1.000000E+00  1.522467E-02  5.481671E-25  2.394360E-19   5.000000E-01 NotAppl  1.551935E+00  0.000000E+00  
1.263517E+01  1.095698E-02  5.650843E-01  3.954311E-01  1.000000E+00  6.836578E-04  2.596779E-26  5.272308E-06   0.000000E+00 XENON1T_2018  1.484243E+00  2.496763E-01  
4.606394E+02  2.353807E+01  -2.353754E+01  -5.632781E-06  1.000000E+00  1.575010E-02  4.014697E-25  7.111769E-19   5.000000E-01 NotAppl  4.403218E-01  0.000000E+00  
2.882027E+03  1.140260E+02  -1.139387E+02  -4.047058E-02  1.000000E+00  9.512214E-04  7.347976E-24  8.706434E-13   5.000000E-01 NotAppl  1.215355E+00  0.000000E+00  
3.758784E+01  1.915588E+02  -1.909548E+02  3.718198E-01  1.000000E+00  1.790808E-03  5.005337E-26  5.218007E-07   0.000000E+00 XENON1T_2018  8.554193E-01  4.986410E-01  
8.870714E+03  3.001560E-04  1.048280E-02  1.796042E+00  1.000000E+00  1.030033E+00  1.026426E-26  1.743843E-10   5.000000E-01 NotAppl  5.743927E-04  0.000000E+00  
2.938428E+02  3.795787E-03  5.162428E+02  4.213149E-07  1.000000E+00  3.864323E-04  1.235273E-23  9.985232E-21   5.000000E-01 NotAppl  2.160664E+01  0.000000E+00  
9.945925E+01  2.122551E-04  2.219307E+00  7.866783E-10  1.000000E+00  5.205554E-03  1.232985E-24  3.205676E-25   5.000000E-01 NotAppl  6.746996E+00  0.000000E+00  
3.020406E+02  9.321120E-02  8.736964E+01  3.310210E-10  1.000000E+00  2.926075E-03  1.664717E-24  5.826189E-27   5.000000E-01 NotAppl  2.831305E+00  0.000000E+00  
6.952605E+01  8.373106E-02  2.441586E+02  -6.801011E-09  1.000000E+00  5.330590E-03  1.215156E-40  4.985376E-23   5.000000E-01 NotAppl  1.098272E-15  0.000000E+00  
1.216296E+03  1.768634E+02  -1.768632E+02  -3.499089E-01  1.000000E+00  4.730256E-04  1.502889E-23  3.775682E-10   4.625921E-02 LZ5Tmedian  6.023919E+00  0.000000E+00  
6.343058E+03  3.347599E-03  3.554421E+02  1.695991E-10  1.000000E+00  1.591630E-04  3.223614E-23  3.073341E-30   5.000000E-01 NotAppl  2.442363E+00  0.000000E+00  
4.018888E+03  9.931996E+00  -9.926684E+00  9.854989E-03  1.000000E+00  1.011546E-01  5.988880E-26  2.624326E-14   5.000000E-01 NotAppl  7.057794E-03  0.000000E+00  
5.344940E+02  1.309010E-03  2.592437E+01  -2.101419E-10  1.000000E+00  2.076440E-02  2.461973E-25  7.302585E-28   5.000000E-01 NotAppl  2.330390E-01  0.000000E+00  
3.668414E+03  6.785962E+00  -6.636440E+00  -1.468070E-07  1.000000E+00  2.077012E-01  2.878015E-26  7.011557E-24   5.000000E-01 NotAppl  3.722245E-03  0.000000E+00  
3.179552E+02  7.773516E+02  -7.686802E+02  -3.446061E-03  1.000000E+00  1.182496E-04  3.787967E-23  5.684047E-13   5.000000E-01 NotAppl  6.134284E+01  0.000000E+00  
4.131585E+03  5.733675E-04  1.106347E+00  6.006916E-07  1.000000E+00  3.806199E+00  1.621500E-27  9.216752E-23   5.000000E-01 NotAppl  1.873816E-04  0.000000E+00  
2.168151E+02  1.234396E+02  -1.225897E+02  -1.100735E-09  1.000000E+00  1.286562E-03  4.592264E-24  1.270446E-25   5.000000E-01 NotAppl  1.112893E+01  0.000000E+00  
5.579157E+02  5.553441E-03  4.569544E+01  6.896339E-10  1.000000E+00  8.238227E-03  5.817118E-25  7.204527E-27   5.000000E-01 NotAppl  5.281481E-01  0.000000E+00  
4.034321E+02  6.799733E-02  -6.352423E-02  -4.136991E-04  1.000000E+00  6.590941E-02  1.288970E-25  5.031837E-15   5.000000E-01 NotAppl  1.620664E-01  0.000000E+00  
6.242550E+01  1.394154E-03  9.627045E-03  3.454949E-01  1.000000E+00  6.993097E-06  2.709638E-21  1.603057E-07   0.000000E+00 XENON1T_2018  2.725795E+04  2.484779E-01  
5.481497E+02  3.436123E-03  9.131005E+01  -9.130654E-04  1.000000E+00  2.470068E-03  1.936023E-24  1.309341E-14   5.000000E-01 NotAppl  1.791588E+00  0.000000E+00  
4.075196E+02  1.258325E-03  1.541019E+01  -1.060318E-09  1.000000E+00  3.262773E-02  1.884826E-25  3.237959E-26   5.000000E-01 NotAppl  2.350925E-01  0.000000E+00  
1.794332E+01  8.292236E-01  5.538025E+02  -2.243774E+00  1.000000E+00  3.545100E-03  6.940446E-25  8.453007E-05   0.000000E+00 XENON1T_2018  2.652766E+01  3.344714E-01  
1.494112E+01  3.954543E-03  -1.808942E-03  -4.216878E-10  1.000000E+00  1.416579E-03  3.111290E-44  4.301542E-24   5.000000E-01 NotAppl  1.465616E-18  2.466428E-16  
6.300543E+01  6.510543E-02  1.048024E-01  6.554112E-03  1.000000E+00  4.735668E-03  2.388966E-26  5.661047E-11   1.515728E-03 LZ5Tmedian  2.387184E-01  0.000000E+00  
1.544997E+01  2.353257E+01  1.078253E+02  2.219943E-05  1.000000E+00  3.103097E+05  8.708785E-35  1.115312E-14   5.000000E-01 NotAppl  3.948106E-09  1.295403E-07  
1.673357E+03  3.471292E+02  -3.384539E+02  -2.592583E-08  1.000000E+00  1.136999E-04  5.723870E-23  1.081436E-24   5.000000E-01 NotAppl  1.652380E+01  0.000000E+00  
1.034492E+02  8.052330E-04  4.242669E-02  4.814029E-08  1.000000E+00  6.052303E-03  1.220622E-24  1.107460E-21   5.000000E-01 NotAppl  6.407450E+00  0.000000E+00  
2.566226E+02  1.405982E-03  4.223847E+01  -8.120937E-02  1.000000E+00  8.387399E-03  6.167835E-25  4.895826E-10   1.296937E-08 LZ5Tmedian  1.244825E+00  0.000000E+00  
1.714030E+03  2.749498E-01  -2.747649E-01  8.671905E-07  1.000000E+00  1.024880E+00  7.507431E-27  1.152137E-21   5.000000E-01 NotAppl  2.122517E-03  0.000000E+00  
1.926702E+01  2.567282E-03  2.087549E+01  5.492302E-03  1.000000E+00  1.254798E-03  5.727419E-30  4.391924E-10   1.257123E-14 LZ5Tmedian  2.024875E-04  1.131146E-02  
2.580142E+02  2.165767E+00  -1.967629E+00  -5.188660E+00  1.000000E+00  1.380148E-05  9.133477E-22  1.976574E-06   0.000000E+00 XENON1T_2018  2.199447E+03  0.000000E+00  
7.431550E+03  3.987170E-04  2.286451E+02  2.908137E-03  1.000000E+00  3.727740E-04  1.368838E-23  6.550116E-16   5.000000E-01 NotAppl  8.830650E-01  0.000000E+00  
2.419057E+01  1.011971E-04  4.523699E+01  7.605238E-10  1.000000E+00  1.776866E-03  1.225651E-43  5.328781E-24   5.000000E-01 NotAppl  3.378671E-18  7.618144E-16  
1.430134E+01  6.596808E+02  -6.596757E+02  -3.028534E-06  1.000000E+00  1.026201E-01  1.583989E-36  2.420218E-16   5.000000E-01 NotAppl  7.844295E-11  1.275790E-08  
1.452738E+01  1.588465E+00  1.938215E+02  7.680172E-05  1.000000E+00  5.203031E-02  1.023469E-33  1.508734E-13   5.000000E-01 NotAppl  4.977694E-08  8.127104E-06  
5.890488E+01  2.041034E-03  1.427735E+01  1.509058E-02  1.000000E+00  2.089218E-03  2.663963E-27  3.442886E-10   1.945347E-18 LZ5Tmedian  2.852316E-02  8.198564E-02  
2.089312E+02  2.573623E-01  -2.226693E-01  1.413095E-01  1.000000E+00  1.493206E-02  6.281900E-25  2.258888E-09   8.182042E-45 LZ5Tmedian  1.585240E+00  0.000000E+00  
1.025565E+02  1.191683E+02  1.459874E+02  6.850277E-05  1.000000E+00  1.144296E-03  2.529448E-24  2.282665E-15   5.000000E-01 NotAppl  1.344812E+01  0.000000E+00  
6.144129E+02  4.104415E-02  4.823160E-01  4.520838E-01  1.000000E+00  5.404699E-02  1.970872E-25  2.541956E-09   2.356257E-18 LZ5Tmedian  1.669410E-01  0.000000E+00  
6.824569E+02  1.552797E-01  9.179734E+01  2.659161E-07  1.000000E+00  2.367990E-03  2.014712E-24  7.095710E-22   5.000000E-01 NotAppl  1.490348E+00  0.000000E+00  
5.997462E+01  2.326130E+02  7.469605E+00  1.044063E-10  1.000000E+00  1.899454E+02  2.541282E-43  1.588607E-26   5.000000E-01 NotAppl  2.659258E-18  4.382779E-18  
2.185453E+02  8.002468E-02  -7.792687E-02  -5.566858E-06  1.000000E+00  2.079811E-02  4.083644E-25  3.196962E-18   5.000000E-01 NotAppl  9.726293E-01  0.000000E+00  
6.266540E+03  2.292526E+00  2.671578E+02  -7.462497E-05  1.000000E+00  2.710637E-04  1.877635E-23  6.098777E-19   5.000000E-01 NotAppl  1.440244E+00  0.000000E+00  
1.784106E+03  2.664128E+00  -2.599047E+00  -4.511061E-01  1.000000E+00  4.918926E-01  1.497278E-26  2.873175E-10   2.020959E-01 NotAppl  4.331513E-03  0.000000E+00  
6.270777E+03  7.077668E-03  -1.364419E-03  -2.248352E-03  1.000000E+00  1.260350E+01  5.607477E-28  5.528488E-16   5.000000E-01 NotAppl  4.229783E-05  0.000000E+00  
2.433277E+01  3.352684E-04  4.053144E-04  1.720444E+00  1.000000E+00  2.629933E-03  5.139087E-25  2.694946E-05   0.000000E+00 XENON1T_2018  1.413067E+01  2.499839E-01  
2.026262E+02  4.785585E-03  7.589200E+01  2.389015E-06  1.000000E+00  3.761172E-03  1.388298E-24  6.874801E-19   5.000000E-01 NotAppl  3.554127E+00  0.000000E+00  
3.351221E+03  3.588509E+01  1.302104E+01  -5.508848E+00  1.000000E+00  9.790954E-03  4.102823E-25  1.186747E-08   4.853855E-16 LZ5Tmedian  6.440536E-02  0.000000E+00  
5.402016E+01  5.499279E+02  -5.483592E+02  -6.910152E-08  1.000000E+00  4.890205E-03  1.086938E-38  8.613266E-21   5.000000E-01 NotAppl  1.272546E-13  3.356118E-12  
2.510626E+01  2.472241E+02  -7.641862E+01  2.486382E-04  1.000000E+00  5.489516E+04  1.342121E-32  5.284283E-13   5.000000E-01 NotAppl  3.553892E-07  8.088761E-05  
2.013990E+03  1.876544E-01  8.294985E+01  -1.755998E+00  1.000000E+00  2.945175E-03  1.417560E-24  3.400856E-09   5.168693E-08 LZ5Tmedian  3.477604E-01  0.000000E+00  
3.484253E+02  1.081758E-03  -9.709340E-04  -2.584713E-09  1.000000E+00  4.992505E-02  1.708062E-25  2.651380E-25   5.000000E-01 NotAppl  2.500740E-01  0.000000E+00  
6.466476E+03  3.286898E-04  3.758035E-02  4.261783E-06  1.000000E+00  1.336086E+01  5.277263E-28  1.866122E-21   5.000000E-01 NotAppl  3.858508E-05  0.000000E+00  
1.991752E+03  2.140861E+00  -2.137691E+00  -1.384684E-03  1.000000E+00  8.266713E-01  8.209325E-27  2.163051E-15   5.000000E-01 NotAppl  1.987467E-03  0.000000E+00  
3.738294E+01  5.801529E+01  -5.608865E+01  -7.048091E+00  1.000000E+00  1.722581E-03  8.212339E-25  1.895858E-04   0.000000E+00 XENON1T_2018  1.417012E+01  5.079402E-01  
4.080837E+03  2.914726E+02  -9.358940E+01  -1.110857E-05  1.000000E+00  7.443246E-05  5.672338E-23  3.232275E-20   5.000000E-01 NotAppl  6.605892E+00  0.000000E+00  
2.771448E+02  5.016302E-01  3.044508E+02  1.056611E-04  1.000000E+00  6.227057E-04  7.543003E-24  7.079604E-16   5.000000E-01 NotAppl  1.400262E+01  0.000000E+00  
3.740397E+03  7.662470E+01  -6.925362E+01  -1.852424E-05  1.000000E+00  1.969605E-03  3.412037E-24  1.073079E-19   5.000000E-01 NotAppl  4.325253E-01  0.000000E+00  
2.959974E+03  4.039565E+01  -3.965607E+01  2.270319E-04  1.000000E+00  6.924823E-03  9.526469E-25  2.595030E-17   5.000000E-01 NotAppl  1.533356E-01  0.000000E+00  
8.332055E+03  5.128183E+02  -5.128159E+02  8.225940E-05  1.000000E+00  5.221963E-05  1.459623E-22  4.154287E-19   5.000000E-01 NotAppl  8.210637E+00  0.000000E+00  
3.444180E+03  4.491011E-02  -1.120068E-02  -7.256973E-09  1.000000E+00  3.945494E+00  1.857617E-27  1.947903E-26   5.000000E-01 NotAppl  2.574345E-04  0.000000E+00  
1.101253E+02  1.978868E-02  -1.934332E-02  -9.447865E-10  1.000000E+00  6.579382E-03  1.168001E-24  3.752341E-25   5.000000E-01 NotAppl  5.743173E+00  0.000000E+00  
4.509301E+02  1.241065E+01  -1.031629E+01  3.953639E-10  1.000000E+00  3.198366E-02  1.919545E-25  3.659751E-27   5.000000E-01 NotAppl  2.151677E-01  0.000000E+00  
3.124386E+01  2.224821E-02  1.837483E+02  1.558760E-08  1.000000E+00  1.856509E-03  6.467341E-41  1.334470E-21   5.000000E-01 NotAppl  1.345160E-15  3.005935E-13  
1.322349E+02  6.142147E+00  -6.142047E+00  -4.347129E-01  1.000000E+00  1.310350E-03  5.339948E-24  5.459414E-08   0.000000E+00 XENON1T_2018  2.464935E+01  0.000000E+00  
5.422802E+02  1.997779E+02  -1.300566E+02  9.311650E-10  1.000000E+00  2.120050E-04  1.669792E-23  1.392073E-26   5.000000E-01 NotAppl  1.545926E+01  0.000000E+00  
1.310786E+02  2.196645E+00  -2.010866E+00  -7.222263E-10  1.000000E+00  7.490177E-03  9.550577E-25  1.534290E-25   5.000000E-01 NotAppl  3.923416E+00  0.000000E+00  
8.099863E+02  3.684642E-04  6.926938E-02  4.024010E-07  1.000000E+00  2.488413E-01  3.300460E-26  1.145051E-21   5.000000E-01 NotAppl  2.015905E-02  0.000000E+00  
3.050439E+02  9.149930E-03  -8.905773E-03  -2.171714E-02  1.000000E+00  3.886999E-02  2.190136E-25  2.457423E-11   4.612902E-01 NotAppl  3.684897E-01  0.000000E+00  
2.132853E+01  8.689879E-03  -8.240582E-03  -3.236948E-09  1.000000E+00  2.548484E-03  2.075295E-42  1.243900E-22   5.000000E-01 NotAppl  6.558878E-17  1.406857E-14  
7.545494E+01  4.449650E-02  5.610110E+01  -2.254709E-07  1.000000E+00  6.049132E-03  3.642827E-38  4.635990E-20   5.000000E-01 NotAppl  3.005967E-13  0.000000E+00  
1.237637E+03  1.247957E+02  -1.247929E+02  -1.258519E-03  1.000000E+00  8.468590E-04  8.260247E-24  4.714044E-15   5.000000E-01 NotAppl  3.251884E+00  0.000000E+00  
7.568222E+01  2.156038E+02  -2.155966E+02  1.053625E-03  1.000000E+00  1.972314E-02  7.658620E-31  1.006155E-12   5.000000E-01 NotAppl  6.349145E-06  0.000000E+00  
1.074641E+02  5.930587E-02  1.078938E+01  2.370749E-09  1.000000E+00  5.071043E-03  1.240812E-24  2.484187E-24   5.000000E-01 NotAppl  6.250266E+00  0.000000E+00  
1.383909E+01  5.159867E-03  6.344342E-02  8.397951E-07  1.000000E+00  1.093495E-03  1.205895E-37  1.986240E-17   5.000000E-01 NotAppl  6.204101E-12  9.824092E-10  
3.084962E+01  3.051371E-03  2.727277E+00  -2.414517E-08  1.000000E+00  1.877741E-03  1.527875E-40  3.285376E-21   5.000000E-01 NotAppl  3.226127E-15  6.941571E-13  
2.056317E+03  6.951107E-01  7.659637E-01  -1.813156E-01  1.000000E+00  1.230706E+00  5.868872E-27  3.475410E-11   5.000000E-01 NotAppl  1.402759E-03  0.000000E+00  
5.004248E+03  1.069654E-02  9.715229E+00  1.106836E-01  1.000000E+00  1.617569E-01  2.819960E-26  2.119362E-12   5.000000E-01 NotAppl  2.717301E-03  0.000000E+00  
1.185796E+02  6.078203E-02  1.221310E+01  5.425968E-09  1.000000E+00  5.732000E-03  1.139518E-24  1.063499E-23   5.000000E-01 NotAppl  5.184098E+00  0.000000E+00  
1.248160E+02  5.917752E+02  -5.910221E+02  -7.772982E-03  1.000000E+00  1.114657E-03  4.591282E-24  1.964822E-11   2.482372E-01 NotAppl  2.017690E+01  0.000000E+00  
1.087623E+03  8.367437E-04  5.419021E+02  -3.770300E-08  1.000000E+00  1.103855E-04  4.674263E-23  5.507144E-24   5.000000E-01 NotAppl  2.145066E+01  0.000000E+00  
9.040563E+01  5.366747E-03  1.276808E-01  3.447011E-05  1.000000E+00  5.681611E-03  7.665297E-25  7.484580E-16   5.000000E-01 NotAppl  4.731155E+00  0.000000E+00  
9.743678E+02  1.160241E+01  -1.160217E+01  2.982257E-07  1.000000E+00  6.326587E-02  1.008750E-25  4.312609E-22   5.000000E-01 NotAppl  5.083978E-02  0.000000E+00  
4.806555E+03  1.269063E-03  1.737803E+00  7.683717E-08  1.000000E+00  2.939306E+00  1.770461E-27  1.108593E-24   5.000000E-01 NotAppl  1.762033E-04  0.000000E+00  
1.922415E+02  5.643739E+02  -5.602047E+02  2.953026E-04  1.000000E+00  3.466570E-04  1.289136E-23  1.169986E-14   5.000000E-01 NotAppl  3.549667E+01  0.000000E+00  
2.838310E+03  4.391262E-01  3.364055E-01  4.533802E-04  1.000000E+00  2.423026E+00  3.009698E-27  1.127198E-16   5.000000E-01 NotAppl  5.084245E-04  0.000000E+00  
6.590975E+01  2.251361E-04  1.440510E+01  3.006379E-09  1.000000E+00  4.651171E-03  1.059358E-40  1.086437E-23   5.000000E-01 NotAppl  1.010975E-15  0.000000E+00  
8.193012E+03  7.514964E-01  -7.046922E-01  3.698173E-05  1.000000E+00  9.152440E+00  6.628347E-28  8.688469E-20   5.000000E-01 NotAppl  3.803086E-05  0.000000E+00  
4.514599E+03  3.650864E-04  3.688250E-03  5.250900E-07  1.000000E+00  6.664275E+00  1.081163E-27  5.880803E-23   5.000000E-01 NotAppl  1.137991E-04  0.000000E+00  
4.331774E+02  6.570602E+01  -6.541028E+01  6.509075E-06  1.000000E+00  2.932993E-03  2.204309E-24  1.076916E-18   5.000000E-01 NotAppl  2.579073E+00  0.000000E+00  
1.881501E+03  1.134612E+00  -1.069342E+00  -1.192105E-02  1.000000E+00  1.068757E+00  6.840850E-27  1.800480E-13   5.000000E-01 NotAppl  1.757460E-03  0.000000E+00  
9.352441E+03  4.477455E-03  1.576821E-03  4.799901E-04  1.000000E+00  2.741235E+01  2.522283E-28  1.118675E-17   5.000000E-01 NotAppl  1.269519E-05  0.000000E+00  
3.794371E+03  5.403068E+01  -5.001150E+01  3.918567E-10  1.000000E+00  3.933012E-03  1.705034E-24  4.663877E-29   5.000000E-01 NotAppl  2.130017E-01  0.000000E+00  
2.378510E+03  9.430856E-01  8.490526E-01  -6.878657E+00  1.000000E+00  6.071679E-03  2.029647E-24  3.718538E-08   3.033596E-68 LZ5Tmedian  4.381646E-01  0.000000E+00  
2.194904E+01  2.565119E-04  3.122057E-05  -8.942171E+00  1.000000E+00  2.502408E-03  1.028531E-25  8.960902E-04   0.000000E+00 XENON1T_2018  3.279485E+00  2.499995E-01  
1.626742E+02  1.672383E+02  -1.060448E+02  2.779658E-10  1.000000E+00  5.855584E-04  5.237128E-24  1.459770E-26   5.000000E-01 NotAppl  1.748819E+01  0.000000E+00  
6.205753E+01  4.022464E+00  -1.847824E+00  -6.847874E-10  1.000000E+00  1.103029E-02  3.451298E-40  6.374077E-25   5.000000E-01 NotAppl  3.502624E-15  7.957183E-17  
1.152157E+02  3.951187E+00  -3.935956E+00  -1.694527E-08  1.000000E+00  5.823001E-03  1.143392E-24  1.100277E-22   5.000000E-01 NotAppl  5.369820E+00  0.000000E+00  
5.722923E+03  1.891975E-01  -1.890559E-01  5.158639E-10  1.000000E+00  1.011962E+01  6.942921E-28  3.504600E-29   5.000000E-01 NotAppl  5.744416E-05  0.000000E+00  
1.684730E+01  3.830821E-02  2.640753E+00  -9.305465E-05  1.000000E+00  1.117280E-03  1.570830E-33  1.649045E-13   5.000000E-01 NotAppl  6.451532E-08  1.174483E-05  
7.134929E+02  3.789467E+01  -3.628256E+01  -3.505553E-09  1.000000E+00  7.486264E-03  8.340004E-25  1.126042E-25   5.000000E-01 NotAppl  5.799750E-01  0.000000E+00  
6.164908E+02  4.073568E-04  -2.465285E-04  -7.150110E+00  1.000000E+00  2.308436E-04  6.175790E-23  6.314786E-07   0.000000E+00 XENON1T_2018  5.727735E+01  0.000000E+00  
1.620055E+01  6.502112E+00  -3.252870E+00  7.823640E-07  1.000000E+00  1.271019E+00  1.097121E-37  1.260350E-17   5.000000E-01 NotAppl  4.710431E-12  6.925451E-10  
1.450440E+03  2.009788E-04  -8.230598E-05  -1.475610E-03  1.000000E+00  7.528814E-01  1.040229E-26  4.688888E-15   5.000000E-01 NotAppl  3.490563E-03  0.000000E+00  
4.363020E+01  4.578146E+02  -4.578140E+02  6.503368E-05  1.000000E+00  5.056005E-05  2.352668E-33  1.178860E-14   5.000000E-01 NotAppl  3.438526E-08  4.327011E-06  
3.580092E+01  1.487762E-02  1.916585E+02  -8.481282E+00  1.000000E+00  4.422929E-04  2.784204E-25  2.997285E-04   0.000000E+00 XENON1T_2018  4.343735E+00  3.333785E-01  
2.091049E+02  1.109119E-01  3.401259E+01  2.004453E-09  1.000000E+00  8.478521E-03  6.999368E-25  4.537376E-25   5.000000E-01 NotAppl  1.739813E+00  0.000000E+00  
6.203060E+03  2.915683E+00  -2.912939E+00  4.704124E-10  1.000000E+00  1.018837E+00  5.592069E-27  2.474104E-29   5.000000E-01 NotAppl  4.243324E-04  0.000000E+00  
3.773764E+01  1.626843E-04  1.741773E+01  -8.246784E-03  1.000000E+00  1.025189E-04  2.484306E-29  2.546238E-10   4.794552E-15 LZ5Tmedian  4.228248E-04  2.855438E-02  
2.032262E+01  7.963230E-01  2.112092E+01  -3.060663E-04  1.000000E+00  6.639669E-03  1.816527E-32  1.225461E-12   5.000000E-01 NotAppl  6.050629E-07  3.864993E-05  
1.754213E+02  1.931113E-02  5.944888E-01  -1.497455E-04  1.000000E+00  1.372659E-02  5.913191E-25  3.629547E-15   5.000000E-01 NotAppl  1.799414E+00  0.000000E+00  
1.617489E+01  1.082099E+01  1.157412E+02  7.946845E-05  1.000000E+00  1.173638E+03  1.131409E-33  1.304472E-13   5.000000E-01 NotAppl  4.868154E-08  5.247323E-06  
3.942418E+03  7.091009E-02  6.303746E+02  -8.563285E-06  1.000000E+00  5.720472E-05  9.100753E-23  2.060430E-20   5.000000E-01 NotAppl  1.117166E+01  0.000000E+00  
1.858765E+01  1.276185E+00  -1.275783E+00  1.037503E-04  1.000000E+00  2.706445E-02  2.017177E-33  1.684082E-13   5.000000E-01 NotAppl  7.421865E-08  1.455512E-05  
2.767764E+01  2.585330E-01  8.371940E-01  -3.692404E-07  1.000000E+00  3.035415E-03  3.193971E-38  9.570186E-19   5.000000E-01 NotAppl  7.592062E-13  1.735293E-10  
7.767616E+01  9.800522E+02  -8.317337E+02  -1.707441E-09  1.000000E+00  4.297258E-02  1.481716E-42  2.505599E-24   5.000000E-01 NotAppl  1.187167E-17  0.000000E+00  
2.592130E+02  2.094030E-01  -9.190578E-02  -1.255258E-10  1.000000E+00  2.823071E-02  2.987446E-25  1.145896E-27   5.000000E-01 NotAppl  5.954039E-01  0.000000E+00  
9.998008E+03  3.748486E-04  1.250501E+01  -3.468347E-10  1.000000E+00  1.052141E-01  4.240206E-26  5.100681E-30   5.000000E-01 NotAppl  2.025528E-03  0.000000E+00  
6.217477E+01  1.441722E+01  -1.426075E+01  2.086453E-06  1.000000E+00  7.492362E-03  5.919610E-33  5.894543E-18   5.000000E-01 NotAppl  5.966370E-08  6.336322E-10  
5.179690E+03  1.903726E-02  7.155116E+02  -6.759584E-04  1.000000E+00  4.378197E-05  1.199576E-22  7.369778E-17   5.000000E-01 NotAppl  1.116578E+01  0.000000E+00  
3.788106E+02  9.304717E-04  -3.565816E-04  -2.394626E-10  1.000000E+00  5.851933E-02  1.455120E-25  1.917781E-27   5.000000E-01 NotAppl  1.953593E-01  0.000000E+00  
1.986620E+02  6.309942E-02  -6.292858E-02  1.140491E-05  1.000000E+00  1.748729E-02  4.843723E-25  1.631512E-17   5.000000E-01 NotAppl  1.274456E+00  0.000000E+00  
2.727548E+01  3.152550E+01  3.145192E+02  5.981032E-02  1.000000E+00  2.449919E+00  8.273097E-28  2.586464E-08   0.000000E+00 XENON1T_2018  1.998211E-02  1.637898E-01  
6.751689E+03  1.220753E+00  1.430164E+02  -1.025324E-05  1.000000E+00  9.159097E-04  5.500136E-24  9.894472E-21   5.000000E-01 NotAppl  3.911271E-01  0.000000E+00  
6.122244E+03  3.554888E+02  -3.554866E+02  7.748797E-09  1.000000E+00  1.058573E-04  7.038233E-23  6.894501E-27   5.000000E-01 NotAppl  5.409024E+00  0.000000E+00  
5.695978E+02  1.072974E-02  2.925507E-01  -1.236045E-07  1.000000E+00  1.268200E-01  6.597060E-26  2.218384E-22   5.000000E-01 NotAppl  5.798267E-02  0.000000E+00  
2.264251E+01  4.304663E-04  8.593921E-02  1.354695E-08  1.000000E+00  2.386647E-03  3.743928E-41  1.931789E-21   5.000000E-01 NotAppl  1.108604E-15  2.443351E-13  
2.300748E+02  4.129719E+00  -2.695380E+00  -5.139679E+00  1.000000E+00  5.957147E-06  1.622142E-21  2.452688E-06   0.000000E+00 XENON1T_2018  4.402308E+03  0.000000E+00  
1.447535E+01  2.673491E+00  1.796663E+01  -2.393310E-08  1.000000E+00  3.982225E-01  9.928092E-41  1.475580E-20   5.000000E-01 NotAppl  4.849940E-15  3.232168E-13  
4.692454E+02  3.280166E+02  -2.881567E+02  4.202436E-04  1.000000E+00  1.239383E-04  2.965338E-23  3.811450E-15   5.000000E-01 NotAppl  3.191366E+01  0.000000E+00  
5.845591E+01  3.645876E-02  5.466924E-01  -1.837248E-02  1.000000E+00  2.533607E-03  3.143350E-27  5.183532E-10   1.749841E-27 LZ5Tmedian  3.376869E-02  1.049553E-01  
1.346331E+03  1.710818E-04  2.372549E-05  -3.759286E-04  1.000000E+00  6.534504E-01  1.206195E-26  3.542495E-16   5.000000E-01 NotAppl  4.369045E-03  0.000000E+00  
9.276807E+01  1.896805E-02  6.559082E+00  -1.184636E-04  1.000000E+00  4.618571E-03  1.061062E-24  8.384771E-15   5.000000E-01 NotAppl  6.274761E+00  0.000000E+00  
4.429045E+03  2.351358E-03  6.750609E-04  3.265394E-03  1.000000E+00  6.421498E+00  1.123472E-27  2.364492E-15   5.000000E-01 NotAppl  1.205740E-04  0.000000E+00  
3.596237E+01  5.083662E-01  -4.921975E-01  4.883649E-05  1.000000E+00  3.521097E-04  7.889714E-34  9.847502E-15   5.000000E-01 NotAppl  1.413127E-08  2.775370E-06  
3.939060E+02  3.248066E-01  -1.880319E-01  -2.114872E+00  1.000000E+00  1.112947E-03  1.175065E-23  1.380899E-07   0.000000E+00 XENON1T_2018  1.706605E+01  0.000000E+00  
1.413878E+01  1.295344E+00  -1.281779E+00  2.464331E-10  1.000000E+00  4.978023E-02  1.045189E-44  1.639219E-24   5.000000E-01 NotAppl  5.244610E-19  8.410161E-17  
1.471518E+01  1.215524E-02  -1.185152E-02  -3.584404E-05  1.000000E+00  1.448196E-03  2.237834E-34  3.203509E-14   5.000000E-01 NotAppl  1.072739E-08  1.783663E-06  
9.999586E+02  8.676039E-02  6.487409E+01  6.008586E-09  1.000000E+00  4.348603E-03  1.084316E-24  1.660392E-25   5.000000E-01 NotAppl  5.422408E-01  0.000000E+00  
1.404652E+02  4.565050E-03  2.729635E-02  -6.961755E-03  1.000000E+00  9.649699E-03  8.351312E-25  1.237147E-11   4.522282E-01 NotAppl  3.196055E+00  0.000000E+00  
1.324595E+01  2.854755E+01  -2.854257E+01  -9.179890E-03  1.000000E+00  1.219319E-01  1.421280E-29  2.588363E-09   1.813527E-32 LZ5Tmedian  7.690876E-04  2.169141E-02  
1.900030E+03  1.644815E+02  -1.644777E+02  2.623007E-08  1.000000E+00  4.859494E-04  1.460110E-23  8.544473E-25   5.000000E-01 NotAppl  3.699929E+00  0.000000E+00  
3.109221E+01  6.369051E-03  4.482905E+01  2.014378E-01  1.000000E+00  1.854988E-03  1.073952E-26  2.250683E-07   0.000000E+00 XENON1T_2018  2.249106E-01  3.311205E-01  
3.380262E+03  4.714229E-01  -4.704099E-01  6.962045E-04  1.000000E+00  3.479708E+00  2.059836E-27  1.862450E-16   5.000000E-01 NotAppl  2.908610E-04  0.000000E+00  
8.826815E+02  1.121956E+00  -1.121759E+00  1.856994E+00  1.000000E+00  1.100023E-02  1.106550E-24  2.045967E-08   4.729568E-100 LZ5Tmedian  6.493768E-01  0.000000E+00  
4.079447E+01  1.072807E+02  -1.072791E+02  -1.026739E-05  1.000000E+00  3.779635E-04  4.695201E-35  3.368878E-16   5.000000E-01 NotAppl  7.347399E-10  1.141192E-07  
4.474030E+03  1.632531E+00  -1.628119E+00  3.456384E+00  1.000000E+00  6.796749E-02  1.691268E-25  2.595287E-09   3.085918E-03 LZ5Tmedian  1.881618E-02  0.000000E+00  
7.525679E+03  1.581501E+02  -7.449108E+01  1.058910E-09  1.000000E+00  3.918261E-04  1.633538E-23  8.465124E-29   5.000000E-01 NotAppl  1.021033E+00  0.000000E+00  
1.577220E+01  2.756420E-02  1.028681E-03  9.821781E-02  1.000000E+00  1.642745E-03  1.715299E-27  2.095290E-07   0.000000E+00 XENON1T_2018  7.595452E-02  2.453067E-01  
3.892019E+01  1.033366E+01  -1.030879E+01  -8.138088E-04  1.000000E+00  1.060108E-03  2.600604E-31  2.328850E-12   5.000000E-01 NotAppl  4.276147E-06  2.834376E-04  
7.815114E+03  8.372681E+02  -8.372653E+02  -1.404652E-05  1.000000E+00  2.092686E-05  3.711806E-22  1.379624E-20   5.000000E-01 NotAppl  2.227637E+01  0.000000E+00  
2.636188E+01  2.935683E-03  1.730602E-02  3.012821E-02  1.000000E+00  2.906337E-03  2.042236E-28  7.030750E-09   0.000000E+00 LZ5Tmedian  5.122841E-03  2.060291E-01  
2.265444E+03  2.298187E-03  3.830609E-02  -3.351659E-07  1.000000E+00  1.763266E+00  4.281660E-27  9.749129E-23   5.000000E-01 NotAppl  9.097596E-04  0.000000E+00  
9.820395E+01  7.111769E+02  -7.111741E+02  -6.249318E-09  1.000000E+00  2.218908E-03  2.419305E-24  2.076336E-23   5.000000E-01 NotAppl  1.354068E+01  0.000000E+00  
7.901064E+01  5.002984E-03  3.779522E-01  1.892089E-09  1.000000E+00  6.853990E-03  1.514234E-42  2.971588E-24   5.000000E-01 NotAppl  1.191576E-17  0.000000E+00  
9.728600E+01  8.470956E+01  -1.758935E+01  1.146819E-08  1.000000E+00  1.508503E-03  1.917547E-24  7.128233E-23   5.000000E-01 NotAppl  1.078804E+01  0.000000E+00  
2.409410E+02  2.827137E+00  -2.825425E+00  1.154788E-03  1.000000E+00  2.223188E-02  3.487683E-25  1.126457E-13   5.000000E-01 NotAppl  7.503758E-01  0.000000E+00  
8.560610E+02  4.511465E+01  4.651345E+01  2.020444E-09  1.000000E+00  1.222759E-03  3.175661E-24  2.578278E-26   5.000000E-01 NotAppl  1.850726E+00  0.000000E+00  
7.372290E+02  2.045421E+01  -2.043865E+01  3.677688E-02  1.000000E+00  2.208971E-02  2.946495E-25  1.159187E-11   5.000000E-01 NotAppl  1.981138E-01  0.000000E+00  
7.960060E+02  1.911077E-02  2.006248E+01  -3.384370E-05  1.000000E+00  3.560140E-02  1.399577E-25  8.392791E-18   5.000000E-01 NotAppl  8.812337E-02  0.000000E+00  
5.786291E+03  9.386157E-04  1.651821E+01  4.781265E-02  1.000000E+00  6.031520E-02  7.523510E-26  2.943971E-13   5.000000E-01 NotAppl  6.256676E-03  0.000000E+00  
3.841822E+03  2.158735E+01  -1.876066E+01  -5.886501E-06  1.000000E+00  2.365626E-02  2.772492E-25  1.026188E-20   5.000000E-01 NotAppl  3.420723E-02  0.000000E+00  
2.946937E+03  1.207532E-03  -9.008341E-04  1.101291E-01  1.000000E+00  2.667377E+00  2.876339E-27  6.161344E-12   5.000000E-01 NotAppl  4.705474E-04  0.000000E+00  
1.363726E+03  3.195179E+00  -6.350885E-01  6.143922E-04  1.000000E+00  3.744705E-01  1.956626E-26  9.217613E-16   5.000000E-01 NotAppl  6.998657E-03  0.000000E+00  
1.759071E+03  1.998930E-03  4.072810E-02  -9.798743E-09  1.000000E+00  1.087123E+00  7.087318E-27  1.395258E-25   5.000000E-01 NotAppl  1.951236E-03  0.000000E+00  
2.907434E+01  7.355127E+00  -7.001629E+00  7.659142E-05  1.000000E+00  1.223837E-02  1.440014E-33  3.727416E-14   5.000000E-01 NotAppl  3.243282E-08  4.541391E-06  
1.068505E+01  6.759612E+01  -6.238458E+01  8.332353E-08  1.000000E+00  5.287110E+01  1.077786E-39  3.254674E-19   5.000000E-01 NotAppl  7.499651E-14  9.483355E-12  
2.447400E+02  2.068806E+00  -2.068650E+00  -2.599954E-07  1.000000E+00  2.369959E-02  3.359002E-25  5.529976E-21   5.000000E-01 NotAppl  7.109183E-01  0.000000E+00  
2.418403E+02  2.840892E+02  -2.839093E+02  -1.360771E+00  1.000000E+00  3.714155E-04  1.761107E-23  1.552266E-07   0.000000E+00 XENON1T_2018  4.365712E+01  0.000000E+00  
7.261034E+01  4.965625E-03  8.930161E-01  7.266695E-02  1.000000E+00  5.877079E-03  6.434356E-27  5.208655E-09   2.944737E-240 LZ5Tmedian  5.563488E-02  0.000000E+00  
3.512787E+01  4.531542E+00  8.660918E+02  -9.872571E-03  1.000000E+00  9.418677E-04  3.088381E-29  4.220848E-10   3.608935E-24 LZ5Tmedian  5.662248E-04  1.026869E-01  
3.290481E+01  9.669708E+00  -9.579767E+00  7.357422E-04  1.000000E+00  5.640364E-03  1.544722E-31  2.676698E-12   5.000000E-01 NotAppl  3.042328E-06  2.767723E-04  
7.426036E+03  6.644628E+00  -6.486264E+00  -7.644994E-06  1.000000E+00  2.258655E-01  2.646330E-26  4.533444E-21   5.000000E-01 NotAppl  1.672479E-03  0.000000E+00  
1.471819E+03  4.525961E-04  -1.875487E-04  -1.309742E-08  1.000000E+00  7.741329E-01  1.010412E-26  3.585420E-25   5.000000E-01 NotAppl  3.339960E-03  0.000000E+00  
1.296518E+02  3.015988E-03  -2.383933E-03  1.454075E-02  1.000000E+00  8.187349E-03  1.005767E-24  6.360318E-11   1.266782E-02 LZ5Tmedian  4.177374E+00  0.000000E+00  
1.279205E+01  7.253346E-04  7.768676E+02  -2.732293E-10  1.000000E+00  6.101287E-04  1.244792E-44  2.456593E-24   5.000000E-01 NotAppl  7.014406E-19  1.043823E-16  
2.342795E+03  2.992141E+01  -2.133056E+01  -5.492869E-07  1.000000E+00  1.206293E-02  5.451666E-25  2.445378E-22   5.000000E-01 NotAppl  1.115247E-01  0.000000E+00  
1.971905E+02  4.744047E+02  -4.744045E+02  9.199102E-04  1.000000E+00  5.006956E-04  1.268644E-23  1.077741E-13   5.000000E-01 NotAppl  3.400552E+01  0.000000E+00  
1.069780E+03  4.718337E+01  -4.716542E+01  -7.152182E-06  1.000000E+00  5.248338E-03  1.266995E-24  2.049810E-19   5.000000E-01 NotAppl  5.796054E-01  0.000000E+00  
1.985210E+03  9.840179E+01  -9.784602E+01  4.671497E-04  1.000000E+00  1.264739E-03  5.433748E-24  2.478496E-16   5.000000E-01 NotAppl  1.316346E+00  0.000000E+00  
1.521847E+03  2.406332E-03  5.291871E+01  2.322640E-10  1.000000E+00  6.351288E-03  7.385146E-25  1.053249E-28   5.000000E-01 NotAppl  2.400058E-01  0.000000E+00  
4.776875E+02  1.388293E+02  -1.388280E+02  -1.806598E-05  1.000000E+00  8.399461E-04  8.165545E-24  6.791595E-18   5.000000E-01 NotAppl  8.624528E+00  0.000000E+00  
3.869620E+01  2.176356E-02  -1.513746E-02  1.853740E-09  1.000000E+00  4.393828E-05  1.330483E-42  1.222614E-23   5.000000E-01 NotAppl  2.201066E-17  3.854644E-15  
6.316613E+02  2.121598E-02  -2.091183E-02  -1.111808E-08  1.000000E+00  1.550808E-01  5.383810E-26  1.452826E-24   5.000000E-01 NotAppl  4.251390E-02  0.000000E+00  
1.277149E+03  2.001869E-02  9.457984E+02  -1.217079E-05  1.000000E+00  4.727023E-05  1.111965E-22  4.134936E-19   5.000000E-01 NotAppl  4.327566E+01  0.000000E+00  
2.058589E+02  3.388887E+01  -3.387193E+01  6.033969E-04  1.000000E+00  6.216154E-03  9.789872E-25  4.245629E-14   5.000000E-01 NotAppl  2.496210E+00  0.000000E+00  
5.946721E+03  7.981674E+00  4.171014E+01  9.197011E-05  1.000000E+00  7.719010E-03  6.994652E-25  1.030390E-18   5.000000E-01 NotAppl  5.651862E-02  0.000000E+00  
3.475987E+03  1.303004E-02  7.357216E-02  2.032525E-01  1.000000E+00  2.985276E+00  2.711675E-27  1.499700E-11   5.000000E-01 NotAppl  3.789877E-04  0.000000E+00  
4.927544E+03  2.476535E-03  -6.525323E-04  1.254863E-09  1.000000E+00  7.895763E+00  9.077294E-28  2.811060E-28   5.000000E-01 NotAppl  8.741840E-05  0.000000E+00  
7.696105E+01  2.019259E+01  -2.008647E+01  3.254813E-06  1.000000E+00  2.014774E-02  5.981651E-36  9.278519E-18   5.000000E-01 NotAppl  4.876254E-11  0.000000E+00  
7.157586E+02  2.921583E-04  1.489480E+01  9.919384E-10  1.000000E+00  5.361785E-02  1.006608E-25  8.957725E-27   5.000000E-01 NotAppl  7.048731E-02  0.000000E+00  
4.017201E+01  2.336643E-04  1.459429E+02  -1.907568E-10  1.000000E+00  5.671801E-05  1.551823E-44  1.199790E-25   5.000000E-01 NotAppl  2.467735E-19  3.981949E-17  
3.097765E+02  1.292958E-01  1.190945E+01  -1.138302E-08  1.000000E+00  2.682362E-02  2.530878E-25  6.541833E-24   5.000000E-01 NotAppl  4.189603E-01  0.000000E+00  
6.365625E+01  1.272273E-03  2.638665E-01  5.906254E-09  1.000000E+00  4.685252E-03  3.672151E-39  4.501773E-23   5.000000E-01 NotAppl  3.631171E-14  0.000000E+00  
1.013347E+02  1.247276E+00  -1.214083E+00  1.484114E-02  1.000000E+00  5.334968E-03  1.351715E-24  1.098071E-10   9.994106E-05 LZ5Tmedian  7.253921E+00  0.000000E+00  
2.399187E+02  4.739798E+01  -4.707793E+01  -8.469375E-09  1.000000E+00  4.569309E-03  1.327711E-24  6.112180E-24   5.000000E-01 NotAppl  2.887680E+00  0.000000E+00  
5.406605E+03  3.747211E-01  -3.697958E-01  2.391230E-09  1.000000E+00  8.226727E+00  8.370909E-28  8.452857E-28   5.000000E-01 NotAppl  7.333361E-05  0.000000E+00  
9.933375E+01  9.099597E+01  -9.099421E+01  1.206311E-06  1.000000E+00  2.889525E-03  1.931192E-24  7.557316E-19   5.000000E-01 NotAppl  1.065783E+01  0.000000E+00  
4.078029E+01  9.329451E+00  4.182418E+01  1.691438E-10  1.000000E+00  1.056841E-01  1.273076E-44  9.149231E-26   5.000000E-01 NotAppl  1.996830E-19  1.275664E-17  
1.017323E+01  2.402119E-03  -6.245188E-04  -5.408040E-01  1.000000E+00  7.260048E-04  4.419040E-26  1.509104E-05   0.000000E+00 XENON1T_2018  3.258122E+00  2.498510E-01  
1.044067E+02  6.132621E+01  -6.113135E+01  -5.811168E-07  1.000000E+00  3.028384E-03  1.837200E-24  1.583563E-19   5.000000E-01 NotAppl  9.621299E+00  0.000000E+00  
4.349706E+01  1.312882E-03  -1.347329E-04  -3.734462E-10  1.000000E+00  1.411607E-04  7.670898E-44  3.911496E-25   5.000000E-01 NotAppl  1.122161E-18  1.430533E-16  
9.657471E+01  2.353860E+00  -1.487191E+00  -1.046483E-07  1.000000E+00  4.617267E-03  1.220773E-24  6.025440E-21   5.000000E-01 NotAppl  6.899266E+00  0.000000E+00  
1.157815E+03  2.074945E+02  -2.074938E+02  1.859178E-09  1.000000E+00  3.421586E-04  2.099476E-23  1.178668E-26   5.000000E-01 NotAppl  8.852633E+00  0.000000E+00  
3.094248E+02  3.058009E-04  5.992439E+01  9.658747E+00  1.000000E+00  7.030735E-06  1.680358E-21  4.721021E-06   0.000000E+00 XENON1T_2018  3.333607E+03  0.000000E+00  
3.454367E+03  1.600452E-02  -1.365489E-02  -7.428525E-02  1.000000E+00  3.816249E+00  1.951096E-27  2.028857E-12   5.000000E-01 NotAppl  2.704791E-04  0.000000E+00  
1.745968E+01  3.545902E-02  2.673272E+00  5.054636E-10  1.000000E+00  1.175305E-03  4.687679E-44  4.530658E-24   5.000000E-01 NotAppl  1.850061E-18  3.447956E-16  
8.440615E+03  2.209055E+01  -2.208687E+01  1.767080E-05  1.000000E+00  2.230048E-02  2.878241E-25  1.867326E-20   5.000000E-01 NotAppl  1.598031E-02  0.000000E+00  
6.717647E+01  1.575510E-01  -1.570370E-01  1.973431E-10  1.000000E+00  5.892097E-03  2.384208E-43  4.502787E-26   5.000000E-01 NotAppl  2.217777E-18  0.000000E+00  
1.343549E+02  4.821523E-01  3.193154E+02  -2.052936E-06  1.000000E+00  1.800781E-03  2.547743E-24  1.178505E-18   5.000000E-01 NotAppl  9.991839E+00  0.000000E+00  
1.361389E+01  9.799935E+02  -9.798238E+02  2.646479E-07  1.000000E+00  1.193467E-01  1.191492E-38  2.037686E-18   5.000000E-01 NotAppl  6.247550E-13  9.766938E-11  
2.399026E+02  1.030601E+01  -7.894414E+00  -1.409581E-02  1.000000E+00  1.398315E-02  3.961223E-25  1.693296E-11   5.000000E-01 NotAppl  8.571433E-01  0.000000E+00  
1.983661E+02  1.431634E+01  -1.431579E+01  -1.442250E-07  1.000000E+00  1.033399E-02  6.006596E-25  2.617065E-21   5.000000E-01 NotAppl  1.586373E+00  0.000000E+00  
3.214656E+01  1.942658E-04  3.194074E-05  7.354397E-09  1.000000E+00  1.864755E-03  1.493871E-41  2.803964E-22   5.000000E-01 NotAppl  3.016951E-16  6.625754E-14  
3.828253E+02  4.780965E+00  -2.353104E+00  -3.755857E-05  1.000000E+00  4.335579E-02  1.581870E-25  4.617126E-17   5.000000E-01 NotAppl  2.101462E-01  0.000000E+00  
9.117939E+02  1.089439E-04  6.116475E-05  -3.795777E-05  1.000000E+00  3.117452E-01  2.611969E-26  8.000251E-18   5.000000E-01 NotAppl  1.412121E-02  0.000000E+00  
1.883585E+02  2.458059E+00  -2.109972E+00  2.950290E-05  1.000000E+00  1.384749E-02  5.394400E-25  1.217693E-16   5.000000E-01 NotAppl  1.500996E+00  0.000000E+00  
2.826969E+03  2.659038E-02  -2.347211E-02  -1.058855E-10  1.000000E+00  2.698187E+00  2.753205E-27  6.198519E-30   5.000000E-01 NotAppl  4.666247E-04  0.000000E+00  
7.290003E+03  1.347340E+02  -1.198871E+02  -2.265643E+00  1.000000E+00  6.953970E-04  9.854232E-24  4.133976E-10   5.000000E-01 NotAppl  6.346712E-01  0.000000E+00  
1.196664E+01  3.967557E-03  7.551987E+02  6.797666E-04  1.000000E+00  5.536662E-04  7.525155E-32  1.734273E-11   5.000000E-01 NotAppl  4.583769E-06  6.465819E-04  
2.862858E+01  1.698668E+00  -1.688018E+00  -3.705494E-08  1.000000E+00  7.630608E-03  3.319160E-40  9.001582E-21   5.000000E-01 NotAppl  7.594337E-15  1.694103E-12  
2.450489E+03  1.057261E-01  -1.010280E-01  -1.447174E-10  1.000000E+00  2.045113E+00  3.667485E-27  1.548950E-29   5.000000E-01 NotAppl  7.191448E-04  0.000000E+00  
1.730478E+03  6.034131E-03  3.103833E+00  3.533962E-09  1.000000E+00  6.320413E-01  9.931034E-27  1.876483E-26   5.000000E-01 NotAppl  2.793386E-03  0.000000E+00  
2.613618E+01  3.046657E-04  2.567244E-01  -4.314686E-05  1.000000E+00  2.461353E-03  4.160749E-34  1.467226E-14   5.000000E-01 NotAppl  1.052680E-08  2.415031E-06  
2.938966E+02  1.403383E-02  3.788848E-02  1.063178E-06  1.000000E+00  3.615430E-02  2.359992E-25  6.356142E-20   5.000000E-01 NotAppl  4.125766E-01  0.000000E+00  
9.724478E+01  6.016717E-03  1.442451E+00  -4.356267E-07  1.000000E+00  5.231526E-03  1.213546E-24  1.029434E-19   5.000000E-01 NotAppl  6.805172E+00  0.000000E+00  
4.432181E+01  1.773989E-01  3.513092E+02  -4.693458E-08  1.000000E+00  2.165025E-04  1.302640E-39  5.946606E-21   5.000000E-01 NotAppl  1.873137E-14  2.217299E-12  
3.206150E+01  1.291451E-02  5.286443E+00  2.757857E-09  1.000000E+00  1.665211E-03  2.093208E-42  3.964193E-23   5.000000E-01 NotAppl  4.239447E-17  7.901752E-15  
1.170700E+03  1.188337E-03  4.862461E-02  2.892730E-06  1.000000E+00  5.009586E-01  1.592116E-26  2.789701E-20   5.000000E-01 NotAppl  6.656420E-03  0.000000E+00  
3.786667E+02  1.961912E-01  1.410801E-02  -1.126359E-01  1.000000E+00  5.299548E-02  1.635074E-25  4.246341E-10   1.913959E-05 LZ5Tmedian  2.221120E-01  0.000000E+00  
9.138557E+03  3.298901E-01  -3.290822E-01  -1.094218E-02  1.000000E+00  1.997241E+01  3.219248E-28  6.093243E-15   5.000000E-01 NotAppl  1.657112E-05  0.000000E+00  
3.069183E+02  8.493561E+00  7.770187E+02  1.500633E-10  1.000000E+00  2.333192E-04  1.665680E-23  1.158714E-27   5.000000E-01 NotAppl  2.787439E+01  0.000000E+00  
8.862400E+01  1.378487E-02  2.158964E-01  8.293415E-02  1.000000E+00  4.329699E-03  1.427987E-24  4.512992E-09   2.004108E-182 LZ5Tmedian  8.992415E+00  0.000000E+00  
1.475949E+03  8.659460E-02  -8.598276E-02  -1.254986E-01  1.000000E+00  6.976573E-01  1.167616E-26  3.273138E-11   5.000000E-01 NotAppl  3.884810E-03  0.000000E+00  
5.370476E+01  4.090370E-04  7.327946E+02  4.033335E-06  1.000000E+00  2.813024E-03  3.461413E-35  2.969659E-17   5.000000E-01 NotAppl  4.062828E-10  1.188636E-08  
1.441636E+02  1.211449E-03  1.673222E+02  -7.044057E-09  1.000000E+00  2.226792E-03  2.229499E-24  1.200857E-23   5.000000E-01 NotAppl  8.146566E+00  0.000000E+00  
1.367344E+03  8.620822E+01  -8.126219E+01  2.823755E-08  1.000000E+00  1.543902E-03  4.116020E-24  1.936575E-24   5.000000E-01 NotAppl  1.462537E+00  0.000000E+00  
1.600689E+02  2.294926E-02  3.080879E+02  5.020731E-06  1.000000E+00  1.362496E-03  3.402648E-24  4.922754E-18   5.000000E-01 NotAppl  1.109724E+01  0.000000E+00  
6.744492E+03  8.244341E+00  5.270152E+00  3.063167E+00  1.000000E+00  3.701344E-02  2.532720E-25  8.850188E-10   2.701291E-01 NotAppl  1.800831E-02  0.000000E+00  
4.278544E+02  1.054809E-03  3.973095E-02  -9.657969E-05  1.000000E+00  7.375800E-02  1.150659E-25  2.431650E-16   5.000000E-01 NotAppl  1.360831E-01  0.000000E+00  
3.983239E+01  1.978592E+02  -1.952269E+02  -6.451613E-05  1.000000E+00  8.054615E-04  1.734448E-33  1.396301E-14   5.000000E-01 NotAppl  2.783291E-08  4.339126E-06  
1.414216E+01  9.322462E-01  5.098443E+00  5.111794E-06  1.000000E+00  1.099166E-02  4.497540E-36  7.049847E-16   5.000000E-01 NotAppl  2.256179E-10  3.398382E-08  
3.570100E+03  3.618053E+00  -3.609504E+00  2.634392E-05  1.000000E+00  6.231382E-01  9.449141E-27  2.386084E-19   5.000000E-01 NotAppl  1.257222E-03  0.000000E+00  
3.135958E+02  2.887756E+02  -2.241667E+02  -2.531293E-07  1.000000E+00  1.863526E-04  1.827260E-23  3.154806E-21   5.000000E-01 NotAppl  3.001690E+01  0.000000E+00  
5.917697E+01  3.811705E-02  -3.799629E-02  5.136028E-02  1.000000E+00  1.316236E-03  3.595681E-26  3.950775E-09   1.541733E-203 LZ5Tmedian  3.831108E-01  2.072401E-01  
7.851869E+03  5.480836E-01  3.678356E+02  1.238486E-08  1.000000E+00  1.481860E-04  3.495146E-23  1.062347E-26   5.000000E-01 NotAppl  2.132525E+00  0.000000E+00  
2.794926E+02  5.834413E-01  -5.830165E-01  -8.066625E-03  1.000000E+00  3.245162E-02  2.585787E-25  4.055641E-12   5.000000E-01 NotAppl  4.764097E-01  0.000000E+00  
7.139731E+02  1.400857E-03  8.623622E-03  1.359072E-09  1.000000E+00  1.958290E-01  4.231907E-26  1.690166E-26   5.000000E-01 NotAppl  2.944325E-02  0.000000E+00  
1.385971E+03  1.153131E-03  1.903719E+01  2.542046E-03  1.000000E+00  4.335366E-02  1.080639E-25  1.526729E-14   5.000000E-01 NotAppl  3.859755E-02  0.000000E+00  
5.508909E+01  2.635547E-01  1.225635E+00  1.145209E+00  1.000000E+00  1.395703E-03  3.318060E-24  2.273051E-06   0.000000E+00 XENON1T_2018  3.816804E+01  2.577763E-01  
5.207047E+03  2.193488E-02  -1.233584E-02  3.739717E-07  1.000000E+00  8.783199E+00  8.132950E-28  2.231727E-23   5.000000E-01 NotAppl  7.406108E-05  0.000000E+00  
1.679391E+01  1.498200E+02  -4.690672E+01  2.639950E-08  1.000000E+00  6.237427E+06  1.263007E-40  1.335670E-20   5.000000E-01 NotAppl  5.207869E-15  9.592220E-13  
1.404630E+01  2.927648E-01  1.998465E+01  -4.977045E-04  1.000000E+00  1.823311E-03  4.254772E-32  6.773827E-12   5.000000E-01 NotAppl  2.151776E-06  1.501319E-04  
2.696525E+02  1.985020E+01  5.741735E+00  4.304252E-10  1.000000E+00  5.456860E-03  6.444664E-25  1.242658E-26   5.000000E-01 NotAppl  1.234995E+00  0.000000E+00  
4.234719E+03  2.172862E-01  -2.143670E-01  -1.357910E-05  1.000000E+00  5.710953E+00  1.256490E-27  4.479583E-20   5.000000E-01 NotAppl  1.411214E-04  0.000000E+00  
4.441888E+03  1.374167E+02  3.492630E+02  -3.113085E+00  1.000000E+00  6.863317E-05  6.390859E-23  2.136443E-09   8.285940E-03 LZ5Tmedian  6.929994E+00  0.000000E+00  
4.067182E+03  4.890139E-02  -3.846331E-02  -2.068435E-07  1.000000E+00  5.438364E+00  1.333192E-27  1.128332E-23   5.000000E-01 NotAppl  1.560258E-04  0.000000E+00  
6.910883E+02  3.943970E-03  -2.014119E-03  -4.486673E-08  1.000000E+00  1.840575E-01  4.512011E-26  1.968802E-23   5.000000E-01 NotAppl  3.246704E-02  0.000000E+00  
1.626949E+02  4.456846E-01  1.381391E+01  -1.829835E-03  1.000000E+00  8.803974E-03  7.342326E-25  6.324299E-13   5.000000E-01 NotAppl  2.407348E+00  0.000000E+00  
1.084800E+02  2.965483E+00  -2.882441E+00  -2.620519E-06  1.000000E+00  5.553150E-03  1.206311E-24  2.977218E-18   5.000000E-01 NotAppl  6.027572E+00  0.000000E+00  
2.654665E+02  8.977941E+02  -7.569517E+02  -7.156009E-04  1.000000E+00  1.069835E-04  3.145000E-23  3.546624E-14   5.000000E-01 NotAppl  6.155222E+01  0.000000E+00  
1.084040E+02  9.238791E-01  -6.075765E-01  3.139943E-10  1.000000E+00  5.956061E-03  1.192162E-24  4.280590E-26   5.000000E-01 NotAppl  5.959262E+00  0.000000E+00  
2.300506E+02  1.551317E-03  9.973343E-02  -3.576349E-07  1.000000E+00  2.285218E-02  3.720161E-25  1.187801E-20   5.000000E-01 NotAppl  8.398434E-01  0.000000E+00  
1.557243E+03  3.079310E-02  6.890097E-01  1.269266E-01  1.000000E+00  7.168621E-01  1.132788E-26  3.001327E-11   5.000000E-01 NotAppl  3.567931E-03  0.000000E+00  
2.378722E+03  1.688732E-02  1.079468E-02  -1.913146E-05  1.000000E+00  1.936440E+00  3.884739E-27  2.875959E-19   5.000000E-01 NotAppl  7.852328E-04  0.000000E+00  
1.064912E+01  1.302342E+02  -1.302336E+02  8.009110E+00  1.000000E+00  1.465341E-02  4.036284E-25  3.026937E-03   0.000000E+00 XENON1T_2018  2.820069E+01  4.999978E-01  
3.648412E+02  2.021722E+02  5.773371E+02  -2.709717E-04  1.000000E+00  9.679956E-05  3.469473E-23  2.651977E-15   5.000000E-01 NotAppl  4.866862E+01  0.000000E+00  
6.654162E+02  1.617141E+01  -1.617027E+01  -3.082240E-10  1.000000E+00  3.252170E-02  1.970368E-25  1.003878E-27   5.000000E-01 NotAppl  1.473457E-01  0.000000E+00  
3.886040E+01  8.542313E-01  -8.510559E-01  -2.206279E-07  1.000000E+00  4.414290E-05  1.904208E-38  1.717018E-19   5.000000E-01 NotAppl  3.142164E-13  5.383529E-11  
4.099656E+02  3.137321E-02  4.101359E+00  -9.592072E-08  1.000000E+00  6.039311E-02  1.299693E-25  2.617616E-22   5.000000E-01 NotAppl  1.607509E-01  0.000000E+00  
2.891841E+02  1.462489E+02  -1.449150E+02  -3.166460E-06  1.000000E+00  8.657872E-04  6.941413E-24  5.827813E-19   5.000000E-01 NotAppl  1.241996E+01  0.000000E+00  
1.615826E+01  8.228809E+01  -8.227856E+01  -9.619477E-08  1.000000E+00  7.705222E-02  1.657239E-39  1.915311E-19   5.000000E-01 NotAppl  7.138814E-14  1.277336E-11  
6.633314E+01  9.212359E+00  -9.210759E+00  -1.552971E-09  1.000000E+00  1.156572E-02  2.223231E-41  2.861321E-24   5.000000E-01 NotAppl  2.107670E-16  0.000000E+00  
1.864115E+03  1.156318E+02  -2.299975E+01  -5.158579E+00  1.000000E+00  9.134390E-04  4.222864E-24  3.435866E-08   3.156468E-80 LZ5Tmedian  1.128871E+00  0.000000E+00  
4.903549E+03  5.402320E-04  5.600430E-01  1.085731E-02  1.000000E+00  6.623105E+00  1.012577E-27  2.125358E-14   5.000000E-01 NotAppl  9.815835E-05  0.000000E+00  
3.299647E+03  3.489254E+00  -3.488847E+00  -1.298143E-02  1.000000E+00  6.535685E-01  8.968138E-27  6.801252E-14   5.000000E-01 NotAppl  1.293381E-03  0.000000E+00  
1.187854E+02  7.981204E+02  -7.959917E+02  -1.100237E-01  1.000000E+00  1.389968E-03  2.954510E-24  4.357233E-09   1.513094E-140 LZ5Tmedian  1.367650E+01  0.000000E+00  
1.208749E+01  1.315759E-04  4.666569E+00  -1.822708E-08  1.000000E+00  5.507114E-04  5.430621E-41  1.222471E-20   5.000000E-01 NotAppl  3.269262E-15  4.524898E-13  
6.525158E+03  1.225225E+00  2.517098E+02  -1.850786E-01  1.000000E+00  3.069745E-04  1.655914E-23  3.455394E-12   5.000000E-01 NotAppl  1.219051E+00  0.000000E+00  
1.172221E+01  1.172840E+02  -1.081537E+02  -3.365476E-02  1.000000E+00  1.057648E+01  1.830033E-28  4.427177E-08   0.000000E+00 LZ5Tmedian  1.142205E-02  4.767642E-01  
1.115633E+03  2.544726E+01  1.187253E+02  5.245072E-01  1.000000E+00  7.453118E-04  6.043996E-24  1.011909E-09   1.267744E-04 LZ5Tmedian  2.697864E+00  0.000000E+00  
6.777690E+02  2.527052E-04  5.343473E-01  1.321743E-04  1.000000E+00  1.759341E-01  4.697373E-26  1.777944E-16   5.000000E-01 NotAppl  3.448857E-02  0.000000E+00  
6.463252E+01  2.457565E-04  6.268644E-01  -1.088465E-10  1.000000E+00  4.731656E-03  3.615132E-43  1.482162E-26   5.000000E-01 NotAppl  3.519607E-18  0.000000E+00  
1.239632E+02  2.578021E+02  -2.578020E+02  3.063416E-08  1.000000E+00  1.486080E-03  3.873990E-24  3.095021E-22   5.000000E-01 NotAppl  1.713179E+01  0.000000E+00  
4.760747E+01  6.129230E+02  -5.661121E+02  -7.554973E-10  1.000000E+00  1.594676E+04  4.721082E-43  1.332009E-24   5.000000E-01 NotAppl  6.303100E-18  5.284092E-16  
9.070045E+02  1.397247E-03  4.247301E+02  -2.685891E-10  1.000000E+00  1.725727E-04  2.957189E-23  4.049012E-28   5.000000E-01 NotAppl  1.635165E+01  0.000000E+00  
1.466151E+03  2.022046E-04  4.771946E+01  7.565327E-08  1.000000E+00  7.742559E-03  6.042556E-25  1.205704E-23   5.000000E-01 NotAppl  2.040179E-01  0.000000E+00  
1.214979E+03  3.060718E-03  1.410237E-02  -1.017929E+00  1.000000E+00  6.004334E-02  1.904877E-25  3.202437E-09   4.638641E-12 LZ5Tmedian  8.135319E-02  0.000000E+00  
4.237284E+03  3.041411E-01  5.738820E+02  1.763531E-06  1.000000E+00  6.694589E-05  7.745339E-23  7.546182E-22   5.000000E-01 NotAppl  8.836559E+00  0.000000E+00  
8.068210E+03  3.007680E+01  -3.006381E+01  9.003391E-02  1.000000E+00  1.222116E-02  5.385520E-25  5.312767E-13   5.000000E-01 NotAppl  3.129734E-02  0.000000E+00  
3.835790E+02  3.208675E-03  3.059277E+01  -8.199043E-07  1.000000E+00  1.421973E-02  3.719433E-25  2.191451E-20   5.000000E-01 NotAppl  4.949110E-01  0.000000E+00  
3.895086E+03  8.585461E+02  -8.581138E+02  -7.393743E-07  1.000000E+00  2.216122E-05  3.462706E-22  1.574259E-22   5.000000E-01 NotAppl  4.211958E+01  0.000000E+00  
4.734187E+02  5.334221E-01  -4.748359E-01  -3.004173E-09  1.000000E+00  8.823094E-02  9.479044E-26  1.912814E-25   5.000000E-01 NotAppl  1.009292E-01  0.000000E+00  
9.361231E+02  2.828766E-04  2.639762E-02  -1.627055E-07  1.000000E+00  3.277070E-01  2.479472E-26  1.393019E-22   5.000000E-01 NotAppl  1.304601E-02  0.000000E+00  
5.877260E+01  9.209653E+01  -5.846901E+01  -9.381908E-08  1.000000E+00  2.371586E+02  9.597321E-38  1.336858E-20   5.000000E-01 NotAppl  1.029863E-12  4.278293E-12  
3.362699E+01  2.169073E-03  -1.934818E-03  9.596969E-09  1.000000E+00  1.267095E-03  2.715029E-41  4.358043E-22   5.000000E-01 NotAppl  5.215995E-16  1.108975E-13  
3.986109E+03  1.091768E-04  5.846197E-02  5.996974E-07  1.000000E+00  5.231287E+00  1.387318E-27  9.881082E-23   5.000000E-01 NotAppl  1.657187E-04  0.000000E+00  
1.792834E+03  3.964170E-01  -3.746448E-01  -3.701776E-07  1.000000E+00  1.104865E+00  6.917032E-27  1.915602E-22   5.000000E-01 NotAppl  1.867542E-03  0.000000E+00  
1.140520E+03  6.353541E+01  3.597707E+01  1.531999E-08  1.000000E+00  8.400232E-04  4.693127E-24  8.252838E-25   5.000000E-01 NotAppl  2.031362E+00  0.000000E+00  
9.408813E+03  1.470549E+01  -1.469853E+01  -7.245241E-03  1.000000E+00  4.902588E-02  1.276013E-25  2.517943E-15   5.000000E-01 NotAppl  6.348217E-03  0.000000E+00  
4.627625E+02  1.442724E+00  -5.178234E-01  -9.495894E-02  1.000000E+00  7.780570E-02  1.033163E-25  2.002251E-10   1.473594E-02 LZ5Tmedian  1.134990E-01  0.000000E+00  
3.238768E+03  4.379951E-01  -4.378831E-01  -9.435396E+00  1.000000E+00  6.013000E-03  2.101203E-24  3.731838E-08   1.505353E-50 LZ5Tmedian  3.296112E-01  0.000000E+00  
3.644936E+01  1.973289E+01  -1.973279E+01  2.997027E-06  1.000000E+00  2.608082E-03  3.049751E-36  3.608738E-17   5.000000E-01 NotAppl  5.384641E-11  1.777494E-09  
1.095981E+02  2.170470E-02  2.798477E+02  -4.448215E-04  1.000000E+00  2.782903E-03  1.770859E-24  8.399984E-14   5.000000E-01 NotAppl  8.644128E+00  0.000000E+00  
5.447330E+01  3.664514E-02  7.141847E-02  8.342045E-06  1.000000E+00  2.920347E-03  1.754921E-34  1.234072E-16   5.000000E-01 NotAppl  2.037181E-09  4.872799E-08  
7.872777E+02  4.506998E-04  1.540883E-03  -5.534631E-06  1.000000E+00  2.358448E-01  3.490637E-26  2.295667E-19   5.000000E-01 NotAppl  2.195467E-02  0.000000E+00  
5.017069E+03  1.420202E-01  -1.418697E-01  5.556645E-02  1.000000E+00  7.682791E+00  9.447862E-28  5.313795E-13   5.000000E-01 NotAppl  8.947976E-05  0.000000E+00  
3.345766E+03  1.332595E-02  2.756419E-03  1.331921E-08  1.000000E+00  3.733755E+00  1.966867E-27  6.960385E-26   5.000000E-01 NotAppl  2.807419E-04  0.000000E+00  
8.683504E+01  1.779717E-04  4.437430E+02  6.340968E-04  1.000000E+00  4.260453E-03  7.289342E-25  2.750798E-13   5.000000E-01 NotAppl  4.685678E+00  0.000000E+00  
1.174049E+02  4.350751E+00  4.582413E+02  -5.965271E-07  1.000000E+00  1.698108E-03  2.123292E-24  1.311918E-19   5.000000E-01 NotAppl  9.632112E+00  0.000000E+00  
4.673638E+02  4.577750E-01  8.803913E+00  7.534065E-04  1.000000E+00  5.606390E-02  1.203501E-25  1.235139E-14   5.000000E-01 NotAppl  1.301145E-01  0.000000E+00  
2.956288E+01  2.258603E+00  8.461001E+00  4.887969E-05  1.000000E+00  8.281294E-03  5.967296E-34  1.467761E-14   5.000000E-01 NotAppl  1.318187E-08  1.697995E-06  
2.814236E+01  4.996402E-03  5.925173E+02  -6.359222E-03  1.000000E+00  2.048553E-03  9.617758E-30  2.744636E-10   1.735754E-14 LZ5Tmedian  2.244759E-04  4.468078E-02  
1.938816E+03  1.307706E-04  -7.601771E-06  -3.288263E-01  1.000000E+00  7.107930E-01  1.286339E-26  1.288653E-10   5.000000E-01 NotAppl  3.312301E-03  0.000000E+00  
4.151349E+01  5.422803E-02  2.025285E+02  5.931963E-03  1.000000E+00  2.513504E-04  1.651927E-29  1.085246E-10   7.535383E-07 LZ5Tmedian  2.543185E-04  3.365107E-02  
3.613791E+02  3.850420E-01  -3.465700E-01  -4.869485E-02  1.000000E+00  5.251195E-02  1.608663E-25  8.733001E-11   9.659667E-02 LZ5Tmedian  2.273098E-01  0.000000E+00  
1.372893E+03  1.571473E-04  1.529719E-02  -1.576746E-10  1.000000E+00  6.781565E-01  1.160290E-26  5.988479E-29   5.000000E-01 NotAppl  4.119347E-03  0.000000E+00  
6.512052E+03  1.129582E+00  1.888202E+00  1.369430E+00  1.000000E+00  4.090303E-01  2.362056E-26  1.899498E-10   5.000000E-01 NotAppl  1.765289E-03  0.000000E+00  
2.961058E+01  4.405836E+01  -4.405695E+01  6.248716E+00  1.000000E+00  4.519970E-03  8.185038E-25  2.390906E-04   0.000000E+00 XENON1T_2018  1.800915E+01  4.999982E-01  
4.175495E+03  1.623054E+02  8.072190E+02  4.110080E+00  1.000000E+00  1.857679E-05  2.239941E-22  4.223155E-09   4.200717E-05 LZ5Tmedian  2.589641E+01  0.000000E+00  
3.888443E+03  4.445572E-04  3.035130E-02  5.374754E-08  1.000000E+00  4.990955E+00  1.457053E-27  8.347815E-25   5.000000E-01 NotAppl  1.784901E-04  0.000000E+00  
1.536243E+01  9.652939E-03  2.102857E+01  2.019131E-02  1.000000E+00  8.722800E-04  7.192345E-29  9.331525E-09   1.449112E-179 LZ5Tmedian  3.281882E-03  8.669829E-02  
4.473044E+02  1.018678E-03  3.029683E+01  1.686000E-04  1.000000E+00  1.536826E-02  3.344627E-25  6.766209E-16   5.000000E-01 NotAppl  3.800952E-01  0.000000E+00  
2.529947E+03  4.034590E+01  -4.034486E+01  -1.073113E-05  1.000000E+00  6.960543E-03  9.484598E-25  7.981130E-20   5.000000E-01 NotAppl  1.792125E-01  0.000000E+00  
1.583834E+01  1.538123E+00  -1.531119E+00  -8.933417E-03  1.000000E+00  5.108510E-02  1.420743E-29  1.719012E-09   2.132683E-36 LZ5Tmedian  6.260946E-04  8.095395E-02  
5.434632E+01  5.372258E-04  1.861856E+00  -7.922593E+00  1.000000E+00  2.445025E-03  6.346705E-25  1.118399E-04   0.000000E+00 XENON1T_2018  5.231461E+00  2.574812E-01  
5.305386E+02  5.556046E-04  -1.722766E-04  3.771952E-01  1.000000E+00  5.079039E-02  2.062945E-25  2.388799E-09   7.489103E-20 LZ5Tmedian  2.026694E-01  0.000000E+00  
9.879726E+01  8.869619E+02  -8.869607E+02  4.615230E-06  1.000000E+00  2.165245E-03  2.485459E-24  1.118554E-17   5.000000E-01 NotAppl  1.382917E+01  0.000000E+00  
5.338313E+03  3.129593E+00  -2.183007E+00  -3.601520E-05  1.000000E+00  9.482581E-01  6.796467E-27  1.967681E-19   5.000000E-01 NotAppl  6.010510E-04  0.000000E+00  
2.525239E+01  2.835401E-01  -2.696807E-01  1.889975E+00  1.000000E+00  3.894755E-03  5.844554E-25  3.017697E-05   0.000000E+00 XENON1T_2018  1.527970E+01  2.502022E-01  
1.949328E+03  2.631228E-02  5.064752E-01  2.193982E-04  1.000000E+00  1.289251E+00  5.854222E-27  5.673925E-17   5.000000E-01 NotAppl  1.451160E-03  0.000000E+00  
5.828461E+01  8.013274E-03  5.819550E+00  -4.636638E-05  1.000000E+00  3.603874E-03  1.847379E-32  3.321213E-15   5.000000E-01 NotAppl  1.999816E-07  1.108702E-06  
1.034594E+03  1.204214E-01  2.121041E+00  -1.190024E-06  1.000000E+00  3.492305E-01  2.171778E-26  6.075646E-21   5.000000E-01 NotAppl  1.032052E-02  0.000000E+00  
2.994362E+02  4.034333E-04  3.438545E-02  -9.205630E-09  1.000000E+00  3.746405E-02  2.278172E-25  4.586508E-24   5.000000E-01 NotAppl  3.906018E-01  0.000000E+00  
2.297426E+03  7.717748E-01  5.486220E+01  -5.284966E-08  1.000000E+00  5.785402E-03  8.196927E-25  2.355754E-24   5.000000E-01 NotAppl  1.746454E-01  0.000000E+00  
9.499348E+01  2.657230E-01  1.506136E+01  2.831935E-02  1.000000E+00  3.950447E-03  1.437217E-24  4.564430E-10   3.425138E-18 LZ5Tmedian  8.268325E+00  0.000000E+00  
1.059277E+03  5.835732E-02  -5.772816E-02  4.393381E-06  1.000000E+00  4.142633E-01  1.941475E-26  7.891856E-20   5.000000E-01 NotAppl  8.995250E-03  0.000000E+00  
1.179646E+03  1.729295E-01  7.043434E+00  4.029239E-07  1.000000E+00  1.921187E-01  2.967726E-26  5.328957E-22   5.000000E-01 NotAppl  1.241363E-02  0.000000E+00  
4.240964E+01  1.998498E-04  2.371006E+01  5.984993E-02  1.000000E+00  3.386271E-04  1.801790E-27  1.057764E-08   0.000000E+00 LZ5Tmedian  2.706420E-02  3.061725E-01  
2.600515E+01  1.816876E-02  1.552834E+02  -4.558279E+00  1.000000E+00  1.748058E-03  6.231269E-25  1.654279E-04   0.000000E+00 XENON1T_2018  1.609374E+01  3.333645E-01  
1.545297E+01  1.045865E-02  4.576685E-01  -1.201154E-03  1.000000E+00  1.022533E-03  2.549719E-31  3.263939E-11   2.315343E-01 NotAppl  1.155642E-05  1.983873E-03  
2.068526E+03  2.935309E-03  -2.084899E-03  1.806299E-01  1.000000E+00  1.177808E+00  7.007204E-27  3.407825E-11   5.000000E-01 NotAppl  1.660017E-03  0.000000E+00  
5.052726E+03  2.059164E-03  2.477949E-03  2.215237E-06  1.000000E+00  8.289165E+00  8.633580E-28  8.324663E-22   5.000000E-01 NotAppl  8.105584E-05  0.000000E+00  
9.468175E+02  8.731134E+00  9.199366E+01  -7.072686E-10  1.000000E+00  1.839050E-03  2.513473E-24  2.571870E-27   5.000000E-01 NotAppl  1.329161E+00  0.000000E+00  
3.597621E+01  8.584014E-01  -8.577074E-01  2.083370E-06  1.000000E+00  3.443507E-04  1.436891E-36  1.790732E-17   5.000000E-01 NotAppl  2.568206E-11  5.017169E-09  
5.679662E+03  4.372979E-04  1.017683E+01  3.330523E-04  1.000000E+00  1.532160E-01  2.860861E-26  1.483512E-17   5.000000E-01 NotAppl  2.423992E-03  0.000000E+00  
1.129987E+03  1.145398E+02  3.342740E+01  1.748450E-02  1.000000E+00  2.929192E-04  1.214821E-23  1.095507E-12   5.000000E-01 NotAppl  5.298389E+00  0.000000E+00  
3.759727E+02  7.312693E+02  -2.148785E+02  2.665283E-05  1.000000E+00  5.324350E-05  6.559958E-23  2.412650E-17   5.000000E-01 NotAppl  8.913775E+01  0.000000E+00  
2.520982E+03  8.188792E-01  5.021442E+00  2.077125E-04  1.000000E+00  4.001148E-01  1.304866E-26  3.011883E-17   5.000000E-01 NotAppl  2.515201E-03  0.000000E+00  
1.689947E+01  7.442697E+00  -7.433550E+00  -3.438636E-10  1.000000E+00  6.905895E-02  2.147074E-44  2.237935E-24   5.000000E-01 NotAppl  8.787382E-19  1.262128E-16  
1.181003E+02  6.795317E-04  1.883087E+00  6.205972E-10  1.000000E+00  6.676329E-03  1.091213E-24  1.402841E-25   5.000000E-01 NotAppl  4.992286E+00  0.000000E+00  
1.023293E+01  5.888702E-02  -5.748971E-02  -1.517264E-08  1.000000E+00  1.046393E-03  3.496399E-41  1.174360E-20   5.000000E-01 NotAppl  2.560298E-15  3.244026E-13  
1.860830E+03  6.629318E-02  -6.601335E-02  -5.362746E-04  1.000000E+00  1.209783E+00  6.338375E-27  3.726587E-16   5.000000E-01 NotAppl  1.647365E-03  0.000000E+00  
2.751229E+03  1.385201E-03  1.399539E+00  1.072071E-01  1.000000E+00  1.662652E+00  4.241019E-27  6.715422E-12   5.000000E-01 NotAppl  7.456077E-04  0.000000E+00  
1.806272E+01  1.020635E+00  -9.749551E-01  -5.115878E-04  1.000000E+00  1.997171E-02  4.856247E-32  4.336413E-12   5.000000E-01 NotAppl  1.844922E-06  3.570795E-04  
7.291666E+03  7.894076E+01  -7.892693E+01  -3.437343E-02  1.000000E+00  1.909889E-03  3.635303E-24  9.511077E-14   5.000000E-01 NotAppl  2.340352E-01  0.000000E+00  
1.158449E+02  1.390343E+00  1.824122E+02  -5.812003E-10  1.000000E+00  2.471279E-03  1.832464E-24  1.279992E-25   5.000000E-01 NotAppl  8.444660E+00  0.000000E+00  
7.960548E+03  6.035871E+02  -6.034066E+02  -3.641242E-03  1.000000E+00  3.845196E-05  1.992533E-22  8.930122E-16   5.000000E-01 NotAppl  1.173743E+01  0.000000E+00  
9.782247E+02  1.622341E+02  -1.622337E+02  5.984493E-05  1.000000E+00  5.451791E-04  1.299275E-23  1.722670E-17   5.000000E-01 NotAppl  6.518218E+00  0.000000E+00  
1.278343E+03  6.074220E-01  5.966173E+00  2.750319E-07  1.000000E+00  2.319317E-01  2.519969E-26  2.107508E-22   5.000000E-01 NotAppl  9.701347E-03  0.000000E+00  
3.369465E+02  4.582321E-02  1.575587E+02  4.105429E-09  1.000000E+00  1.190652E-03  4.045745E-24  7.163862E-25   5.000000E-01 NotAppl  6.156316E+00  0.000000E+00  
3.060599E+02  8.016109E+01  7.592680E+02  -7.189371E-10  1.000000E+00  1.637326E-04  1.966360E-23  2.674851E-26   5.000000E-01 NotAppl  3.302031E+01  0.000000E+00  
1.974615E+03  1.231132E-03  4.877299E+00  -2.148415E-09  1.000000E+00  4.396912E-01  1.204057E-26  5.299660E-27   5.000000E-01 NotAppl  2.972581E-03  0.000000E+00  
1.650894E+03  2.451006E+00  -2.450581E+00  2.158131E-02  1.000000E+00  5.795542E-01  1.217648E-26  7.702930E-13   5.000000E-01 NotAppl  3.573920E-03  0.000000E+00  
2.145336E+03  1.189717E+02  -1.157085E+02  3.529225E-04  1.000000E+00  8.532676E-04  7.897178E-24  1.207807E-16   5.000000E-01 NotAppl  1.766763E+00  0.000000E+00  
3.235733E+01  9.746288E-01  -9.737371E-01  3.223621E-01  1.000000E+00  2.391276E-03  2.897682E-26  5.316330E-07   0.000000E+00 XENON1T_2018  5.813752E-01  2.492365E-01  
2.214319E+02  3.732915E-02  -3.217864E-02  6.643781E-08  1.000000E+00  2.133667E-02  3.987336E-25  4.432731E-22   5.000000E-01 NotAppl  9.367693E-01  0.000000E+00  
1.491615E+02  6.358347E+01  -6.358297E+01  -8.550552E-04  1.000000E+00  3.092902E-03  1.916190E-24  1.650031E-13   5.000000E-01 NotAppl  6.988223E+00  0.000000E+00  
3.417140E+01  1.043860E-03  3.173652E+01  7.268991E-02  1.000000E+00  1.017155E-03  1.597920E-27  2.420028E-08   0.000000E+00 XENON1T_2018  3.017092E-02  3.166155E-01  
5.261653E+03  1.282863E+00  -1.176089E+00  -5.064802E-02  1.000000E+00  3.731551E+00  1.571619E-27  4.007541E-13   5.000000E-01 NotAppl  1.413373E-04  0.000000E+00  
3.722576E+01  2.617534E+01  -2.205711E+01  -1.141914E-03  1.000000E+00  6.133490E-03  4.622954E-31  5.019345E-12   5.000000E-01 NotAppl  7.981549E-06  1.353124E-03  
5.800479E+01  1.085303E-04  2.911842E-03  3.137611E-01  1.000000E+00  1.943505E-03  7.452106E-25  1.535863E-07   0.000000E+00 XENON1T_2018  8.100697E+00  2.488302E-01  
1.688482E+01  7.421729E+01  -7.421317E+01  7.882492E-09  1.000000E+00  6.923178E-02  1.127899E-41  1.178025E-21   5.000000E-01 NotAppl  4.622461E-16  8.548734E-14  
2.897594E+02  9.576507E+00  -9.576405E+00  1.026989E-09  1.000000E+00  2.274272E-02  2.951179E-25  6.105508E-26   5.000000E-01 NotAppl  5.242709E-01  0.000000E+00  
7.851692E+02  2.273422E+01  -2.272962E+01  -5.517146E-04  1.000000E+00  1.956635E-02  3.275858E-25  2.293716E-15   5.000000E-01 NotAppl  2.063254E-01  0.000000E+00  
1.346506E+01  1.872577E-02  -1.622334E-02  -3.435512E-07  1.000000E+00  1.285088E-03  2.001006E-38  3.509415E-18   5.000000E-01 NotAppl  1.062664E-12  1.646369E-10  
9.403069E+03  4.591121E+00  -4.590655E+00  -3.249662E-05  1.000000E+00  4.565092E-01  1.269494E-26  5.071719E-20   5.000000E-01 NotAppl  6.320199E-04  0.000000E+00  
1.626014E+03  2.156531E+02  -2.153039E+02  -1.760259E-07  1.000000E+00  2.991896E-04  2.389710E-23  5.285643E-23   5.000000E-01 NotAppl  7.104925E+00  0.000000E+00  
1.283649E+02  1.479706E-04  7.147538E-04  -6.189012E-07  1.000000E+00  8.268740E-03  9.709690E-25  1.176059E-19   5.000000E-01 NotAppl  4.073050E+00  0.000000E+00  
8.286285E+01  4.103309E-04  -1.625561E-04  2.656888E-03  1.000000E+00  5.926856E-03  5.719108E-25  5.315758E-12   5.000000E-01 NotAppl  3.910985E+00  0.000000E+00  
2.784602E+01  3.756060E+02  -3.754854E+02  8.418818E-07  1.000000E+00  1.450432E-02  1.669336E-37  4.914478E-18   5.000000E-01 NotAppl  3.937653E-12  9.066025E-10  
1.442775E+01  1.003767E-01  5.792493E+00  -8.904933E-01  1.000000E+00  1.037373E-03  1.353307E-25  2.056203E-05   0.000000E+00 XENON1T_2018  6.635069E+00  2.527544E-01  
1.020439E+01  5.098640E-03  9.800503E-01  -6.867830E-01  1.000000E+00  4.304540E-04  7.116216E-26  2.419278E-05   0.000000E+00 XENON1T_2018  5.227872E+00  2.502133E-01  
1.639568E+01  7.044693E+01  -3.122311E+01  4.195297E-02  1.000000E+00  6.233365E+00  3.166120E-28  3.538587E-08   0.000000E+00 XENON1T_2018  1.341457E-02  1.527312E-01  
1.915989E+01  4.270656E+02  -3.816309E+02  1.052061E-04  1.000000E+00  2.538795E+05  2.097070E-33  1.629605E-13   5.000000E-01 NotAppl  7.459859E-08  1.505351E-05  
2.875235E+01  5.465484E-01  2.241768E+00  1.806926E-01  1.000000E+00  3.454152E-03  7.928017E-27  2.121858E-07   0.000000E+00 XENON1T_2018  1.807844E-01  2.455342E-01  
8.510904E+01  3.177428E-02  2.917696E+01  1.495964E-02  1.000000E+00  4.428010E-03  7.821781E-25  1.595357E-10   2.455096E-07 LZ5Tmedian  5.130885E+00  0.000000E+00  
2.587532E+01  4.194571E+01  -4.194412E+01  4.138147E-10  1.000000E+00  1.946827E-02  3.798206E-44  1.377237E-24   5.000000E-01 NotAppl  9.725396E-19  2.227823E-16  
1.696187E+01  5.678451E+01  -5.677192E+01  -1.331690E+00  1.000000E+00  1.487561E-02  3.164903E-25  3.331850E-05   0.000000E+00 XENON1T_2018  1.290797E+01  4.999173E-01  
3.826088E+01  1.071459E+01  8.813688E+00  1.816740E-07  1.000000E+00  1.685051E-01  1.244029E-38  1.201610E-19   5.000000E-01 NotAppl  2.082891E-13  7.412397E-12  
4.159968E+02  4.094758E-04  4.655648E-03  -2.938798E-07  1.000000E+00  6.993593E-02  1.214885E-25  2.384749E-21   5.000000E-01 NotAppl  1.479528E-01  0.000000E+00  
2.360008E+03  3.202599E-01  8.771279E+01  -6.451812E-03  1.000000E+00  2.375544E-03  2.016316E-24  3.323808E-14   5.000000E-01 NotAppl  4.179423E-01  0.000000E+00  
1.181205E+03  1.419330E+01  -1.419300E+01  -2.228717E-05  1.000000E+00  4.760795E-02  1.325338E-25  1.626055E-18   5.000000E-01 NotAppl  5.476541E-02  0.000000E+00  
2.702435E+03  1.837971E+00  -1.827354E+00  -5.143344E-06  1.000000E+00  1.305863E+00  5.004516E-27  1.603025E-20   5.000000E-01 NotAppl  8.864869E-04  0.000000E+00  
1.087686E+02  2.590535E-04  5.394158E-03  5.841417E-03  1.000000E+00  6.373118E-03  1.216079E-24  1.471321E-11   3.111404E-01 NotAppl  6.057206E+00  0.000000E+00  
3.252254E+01  7.555040E+01  -7.545658E+01  -1.458349E-01  1.000000E+00  6.439005E-03  5.968515E-27  1.076867E-07   0.000000E+00 XENON1T_2018  1.190312E-01  4.914942E-01  
1.454599E+03  1.835008E-01  2.776447E+02  -9.024398E-02  1.000000E+00  2.945021E-04  1.695200E-23  1.743521E-11   5.000000E-01 NotAppl  5.772275E+00  0.000000E+00  
5.098975E+01  1.939943E+01  -1.938342E+01  -9.899257E-09  1.000000E+00  1.509953E-03  1.275924E-40  1.988436E-22   5.000000E-01 NotAppl  1.586437E-15  8.097074E-14  
1.187567E+01  2.696902E+01  2.372793E+02  -5.265095E-08  1.000000E+00  1.202700E+06  4.501530E-40  1.056169E-19   5.000000E-01 NotAppl  2.767122E-14  6.622663E-13  
1.624993E+02  2.090120E+02  -1.098962E+02  5.494222E-01  1.000000E+00  2.093961E-04  1.529520E-23  5.715732E-08   0.000000E+00 XENON1T_2018  5.093903E+01  0.000000E+00  
7.155839E+01  1.861330E-04  4.088004E+02  3.345563E-03  1.000000E+00  5.412112E-03  1.722534E-29  1.137456E-11   2.966681E-01 NotAppl  1.511950E-04  0.000000E+00  
8.946358E+02  8.741792E+00  -8.277773E+00  -9.063222E-04  1.000000E+00  9.176560E-02  7.136968E-26  4.741476E-15   5.000000E-01 NotAppl  3.930050E-02  0.000000E+00  
1.176541E+02  3.737212E+01  -3.737163E+01  2.320389E-02  1.000000E+00  3.435216E-03  1.716854E-24  1.976424E-10   4.053046E-07 LZ5Tmedian  7.942521E+00  0.000000E+00  
5.476832E+03  3.914293E-01  1.719822E-02  -3.813189E-04  1.000000E+00  8.117843E+00  8.698596E-28  2.093844E-17   5.000000E-01 NotAppl  7.527776E-05  0.000000E+00  
1.235854E+03  5.868262E-03  3.571875E-02  -6.227991E-07  1.000000E+00  5.552634E-01  1.429850E-26  1.157837E-21   5.000000E-01 NotAppl  5.654668E-03  0.000000E+00  
7.321704E+02  1.344586E-04  5.294997E-03  -6.692111E-03  1.000000E+00  2.054297E-01  4.027155E-26  3.892594E-13   5.000000E-01 NotAppl  2.730000E-02  0.000000E+00  
2.510759E+01  2.193373E+01  -4.162102E+00  -1.907827E-07  1.000000E+00  1.866420E+03  7.902607E-39  3.110870E-19   5.000000E-01 NotAppl  2.092547E-13  5.776477E-12  
2.004523E+02  1.253808E+01  -1.253798E+01  6.891411E-02  1.000000E+00  9.178966E-03  7.007299E-25  5.848421E-10   1.385634E-12 LZ5Tmedian  1.836243E+00  0.000000E+00  
8.127592E+02  1.594574E-02  1.557768E+00  3.256812E-04  1.000000E+00  2.386765E-01  3.347720E-26  7.448360E-16   5.000000E-01 NotAppl  2.038284E-02  0.000000E+00  
1.202815E+02  3.447302E+00  -3.446756E+00  4.321797E-01  1.000000E+00  1.576416E-03  5.115124E-24  6.552752E-08   0.000000E+00 XENON1T_2018  2.306074E+01  0.000000E+00  
1.290689E+03  1.030501E+00  -1.029706E+00  1.170843E-08  1.000000E+00  5.612318E-01  1.374593E-26  3.745290E-25   5.000000E-01 NotAppl  5.196804E-03  0.000000E+00  
2.634288E+02  7.851812E+00  -7.849027E+00  -8.943690E-09  1.000000E+00  2.101900E-02  3.266953E-25  5.628090E-24   5.000000E-01 NotAppl  6.408197E-01  0.000000E+00  
5.668784E+03  9.605404E+01  2.867590E+02  1.805368E+00  1.000000E+00  1.148895E-04  4.379208E-23  4.376128E-10   4.631333E-01 NotAppl  3.708440E+00  0.000000E+00  
5.199630E+01  5.158965E-04  4.217777E+00  -4.523556E-10  1.000000E+00  2.454887E-03  3.143847E-43  3.989902E-25   5.000000E-01 NotAppl  3.830388E-18  1.408738E-16  
2.469728E+02  1.433495E+02  -1.433078E+02  5.799451E-04  1.000000E+00  1.065220E-03  6.077105E-24  2.700759E-14   5.000000E-01 NotAppl  1.2