MD1           DMP           DM3           l345          ld           Omegah2       sigV          protonSI      PvalDD        expName      CMB_ID        brH_DMDM      
6.349580E+01  3.377275E-04  2.175590E+02  3.737540E-01  1.000000E+00  6.666723E-04  1.983131E-23  1.812068E-07   0.000000E+00 XENON1T_2018  1.959415E+02  0.000000E+00  
3.270924E+01  5.975153E-04  7.995462E-03  -1.562150E-05  1.000000E+00  1.639824E-03  6.904311E-35  1.221361E-15   5.000000E-01 NotAppl  1.368537E-09  2.970368E-07  
4.926289E+03  1.475613E-03  1.880631E-02  -2.908853E-04  1.000000E+00  7.890265E+00  9.082897E-28  1.511284E-17   5.000000E-01 NotAppl  8.749514E-05  0.000000E+00  
2.238779E+01  1.226711E-02  3.668375E-02  -4.549662E-09  1.000000E+00  2.564405E-03  4.197931E-42  2.229081E-22   5.000000E-01 NotAppl  1.258406E-16  2.760578E-14  
1.467033E+03  2.130690E-01  -2.118948E-01  3.215915E-10  1.000000E+00  7.656457E-01  1.019726E-26  2.176013E-28   5.000000E-01 NotAppl  3.382005E-03  0.000000E+00  
2.048806E+01  3.625870E-04  1.173310E+02  2.723407E-03  1.000000E+00  1.379189E-03  1.443163E-30  9.546031E-11   4.448414E-04 LZ5Tmedian  4.764188E-05  9.717251E-03  
7.225075E+01  4.632040E-04  1.819661E+01  1.331901E-06  1.000000E+00  5.508650E-03  2.335311E-36  1.767661E-18   5.000000E-01 NotAppl  2.015121E-11  0.000000E+00  
7.328104E+02  3.486911E-02  2.169061E-01  1.680478E-04  1.000000E+00  2.051449E-01  4.022965E-26  2.450210E-16   5.000000E-01 NotAppl  2.724633E-02  0.000000E+00  
7.482502E+03  3.701155E+01  -2.350291E+01  -5.192626E-03  1.000000E+00  8.544537E-03  8.542461E-25  2.059516E-15   5.000000E-01 NotAppl  5.364027E-02  0.000000E+00  
9.155177E+01  6.759451E-02  9.965625E+02  2.181385E-02  1.000000E+00  3.513389E-03  1.089380E-24  2.921011E-10   3.263000E-12 LZ5Tmedian  6.580289E+00  0.000000E+00  
2.828446E+01  9.742620E-02  -9.311115E-02  1.886293E-07  1.000000E+00  3.267670E-03  8.502178E-39  2.390398E-19   5.000000E-01 NotAppl  1.973468E-13  4.531903E-11  
6.903418E+01  7.082581E-02  -2.678140E-02  3.816697E-08  1.000000E+00  5.996203E-03  4.454043E-39  1.593025E-21   5.000000E-01 NotAppl  4.054775E-14  0.000000E+00  
1.448285E+01  1.074474E-01  -8.709274E-02  7.437851E-04  1.000000E+00  2.025762E-03  9.590240E-32  1.423682E-11   5.000000E-01 NotAppl  4.680773E-06  7.659784E-04  
1.301019E+03  9.704536E-02  8.224868E+02  -3.728111E-07  1.000000E+00  5.579042E-05  9.387522E-23  3.735973E-22   5.000000E-01 NotAppl  3.584681E+01  0.000000E+00  
4.586633E+02  1.097616E-03  -4.040261E-04  -6.289594E-06  1.000000E+00  8.424113E-02  1.005597E-25  8.945330E-19   5.000000E-01 NotAppl  1.106492E-01  0.000000E+00  
2.915205E+03  1.783693E+00  7.470202E+01  2.713461E-07  1.000000E+00  3.130669E-03  1.542499E-24  3.823745E-23   5.000000E-01 NotAppl  2.575255E-01  0.000000E+00  
6.247901E+02  6.353898E+02  -6.204741E+02  1.064620E-07  1.000000E+00  5.967280E-05  8.198662E-23  1.362235E-22   5.000000E-01 NotAppl  6.544923E+01  0.000000E+00  
1.290103E+01  6.065254E-04  5.977835E+00  -6.988932E-08  1.000000E+00  6.187695E-04  8.167552E-40  1.580603E-19   5.000000E-01 NotAppl  4.558240E-14  6.457850E-12  
5.639048E+03  1.893827E-01  6.749278E+00  1.013027E-07  1.000000E+00  3.221000E-01  1.369999E-26  1.392654E-24   5.000000E-01 NotAppl  1.168754E-03  0.000000E+00  
8.889218E+01  4.586412E+02  -4.507044E+02  -3.671564E-09  1.000000E+00  2.229443E-03  1.225501E-24  8.790443E-24   5.000000E-01 NotAppl  7.691667E+00  0.000000E+00  
1.185467E+01  1.013945E+02  -1.013836E+02  3.913424E-09  1.000000E+00  1.553457E-01  2.485198E-42  5.855284E-22   5.000000E-01 NotAppl  1.530830E-16  2.148687E-14  
1.518449E+03  5.813075E+02  -5.629097E+02  4.619524E-02  1.000000E+00  4.361910E-05  1.333732E-22  4.185442E-12   5.000000E-01 NotAppl  4.254444E+01  0.000000E+00  
1.558632E+01  1.457338E-03  2.074170E+01  9.595657E+00  1.000000E+00  8.607464E-04  8.991590E-26  2.047699E-03   0.000000E+00 XENON1T_2018  4.149985E+00  2.599630E-01  
1.271332E+01  7.612090E+01  -7.612031E+01  -6.348509E-08  1.000000E+00  1.336087E-01  6.706190E-40  1.342505E-19   5.000000E-01 NotAppl  3.806967E-14  5.639033E-12  
1.277516E+02  2.750043E+00  8.754219E+00  4.917687E-01  1.000000E+00  9.838837E-04  5.765115E-24  7.498461E-08   0.000000E+00 XENON1T_2018  2.461654E+01  0.000000E+00  
9.742139E+03  4.333235E-02  6.740283E+01  -3.086314E-03  1.000000E+00  4.039347E-03  1.220079E-24  4.257182E-16   5.000000E-01 NotAppl  5.983953E-02  0.000000E+00  
8.412055E+03  1.110652E+01  -1.051493E+01  -3.322200E-01  1.000000E+00  9.041279E-02  6.577952E-26  6.645823E-12   5.000000E-01 NotAppl  3.665806E-03  0.000000E+00  
1.124383E+03  8.932444E+02  -8.266412E+02  -1.469085E-04  1.000000E+00  1.992489E-05  2.058110E-22  7.812831E-17   5.000000E-01 NotAppl  8.944855E+01  0.000000E+00  
7.225295E+02  3.162040E-01  1.193122E+01  2.171145E-07  1.000000E+00  7.008533E-02  8.119996E-26  4.209704E-22   5.000000E-01 NotAppl  5.623193E-02  0.000000E+00  
1.498656E+03  7.897250E-02  -7.796126E-02  2.763928E-09  1.000000E+00  8.006350E-01  9.751466E-27  1.538932E-26   5.000000E-01 NotAppl  3.164144E-03  0.000000E+00  
1.566807E+02  2.689066E-03  2.273125E+01  -8.145398E-08  1.000000E+00  7.728318E-03  8.464073E-25  1.353770E-21   5.000000E-01 NotAppl  2.878172E+00  0.000000E+00  
8.688109E+02  6.648985E-04  3.084021E+00  8.927690E-02  1.000000E+00  2.150348E-01  3.659151E-26  4.884304E-11   5.000000E-01 NotAppl  2.093771E-02  0.000000E+00  
9.258106E+01  1.506218E-01  4.008239E-01  -8.285327E-03  1.000000E+00  5.500639E-03  9.807320E-25  4.118478E-11   2.475853E-02 LZ5Tmedian  5.814925E+00  0.000000E+00  
1.585819E+02  6.496914E-01  9.120310E+00  -6.090027E+00  1.000000E+00  4.335524E-07  2.608871E-20  7.382806E-06   0.000000E+00 XENON1T_2018  1.036898E+05  0.000000E+00  
6.613756E+01  9.149908E+01  -9.126845E+01  3.458067E-08  1.000000E+00  1.170069E-02  1.227244E-38  1.427330E-21   5.000000E-01 NotAppl  1.166807E-13  0.000000E+00  
2.245183E+03  1.199670E+01  -8.737601E+00  -1.483278E-04  1.000000E+00  7.196606E-02  9.163289E-26  1.944636E-17   5.000000E-01 NotAppl  1.958404E-02  0.000000E+00  
2.124849E+03  1.903160E-02  2.271848E+01  -8.251536E-06  1.000000E+00  3.205448E-02  1.428937E-25  6.732837E-20   5.000000E-01 NotAppl  3.296821E-02  0.000000E+00  
1.229227E+01  2.047698E-03  8.922031E-01  -2.136699E-03  1.000000E+00  5.932945E-04  7.508360E-31  1.625231E-10   2.970656E-02 LZ5Tmedian  4.432186E-05  6.258213E-03  
1.363306E+02  8.986096E+02  -8.986089E+02  -2.502750E-01  1.000000E+00  1.316530E-03  4.221958E-24  1.699882E-08   0.000000E+00 LZ5Tmedian  1.745452E+01  0.000000E+00  
3.315216E+03  1.546959E-02  4.669143E-02  -9.834368E-05  1.000000E+00  3.665334E+00  2.004209E-27  3.866126E-18   5.000000E-01 NotAppl  2.887608E-04  0.000000E+00  
1.375567E+02  6.101941E+01  -6.095984E+01  -1.245256E-01  1.000000E+00  4.380225E-03  1.291433E-24  4.131706E-09   6.436677E-118 LZ5Tmedian  5.176393E+00  0.000000E+00  
7.615306E+02  3.203456E+00  -2.467328E+00  -1.907950E-04  1.000000E+00  1.738162E-01  4.344759E-26  2.919870E-16   5.000000E-01 NotAppl  2.827646E-02  0.000000E+00  
2.189407E+01  2.158407E-04  1.888858E+02  -2.993883E-04  1.000000E+00  1.534980E-03  1.797549E-32  1.009546E-12   5.000000E-01 NotAppl  5.520899E-07  1.198809E-04  
1.073181E+02  2.290761E+02  -2.020050E+02  2.384404E-04  1.000000E+00  1.006596E-03  2.922809E-24  2.519896E-14   5.000000E-01 NotAppl  1.492740E+01  0.000000E+00  
2.124408E+02  1.008666E-02  1.017702E+00  -1.543211E-08  1.000000E+00  1.921787E-02  4.309122E-25  2.603625E-23   5.000000E-01 NotAppl  1.057032E+00  0.000000E+00  
1.916867E+02  6.612304E-02  3.159208E-01  3.274333E+00  1.000000E+00  3.542844E-05  4.129840E-22  1.446985E-06   0.000000E+00 XENON1T_2018  1.329342E+03  0.000000E+00  
1.477668E+01  2.771345E-03  2.998262E+01  5.322144E-10  1.000000E+00  7.933910E-04  4.939755E-44  7.004335E-24   5.000000E-01 NotAppl  2.356627E-18  8.373135E-17  
6.726236E+02  3.641377E-04  9.282327E+00  -7.473411E-07  1.000000E+00  8.858994E-02  7.060047E-26  5.773306E-21   5.000000E-01 NotAppl  5.249856E-02  0.000000E+00  
6.948403E+01  8.430439E-03  5.453465E-02  4.919701E-09  1.000000E+00  5.874696E-03  6.438964E-41  2.611947E-23   5.000000E-01 NotAppl  5.784303E-16  0.000000E+00  
9.244003E+03  4.420811E-01  -4.418078E-01  -5.214547E-06  1.000000E+00  1.673229E+01  3.735958E-28  1.351938E-21   5.000000E-01 NotAppl  1.899394E-05  0.000000E+00  
8.441680E+02  2.816663E-03  1.012725E+01  2.939417E-02  1.000000E+00  9.601339E-02  6.090842E-26  5.615214E-12   5.000000E-01 NotAppl  3.596025E-02  0.000000E+00  
5.522119E+03  3.159505E+00  -3.157886E+00  -1.457074E-05  1.000000E+00  8.659796E-01  6.615406E-27  3.006502E-20   5.000000E-01 NotAppl  5.648315E-04  0.000000E+00  
2.432255E+01  2.377054E-01  5.114621E+00  1.939424E+00  1.000000E+00  2.341144E-03  5.890440E-25  3.427537E-05   0.000000E+00 XENON1T_2018  1.621698E+01  2.523557E-01  
1.677034E+03  4.389341E-01  -4.388059E-01  3.178650E-03  1.000000E+00  9.690645E-01  7.923642E-27  1.618369E-14   5.000000E-01 NotAppl  2.290779E-03  0.000000E+00  
1.266734E+02  1.326386E+01  4.879287E+02  9.986684E-01  1.000000E+00  9.011101E-05  3.595935E-23  3.146581E-07   0.000000E+00 XENON1T_2018  1.637737E+02  0.000000E+00  
2.152129E+01  1.960528E+01  -1.950324E+01  5.348130E-05  1.000000E+00  3.611718E-02  5.689049E-34  3.334735E-14   5.000000E-01 NotAppl  1.779218E-08  8.018252E-07  
3.766921E+03  5.109303E+01  -3.864920E+01  2.179090E-10  1.000000E+00  4.305747E-03  1.563648E-24  1.463721E-29   5.000000E-01 NotAppl  1.968900E-01  0.000000E+00  
3.112273E+02  2.597134E-01  4.926915E+00  1.119584E+00  1.000000E+00  3.290070E-03  3.301229E-24  6.268202E-08   0.000000E+00 XENON1T_2018  5.590710E+00  0.000000E+00  
2.684648E+01  3.924480E+01  -3.918580E+01  -6.488860E-03  1.000000E+00  1.683405E-02  9.610410E-30  3.143455E-10   6.238072E-16 LZ5Tmedian  2.360451E-04  4.909691E-02  
9.845882E+01  8.315292E-01  -8.274198E-01  1.326801E-10  1.000000E+00  5.661192E-03  1.227774E-24  9.309719E-27   5.000000E-01 NotAppl  6.794326E+00  0.000000E+00  
5.466205E+03  9.965370E+00  5.913482E+00  1.979435E-05  1.000000E+00  5.557200E-02  1.271754E-25  5.664541E-20   5.000000E-01 NotAppl  1.109427E-02  0.000000E+00  
9.037272E+02  7.322027E+02  -7.321981E+02  -4.942969E-09  1.000000E+00  5.569956E-05  1.347148E-22  1.381523E-25   5.000000E-01 NotAppl  7.335345E+01  0.000000E+00  
1.883250E+03  3.832591E+02  2.281811E+02  -4.536642E-05  1.000000E+00  2.549585E-05  1.418667E-22  2.602594E-18   5.000000E-01 NotAppl  3.667838E+01  0.000000E+00  
1.001600E+01  7.707629E+02  -7.707628E+02  1.574585E-03  1.000000E+00  2.224635E-01  3.721446E-31  1.318772E-10   3.116214E-01 NotAppl  2.794322E-05  3.472548E-03  
5.581518E+03  5.214857E+01  -5.199936E+01  9.713863E-04  1.000000E+00  4.241463E-03  1.592083E-24  1.307486E-16   5.000000E-01 NotAppl  1.343857E-01  0.000000E+00  
3.095923E+01  3.144679E+00  -3.142354E+00  7.572075E+00  1.000000E+00  5.352630E-03  1.754476E-25  3.207996E-04   0.000000E+00 XENON1T_2018  3.970286E+00  2.542655E-01  
4.159991E+01  1.402458E-02  8.334893E+00  8.718556E-09  1.000000E+00  2.648364E-04  3.591643E-41  2.334444E-22   5.000000E-01 NotAppl  5.505427E-16  5.117911E-14  
3.579162E+01  1.619777E+00  -1.618519E+00  -3.273877E-03  1.000000E+00  4.205722E-04  3.513931E-30  4.468472E-11   3.220419E-03 LZ5Tmedian  6.325681E-05  1.222810E-02  
8.574202E+01  1.833050E-03  2.319861E+00  -2.151167E-03  1.000000E+00  5.073935E-03  6.831542E-25  3.249149E-12   5.000000E-01 NotAppl  4.447938E+00  0.000000E+00  
2.593015E+01  9.234768E-03  3.564876E+00  3.163571E+00  1.000000E+00  1.812647E-03  6.156229E-25  8.014851E-05   0.000000E+00 XENON1T_2018  1.591325E+01  2.517001E-01  
8.207695E+01  2.448321E-04  2.507087E+01  1.088341E-06  1.000000E+00  4.871259E-03  4.817403E-25  9.095556E-19   5.000000E-01 NotAppl  3.344416E+00  0.000000E+00  
1.657998E+02  2.832414E+02  -2.832413E+02  2.982676E-07  1.000000E+00  8.708493E-04  6.894528E-24  1.616486E-20   5.000000E-01 NotAppl  2.272986E+01  0.000000E+00  
9.897539E+03  4.535699E+01  -4.307664E+01  -2.146513E-02  1.000000E+00  5.654857E-03  1.209642E-24  1.994137E-14   5.000000E-01 NotAppl  5.717990E-02  0.000000E+00  
2.494179E+03  1.597166E+02  -1.596842E+02  -2.464793E-07  1.000000E+00  5.029087E-04  1.410502E-23  4.334378E-23   5.000000E-01 NotAppl  2.704204E+00  0.000000E+00  
1.336305E+01  7.408714E-03  2.565767E-01  -1.057178E-04  1.000000E+00  8.491754E-04  1.890244E-33  3.373525E-13   5.000000E-01 NotAppl  1.012721E-07  1.559446E-05  
2.925578E+01  4.218225E+01  2.076471E+01  2.394105E+00  1.000000E+00  2.215384E-03  1.336788E-24  3.596380E-05   0.000000E+00 XENON1T_2018  2.989065E+01  9.998620E-01  
2.233365E+03  5.945357E-04  9.857741E+02  -3.598364E-01  1.000000E+00  3.217823E-05  1.639353E-22  1.156838E-10   5.000000E-01 NotAppl  3.596020E+01  0.000000E+00  
1.253918E+02  5.318330E+02  -4.976890E+02  1.541994E-04  1.000000E+00  6.081567E-04  4.887647E-24  7.659759E-15   5.000000E-01 NotAppl  2.133272E+01  0.000000E+00  
2.084685E+01  4.155454E-02  -2.243461E-03  6.800832E-10  1.000000E+00  2.596511E-03  9.067039E-44  5.748794E-24   5.000000E-01 NotAppl  2.938308E-18  6.228323E-16  
2.422289E+01  4.957487E-01  5.404607E+02  2.105216E-05  1.000000E+00  3.996349E-03  9.399324E-35  4.072177E-15   5.000000E-01 NotAppl  2.585103E-09  5.824952E-07  
6.466541E+01  5.032389E-01  1.758079E+01  1.378092E-08  1.000000E+00  5.472564E-03  5.617538E-39  2.373405E-22   5.000000E-01 NotAppl  5.466206E-14  0.000000E+00  
7.871836E+01  2.517533E+02  7.176145E+02  -8.377146E-03  1.000000E+00  2.450557E-02  3.085284E-29  5.869302E-11   2.727962E-03 LZ5Tmedian  2.457774E-04  0.000000E+00  
6.681667E+03  2.348145E+02  -1.693285E+02  1.283533E-05  1.000000E+00  1.884794E-04  3.258319E-23  1.583737E-20   5.000000E-01 NotAppl  2.293330E+00  0.000000E+00  
1.255583E+03  1.405412E-02  8.069598E-02  -3.209906E-03  1.000000E+00  5.720201E-01  1.385610E-26  2.977856E-14   5.000000E-01 NotAppl  5.389905E-03  0.000000E+00  
9.190431E+03  1.496401E+00  -1.496152E+00  -3.792229E-07  1.000000E+00  3.525529E+00  1.583748E-27  7.234994E-24   5.000000E-01 NotAppl  8.075763E-05  0.000000E+00  
2.492026E+01  2.543856E-01  9.366169E+01  5.092231E+00  1.000000E+00  2.442563E-03  5.241369E-25  2.250006E-04   0.000000E+00 XENON1T_2018  1.357494E+01  3.337235E-01  
1.026961E+02  3.548295E-02  2.920546E-01  -2.271990E-09  1.000000E+00  5.876377E-03  1.225270E-24  2.503964E-24   5.000000E-01 NotAppl  6.481370E+00  0.000000E+00  
1.230212E+03  5.110128E-02  -5.091756E-02  -4.512257E-05  1.000000E+00  5.503832E-01  1.443003E-26  6.134695E-18   5.000000E-01 NotAppl  5.733525E-03  0.000000E+00  
1.879527E+03  2.847780E+00  -2.754675E+00  -2.228803E-04  1.000000E+00  6.066619E-01  1.098372E-26  6.307140E-17   5.000000E-01 NotAppl  2.820822E-03  0.000000E+00  
4.630415E+03  1.046086E-02  1.539772E+02  -3.669279E-02  1.000000E+00  8.009146E-04  6.183221E-24  2.727472E-13   5.000000E-01 NotAppl  6.447712E-01  0.000000E+00  
5.000400E+02  1.290654E-02  2.928600E-02  1.818222E-03  1.000000E+00  9.927288E-02  8.505316E-26  6.265010E-14   5.000000E-01 NotAppl  8.556014E-02  0.000000E+00  
1.262302E+03  1.928018E+01  -1.927912E+01  2.187179E-01  1.000000E+00  2.362133E-02  2.933691E-25  1.367602E-10   3.419681E-01 NotAppl  1.133452E-01  0.000000E+00  
2.288054E+01  1.720863E+02  -1.720832E+02  5.881998E+00  1.000000E+00  6.089496E-03  8.150014E-25  3.565993E-04   0.000000E+00 XENON1T_2018  2.384774E+01  4.999994E-01  
1.023377E+02  1.700732E-02  1.944841E-02  1.403824E-10  1.000000E+00  5.980410E-03  1.225316E-24  9.628360E-27   5.000000E-01 NotAppl  6.505389E+00  0.000000E+00  
4.365229E+03  8.452910E-04  3.533027E+00  8.601283E-03  1.000000E+00  1.005070E+00  4.582142E-27  1.689708E-14   5.000000E-01 NotAppl  5.051971E-04  0.000000E+00  
4.792286E+01  2.232398E-03  -2.115223E-03  -3.723234E-05  1.000000E+00  8.808570E-04  1.189956E-33  3.191838E-15   5.000000E-01 NotAppl  1.573564E-08  1.271128E-06  
2.318971E+03  5.492413E+00  3.979120E+01  1.992268E-07  1.000000E+00  8.914004E-03  5.644970E-25  3.284612E-23   5.000000E-01 NotAppl  1.190445E-01  0.000000E+00  
2.534419E+02  1.114223E+02  -1.114221E+02  -3.911865E-06  1.000000E+00  1.467213E-03  4.400794E-24  1.165404E-18   5.000000E-01 NotAppl  9.047634E+00  0.000000E+00  
5.153602E+03  1.379554E+01  -1.378115E+01  -8.293872E-07  1.000000E+00  5.467785E-02  1.129287E-25  1.120952E-22   5.000000E-01 NotAppl  1.033496E-02  0.000000E+00  
7.279041E+01  1.508661E-01  5.150533E+00  -1.298602E-01  1.000000E+00  5.753872E-03  1.980675E-26  1.655033E-08   0.000000E+00 XENON1T_2018  1.695158E-01  0.000000E+00  
1.161221E+03  5.411138E-01  5.321691E+02  -1.629877E-01  1.000000E+00  1.094166E-04  4.666189E-23  9.004418E-11   4.642106E-01 NotAppl  2.002213E+01  0.000000E+00  
1.113663E+03  9.001581E-01  -8.999955E-01  -2.706728E-03  1.000000E+00  4.361013E-01  1.802271E-26  2.704548E-14   5.000000E-01 NotAppl  7.930909E-03  0.000000E+00  
4.071860E+02  2.310020E-01  -2.015238E-01  1.212835E-03  1.000000E+00  6.675217E-02  1.267456E-25  4.243558E-14   5.000000E-01 NotAppl  1.578326E-01  0.000000E+00  
9.081959E+02  4.873495E+01  -4.837616E+01  4.974213E-06  1.000000E+00  4.908203E-03  1.341001E-24  1.385023E-19   5.000000E-01 NotAppl  7.263914E-01  0.000000E+00  
5.969991E+03  1.914434E+00  -1.913090E+00  -1.048059E-02  1.000000E+00  2.084911E+00  2.725276E-27  1.327494E-14   5.000000E-01 NotAppl  2.151357E-04  0.000000E+00  
3.567977E+02  4.435584E-01  -4.416421E-01  -8.269769E-09  1.000000E+00  5.163163E-02  1.634461E-25  2.585388E-24   5.000000E-01 NotAppl  2.334631E-01  0.000000E+00  
1.084239E+01  1.461650E+02  -1.371802E+02  2.548106E-08  1.000000E+00  6.677698E+03  1.014903E-40  2.957856E-20   5.000000E-01 NotAppl  6.941674E-15  8.160434E-13  
4.318565E+02  3.838907E+00  2.674888E+01  6.556727E-07  1.000000E+00  1.392761E-02  3.541532E-25  1.099590E-20   5.000000E-01 NotAppl  4.172113E-01  0.000000E+00  
2.387699E+02  6.067745E-04  6.200294E+01  -1.049428E-05  1.000000E+00  4.810626E-03  1.081664E-24  9.476959E-18   5.000000E-01 NotAppl  2.340338E+00  0.000000E+00  
2.596630E+02  1.794205E-01  -1.717822E-01  7.902078E-09  1.000000E+00  2.853933E-02  2.976947E-25  4.525001E-24   5.000000E-01 NotAppl  5.922296E-01  0.000000E+00  
1.224395E+03  2.149850E+02  -1.841038E+02  -3.318266E-09  1.000000E+00  2.078548E-04  2.288996E-23  3.349867E-26   5.000000E-01 NotAppl  9.113595E+00  0.000000E+00  
3.468198E+02  4.194673E-02  4.077164E+00  -1.728379E-04  1.000000E+00  4.432978E-02  1.775745E-25  1.196828E-15   5.000000E-01 NotAppl  2.612863E-01  0.000000E+00  
3.167566E+03  9.078356E+00  -8.942133E+00  3.091332E-03  1.000000E+00  1.192097E-01  5.086184E-26  4.191236E-15   5.000000E-01 NotAppl  7.640466E-03  0.000000E+00  
9.988292E+02  4.020964E-04  2.201937E-02  1.894784E-03  1.000000E+00  3.706109E-01  2.181172E-26  1.654959E-14   5.000000E-01 NotAppl  1.073496E-02  0.000000E+00  
1.117743E+03  2.324412E+02  -2.064874E+02  8.658488E-03  1.000000E+00  1.892497E-04  2.574550E-23  2.746933E-13   5.000000E-01 NotAppl  1.125839E+01  0.000000E+00  
4.894663E+01  7.450265E+02  -7.450245E+02  -3.728069E+00  1.000000E+00  5.313378E-04  3.577048E-24  3.065248E-05   0.000000E+00 XENON1T_2018  4.641416E+01  4.999970E-01  
1.193546E+02  2.312928E-03  1.147380E+02  3.739831E-10  1.000000E+00  3.216300E-03  1.686113E-24  4.985244E-26   5.000000E-01 NotAppl  7.546931E+00  0.000000E+00  
1.027579E+01  3.943617E+00  -3.846512E+00  -7.664488E-07  1.000000E+00  2.146258E-01  8.941913E-38  2.972352E-17   5.000000E-01 NotAppl  6.515733E-12  8.034439E-10  
9.581205E+03  3.001917E-01  -2.999225E-01  -2.617584E-10  1.000000E+00  2.211141E+01  2.935410E-28  3.167606E-30   5.000000E-01 NotAppl  1.440369E-05  0.000000E+00  
1.686676E+03  5.706590E-04  1.711072E-04  -1.381041E-04  1.000000E+00  1.003549E+00  7.705064E-27  3.019465E-17   5.000000E-01 NotAppl  2.214655E-03  0.000000E+00  
2.279085E+03  2.120978E+01  -2.102197E+01  -9.621163E-08  1.000000E+00  2.378683E-02  2.670776E-25  7.935803E-24   5.000000E-01 NotAppl  5.616228E-02  0.000000E+00  
3.696398E+01  3.349626E+01  -3.349037E+01  1.479478E-07  1.000000E+00  2.228997E-03  7.646347E-39  8.547190E-20   5.000000E-01 NotAppl  1.328078E-13  2.522256E-11  
4.384862E+01  1.388076E+01  -1.364005E+01  4.529059E-01  1.000000E+00  4.230170E-05  1.162332E-25  5.659625E-07   0.000000E+00 XENON1T_2018  1.689504E+00  3.013351E-01  
4.031329E+02  3.847531E-04  5.499502E-01  -1.639563E-02  1.000000E+00  6.535743E-02  1.289250E-25  7.915401E-12   5.000000E-01 NotAppl  1.622653E-01  0.000000E+00  
4.597592E+03  4.897036E+02  -4.896985E+02  2.343562E-06  1.000000E+00  5.914365E-05  1.270183E-22  1.128845E-21   5.000000E-01 NotAppl  1.305291E+01  0.000000E+00  
6.993056E+01  6.901274E+00  -6.556760E+00  2.908809E-02  1.000000E+00  1.448095E-02  1.976427E-27  9.012312E-10   4.090610E-43 LZ5Tmedian  1.764123E-02  0.000000E+00  
1.550771E+01  2.200889E-03  5.136649E-01  1.832105E-02  1.000000E+00  9.766576E-04  5.938208E-29  7.540300E-09   6.897642E-149 LZ5Tmedian  2.679711E-03  1.609568E-01  
2.539187E+03  1.104449E+01  -1.043742E+01  1.141479E-09  1.000000E+00  8.252559E-02  7.516329E-26  8.963656E-28   5.000000E-01 NotAppl  1.415273E-02  0.000000E+00  
3.061699E+03  7.576014E-03  6.535776E+01  6.755484E-07  1.000000E+00  4.214229E-03  1.131284E-24  2.144922E-22   5.000000E-01 NotAppl  1.796372E-01  0.000000E+00  
1.335822E+03  8.474790E+01  -8.464265E+01  -7.879699E-02  1.000000E+00  1.759562E-03  3.887137E-24  1.581465E-11   5.000000E-01 NotAppl  1.414721E+00  0.000000E+00  
3.432610E+01  8.189887E-04  2.245601E+01  7.471362E-10  1.000000E+00  9.602983E-04  1.700450E-43  2.533324E-24   5.000000E-01 NotAppl  3.200504E-18  1.706114E-16  
3.056466E+01  8.426223E+00  1.638963E+01  1.603080E-09  1.000000E+00  8.613663E-02  6.661495E-43  1.475705E-23   5.000000E-01 NotAppl  1.420839E-17  5.935501E-16  
4.171697E+02  1.300162E+01  -1.298876E+01  7.574779E-08  1.000000E+00  3.028576E-02  2.154135E-25  1.575220E-22   5.000000E-01 NotAppl  2.618459E-01  0.000000E+00  
1.437326E+01  1.271220E+02  6.235879E+02  -1.555662E+00  1.000000E+00  7.267651E-03  4.150092E-25  6.322618E-05   0.000000E+00 XENON1T_2018  2.043308E+01  9.997026E-01  
1.718032E+01  8.942225E-02  -8.710376E-02  -1.166738E-02  1.000000E+00  2.464151E-03  2.484701E-29  2.493023E-09   1.775581E-63 LZ5Tmedian  9.985811E-04  1.073989E-01  
4.261276E+02  2.107821E+00  -9.552766E-01  -2.931807E-01  1.000000E+00  4.168352E-02  2.120445E-25  2.259402E-09   4.046006E-23 LZ5Tmedian  2.639656E-01  0.000000E+00  
1.469032E+02  1.186550E-03  8.665986E+02  2.144527E-04  1.000000E+00  1.252012E-03  3.578052E-24  1.070901E-14   5.000000E-01 NotAppl  1.275732E+01  0.000000E+00  
1.627612E+01  1.609164E-02  -7.082936E-03  -6.384418E+00  1.000000E+00  1.666567E-03  1.815452E-25  8.315457E-04   0.000000E+00 XENON1T_2018  7.831849E+00  2.500112E-01  
1.466684E+02  4.667425E-02  9.725333E+00  -9.319601E-06  1.000000E+00  8.213579E-03  8.366387E-25  2.029107E-17   5.000000E-01 NotAppl  3.055922E+00  0.000000E+00  
8.391647E+03  1.579313E+01  -1.577466E+01  4.918260E-07  1.000000E+00  4.260067E-02  1.473754E-25  1.463736E-23   5.000000E-01 NotAppl  8.230671E-03  0.000000E+00  
5.636351E+01  1.762741E-04  1.998832E+01  -2.438103E+00  1.000000E+00  8.287307E-04  7.737068E-24  9.833019E-06   0.000000E+00 XENON1T_2018  8.953715E+01  3.333042E-01  
2.963785E+02  8.313676E+02  -8.305090E+02  -3.964310E+00  1.000000E+00  3.998550E-05  1.714229E-22  8.686371E-07   0.000000E+00 XENON1T_2018  3.580078E+02  0.000000E+00  
1.852891E+02  1.655919E-01  -1.649334E-01  5.582983E-04  1.000000E+00  1.536545E-02  5.479593E-25  4.509873E-14   5.000000E-01 NotAppl  1.550941E+00  0.000000E+00  
1.195486E+03  2.453317E-01  3.160266E+02  3.800786E-07  1.000000E+00  2.467724E-04  2.043657E-23  4.614489E-22   5.000000E-01 NotAppl  8.511417E+00  0.000000E+00  
5.402460E+03  3.339776E-02  8.821398E+00  3.607121E-10  1.000000E+00  1.996437E-01  2.189475E-26  1.926456E-29   5.000000E-01 NotAppl  1.951560E-03  0.000000E+00  
2.988887E+01  1.542911E+00  3.418643E+01  -1.278688E-04  1.000000E+00  5.191551E-03  4.132307E-33  9.823913E-14   5.000000E-01 NotAppl  9.019725E-08  2.003615E-05  
2.436271E+01  1.344050E+01  -1.208434E+01  -9.076543E-09  1.000000E+00  4.424156E-02  1.753572E-41  7.482264E-22   5.000000E-01 NotAppl  4.797207E-16  3.796919E-14  
4.016271E+02  4.339589E-02  -4.193121E-02  -8.393398E-06  1.000000E+00  6.537815E-02  1.300255E-25  2.090346E-18   5.000000E-01 NotAppl  1.642503E-01  0.000000E+00  
2.454784E+01  4.308700E-01  2.247099E+02  1.828879E+00  1.000000E+00  2.806701E-03  6.168619E-25  2.991788E-05   0.000000E+00 XENON1T_2018  1.680914E+01  3.338506E-01  
3.652034E+02  3.768850E+02  -3.768018E+02  1.055157E+00  1.000000E+00  1.772105E-04  3.952965E-23  4.013045E-08   0.000000E+00 LZ5Tmedian  5.543482E+01  0.000000E+00  
1.689890E+03  3.326764E-02  -2.528417E-02  -6.669338E+00  1.000000E+00  3.188300E-03  4.083498E-24  7.014504E-08   1.170864E-179 LZ5Tmedian  1.256316E+00  0.000000E+00  
9.272098E+01  1.799025E+00  -6.067029E-01  9.812192E-10  1.000000E+00  4.714199E-03  1.068739E-24  5.758445E-25   5.000000E-01 NotAppl  6.326089E+00  0.000000E+00  
2.585277E+01  5.153869E-03  5.747784E+01  2.743383E-09  1.000000E+00  1.947288E-03  1.668392E-42  6.063655E-23   5.000000E-01 NotAppl  4.272516E-17  9.787873E-15  
1.005431E+01  6.871976E-03  3.501721E-01  8.895592E-07  1.000000E+00  4.744612E-04  1.190324E-37  4.177852E-17   5.000000E-01 NotAppl  8.897609E-12  1.115533E-09  
7.336471E+03  1.205764E-02  1.404172E+02  9.703642E-05  1.000000E+00  9.627687E-04  5.224549E-24  7.485981E-19   5.000000E-01 NotAppl  3.414762E-01  0.000000E+00  
2.712704E+03  4.836214E-02  1.949011E-01  1.452726E-01  1.000000E+00  2.057465E+00  3.855974E-27  1.269005E-11   5.000000E-01 NotAppl  6.891776E-04  0.000000E+00  
1.530409E+02  6.259076E+02  -6.259054E+02  -4.199351E-06  1.000000E+00  7.616254E-04  7.759998E-24  3.775810E-18   5.000000E-01 NotAppl  2.776981E+01  0.000000E+00  
3.401469E+01  8.384778E+02  -8.384776E+02  -1.419953E-09  1.000000E+00  4.791040E-03  6.051320E-43  9.321172E-24   5.000000E-01 NotAppl  1.150024E-17  2.416948E-15  
2.264315E+01  1.903115E+02  -1.902836E+02  -7.479782E-04  1.000000E+00  3.075076E-02  1.141332E-31  5.888836E-12   5.000000E-01 NotAppl  3.379349E-06  7.440638E-04  
2.756056E+02  3.919351E+02  -2.292400E+02  -1.589540E-09  1.000000E+00  1.448072E-04  2.325463E-23  1.620599E-25   5.000000E-01 NotAppl  4.372700E+01  0.000000E+00  
5.483595E+01  3.976772E+02  -3.976071E+02  7.242782E-02  1.000000E+00  3.170697E-03  1.441941E-26  9.177614E-09   0.000000E+00 LZ5Tmedian  1.656387E-01  4.384050E-01  
7.118514E+03  3.547172E+02  -3.547151E+02  6.369249E-09  1.000000E+00  1.058184E-04  7.067444E-23  3.428975E-27   5.000000E-01 NotAppl  4.661888E+00  0.000000E+00  
1.163101E+01  6.400333E+01  -6.400245E+01  2.867383E-05  1.000000E+00  1.619926E-01  1.324347E-34  3.263432E-14   5.000000E-01 NotAppl  8.340626E-09  1.154485E-06  
4.631077E+02  5.573982E-02  1.933964E-01  4.683905E-09  1.000000E+00  8.540932E-02  9.874309E-26  4.864077E-25   5.000000E-01 NotAppl  1.075686E-01  0.000000E+00  
5.886707E+02  8.162807E+00  -8.162587E+00  1.176914E-03  1.000000E+00  6.840717E-02  1.004463E-25  1.880251E-14   5.000000E-01 NotAppl  8.531900E-02  0.000000E+00  
1.050792E+03  8.625273E-02  1.151914E+00  3.000971E-06  1.000000E+00  3.902413E-01  2.015122E-26  3.743123E-20   5.000000E-01 NotAppl  9.417432E-03  0.000000E+00  
1.206890E+03  4.495030E+01  -4.492220E+01  -1.790862E+00  1.000000E+00  8.929881E-03  5.909091E-25  1.004821E-08   1.594491E-36 LZ5Tmedian  2.551042E-01  0.000000E+00  
2.922668E+01  2.283007E-04  1.187291E+02  2.203468E-05  1.000000E+00  2.014292E-03  1.198213E-34  3.052583E-15   5.000000E-01 NotAppl  2.680187E-09  6.130467E-07  
1.245679E+01  3.652193E-02  -2.043914E-02  2.470753E-04  1.000000E+00  1.200769E-03  1.008685E-32  2.116906E-12   5.000000E-01 NotAppl  5.862582E-07  8.541774E-05  
2.716368E+03  1.131806E+01  6.408052E+02  -2.284608E-07  1.000000E+00  5.613017E-05  8.948768E-23  3.129864E-23   5.000000E-01 NotAppl  1.606218E+01  0.000000E+00  
2.377100E+01  1.604893E+02  -1.604892E+02  -1.212598E-01  1.000000E+00  2.594869E-02  3.082685E-27  1.403317E-07   0.000000E+00 XENON1T_2018  8.659490E-02  4.874574E-01  
8.902226E+02  8.647599E+01  -8.647078E+01  3.179556E-06  1.000000E+00  1.717851E-03  3.981357E-24  5.894769E-20   5.000000E-01 NotAppl  2.201922E+00  0.000000E+00  
9.049760E+02  3.153796E+02  -3.153763E+02  2.075201E-10  1.000000E+00  1.813632E-04  4.029299E-23  2.428165E-28   5.000000E-01 NotAppl  2.190862E+01  0.000000E+00  
2.797741E+01  1.261835E-03  -8.985288E-04  3.284122E-05  1.000000E+00  2.884234E-03  2.551284E-34  7.407625E-15   5.000000E-01 NotAppl  5.993223E-09  1.377661E-06  
4.981130E+02  2.186369E-04  1.183046E+02  -2.333416E-08  1.000000E+00  1.620004E-03  2.974469E-24  1.040020E-23   5.000000E-01 NotAppl  3.035401E+00  0.000000E+00  
2.219291E+02  7.016170E+00  3.566276E+02  -7.536737E+00  1.000000E+00  7.125517E-07  8.056762E-21  5.678215E-06   0.000000E+00 XENON1T_2018  2.279960E+04  0.000000E+00  
5.342665E+01  6.806755E-01  1.333765E+02  8.717080E-03  1.000000E+00  3.658985E-03  1.526396E-28  1.401902E-10   3.136915E-08 LZ5Tmedian  1.801422E-03  4.556759E-02  
1.268699E+03  1.977867E+02  -1.968098E+02  2.976429E-09  1.000000E+00  3.580703E-04  1.957499E-23  2.506703E-26   5.000000E-01 NotAppl  7.510014E+00  0.000000E+00  
8.666778E+03  1.547545E+00  -1.547272E+00  4.036582E-04  1.000000E+00  3.278439E+00  1.709409E-27  9.234515E-18   5.000000E-01 NotAppl  9.249168E-05  0.000000E+00  
1.877597E+01  2.602718E-02  2.014971E+01  -9.543326E-07  1.000000E+00  1.286858E-03  1.712877E-37  1.396419E-17   5.000000E-01 NotAppl  6.231770E-12  4.492235E-10  
5.997584E+01  1.442481E+01  -1.435029E+01  6.278385E-04  1.000000E+00  6.509876E-03  9.199190E-30  5.744350E-13   5.000000E-01 NotAppl  9.625109E-05  1.583525E-04  
7.529817E+02  1.070156E+00  -1.055296E+00  9.469766E+00  1.000000E+00  4.503469E-04  3.059731E-23  7.360782E-07   0.000000E+00 XENON1T_2018  2.037159E+01  0.000000E+00  
7.895200E+01  4.344519E+01  -4.278771E+01  4.031671E-10  1.000000E+00  1.557911E-02  6.926747E-44  1.351247E-25   5.000000E-01 NotAppl  5.502006E-19  0.000000E+00  
6.335654E+01  1.345781E+02  3.457144E+02  -1.098082E-01  1.000000E+00  3.237847E-03  2.322549E-24  1.571132E-08   0.000000E+00 XENON1T_2018  2.295861E+01  0.000000E+00  
1.842551E+01  5.196451E+01  -5.187685E+01  -1.377850E-10  1.000000E+00  5.567786E-02  3.546613E-45  3.022790E-25   5.000000E-01 NotAppl  1.317695E-19  2.592656E-17  
1.155658E+01  4.947174E-03  2.696895E-02  -3.517212E-06  1.000000E+00  8.484666E-04  1.987571E-36  4.972574E-16   5.000000E-01 NotAppl  1.261202E-10  1.736630E-08  
1.440522E+03  1.848030E-04  9.427719E-04  6.531059E-09  1.000000E+00  7.431143E-01  1.054524E-26  9.314734E-26   5.000000E-01 NotAppl  3.563550E-03  0.000000E+00  
2.017799E+03  1.940750E+01  -4.116479E+00  -3.168425E-07  1.000000E+00  2.338711E-02  2.879105E-25  1.102947E-22   5.000000E-01 NotAppl  6.891964E-02  0.000000E+00  
1.642285E+03  4.404528E-02  -4.331119E-02  -1.184757E-04  1.000000E+00  9.535561E-01  8.126289E-27  2.346323E-17   5.000000E-01 NotAppl  2.400458E-03  0.000000E+00  
3.436913E+01  7.212895E-01  -6.226590E-01  1.872509E-06  1.000000E+00  9.596662E-04  1.070311E-36  1.587211E-17   5.000000E-01 NotAppl  2.011798E-11  4.154246E-09  
5.607578E+01  3.563508E-03  -8.438019E-04  -1.253193E-06  1.000000E+00  3.299558E-03  6.020754E-36  2.625137E-18   5.000000E-01 NotAppl  6.755143E-11  9.906693E-10  
4.495306E+01  6.863068E+00  -4.857734E+00  1.468173E-05  1.000000E+00  2.280396E-04  1.351179E-34  5.653729E-16   5.000000E-01 NotAppl  1.909847E-09  1.151436E-07  
1.212458E+01  1.157875E-02  3.470609E-01  -4.688356E-06  1.000000E+00  6.854914E-04  3.597032E-36  8.039423E-16   5.000000E-01 NotAppl  2.158097E-10  3.079800E-08  
1.043327E+03  4.221009E+02  -4.220990E+02  1.886844E-10  1.000000E+00  1.087664E-04  6.818588E-23  1.501418E-28   5.000000E-01 NotAppl  3.200862E+01  0.000000E+00  
3.125812E+02  1.157348E-03  6.481587E-02  -6.222999E-06  1.000000E+00  4.060541E-02  2.100417E-25  1.919415E-18   5.000000E-01 NotAppl  3.443649E-01  0.000000E+00  
7.323940E+03  4.027706E+01  7.703792E+02  -1.876758E+00  1.000000E+00  3.251166E-05  1.577066E-22  2.809985E-10   5.000000E-01 NotAppl  1.032453E+01  0.000000E+00  
1.337016E+02  2.664146E+00  -2.662917E+00  2.110171E-07  1.000000E+00  7.726078E-03  9.300743E-25  1.257638E-20   5.000000E-01 NotAppl  3.744695E+00  0.000000E+00  
3.842115E+02  3.848389E+01  8.568667E+02  -1.274063E-06  1.000000E+00  1.247713E-04  2.662259E-23  5.273789E-20   5.000000E-01 NotAppl  3.544500E+01  0.000000E+00  
2.446509E+02  1.565812E-03  4.741463E+00  6.880136E-07  1.000000E+00  2.269583E-02  3.406526E-25  3.875342E-20   5.000000E-01 NotAppl  7.210832E-01  0.000000E+00  
1.896438E+01  3.193365E+00  -3.181683E+00  4.226217E-10  1.000000E+00  4.942505E-02  3.371350E-44  2.684302E-24   5.000000E-01 NotAppl  1.212999E-18  2.307367E-16  
9.147074E+01  2.495786E+01  -2.495497E+01  -2.105341E-06  1.000000E+00  4.524435E-03  1.064669E-24  2.725851E-18   5.000000E-01 NotAppl  6.453008E+00  0.000000E+00  
8.588927E+02  5.581666E+00  -5.579395E+00  -4.657353E-10  1.000000E+00  1.462562E-01  4.756159E-26  1.360772E-27   5.000000E-01 NotAppl  2.732808E-02  0.000000E+00  
2.415985E+01  1.119471E-04  7.091377E+00  2.886930E-04  1.000000E+00  1.773983E-03  1.764699E-32  7.698176E-13   5.000000E-01 NotAppl  4.867144E-07  8.911099E-05  
9.672072E+03  4.794225E+01  -4.789254E+01  -3.144224E+00  1.000000E+00  5.545410E-03  1.107602E-24  4.483671E-10   5.000000E-01 NotAppl  5.366531E-02  0.000000E+00  
1.884628E+03  1.439288E-01  -1.431790E-01  4.365492E-06  1.000000E+00  1.236395E+00  6.190145E-27  2.406337E-20   5.000000E-01 NotAppl  1.588023E-03  0.000000E+00  
2.640018E+02  4.299708E-01  -4.296844E-01  5.122537E-02  1.000000E+00  2.785229E-02  3.104276E-25  1.838083E-10   1.309249E-03 LZ5Tmedian  6.084773E-01  0.000000E+00  
2.325787E+01  4.242266E-04  8.697516E-01  -8.736984E-02  1.000000E+00  1.844131E-03  1.580170E-27  7.612805E-08   0.000000E+00 XENON1T_2018  4.544660E-02  2.462549E-01  
7.370398E+03  6.755401E+02  -6.752668E+02  -4.788085E-04  1.000000E+00  3.128523E-05  2.455405E-22  1.805645E-17   5.000000E-01 NotAppl  1.563627E+01  0.000000E+00  
4.519603E+02  8.728944E-03  1.986648E+00  1.468367E-04  1.000000E+00  7.834530E-02  1.047314E-25  5.024578E-16   5.000000E-01 NotAppl  1.170263E-01  0.000000E+00  
4.025362E+01  4.773647E-03  3.550434E-02  -3.233396E-08  1.000000E+00  5.874670E-05  4.483698E-40  3.432975E-21   5.000000E-01 NotAppl  7.129390E-15  1.142417E-12  
9.537089E+01  2.609378E-02  5.665100E+00  3.076075E-02  1.000000E+00  4.220522E-03  1.455746E-24  5.341758E-10   4.177113E-21 LZ5Tmedian  8.340398E+00  0.000000E+00  
2.010981E+01  3.001662E+02  -3.001554E+02  4.367526E-03  1.000000E+00  4.375916E-02  3.682855E-30  2.548693E-10   2.073980E-09 LZ5Tmedian  1.241717E-04  2.453610E-02  
1.767708E+01  1.047801E-02  3.086161E+01  6.545204E-04  1.000000E+00  1.112830E-03  7.891850E-32  7.411123E-12   5.000000E-01 NotAppl  3.070303E-06  1.075501E-04  
6.183356E+02  1.613282E+00  -1.441638E-01  1.809340E-02  1.000000E+00  1.321672E-01  5.982186E-26  4.019030E-12   5.000000E-01 NotAppl  4.831575E-02  0.000000E+00  
4.052694E+01  3.007081E+00  -3.006924E+00  5.350245E-01  1.000000E+00  4.253926E-04  1.248890E-25  9.270942E-07   0.000000E+00 XENON1T_2018  1.973373E+00  2.531972E-01  
5.831170E+02  1.346807E-04  6.060043E-04  -4.551090E-04  1.000000E+00  1.331594E-01  6.296833E-26  2.866637E-15   5.000000E-01 NotAppl  5.401426E-02  0.000000E+00  
1.140650E+02  1.024396E-02  4.503080E+02  -1.334933E-02  1.000000E+00  2.475889E-03  1.879185E-24  6.970439E-11   4.874412E-03 LZ5Tmedian  8.780592E+00  0.000000E+00  
1.466954E+03  8.508331E-04  4.446577E+00  1.958023E-07  1.000000E+00  3.881504E-01  1.549941E-26  8.067436E-23   5.000000E-01 NotAppl  5.172140E-03  0.000000E+00  
1.190549E+02  4.646808E-04  1.302918E+00  -1.400776E-02  1.000000E+00  7.098181E-03  1.019013E-24  7.030057E-11   5.601599E-03 LZ5Tmedian  4.623828E+00  0.000000E+00  
4.192667E+01  1.510658E+01  -1.508194E+01  1.279599E-01  1.000000E+00  1.807129E-04  7.928154E-27  4.949142E-08   0.000000E+00 XENON1T_2018  1.207696E-01  2.372346E-01  
1.892746E+01  1.090444E-04  1.876306E-01  -1.108324E-01  1.000000E+00  1.641366E-03  2.316835E-27  1.853347E-07   0.000000E+00 XENON1T_2018  8.353499E-02  2.466484E-01  
1.138008E+02  9.170496E+00  6.756605E+01  2.323599E-03  1.000000E+00  2.049727E-03  1.604605E-24  2.121915E-12   5.000000E-01 NotAppl  7.574379E+00  0.000000E+00  
2.177677E+02  6.319197E+01  4.357213E+02  -2.910812E-01  1.000000E+00  4.612853E-04  6.643957E-24  8.804758E-09   4.152818E-166 LZ5Tmedian  1.593250E+01  0.000000E+00  
1.220722E+03  6.768251E-04  8.961868E+02  2.794144E-09  1.000000E+00  5.222823E-05  1.004309E-22  2.389817E-26   5.000000E-01 NotAppl  4.094042E+01  0.000000E+00  
7.539942E+01  1.064040E+01  -1.063653E+01  2.953742E-01  1.000000E+00  1.484806E-02  6.304806E-26  7.968188E-08   0.000000E+00 XENON1T_2018  5.244723E-01  0.000000E+00  
7.981636E+03  4.118522E-04  1.605667E+00  6.262084E-01  1.000000E+00  2.137256E+00  3.538207E-27  2.627015E-11   5.000000E-01 NotAppl  2.155502E-04  0.000000E+00  
1.932943E+02  6.454460E-02  1.869515E+02  5.484063E-05  1.000000E+00  1.472518E-03  3.239910E-24  3.990158E-16   5.000000E-01 NotAppl  8.686530E+00  0.000000E+00  
1.427826E+03  5.483690E-03  -1.366993E-03  -9.374082E-03  1.000000E+00  7.303320E-01  1.074006E-26  1.953894E-13   5.000000E-01 NotAppl  3.662735E-03  0.000000E+00  
5.022299E+03  1.082836E-04  7.475574E-01  2.605073E-06  1.000000E+00  6.205913E+00  1.024816E-27  1.165465E-21   5.000000E-01 NotAppl  9.704246E-05  0.000000E+00  
1.742830E+02  7.394403E-01  -3.023777E-01  1.083437E+00  1.000000E+00  1.032843E-03  1.100408E-23  1.925515E-07   0.000000E+00 XENON1T_2018  3.548866E+01  0.000000E+00  
9.008749E+02  7.867792E+00  -5.281116E+00  -2.382542E-04  1.000000E+00  1.043306E-01  6.450579E-26  3.230476E-16   5.000000E-01 NotAppl  3.528794E-02  0.000000E+00  
2.978544E+02  8.316228E+01  -7.845404E+01  5.037675E-09  1.000000E+00  1.610389E-03  3.044783E-24  1.388499E-24   5.000000E-01 NotAppl  5.280947E+00  0.000000E+00  
4.725915E+02  4.428813E-01  3.389216E-01  3.892028E-06  1.000000E+00  8.624065E-02  9.527688E-26  3.222018E-19   5.000000E-01 NotAppl  1.016337E-01  0.000000E+00  
1.712695E+01  1.609119E-03  4.570261E+00  -1.107654E-02  1.000000E+00  1.020752E-03  2.237210E-29  2.260929E-09   3.038699E-57 LZ5Tmedian  9.022770E-04  1.095002E-01  
1.483698E+02  2.896731E-03  1.424429E+01  -5.321839E-10  1.000000E+00  7.964162E-03  8.491529E-25  6.461977E-26   5.000000E-01 NotAppl  3.061487E+00  0.000000E+00  
2.588544E+01  3.184996E-02  2.110756E+00  2.569945E-02  1.000000E+00  2.084962E-03  1.465518E-28  5.307639E-09   1.687955E-249 LZ5Tmedian  3.751243E-03  1.825117E-01  
3.916361E+02  1.462931E-02  1.622278E-01  -1.159398E-08  1.000000E+00  6.217335E-02  1.365220E-25  4.199474E-24   5.000000E-01 NotAppl  1.770541E-01  0.000000E+00  
1.352169E+01  3.705195E+00  -3.705024E+00  1.560644E-02  1.000000E+00  1.160738E-01  4.134745E-29  7.182097E-09   4.981834E-95 LZ5Tmedian  2.185188E-03  1.247487E-01  
3.667147E+01  7.686542E-03  -4.387118E-04  -9.096676E-03  1.000000E+00  2.298715E-04  2.844334E-29  3.283829E-10   4.023715E-19 LZ5Tmedian  4.981454E-04  6.927974E-02  
1.119691E+03  5.690060E+01  1.298800E+02  -2.739870E-09  1.000000E+00  3.961896E-04  9.720463E-24  2.740822E-26   5.000000E-01 NotAppl  4.313384E+00  0.000000E+00  
7.614512E+02  1.494385E+01  -1.492004E+01  3.262017E-03  1.000000E+00  3.864981E-02  1.661347E-25  8.536789E-14   5.000000E-01 NotAppl  1.080283E-01  0.000000E+00  
1.646862E+02  3.221245E-01  -3.219320E-01  -5.597580E-09  1.000000E+00  1.241496E-02  6.584205E-25  5.772442E-24   5.000000E-01 NotAppl  2.137674E+00  0.000000E+00  
2.603210E+03  7.700792E-01  -5.805886E-01  7.625910E-03  1.000000E+00  2.005553E+00  3.650707E-27  3.802870E-14   5.000000E-01 NotAppl  6.727608E-04  0.000000E+00  
9.282242E+02  1.547212E-02  2.297066E-02  1.837517E-10  1.000000E+00  3.224589E-01  2.521452E-26  1.807709E-28   5.000000E-01 NotAppl  1.338326E-02  0.000000E+00  
2.199456E+01  1.385113E+02  -1.385000E+02  -6.883884E-04  1.000000E+00  3.367570E-02  9.524478E-32  5.288379E-12   5.000000E-01 NotAppl  2.910638E-06  6.330264E-04  
1.124185E+01  2.755324E-04  1.275052E-01  -3.373375E-06  1.000000E+00  6.617637E-04  1.807581E-36  4.829067E-16   5.000000E-01 NotAppl  1.185067E-10  1.598994E-08  
5.289937E+02  6.031869E-01  -6.020493E-01  -8.685237E-01  1.000000E+00  1.445685E-02  8.108329E-25  1.274091E-08   5.019391E-103 LZ5Tmedian  8.298337E-01  0.000000E+00  
3.174579E+03  1.726149E-02  5.076891E-02  6.056913E-07  1.000000E+00  3.370994E+00  2.185507E-27  1.601764E-22   5.000000E-01 NotAppl  3.291095E-04  0.000000E+00  
4.906174E+02  5.726298E+00  1.908009E+02  2.734846E+00  1.000000E+00  2.940959E-04  2.061848E-23  1.473638E-07   0.000000E+00 XENON1T_2018  2.146955E+01  0.000000E+00  
7.029056E+02  6.513952E+00  -6.507171E+00  -1.400600E-06  1.000000E+00  1.022625E-01  6.825795E-26  1.853255E-20   5.000000E-01 NotAppl  4.824396E-02  0.000000E+00  
7.192466E+01  4.931474E-04  5.533122E-03  -1.850561E-05  1.000000E+00  6.352173E-03  4.845795E-34  3.444090E-16   5.000000E-01 NotAppl  4.200923E-09  0.000000E+00  
4.243670E+03  1.485531E+00  -8.659573E-01  -3.955213E-05  1.000000E+00  2.578305E+00  2.629692E-27  3.784167E-19   5.000000E-01 NotAppl  2.941627E-04  0.000000E+00  
7.246184E+03  1.816549E+02  -1.816546E+02  7.767697E-02  1.000000E+00  3.819186E-04  1.904085E-23  4.919136E-13   5.000000E-01 NotAppl  1.233603E+00  0.000000E+00  
7.198986E+03  3.688198E+02  -3.688190E+02  -8.691037E-02  1.000000E+00  9.828881E-05  7.622169E-23  6.240408E-13   5.000000E-01 NotAppl  4.970915E+00  0.000000E+00  
2.599537E+02  2.784430E+02  -2.781635E+02  3.001430E+00  1.000000E+00  7.642501E-05  9.201012E-23  6.513241E-07   0.000000E+00 XENON1T_2018  1.939918E+02  0.000000E+00  
2.105977E+02  8.021825E+02  -7.991539E+02  4.823694E+00  1.000000E+00  4.826963E-06  1.201623E-21  2.589653E-06   0.000000E+00 XENON1T_2018  3.515099E+03  0.000000E+00  
1.125492E+01  8.292292E+02  -8.292289E+02  1.744260E-04  1.000000E+00  1.738291E-01  4.835058E-33  1.288151E-12   5.000000E-01 NotAppl  3.165335E-07  4.275820E-05  
4.437888E+02  1.074594E-03  3.179733E-04  1.371413E-05  1.000000E+00  7.910906E-02  1.071993E-25  4.549637E-18   5.000000E-01 NotAppl  1.220606E-01  0.000000E+00  
1.039221E+03  2.037478E-04  3.355249E-02  4.286945E-09  1.000000E+00  3.995947E-01  2.016208E-26  7.813065E-26   5.000000E-01 NotAppl  9.526810E-03  0.000000E+00  
3.222593E+01  5.186869E+00  -5.186466E+00  -2.173646E-10  1.000000E+00  5.581372E-03  1.309349E-44  2.437165E-25   5.000000E-01 NotAppl  2.633589E-19  4.292122E-17  
4.982059E+03  2.408651E+01  4.322771E+02  -3.425230E-09  1.000000E+00  9.793714E-05  5.156444E-23  2.048057E-27   5.000000E-01 NotAppl  4.992217E+00  0.000000E+00  
5.145690E+03  6.735759E+01  -6.735683E+01  7.748376E-05  1.000000E+00  2.588146E-03  2.645439E-24  9.814098E-19   5.000000E-01 NotAppl  2.424894E-01  0.000000E+00  
1.955127E+01  8.467119E-01  -3.828870E-01  1.437574E-01  1.000000E+00  1.053070E-02  3.946210E-27  2.921812E-07   0.000000E+00 XENON1T_2018  1.372814E-01  2.460478E-01  
1.877380E+01  1.033501E+01  7.121475E+02  7.555811E-02  1.000000E+00  1.975248E+00  1.073726E-27  8.755449E-08   0.000000E+00 XENON1T_2018  3.907095E-02  2.560418E-01  
2.190500E+02  3.074372E+02  -2.164651E+02  -1.341285E-03  1.000000E+00  2.513845E-04  1.300537E-23  1.847168E-13   5.000000E-01 NotAppl  3.114585E+01  0.000000E+00  
9.975830E+03  6.951861E+02  -6.951683E+02  -1.049528E-07  1.000000E+00  2.914652E-05  2.660145E-22  4.691691E-25   5.000000E-01 NotAppl  1.247425E+01  0.000000E+00  
1.138947E+02  7.887793E+02  -7.887791E+02  1.394128E-06  1.000000E+00  1.485220E-03  3.777307E-24  7.625642E-19   5.000000E-01 NotAppl  1.823512E+01  0.000000E+00  
3.539434E+01  2.826103E-03  9.582883E-05  1.837973E-02  1.000000E+00  5.600396E-04  1.085000E-28  1.440638E-09   7.027710E-81 LZ5Tmedian  1.976532E-03  1.534516E-01  
1.715113E+03  6.936616E-02  -5.398954E-02  -2.016719E-04  1.000000E+00  1.035450E+00  7.455809E-27  6.223099E-17   5.000000E-01 NotAppl  2.106602E-03  0.000000E+00  
2.721207E+01  3.296039E-02  -2.233468E-02  5.718676E-04  1.000000E+00  3.102047E-03  7.549562E-32  2.375683E-12   5.000000E-01 NotAppl  1.828407E-06  4.197470E-04  
1.948895E+01  1.002779E+00  -3.892240E-01  -1.499896E-06  1.000000E+00  1.302371E-02  4.290039E-37  3.201068E-17   5.000000E-01 NotAppl  1.497553E-11  3.035222E-09  
3.691774E+01  4.291697E+02  -4.291381E+02  2.345723E-10  1.000000E+00  2.252954E-03  1.917260E-44  2.154091E-25   5.000000E-01 NotAppl  3.334337E-19  6.344009E-17  
7.855292E+02  1.094773E+02  -1.094772E+02  6.742873E-09  1.000000E+00  1.136831E-03  6.077585E-24  3.422898E-25   5.000000E-01 NotAppl  3.825295E+00  0.000000E+00  
1.538463E+02  1.016519E+02  -1.016107E+02  6.867078E-09  1.000000E+00  2.044289E-03  2.902408E-24  9.988886E-24   5.000000E-01 NotAppl  1.029117E+01  0.000000E+00  
2.369323E+01  2.811184E-02  9.951871E-01  6.339787E-04  1.000000E+00  1.992997E-03  8.410411E-32  3.861359E-12   5.000000E-01 NotAppl  2.371003E-06  5.266268E-04  
2.741708E+01  1.189673E+00  7.012116E+02  5.977591E-03  1.000000E+00  6.616701E-03  8.301841E-30  2.556583E-10   2.666757E-13 LZ5Tmedian  1.994036E-04  3.763267E-02  
5.986178E+02  5.303721E-01  -5.214616E-01  -1.903132E-05  1.000000E+00  1.382297E-01  6.000966E-26  4.751031E-18   5.000000E-01 NotAppl  5.009789E-02  0.000000E+00  
9.431892E+02  1.811693E-02  8.012367E-02  -1.461971E-01  1.000000E+00  2.854747E-01  3.008150E-26  1.107546E-10   3.136210E-01 NotAppl  1.590895E-02  0.000000E+00  
2.417659E+02  3.380938E+00  4.058804E+00  -3.499891E-07  1.000000E+00  1.601556E-02  3.662885E-25  1.027493E-20   5.000000E-01 NotAppl  7.850995E-01  0.000000E+00  
3.859992E+03  1.350136E+02  -1.350117E+02  1.946696E-05  1.000000E+00  6.812057E-04  1.039139E-23  1.111578E-19   5.000000E-01 NotAppl  1.275731E+00  0.000000E+00  
1.101479E+02  3.345724E-02  6.525048E+01  -5.986510E-02  1.000000E+00  4.585015E-03  1.100111E-24  1.505912E-09   4.198063E-52 LZ5Tmedian  5.369113E+00  0.000000E+00  
2.224186E+02  2.906230E-04  4.551320E-02  3.299474E-05  1.000000E+00  2.150409E-02  3.955388E-25  1.083363E-16   5.000000E-01 NotAppl  9.249587E-01  0.000000E+00  
1.824976E+01  1.369831E-04  3.532995E-05  4.823020E-09  1.000000E+00  1.944166E-03  4.331368E-42  3.775499E-22   5.000000E-01 NotAppl  1.625924E-16  3.177979E-14  
3.476437E+02  1.468592E-04  2.132989E-01  -2.694035E-10  1.000000E+00  4.953304E-02  1.715999E-25  2.893680E-27   5.000000E-01 NotAppl  2.518245E-01  0.000000E+00  
8.440463E+01  6.549270E-02  6.286796E+00  -5.084448E-01  1.000000E+00  2.754972E-03  1.823571E-24  1.874562E-07   0.000000E+00 XENON1T_2018  1.215554E+01  0.000000E+00  
1.059154E+01  1.170705E+02  -9.679005E+01  -1.347614E-09  1.000000E+00  8.321361E+05  2.807241E-43  8.661100E-23   5.000000E-01 NotAppl  1.973688E-17  1.265009E-15  
5.211921E+01  5.648569E-01  -3.897495E-01  -1.042114E-05  1.000000E+00  2.405478E-03  1.704608E-34  2.107379E-16   5.000000E-01 NotAppl  2.064673E-09  8.506501E-08  
6.078022E+01  4.277605E-01  2.570984E-02  -2.539333E+00  1.000000E+00  4.042951E-04  2.321585E-23  9.144877E-06   0.000000E+00 XENON1T_2018  2.525574E+02  2.783204E-01  
1.180654E+01  1.256842E+01  5.600329E+02  1.084508E-09  1.000000E+00  3.263885E+04  1.905649E-43  4.532892E-23   5.000000E-01 NotAppl  1.179453E-17  1.010453E-15  
2.266258E+01  1.001348E+00  -1.000678E+00  -4.361452E-05  1.000000E+00  1.315184E-02  3.882496E-34  1.998774E-14   5.000000E-01 NotAppl  1.147709E-08  2.516523E-06  
2.959702E+01  2.088643E+02  4.526162E+01  9.620482E-01  1.000000E+00  1.179210E-02  2.310652E-25  5.672538E-06   0.000000E+00 XENON1T_2018  5.098367E+00  9.991424E-01  
2.467053E+03  9.135796E+01  -6.497090E+01  2.768286E-10  1.000000E+00  1.178922E-03  4.932294E-24  5.590614E-29   5.000000E-01 NotAppl  9.570437E-01  0.000000E+00  
4.280717E+03  3.646050E+01  -3.538069E+01  3.210346E-01  1.000000E+00  8.166682E-03  8.289882E-25  2.449383E-11   5.000000E-01 NotAppl  9.161752E-02  0.000000E+00  
1.250544E+01  1.630378E+00  -1.582424E+00  4.726312E-08  1.000000E+00  9.834450E-02  3.695992E-40  7.686847E-20   5.000000E-01 NotAppl  2.138849E-14  3.107331E-12  
9.695621E+01  1.125640E+00  6.316494E+02  1.005292E-03  1.000000E+00  3.057170E-03  1.382042E-24  5.515687E-13   5.000000E-01 NotAppl  7.750739E+00  0.000000E+00  
1.574553E+01  7.743147E-02  -7.457000E-02  -1.186497E-10  1.000000E+00  2.093751E-03  2.501797E-45  3.068036E-25   5.000000E-01 NotAppl  1.109906E-19  1.946034E-17  
1.453228E+03  2.428276E-02  2.328517E+02  -1.056079E-08  1.000000E+00  4.009105E-04  1.239641E-23  2.392317E-25   5.000000E-01 NotAppl  4.225018E+00  0.000000E+00  
2.827859E+03  1.077070E-01  -1.075297E-01  7.515697E+00  1.000000E+00  7.472941E-03  1.685718E-24  3.120866E-08   2.012024E-48 LZ5Tmedian  3.009447E-01  0.000000E+00  
1.687042E+01  1.912778E-01  3.021015E+01  -7.987607E-02  1.000000E+00  1.680781E-03  1.157858E-27  1.211715E-07   0.000000E+00 XENON1T_2018  4.749770E-02  3.205035E-01  
8.760071E+02  6.164102E+00  -6.088687E+00  -4.255722E-08  1.000000E+00  1.359384E-01  5.040858E-26  1.091329E-23   5.000000E-01 NotAppl  2.837710E-02  0.000000E+00  
9.175156E+02  3.276063E-02  5.298025E+01  1.547471E-03  1.000000E+00  6.363862E-03  7.389964E-25  1.312805E-14   5.000000E-01 NotAppl  4.035829E-01  0.000000E+00  
2.306869E+02  6.929702E+00  -6.929411E+00  -4.238903E-01  1.000000E+00  6.018021E-03  1.281325E-24  1.659256E-08   4.065881E-296 LZ5Tmedian  3.167314E+00  0.000000E+00  
1.656411E+01  4.813056E-02  -4.488169E-02  1.617583E-10  1.000000E+00  2.019210E-03  4.721795E-45  5.154455E-25   5.000000E-01 NotAppl  1.976869E-19  3.603959E-17  
1.584172E+02  3.968125E+01  -3.953498E+01  -2.022014E-06  1.000000E+00  4.473738E-03  1.301436E-24  8.155986E-19   5.000000E-01 NotAppl  4.446911E+00  0.000000E+00  
2.102181E+02  3.784881E-01  1.047472E+02  -6.216733E-09  1.000000E+00  2.510707E-03  1.955000E-24  4.317299E-24   5.000000E-01 NotAppl  4.815003E+00  0.000000E+00  
1.020150E+03  1.263694E+02  -4.101469E+01  -8.385847E-01  1.000000E+00  4.512082E-04  8.018167E-24  3.104827E-09   8.628805E-14 LZ5Tmedian  3.870359E+00  0.000000E+00  
1.815296E+01  1.392442E+01  -1.391766E+01  9.268414E-07  1.000000E+00  5.763659E-02  1.596656E-37  1.409192E-17   5.000000E-01 NotAppl  6.032113E-12  4.902273E-10  
5.562066E+03  3.228343E-02  -3.205160E-02  1.695737E-10  1.000000E+00  9.974359E+00  7.132188E-28  4.012840E-30   5.000000E-01 NotAppl  6.074446E-05  0.000000E+00  
6.055041E+03  2.404780E-04  6.711552E-02  -2.558179E-10  1.000000E+00  1.173124E+01  6.026045E-28  7.684893E-30   5.000000E-01 NotAppl  4.709878E-05  0.000000E+00  
1.858339E+02  6.351516E-01  7.150512E+01  -5.831887E+00  1.000000E+00  1.274133E-06  8.665180E-21  4.891442E-06   0.000000E+00 XENON1T_2018  2.932814E+04  0.000000E+00  
4.841193E+01  1.631851E-02  2.522293E-01  -8.766695E-05  1.000000E+00  1.128146E-03  6.999575E-33  1.733360E-14   5.000000E-01 NotAppl  9.158838E-08  6.939333E-06  
9.093562E+02  2.026816E+01  -2.019170E+01  1.683096E-01  1.000000E+00  2.059038E-02  3.336755E-25  1.581590E-10   1.796525E-01 NotAppl  1.808409E-01  0.000000E+00  
8.753561E+01  1.275903E+00  -2.409096E-01  2.494198E-05  1.000000E+00  5.664031E-03  7.444086E-25  4.186565E-16   5.000000E-01 NotAppl  4.746467E+00  0.000000E+00  
6.347432E+03  2.718434E-01  8.750709E+01  1.555975E-05  1.000000E+00  2.402189E-03  2.052640E-24  2.583215E-20   5.000000E-01 NotAppl  1.554100E-01  0.000000E+00  
4.071173E+03  2.489858E+02  -2.485016E+02  -4.244304E-10  1.000000E+00  2.108480E-04  3.440730E-23  4.741324E-29   5.000000E-01 NotAppl  4.001377E+00  0.000000E+00  
4.904251E+02  7.568560E+00  -5.974919E+00  1.969245E-04  1.000000E+00  5.522178E-02  1.221120E-25  7.646681E-16   5.000000E-01 NotAppl  1.253935E-01  0.000000E+00  
5.459518E+02  2.518080E+00  1.627329E+02  7.765046E-03  1.000000E+00  8.791382E-04  5.359994E-24  9.547828E-13   5.000000E-01 NotAppl  4.981824E+00  0.000000E+00  
1.930600E+02  1.129175E+01  -1.107902E+01  -2.770629E-08  1.000000E+00  1.064413E-02  5.864481E-25  1.020990E-22   5.000000E-01 NotAppl  1.592440E+00  0.000000E+00  
8.758264E+01  1.207331E-03  4.572716E+01  1.073826E-02  1.000000E+00  4.330247E-03  8.134041E-25  7.751498E-11   7.123020E-04 LZ5Tmedian  5.183569E+00  0.000000E+00  
7.901038E+01  5.666414E+01  -5.666063E+01  7.779444E-02  1.000000E+00  1.197788E-02  2.558864E-27  5.023494E-09   1.176233E-219 L