MD1           DMP           DM3           l345          ld           Omegah2       sigV          protonSI      PvalDD        expName      CMB_ID        brH_DMDM      
6.971131E+02  2.143618E-01  2.623892E+01  -2.005393E+00  1.000000E+00  4.718298E-03  1.976914E-24  3.864157E-08   1.936400E-237 LZ5Tmedian  1.551092E+00  0.000000E+00  
2.031798E+01  3.242440E-03  1.050127E-03  3.589138E-05  1.000000E+00  2.313367E-03  2.497753E-34  1.685962E-14   5.000000E-01 NotAppl  8.326436E-09  1.740152E-06  
2.102185E+02  2.484157E+02  -2.484141E+02  4.715129E-07  1.000000E+00  6.874011E-04  9.329286E-24  2.483551E-20   5.000000E-01 NotAppl  2.336964E+01  0.000000E+00  
1.203690E+02  4.494949E-02  9.356443E+02  -7.429322E-10  1.000000E+00  2.018733E-03  2.282963E-24  1.933507E-25   5.000000E-01 NotAppl  1.007577E+01  0.000000E+00  
7.021335E+02  2.272111E+01  -2.271633E+01  2.765268E-09  1.000000E+00  1.914678E-02  3.343803E-25  7.240309E-26   5.000000E-01 NotAppl  2.364620E-01  0.000000E+00  
1.467923E+02  1.491005E+01  -1.489509E+01  1.894353E-09  1.000000E+00  6.453826E-03  9.235469E-25  8.369131E-25   5.000000E-01 NotAppl  3.386982E+00  0.000000E+00  
1.093522E+02  1.605875E-04  1.393243E+00  -2.937049E-06  1.000000E+00  6.057197E-03  1.181406E-24  3.678992E-18   5.000000E-01 NotAppl  5.850474E+00  0.000000E+00  
3.852333E+02  3.671121E-03  2.256223E+00  -2.167622E-05  1.000000E+00  5.740321E-02  1.425788E-25  1.518264E-17   5.000000E-01 NotAppl  1.881204E-01  0.000000E+00  
2.404557E+01  2.624046E-03  5.914982E-02  -3.432892E-08  1.000000E+00  2.645043E-03  2.487986E-40  1.098974E-20   5.000000E-01 NotAppl  6.897245E-15  1.553799E-12  
1.577325E+03  4.118567E+00  -2.272163E+00  2.296090E-09  1.000000E+00  3.568495E-01  1.969627E-26  9.568415E-27   5.000000E-01 NotAppl  6.058207E-03  0.000000E+00  
1.164012E+03  2.558155E-02  1.668963E+02  -3.932177E-02  1.000000E+00  7.571211E-04  6.444170E-24  5.215368E-12   5.000000E-01 NotAppl  2.758117E+00  0.000000E+00  
1.148134E+01  1.667527E-02  4.226548E-01  1.138444E-02  1.000000E+00  6.149410E-04  2.076844E-29  5.276933E-09   1.400817E-38 LZ5Tmedian  1.327958E-03  1.045911E-01  
8.120720E+02  5.477749E+00  1.602309E+01  -5.976528E-02  1.000000E+00  3.346859E-02  1.535190E-25  2.512601E-11   5.000000E-01 NotAppl  9.466999E-02  0.000000E+00  
3.190504E+01  1.994435E+01  -1.994421E+01  5.108661E-05  1.000000E+00  7.322329E-03  7.135712E-34  1.373827E-14   5.000000E-01 NotAppl  1.450926E-08  5.182409E-07  
3.307297E+02  2.623262E+02  -2.510664E+02  2.380167E-08  1.000000E+00  2.573008E-04  1.648043E-23  2.501509E-23   5.000000E-01 NotAppl  2.560258E+01  0.000000E+00  
7.185969E+03  2.915579E+00  1.310930E+02  -1.070719E-06  1.000000E+00  1.063843E-03  4.764698E-24  9.506435E-23   5.000000E-01 NotAppl  3.180528E-01  0.000000E+00  
9.933282E+03  5.649709E-03  9.375711E+00  -9.270461E-09  1.000000E+00  1.829057E-01  2.396965E-26  3.692431E-27   5.000000E-01 NotAppl  1.152480E-03  0.000000E+00  
2.985121E+02  2.268362E+02  -2.265384E+02  4.215875E-08  1.000000E+00  5.217710E-04  1.258659E-23  9.680534E-23   5.000000E-01 NotAppl  2.178141E+01  0.000000E+00  
4.852607E+01  3.468081E+00  2.529716E+02  -4.450344E-01  1.000000E+00  5.772461E-03  1.832562E-25  4.445499E-07   0.000000E+00 XENON1T_2018  2.388059E+00  3.739969E-01  
1.381290E+03  1.284504E-03  2.751084E+00  -2.703469E+00  1.000000E+00  1.279939E-02  9.499075E-25  1.738739E-08   6.538622E-55 LZ5Tmedian  3.587092E-01  0.000000E+00  
2.880995E+01  4.889308E-03  1.141086E+02  -4.087744E-09  1.000000E+00  2.044221E-03  4.064356E-42  1.081544E-22   5.000000E-01 NotAppl  9.245697E-17  2.118175E-14  
1.754556E+01  6.150758E+01  -3.058936E+01  1.883194E-06  1.000000E+00  8.454513E+05  6.516980E-37  6.227475E-17   5.000000E-01 NotAppl  2.556805E-11  9.055921E-10  
2.831076E+01  4.898607E+02  -4.868930E+02  1.907860E-01  1.000000E+00  4.924094E-02  8.704808E-27  2.440780E-07   0.000000E+00 XENON1T_2018  2.016360E-01  4.866102E-01  
2.839429E+03  2.940336E-02  1.823118E+01  -1.026807E-06  1.000000E+00  4.911642E-02  9.216830E-26  5.777029E-22   5.000000E-01 NotAppl  1.580146E-02  0.000000E+00  
9.350037E+03  6.290409E-01  -6.289171E-01  7.314209E-05  1.000000E+00  1.225583E+01  4.861568E-28  2.598968E-19   5.000000E-01 NotAppl  2.440992E-05  0.000000E+00  
4.690024E+03  2.162127E+00  4.763809E+00  7.853912E-07  1.000000E+00  3.383715E-01  1.669576E-26  1.217517E-22   5.000000E-01 NotAppl  1.710750E-03  0.000000E+00  
8.309219E+02  5.555383E+00  -4.083279E+00  1.199741E-04  1.000000E+00  1.408270E-01  4.999114E-26  9.661550E-17   5.000000E-01 NotAppl  2.972946E-02  0.000000E+00  
1.681725E+03  1.276540E+00  -1.231100E+00  -9.461735E-05  1.000000E+00  8.492277E-01  8.711585E-27  1.425808E-17   5.000000E-01 NotAppl  2.510482E-03  0.000000E+00  
2.017357E+03  5.472629E+00  -5.161484E+00  -8.249973E-05  1.000000E+00  2.712740E-01  2.302928E-26  7.481123E-18   5.000000E-01 NotAppl  5.493227E-03  0.000000E+00  
1.066700E+02  3.753583E-03  1.711602E+02  8.476958E-05  1.000000E+00  3.166176E-03  1.626088E-24  3.224749E-15   5.000000E-01 NotAppl  8.191087E+00  0.000000E+00  
5.827803E+01  3.910008E-04  -1.844165E-05  -7.848915E+00  1.000000E+00  2.771531E-03  1.206420E-24  9.519405E-05   0.000000E+00 XENON1T_2018  1.606541E+01  2.500052E-01  
6.984195E+02  1.293524E-03  1.851990E+00  3.296587E-03  1.000000E+00  1.777390E-01  4.524840E-26  1.040203E-13   5.000000E-01 NotAppl  3.221778E-02  0.000000E+00  
7.787789E+03  4.191703E+02  -4.191365E+02  9.197578E-06  1.000000E+00  7.678186E-05  9.829245E-23  5.957444E-21   5.000000E-01 NotAppl  5.920022E+00  0.000000E+00  
5.517763E+03  1.282329E-02  -1.263933E-02  1.262269E-01  1.000000E+00  8.701526E+00  8.567930E-28  2.259949E-12   5.000000E-01 NotAppl  7.418606E-05  0.000000E+00  
5.536921E+02  2.708399E-04  3.384471E-01  -1.441871E-05  1.000000E+00  1.200821E-01  6.973318E-26  3.198662E-18   5.000000E-01 NotAppl  6.311292E-02  0.000000E+00  
1.337722E+01  9.106565E-02  7.110040E+00  4.875253E-05  1.000000E+00  9.156409E-04  4.021259E-34  7.159318E-14   5.000000E-01 NotAppl  2.151795E-08  3.028913E-06  
4.994997E+01  2.062736E-03  1.626529E+00  -1.043086E-05  1.000000E+00  1.844712E-03  1.214179E-34  2.302405E-16   5.000000E-01 NotAppl  1.542729E-09  9.108941E-08  
5.975498E+02  3.191898E+02  -3.171703E+02  -3.880383E-08  1.000000E+00  1.991258E-04  3.339173E-23  1.982369E-23   5.000000E-01 NotAppl  2.791861E+01  0.000000E+00  
7.861200E+01  1.443603E-03  4.178668E-04  9.407171E-03  1.000000E+00  7.237044E-03  3.948616E-29  7.421848E-11   5.684347E-04 LZ5Tmedian  3.123584E-04  0.000000E+00  
7.905934E+02  1.037189E+00  -1.037037E+00  3.465300E-01  1.000000E+00  1.086353E-01  9.127815E-26  8.922468E-10   1.482859E-05 LZ5Tmedian  5.903401E-02  0.000000E+00  
3.631955E+03  5.766592E-03  3.187491E+02  4.447180E-07  1.000000E+00  2.009881E-04  2.508605E-23  6.566226E-23   5.000000E-01 NotAppl  3.346783E+00  0.000000E+00  
1.563780E+02  6.285687E-02  1.902965E+01  4.530172E-07  1.000000E+00  8.052506E-03  8.189611E-25  4.204083E-20   5.000000E-01 NotAppl  2.793075E+00  0.000000E+00  
6.523775E+01  1.878126E-02  4.188034E-01  -1.076179E-03  1.000000E+00  4.939727E-03  2.125749E-29  1.421583E-12   5.000000E-01 NotAppl  2.038099E-04  0.000000E+00  
8.493525E+03  1.807935E-01  7.717496E-01  2.180558E-03  1.000000E+00  9.759664E+00  5.728541E-28  2.807577E-16   5.000000E-01 NotAppl  3.198911E-05  0.000000E+00  
2.578060E+03  1.695366E+02  -1.020146E+02  1.112617E-04  1.000000E+00  2.795783E-04  1.706432E-23  8.256663E-18   5.000000E-01 NotAppl  3.167530E+00  0.000000E+00  
4.708835E+02  2.112339E+00  -2.111609E+00  -1.483310E-07  1.000000E+00  8.203454E-02  9.832588E-26  4.714726E-22   5.000000E-01 NotAppl  1.052837E-01  0.000000E+00  
9.372013E+03  1.145896E-01  4.865510E-01  5.511862E-02  1.000000E+00  1.544951E+01  4.045961E-28  1.468901E-13   5.000000E-01 NotAppl  2.043686E-05  0.000000E+00  
4.116170E+03  1.675497E-02  -1.445884E-02  -3.212055E-06  1.000000E+00  5.572467E+00  1.300445E-27  2.655478E-21   5.000000E-01 NotAppl  1.503538E-04  0.000000E+00  
3.805456E+02  1.913573E+02  -1.775000E+02  2.995912E-02  1.000000E+00  3.399363E-04  1.233759E-23  2.973858E-11   4.689783E-01 NotAppl  1.654125E+01  0.000000E+00  
1.322400E+02  1.456184E-04  4.334996E-03  -5.779180E-04  1.000000E+00  8.678818E-03  9.290150E-25  9.648046E-14   5.000000E-01 NotAppl  3.781161E+00  0.000000E+00  
5.118511E+03  1.666280E+01  -1.632218E+01  -1.102807E-02  1.000000E+00  3.842349E-02  1.636898E-25  2.009575E-14   5.000000E-01 NotAppl  1.508491E-02  0.000000E+00  
1.454900E+01  1.133041E-02  1.638479E-02  4.447810E-01  1.000000E+00  1.328697E-03  3.434912E-26  5.045232E-06   0.000000E+00 XENON1T_2018  1.667357E+00  2.497701E-01  
8.161324E+02  1.505751E-03  1.430216E-02  -9.272430E-10  1.000000E+00  2.525405E-01  3.251378E-26  5.986715E-27   5.000000E-01 NotAppl  1.970513E-02  0.000000E+00  
2.120143E+01  2.188947E-04  6.890535E-02  -2.628027E-03  1.000000E+00  2.212059E-03  1.364196E-30  8.298351E-11   8.499264E-04 LZ5Tmedian  4.339802E-05  8.954685E-03  
2.793233E+03  6.458498E+01  -6.357706E+01  4.433024E-01  1.000000E+00  2.658279E-03  2.590609E-24  1.113345E-10   5.000000E-01 NotAppl  4.424732E-01  0.000000E+00  
1.065456E+02  2.922630E+02  -9.180415E+01  3.347329E-01  1.000000E+00  3.219120E-04  9.636322E-24  5.040247E-08   0.000000E+00 XENON1T_2018  4.938224E+01  0.000000E+00  
3.507626E+02  2.345607E-01  1.683753E+00  2.455836E-08  1.000000E+00  4.781443E-02  1.700962E-25  2.361035E-23   5.000000E-01 NotAppl  2.473180E-01  0.000000E+00  
1.068922E+02  3.290366E-04  3.757520E-01  -5.845838E-08  1.000000E+00  6.175068E-03  1.198825E-24  1.527063E-21   5.000000E-01 NotAppl  6.080447E+00  0.000000E+00  
1.457391E+02  2.015426E-02  6.663657E-02  3.709605E-05  1.000000E+00  1.013660E-02  8.034462E-25  3.257049E-16   5.000000E-01 NotAppl  2.958632E+00  0.000000E+00  
3.335232E+02  4.735918E+01  -4.659296E+01  1.794215E-09  1.000000E+00  4.796038E-03  1.265594E-24  1.397199E-25   5.000000E-01 NotAppl  1.947711E+00  0.000000E+00  
4.878183E+01  1.262334E+01  3.929335E+02  -1.161367E-07  1.000000E+00  5.142954E-01  1.286427E-38  2.995166E-20   5.000000E-01 NotAppl  1.670661E-13  5.481065E-12  
2.903624E+03  1.016121E-03  1.591287E-03  -8.809102E-03  1.000000E+00  2.839917E+00  2.611677E-27  4.062789E-14   5.000000E-01 NotAppl  4.307971E-04  0.000000E+00  
1.601739E+01  4.507308E-03  -1.839708E-03  -6.527858E-08  1.000000E+00  1.596337E-03  7.611797E-40  8.975475E-20   5.000000E-01 NotAppl  3.311746E-14  5.883749E-12  
1.832598E+02  1.449354E-04  2.020026E-02  -7.322053E-03  1.000000E+00  1.522461E-02  5.521747E-25  7.934138E-12   5.000000E-01 NotAppl  1.581053E+00  0.000000E+00  
5.545432E+02  1.727623E-02  -1.707247E-02  1.729064E-10  1.000000E+00  1.209848E-01  6.947673E-26  4.585367E-28   5.000000E-01 NotAppl  6.278028E-02  0.000000E+00  
4.481188E+02  3.644325E-01  6.673804E+01  -4.404521E-06  1.000000E+00  4.244781E-03  1.125497E-24  4.600565E-19   5.000000E-01 NotAppl  1.279293E+00  0.000000E+00  
6.904614E+03  2.205663E-02  -2.091800E-02  3.143531E-09  1.000000E+00  1.518325E+01  4.628642E-28  8.886738E-28   5.000000E-01 NotAppl  3.166629E-05  0.000000E+00  
1.943731E+02  9.540502E+00  -9.531385E+00  -5.741224E-06  1.000000E+00  1.157238E-02  5.608116E-25  4.323552E-18   5.000000E-01 NotAppl  1.511551E+00  0.000000E+00  
1.015627E+01  7.950734E+00  -3.138190E+00  1.517441E-06  1.000000E+00  5.007326E+01  3.483056E-37  1.192003E-16   5.000000E-01 NotAppl  2.573207E-11  2.740418E-09  
5.948353E+03  2.449011E+00  -2.382655E+00  1.401300E-04  1.000000E+00  1.384755E+00  4.166447E-27  2.390719E-18   5.000000E-01 NotAppl  3.299706E-04  0.000000E+00  
2.260882E+01  7.099650E+01  6.989279E+01  -1.610024E-01  1.000000E+00  4.348624E-01  5.283950E-27  2.736803E-07   0.000000E+00 XENON1T_2018  1.566066E-01  9.718512E-01  
5.012923E+03  9.750619E+00  -9.724285E+00  9.976980E-02  1.000000E+00  1.029658E-01  6.037564E-26  1.715962E-12   5.000000E-01 NotAppl  5.683783E-03  0.000000E+00  
2.013165E+03  5.644292E+00  -5.643117E+00  1.824207E-04  1.000000E+00  2.538310E-01  2.415817E-26  3.673250E-17   5.000000E-01 NotAppl  5.774432E-03  0.000000E+00  
7.362631E+01  2.747381E-02  -1.827162E-02  -6.068162E+00  1.000000E+00  1.193748E-04  3.874138E-23  3.530532E-05   0.000000E+00 XENON1T_2018  3.465035E+02  0.000000E+00  
1.379043E+03  9.968688E-01  4.788789E+00  3.542528E-02  1.000000E+00  2.749576E-01  2.287639E-26  2.995438E-12   5.000000E-01 NotAppl  8.150728E-03  0.000000E+00  
1.518139E+01  1.407069E-02  5.345404E-02  1.500706E-04  1.000000E+00  1.355096E-03  3.959155E-33  5.277846E-13   5.000000E-01 NotAppl  1.830665E-07  3.120143E-05  
7.743792E+03  1.179208E+00  -1.118729E+00  1.524098E-02  1.000000E+00  4.819152E+00  1.232177E-27  1.654765E-14   5.000000E-01 NotAppl  7.476933E-05  0.000000E+00  
5.047444E+01  1.548753E+01  -1.533035E+01  1.630509E-05  1.000000E+00  1.339951E-03  3.200367E-34  5.507362E-16   5.000000E-01 NotAppl  4.021728E-09  2.239695E-07  
6.670523E+01  2.733565E-02  -2.616469E-02  -8.644384E-08  1.000000E+00  5.499615E-03  5.694552E-38  8.764918E-21   5.000000E-01 NotAppl  5.368417E-13  0.000000E+00  
1.463904E+03  1.038225E+01  -8.351068E+00  -1.385561E-07  1.000000E+00  8.688021E-02  7.431937E-26  4.056908E-23   5.000000E-01 NotAppl  2.463730E-02  0.000000E+00  
6.123676E+02  1.021179E+01  8.929538E+01  -1.187360E-09  1.000000E+00  1.855850E-03  2.349204E-24  1.765448E-26   5.000000E-01 NotAppl  1.940783E+00  0.000000E+00  
7.982518E+02  2.265208E-02  4.529029E-02  6.310721E-02  1.000000E+00  2.334817E-01  3.575122E-26  2.901413E-11   5.000000E-01 NotAppl  2.223141E-02  0.000000E+00  
7.910771E+03  1.020190E-04  4.684852E-02  -1.857781E-01  1.000000E+00  1.580054E+01  4.783649E-28  2.354402E-12   5.000000E-01 NotAppl  2.895693E-05  0.000000E+00  
2.380782E+01  1.529740E+00  -3.039013E-01  9.066003E-09  1.000000E+00  1.473531E-02  1.724830E-41  7.819862E-22   5.000000E-01 NotAppl  4.833229E-16  1.061525E-13  
1.491861E+01  9.964513E+01  -9.916389E+01  -1.348243E-07  1.000000E+00  1.177588E-01  3.179015E-39  4.410418E-19   5.000000E-01 NotAppl  1.500088E-13  2.521522E-11  
2.393761E+03  3.363343E+02  -3.363342E+02  1.917262E+00  1.000000E+00  1.183705E-04  6.224303E-23  2.851509E-09   7.166562E-06 LZ5Tmedian  1.244733E+01  0.000000E+00  
7.248021E+01  1.068153E-04  3.569551E+00  -1.205231E-07  1.000000E+00  5.628427E-03  1.819986E-38  1.438082E-20   5.000000E-01 NotAppl  1.576915E-13  0.000000E+00  
1.754663E+03  2.775617E+01  -2.568703E+01  -9.433278E-02  1.000000E+00  1.465593E-02  4.291696E-25  1.299751E-11   5.000000E-01 NotAppl  1.180241E-01  0.000000E+00  
1.776829E+02  6.778023E-04  5.245955E+01  2.013343E-05  1.000000E+00  5.349012E-03  1.061962E-24  6.391138E-17   5.000000E-01 NotAppl  3.146649E+00  0.000000E+00  
9.533742E+02  2.927471E+02  -2.927467E+02  -3.680077E-05  1.000000E+00  2.006959E-04  3.633359E-23  6.865548E-18   5.000000E-01 NotAppl  1.871840E+01  0.000000E+00  
5.939792E+01  1.294437E-02  2.175847E-02  4.316447E-05  1.000000E+00  4.023523E-03  2.905297E-32  2.769350E-15   5.000000E-01 NotAppl  3.084398E-07  8.280415E-07  
8.755904E+02  1.093988E+00  -9.643413E-01  -6.912525E+00  1.000000E+00  6.598497E-04  2.029952E-23  2.882070E-07   0.000000E+00 XENON1T_2018  1.268751E+01  0.000000E+00  
1.375333E+02  3.525142E+02  4.919552E+02  7.374935E-10  1.000000E+00  4.021265E-04  7.478274E-24  1.449706E-25   5.000000E-01 NotAppl  2.939798E+01  0.000000E+00  
6.439141E+01  2.788455E+01  7.110044E+01  1.722728E+00  1.000000E+00  5.077743E-05  1.152672E-22  3.741219E-06   0.000000E+00 XENON1T_2018  1.122609E+03  0.000000E+00  
1.040315E+03  1.314904E-02  -1.292770E-02  -1.288299E-09  1.000000E+00  4.004279E-01  2.011973E-26  7.040861E-27   5.000000E-01 NotAppl  9.496517E-03  0.000000E+00  
3.930117E+02  1.108740E-03  -9.598496E-04  2.107926E-06  1.000000E+00  6.276342E-02  1.355652E-25  1.378239E-19   5.000000E-01 NotAppl  1.751728E-01  0.000000E+00  
3.908830E+02  1.217821E+02  -1.144771E+02  1.537387E-03  1.000000E+00  7.936471E-04  6.133974E-24  7.413230E-14   5.000000E-01 NotAppl  7.995371E+00  0.000000E+00  
4.180838E+01  6.125991E-01  -6.085026E-01  1.217754E-08  1.000000E+00  2.377697E-04  7.118286E-41  4.508139E-22   5.000000E-01 NotAppl  1.085411E-15  1.564398E-13  
4.439169E+01  1.654476E-04  5.833269E-04  4.697852E-10  1.000000E+00  9.635970E-05  1.313367E-43  5.938668E-25   5.000000E-01 NotAppl  1.885471E-18  2.219189E-16  
4.086798E+01  2.109695E-01  7.442288E+01  -9.363342E-07  1.000000E+00  1.522415E-04  3.925858E-37  2.791495E-18   5.000000E-01 NotAppl  6.131060E-12  9.468116E-10  
2.035485E+03  1.345390E+01  -9.026306E+00  2.780961E-08  1.000000E+00  5.714374E-02  1.165866E-25  8.347102E-25   5.000000E-01 NotAppl  2.756075E-02  0.000000E+00  
1.967645E+03  2.832894E-02  1.150255E-02  3.796676E+00  1.000000E+00  1.381403E-02  8.931944E-25  1.667048E-08   2.788967E-37 LZ5Tmedian  2.312730E-01  0.000000E+00  
1.966147E+03  1.738541E-02  6.573800E+01  -2.237678E-08  1.000000E+00  4.172870E-03  1.133502E-24  5.799758E-25   5.000000E-01 NotAppl  2.833519E-01  0.000000E+00  
2.840736E+02  4.623922E+00  1.454078E+01  -3.163570E-07  1.000000E+00  1.419642E-02  3.594057E-25  6.033520E-21   5.000000E-01 NotAppl  6.510878E-01  0.000000E+00  
6.803282E+03  3.266853E+02  -3.266573E+02  3.122920E-09  1.000000E+00  1.239674E-04  6.005545E-23  9.038042E-28   5.000000E-01 NotAppl  4.147333E+00  0.000000E+00  
1.704318E+02  8.139322E-03  1.876828E+00  4.631271E-07  1.000000E+00  1.251123E-02  6.245217E-25  3.683250E-20   5.000000E-01 NotAppl  1.957150E+00  0.000000E+00  
8.229825E+03  1.359710E-04  1.534744E-04  1.648362E-01  1.000000E+00  1.763249E+01  4.233896E-28  1.710486E-12   5.000000E-01 NotAppl  2.456233E-05  0.000000E+00  
7.318345E+01  6.328326E-02  -6.120535E-02  -1.215658E-08  1.000000E+00  6.794851E-03  1.601543E-40  1.434499E-22   5.000000E-01 NotAppl  1.374135E-15  0.000000E+00  
2.818314E+01  9.310238E-02  2.757759E-01  -5.227268E-01  1.000000E+00  2.708357E-03  6.491905E-26  1.849074E-06   0.000000E+00 XENON1T_2018  1.512424E+00  2.503933E-01  
1.477468E+03  1.816541E-01  5.252607E-01  9.654301E-09  1.000000E+00  7.586750E-01  1.018421E-26  1.932935E-25   5.000000E-01 NotAppl  3.353994E-03  0.000000E+00  
4.020894E+03  9.003001E-02  -8.943142E-02  2.530598E-05  1.000000E+00  5.300767E+00  1.367346E-27  1.728665E-19   5.000000E-01 NotAppl  1.618926E-04  0.000000E+00  
5.503827E+01  2.491250E+00  1.984463E+01  4.500296E-01  1.000000E+00  2.820809E-03  5.837936E-25  3.516733E-07   0.000000E+00 XENON1T_2018  6.700631E+00  3.666116E-01  
1.959595E+01  6.398819E+01  1.249927E+02  -1.302442E-05  1.000000E+00  2.625893E+06  3.241575E-35  2.387372E-15   5.000000E-01 NotAppl  1.124172E-09  2.301906E-07  
1.598214E+03  1.446277E-01  1.136535E+02  -1.666071E-09  1.000000E+00  1.475969E-03  3.256256E-24  4.904559E-27   5.000000E-01 NotAppl  1.006539E+00  0.000000E+00  
1.459054E+01  3.231599E-04  5.573787E-01  3.916855E-10  1.000000E+00  8.512829E-04  2.665443E-44  3.890493E-24   5.000000E-01 NotAppl  1.289900E-18  2.129994E-16  
1.803182E+02  1.027839E-02  4.228026E-01  -2.615597E-02  1.000000E+00  1.473564E-02  5.564794E-25  1.046597E-10   4.600687E-03 LZ5Tmedian  1.621511E+00  0.000000E+00  
1.258395E+03  7.192479E+01  -7.192274E+01  3.950355E-10  1.000000E+00  2.361874E-03  2.880982E-24  4.489613E-28   5.000000E-01 NotAppl  1.114648E+00  0.000000E+00  
1.085109E+03  2.540533E-04  5.971403E+00  1.176024E+00  1.000000E+00  3.003256E-02  3.622779E-25  5.383413E-09   4.904887E-22 LZ5Tmedian  1.717064E-01  0.000000E+00  
4.781894E+02  6.027848E-01  1.578599E+01  -5.455697E-03  1.000000E+00  3.570163E-02  1.614363E-25  6.180398E-13   5.000000E-01 NotAppl  1.708467E-01  0.000000E+00  
4.263239E+01  2.174198E-03  -9.616430E-04  -1.786579E-09  1.000000E+00  2.095481E-04  1.634255E-42  9.325602E-24   5.000000E-01 NotAppl  2.447043E-17  3.334034E-15  
6.275273E+01  8.097682E-04  1.213991E-03  -4.306466E-03  1.000000E+00  4.677252E-03  4.140615E-26  2.464185E-11   5.891864E-02 LZ5Tmedian  4.132636E-01  0.000000E+00  
5.266142E+01  3.453851E-03  7.413103E+02  1.179825E-08  1.000000E+00  2.608496E-03  2.409607E-40  2.644748E-22   5.000000E-01 NotAppl  2.897225E-15  1.070877E-13  
1.737752E+03  1.658155E-01  -1.656658E-01  -9.548837E-08  1.000000E+00  1.058376E+00  7.277436E-27  1.358340E-23   5.000000E-01 NotAppl  2.028747E-03  0.000000E+00  
1.729223E+01  1.936865E+00  -1.916854E+00  -4.035050E-10  1.000000E+00  5.188356E-02  2.978025E-44  2.943362E-24   5.000000E-01 NotAppl  1.187618E-18  2.200116E-16  
5.404183E+01  1.778881E-02  1.446756E+00  -3.609277E-02  1.000000E+00  2.816545E-03  2.980447E-27  2.347891E-09   7.157774E-126 LZ5Tmedian  3.475067E-02  2.118927E-01  
7.858708E+01  2.475383E-03  6.066363E+02  1.037143E-07  1.000000E+00  6.074681E-03  4.816022E-39  9.027192E-21   5.000000E-01 NotAppl  3.810873E-14  0.000000E+00  
1.771865E+01  1.081426E+01  -1.074704E+01  5.277435E-05  1.000000E+00  6.144675E-02  5.134732E-34  4.795606E-14   5.000000E-01 NotAppl  1.992373E-08  2.187299E-06  
1.967125E+01  3.709480E-01  1.475928E+01  -9.311121E-08  1.000000E+00  2.968073E-03  1.659237E-39  1.210783E-19   5.000000E-01 NotAppl  5.732545E-14  6.065442E-12  
6.095017E+03  6.056864E+01  -4.771607E+01  2.290114E-02  1.000000E+00  3.183812E-03  2.194785E-24  6.076904E-14   5.000000E-01 NotAppl  1.695159E-01  0.000000E+00  
1.005266E+01  1.692654E-04  4.028910E-02  -5.452437E-02  1.000000E+00  6.210903E-04  4.471491E-28  1.570088E-07   0.000000E+00 LZ5Tmedian  3.343533E-02  2.359962E-01  
1.916553E+02  1.038204E+00  -1.037559E+00  1.556917E-04  1.000000E+00  1.573314E-02  5.182297E-25  3.272617E-15   5.000000E-01 NotAppl  1.415867E+00  0.000000E+00  
4.796197E+03  1.767681E-02  2.156846E+01  3.292670E-02  1.000000E+00  3.598735E-02  1.274011E-25  2.044708E-13   5.000000E-01 NotAppl  1.281809E-02  0.000000E+00  
1.284034E+01  4.149809E+02  -4.146963E+02  2.307843E-08  1.000000E+00  1.467260E-01  8.891944E-41  1.739640E-20   5.000000E-01 NotAppl  4.988754E-15  7.447370E-13  
1.099147E+01  5.840952E-01  1.125100E+01  -6.192432E-04  1.000000E+00  4.426871E-03  6.031388E-32  1.700760E-11   5.000000E-01 NotAppl  4.060301E-06  4.396825E-04  
9.637052E+03  5.941787E+00  -5.814630E+00  -9.748289E-04  1.000000E+00  2.824204E-01  2.107451E-26  4.341721E-17   5.000000E-01 NotAppl  1.023362E-03  0.000000E+00  
4.077491E+01  1.193572E+01  -7.192557E+00  4.004326E-10  1.000000E+00  7.590342E-04  7.132167E-44  5.129177E-25   5.000000E-01 NotAppl  1.116570E-18  5.085586E-17  
2.436328E+02  1.056349E-04  2.510107E+00  -1.932377E-10  1.000000E+00  2.386542E-02  3.379356E-25  3.083255E-27   5.000000E-01 NotAppl  7.185057E-01  0.000000E+00  
3.753098E+01  1.999579E-01  -1.730759E-01  4.742805E-07  1.000000E+00  1.055694E-04  8.118113E-38  8.516203E-19   5.000000E-01 NotAppl  1.389745E-12  2.567788E-10  
2.312948E+01  8.467654E+02  -8.467563E+02  -5.343936E-06  1.000000E+00  2.875551E-02  5.893459E-36  2.879967E-16   5.000000E-01 NotAppl  1.705238E-10  3.790810E-08  
3.043432E+02  2.510568E+00  5.933198E+02  1.600377E-06  1.000000E+00  3.119968E-04  1.425224E-23  1.340802E-19   5.000000E-01 NotAppl  2.405533E+01  0.000000E+00  
5.700983E+02  3.139712E-03  -2.858308E-03  2.097960E+00  1.000000E+00  4.230445E-03  3.058605E-24  6.379445E-08   0.000000E+00 LZ5Tmedian  2.788899E+00  0.000000E+00  
1.254995E+03  4.224816E-03  4.414175E+00  -7.756683E-02  1.000000E+00  3.460375E-01  1.788289E-26  1.740549E-11   5.000000E-01 NotAppl  7.004009E-03  0.000000E+00  
1.429401E+03  6.436001E+01  -1.640060E+01  3.055334E-06  1.000000E+00  1.593424E-03  2.937667E-24  2.071021E-20   5.000000E-01 NotAppl  1.001546E+00  0.000000E+00  
3.256007E+03  5.870111E-01  1.423244E+02  2.573532E-05  1.000000E+00  9.277029E-04  5.276650E-24  2.746439E-19   5.000000E-01 NotAppl  7.868963E-01  0.000000E+00  
4.369592E+01  1.387122E-02  2.209987E-01  1.347627E+00  1.000000E+00  1.279644E-04  8.951951E-25  5.046550E-06   0.000000E+00 XENON1T_2018  1.293630E+01  2.502545E-01  
5.420720E+03  8.182143E+02  -8.175131E+02  1.880198E-08  1.000000E+00  2.268282E-05  3.385518E-22  5.198355E-26   5.000000E-01 NotAppl  2.943567E+01  0.000000E+00  
6.234944E+03  1.785686E-01  -9.064402E-02  2.671238E-05  1.000000E+00  1.197189E+01  5.881482E-28  7.895154E-20   5.000000E-01 NotAppl  4.461724E-05  0.000000E+00  
1.193431E+02  7.369508E+00  4.630192E+00  4.919936E-10  1.000000E+00  3.087092E-03  1.186365E-24  8.629542E-26   5.000000E-01 NotAppl  5.368375E+00  0.000000E+00  
3.992495E+02  1.536330E+01  1.620368E+02  9.252357E-10  1.000000E+00  7.071066E-04  5.369760E-24  2.571129E-26   5.000000E-01 NotAppl  6.873155E+00  0.000000E+00  
7.967479E+01  1.905650E-03  2.416528E+00  1.102559E-06  1.000000E+00  6.108355E-03  4.715744E-37  9.919319E-19   5.000000E-01 NotAppl  3.712447E-12  0.000000E+00  
2.260771E+01  5.656021E-02  5.126094E+00  5.616313E-01  1.000000E+00  1.822479E-03  6.418125E-26  3.330612E-06   0.000000E+00 XENON1T_2018  1.904861E+00  2.503918E-01  
6.069211E+02  3.774785E-01  1.305598E+02  -1.960323E-06  1.000000E+00  1.299345E-03  3.706193E-24  4.900904E-20   5.000000E-01 NotAppl  3.091432E+00  0.000000E+00  
1.745163E+01  3.371162E-04  9.622430E+01  -6.069871E-10  1.000000E+00  1.048429E-03  6.758839E-44  6.539447E-24   5.000000E-01 NotAppl  2.667672E-18  5.053555E-16  
1.107333E+02  1.049351E+02  -8.171705E+01  5.121595E-01  1.000000E+00  2.759965E-04  1.165691E-23  1.090295E-07   0.000000E+00 XENON1T_2018  5.748095E+01  0.000000E+00  
3.078617E+03  1.786719E+00  5.317274E-01  3.020784E+00  1.000000E+00  3.966471E-02  2.865668E-25  4.240985E-09   1.107981E-06 LZ5Tmedian  4.659671E-02  0.000000E+00  
1.362455E+03  1.439459E-04  7.456856E-04  -1.681474E-08  1.000000E+00  6.684034E-01  1.178008E-26  6.917255E-25   5.000000E-01 NotAppl  4.215139E-03  0.000000E+00  
3.230558E+02  1.549593E-01  1.320269E+00  -4.065875E-10  1.000000E+00  4.151810E-02  1.983163E-25  7.658944E-27   5.000000E-01 NotAppl  3.141751E-01  0.000000E+00  
2.789943E+02  2.493687E+01  -2.401528E+01  -1.154517E+00  1.000000E+00  9.931989E-04  6.410198E-24  8.338031E-08   0.000000E+00 XENON1T_2018  1.362089E+01  0.000000E+00  
7.408351E+03  1.133451E-01  8.532328E+02  -2.055732E+00  1.000000E+00  3.062116E-05  1.730284E-22  3.293900E-10   5.000000E-01 NotAppl  1.119793E+01  0.000000E+00  
1.527836E+01  1.306027E-03  3.834447E+01  -3.666164E-08  1.000000E+00  8.350403E-04  2.367308E-40  3.110206E-20   5.000000E-01 NotAppl  1.087002E-14  2.676031E-13  
1.099111E+03  3.994853E+00  7.253438E+01  1.495152E-06  1.000000E+00  3.163137E-03  1.495908E-24  8.476827E-21   5.000000E-01 NotAppl  6.788529E-01  0.000000E+00  
2.398031E+03  1.281480E-04  6.515744E-02  7.647509E-07  1.000000E+00  1.965754E+00  3.823416E-27  4.520384E-22   5.000000E-01 NotAppl  7.664839E-04  0.000000E+00  
6.506639E+02  1.056458E-01  4.576644E+01  4.947294E-04  1.000000E+00  8.252909E-03  5.755791E-25  2.707581E-15   5.000000E-01 NotAppl  4.466541E-01  0.000000E+00  
3.913009E+03  5.930355E+00  -5.884972E+00  2.591788E-10  1.000000E+00  2.661872E-01  2.217357E-26  1.916421E-29   5.000000E-01 NotAppl  2.685672E-03  0.000000E+00  
7.637652E+01  5.125598E-02  1.565234E-01  1.523313E-08  1.000000E+00  7.065376E-03  1.433211E-40  2.064284E-22   5.000000E-01 NotAppl  1.167941E-15  0.000000E+00  
1.715761E+02  2.635585E-02  5.633073E-03  8.150693E-09  1.000000E+00  1.346553E-02  6.134101E-25  1.125287E-23   5.000000E-01 NotAppl  1.909597E+00  0.000000E+00  
5.927913E+02  1.684794E+02  -1.027566E+02  -1.342725E-08  1.000000E+00  2.687699E-04  1.321400E-23  2.412724E-24   5.000000E-01 NotAppl  1.115248E+01  0.000000E+00  
4.284076E+01  3.746215E-03  -8.496351E-04  4.903865E-09  1.000000E+00  1.923047E-04  1.252233E-41  6.956657E-23   5.000000E-01 NotAppl  1.865513E-16  2.501169E-14  
4.849134E+02  3.313725E-03  1.254596E+00  -3.882470E-06  1.000000E+00  9.146988E-02  9.077448E-26  3.041786E-19   5.000000E-01 NotAppl  9.428123E-02  0.000000E+00  
3.825862E+01  4.405110E-03  -3.911457E-03  2.085539E-03  1.000000E+00  6.124626E-05  1.639186E-30  1.583676E-11   1.282827E-01 NotAppl  2.744637E-05  4.817677E-03  
2.570282E+01  1.193536E+02  -1.193533E+02  4.770902E-09  1.000000E+00  1.996593E-02  5.024026E-42  1.855511E-22   5.000000E-01 NotAppl  1.296043E-16  2.964634E-14  
5.659469E+01  1.427656E-04  3.082310E-01  -3.497314E-08  1.000000E+00  3.333626E-03  5.502588E-39  2.006440E-21   5.000000E-01 NotAppl  6.140178E-14  7.407238E-13  
1.038852E+03  2.501768E-03  -1.801464E-03  -8.788199E-04  1.000000E+00  3.993734E-01  2.017511E-26  3.285790E-15   5.000000E-01 NotAppl  9.536442E-03  0.000000E+00  
8.762458E+01  9.938964E+00  8.833490E+01  3.917949E-07  1.000000E+00  3.703444E-03  7.897914E-25  1.030883E-19   5.000000E-01 NotAppl  5.030407E+00  0.000000E+00  
1.069655E+01  3.931537E-04  6.405336E-01  1.027543E-05  1.000000E+00  4.699618E-04  1.639935E-35  4.939213E-15   5.000000E-01 NotAppl  1.139862E-09  1.485462E-07  
7.639488E+03  3.369662E+01  -2.688448E+01  9.954066E-07  1.000000E+00  1.026862E-02  6.806675E-25  7.255624E-23   5.000000E-01 NotAppl  4.181742E-02  0.000000E+00  
1.168309E+02  2.383384E-03  1.795089E-03  7.599763E-02  1.000000E+00  5.947142E-03  1.518413E-24  2.150848E-09   1.084964E-70 LZ5Tmedian  7.028976E+00  0.000000E+00  
1.420764E+02  4.119779E+00  5.985985E+01  8.882806E-08  1.000000E+00  3.032303E-03  1.378451E-24  1.967570E-21   5.000000E-01 NotAppl  5.156723E+00  0.000000E+00  
1.520721E+01  7.648695E-01  -5.766792E-01  4.354466E-10  1.000000E+00  1.266827E-02  3.335033E-44  4.428615E-24   5.000000E-01 NotAppl  1.539560E-18  2.622191E-16  
1.982393E+01  2.948013E-01  2.505275E+01  -1.605689E-10  1.000000E+00  2.555776E-03  4.949357E-45  3.545264E-25   5.000000E-01 NotAppl  1.695390E-19  8.484464E-18  
1.976504E+01  5.676961E+02  -5.676956E+02  -1.455941E-04  1.000000E+00  4.594954E-02  4.064346E-33  2.932282E-13   5.000000E-01 NotAppl  1.396129E-07  2.873259E-05  
4.761639E+02  1.676433E+00  -1.648276E+00  -1.991683E-03  1.000000E+00  8.569541E-02  9.513969E-26  8.308584E-14   5.000000E-01 NotAppl  1.006979E-01  0.000000E+00  
1.380978E+03  1.733874E+00  1.034992E+02  -1.422592E-10  1.000000E+00  1.720075E-03  2.774501E-24  4.816734E-29   5.000000E-01 NotAppl  9.963948E-01  0.000000E+00  
1.006836E+03  2.013745E-02  5.135575E+00  -2.134658E-08  1.000000E+00  2.286113E-01  2.862612E-26  2.066551E-24   5.000000E-01 NotAppl  1.403516E-02  0.000000E+00  
6.663499E+03  8.024061E-01  2.241893E+01  1.353004E-02  1.000000E+00  3.230948E-02  1.463923E-25  1.769580E-14   5.000000E-01 NotAppl  1.054878E-02  0.000000E+00  
2.977974E+03  3.603119E-01  -3.559065E-01  -1.245806E-05  1.000000E+00  2.860416E+00  2.558024E-27  7.718087E-20   5.000000E-01 NotAppl  4.111322E-04  0.000000E+00  
5.763120E+01  7.359465E+00  -7.260227E+00  -5.187845E-07  1.000000E+00  5.126601E-03  1.751474E-36  4.254542E-19   5.000000E-01 NotAppl  1.917956E-11  1.487761E-10  
9.228833E+03  2.600584E+02  1.276176E+02  -6.726046E-09  1.000000E+00  6.630640E-05  7.773848E-23  2.256793E-27   5.000000E-01 NotAppl  3.985529E+00  0.000000E+00  
6.521177E+02  2.301612E-04  2.524256E+01  -9.195438E+00  1.000000E+00  1.191501E-04  9.686815E-23  9.311292E-07   0.000000E+00 XENON1T_2018  8.566520E+01  0.000000E+00  
2.274840E+03  8.494740E-04  1.824129E-02  -8.473350E-04  1.000000E+00  1.777630E+00  4.246054E-27  6.178672E-16   5.000000E-01 NotAppl  8.983835E-04  0.000000E+00  
4.099842E+02  6.316546E-02  -6.110883E-02  7.945564E-02  1.000000E+00  6.358243E-02  1.377132E-25  1.795933E-10   1.419536E-02 LZ5Tmedian  1.711305E-01  0.000000E+00  
6.031265E+03  7.970629E-04  1.581388E-02  9.540567E-03  1.000000E+00  1.167151E+01  6.070473E-28  1.077449E-14   5.000000E-01 NotAppl  4.763518E-05  0.000000E+00  
2.194148E+03  8.062692E-02  7.428705E-03  3.136012E-02  1.000000E+00  1.635601E+00  4.650141E-27  9.109415E-13   5.000000E-01 NotAppl  1.021580E-03  0.000000E+00  
1.884591E+03  2.389488E-03  6.632851E+00  7.717269E-05  1.000000E+00  2.773285E-01  1.802399E-26  7.520294E-18   5.000000E-01 NotAppl  4.677920E-03  0.000000E+00  
3.672738E+03  1.351250E-02  1.270591E+00  2.912124E-02  1.000000E+00  2.893026E+00  2.175965E-27  2.752326E-13   5.000000E-01 NotAppl  2.836700E-04  0.000000E+00  
5.634997E+02  7.703110E-02  2.066825E+02  3.831494E-01  1.000000E+00  5.950828E-04  8.790602E-24  2.179022E-09   3.569362E-17 LZ5Tmedian  7.916606E+00  0.000000E+00  
3.945460E+02  1.346993E-01  -1.267745E-01  1.832998E-02  1.000000E+00  6.264420E-02  1.359851E-25  1.033891E-11   5.000000E-01 NotAppl  1.750604E-01  0.000000E+00  
1.742441E+01  3.349686E+00  1.411505E+02  -7.744052E-02  1.000000E+00  3.598725E-01  1.099549E-27  1.067759E-07   0.000000E+00 XENON1T_2018  4.349268E-02  3.483659E-01  
6.549243E+02  1.762181E-03  1.894577E-03  1.785591E-06  1.000000E+00  1.661518E-01  5.014720E-26  3.480307E-20   5.000000E-01 NotAppl  3.814570E-02  0.000000E+00  
9.707162E+03  3.100102E+01  -2.978768E+01  -2.113858E-05  1.000000E+00  1.178504E-02  5.665587E-25  2.011708E-20   5.000000E-01 NotAppl  2.731189E-02  0.000000E+00  
2.269608E+01  5.980193E-01  3.247093E+01  6.743329E-09  1.000000E+00  4.681533E-03  9.288344E-42  4.763855E-22   5.000000E-01 NotAppl  2.741335E-16  9.999500E-15  
4.719400E+02  1.058207E-02  1.112717E+00  -1.533073E-08  1.000000E+00  8.714958E-02  9.557318E-26  5.013342E-24   5.000000E-01 NotAppl  1.020975E-01  0.000000E+00  
2.236518E+02  8.819200E+02  -8.786074E+02  -6.762943E-03  1.000000E+00  2.470451E-04  2.003333E-23  4.500242E-12   5.000000E-01 NotAppl  4.702464E+01  0.000000E+00  
1.551704E+02  4.080293E+01  -4.077073E+01  1.549667E-08  1.000000E+00  4.378940E-03  1.345660E-24  4.998283E-23   5.000000E-01 NotAppl  4.696776E+00  0.000000E+00  
3.155318E+01  1.500381E+02  -1.499944E+02  9.824311E-01  1.000000E+00  5.847161E-03  2.582819E-25  5.196181E-06   0.000000E+00 XENON1T_2018  5.315738E+00  4.998607E-01  
1.954053E+03  4.982096E-02  7.031490E+00  5.870369E-10  1.000000E+00  2.553449E-01  1.923770E-26  4.042090E-28   5.000000E-01 NotAppl  4.814906E-03  0.000000E+00  
3.395577E+01  1.819930E-01  1.662453E+00  7.664211E-09  1.000000E+00  1.021401E-03  1.758216E-41  2.725118E-22   5.000000E-01 NotAppl  3.347823E-16  6.886201E-14  
2.123304E+03  4.612692E-01  -2.938608E-01  -6.599797E+00  1.000000E+00  5.207322E-03  2.436058E-24  4.313536E-08   2.054802E-88 LZ5Tmedian  5.906512E-01  0.000000E+00  
9.499077E+02  4.257871E+01  6.344156E+02  6.003824E-05  1.000000E+00  6.505136E-05  5.937900E-23  1.840972E-17   5.000000E-01 NotAppl  3.130263E+01  0.000000E+00  
1.155807E+03  8.190716E+00  -8.171313E+00  5.848257E+00  1.000000E+00  1.811553E-03  6.414124E-24  1.170416E-07   0.000000E+00 LZ5Tmedian  2.816014E+00  0.000000E+00  
3.783160E+02  3.059498E-03  1.066432E+02  -4.175532E-04  1.000000E+00  2.052194E-03  2.346643E-24  5.846671E-15   5.000000E-01 NotAppl  3.173172E+00  0.000000E+00  
2.035066E+03  4.645343E+00  8.092945E+02  -1.417995E-10  1.000000E+00  4.369178E-05  1.174556E-22  2.171088E-29   5.000000E-01 NotAppl  2.834461E+01  0.000000E+00  
1.483606E+01  2.989477E+00  -2.762189E+00  4.499207E-04  1.000000E+00  9.788196E-02  3.534451E-32  4.965979E-12   5.000000E-01 NotAppl  1.677946E-06  2.700718E-04  
8.963503E+02  1.245386E-01  -1.237483E-01  -5.774188E-02  1.000000E+00  2.949776E-01  2.783944E-26  1.917045E-11   5.000000E-01 NotAppl  1.535550E-02  0.000000E+00  
2.165404E+01  2.478270E+01  -2.318061E+01  6.778830E-10  1.000000E+00  8.616528E-02  9.166583E-44  5.291713E-24   5.000000E-01 NotAppl  2.849462E-18  8.388689E-17  
2.387501E+01  2.672439E+01  9.602239E-01  -1.078367E-01  1.000000E+00  8.947219E-01  2.444486E-27  1.100103E-07   0.000000E+00 XENON1T_2018  6.834762E-02  7.632806E-01  
1.857162E+03  7.102347E+02  -7.102345E+02  5.015032E-01  1.000000E+00  3.773484E-05  2.017133E-22  3.272133E-10   1.738039E-01 NotAppl  5.232333E+01  0.000000E+00  
8.050776E+02  5.112241E-02  6.405799E-01  -2.201833E-01  1.000000E+00  1.801477E-01  5.021040E-26  3.471102E-10   1.428027E-02 LZ5Tmedian  3.162959E-02  0.000000E+00  
4.864581E+02  5.718604E+00  -5.454969E+00  6.418191E-07  1.000000E+00  6.668783E-02  1.087729E-25  8.258718E-21   5.000000E-01 NotAppl  1.126229E-01  0.000000E+00  
1.908253E+01  7.059854E+00  2.591652E+01  -6.991282E-02  1.000000E+00  1.608847E+00  9.246775E-28  7.254973E-08   0.000000E+00 XENON1T_2018  3.304141E-02  3.964725E-01  
5.681220E+02  2.165258E-02  1.031528E+00  -4.306976E-06  1.000000E+00  1.242687E-01  6.661562E-26  2.707801E-19   5.000000E-01 NotAppl  5.870973E-02  0.000000E+00  
8.925004E+02  1.514440E-02  -1.276796E-02  2.553476E-02  1.000000E+00  2.974411E-01  2.749838E-26  3.782082E-12   5.000000E-01 NotAppl  1.520524E-02  0.000000E+00  
1.130224E+01  1.939281E-03  1.589797E+01  6.531859E-02  1.000000E+00  4.961648E-04  6.792575E-28  1.791598E-07   0.000000E+00 XENON1T_2018  4.424120E-02  2.100346E-01  
7.493736E+02  6.379403E+00  -6.377323E+00  -2.500014E-07  1.000000E+00  1.118756E-01  6.211445E-26  5.180743E-22   5.000000E-01 NotAppl  4.108510E-02  0.000000E+00  
1.297079E+01  1.414669E+01  8.168841E+02  3.583746E-02  1.000000E+00  9.052323E+00  2.151417E-28  4.111954E-08   0.000000E+00 LZ5Tmedian  1.192891E-02  1.688027E-01  
1.009103E+02  2.184786E+00  -1.988692E+00  -1.814882E-01  1.000000E+00  9.513125E-03  4.079787E-25  1.656259E-08   0.000000E+00 LZ5Tmedian  2.208521E+00  0.000000E+00  
6.655922E+01  9.003598E+00  -9.001909E+00  6.696200E-01  1.000000E+00  2.005141E-03  3.668209E-24  5.282988E-07   0.000000E+00 XENON1T_2018  3.460918E+01  0.000000E+00  
6.165075E+02  3.124221E-01  -3.097116E-01  -1.570569E+00  1.000000E+00  6.589515E-03  1.897278E-24  3.046654E-08   2.672417E-211 LZ5Tmedian  1.668429E+00  0.000000E+00  
8.072707E+03  4.747888E+01  -4.747828E+01  3.037470E-01  1.000000E+00  5.027950E-03  1.355336E-24  6.040055E-12   5.000000E-01 NotAppl  7.872055E-02  0.000000E+00  
5.453682E+03  2.284209E-02  6.675659E-01  -4.117538E-05  1.000000E+00  7.316852E+00  8.701863E-28  2.462535E-19   5.000000E-01 NotAppl  7.579299E-05  0.000000E+00  
3.732868E+03  9.276369E-04  4.364196E-03  -2.042858E-03  1.000000E+00  4.613181E+00  1.580587E-27  1.310411E-15   5.000000E-01 NotAppl  2.018111E-04  0.000000E+00  
1.179477E+01  1.834704E-03  7.968740E-03  -2.178523E-07  1.000000E+00  9.070956E-04  7.686585E-39  1.832680E-18   5.000000E-01 NotAppl  4.762138E-13  6.657552E-11  
2.391049E+01  2.401924E+01  -2.401912E+01  -6.232623E-04  1.000000E+00  2.578690E-02  8.172946E-32  3.663883E-12   5.000000E-01 NotAppl  2.281457E-06  7.104417E-05  
5.170118E+03  1.938206E+02  -1.938200E+02  4.031603E-03  1.000000E+00  3.385731E-04  2.136712E-23  2.631498E-15   5.000000E-01 NotAppl  1.949178E+00  0.000000E+00  
1.353884E+01  3.528561E-04  3.280069E-01  4.934026E-02  1.000000E+00  8.039116E-04  4.134478E-28  7.160725E-08   0.000000E+00 XENON1T_2018  2.181250E-02  2.322368E-01  
1.239215E+02  2.942207E-04  4.834094E-04  -6.957314E-09  1.000000E+00  7.823998E-03  1.018802E-24  1.597477E-23   5.000000E-01 NotAppl  4.431073E+00  0.000000E+00  
8.185113E+02  2.461583E+01  -2.460203E+01  -5.976068E-04  1.000000E+00  1.713402E-02  3.751209E-25  2.472013E-15   5.000000E-01 NotAppl  2.263132E-01  0.000000E+00  
8.142842E+03  2.262589E+02  -1.886032E+02  -2.645717E-06  1.000000E+00  2.276682E-04  2.978892E-23  4.502705E-22   5.000000E-01 NotAppl  1.715541E+00  0.000000E+00  
1.995490E+01  4.640475E-02  -4.483834E-02  -3.216659E-03  1.000000E+00  2.625736E-03  1.991481E-30  1.404097E-10   1.894079E-05 LZ5Tmedian  6.768670E-05  1.327768E-02  
2.318431E+03  1.289192E-04  1.160891E+00  -2.370262E-09  1.000000E+00  1.577081E+00  4.452791E-27  4.651439E-27   5.000000E-01 NotAppl  9.253338E-04  0.000000E+00  
6.550814E+01  4.409941E+02  -4.409915E+02  1.390621E-09  1.000000E+00  1.095244E-02  2.927823E-41  2.353714E-24   5.000000E-01 NotAppl  2.810871E-16  0.000000E+00  
9.560978E+03  9.369462E-04  6.340303E-04  -3.698839E-10  1.000000E+00  2.861759E+01  2.413229E-28  6.352199E-30   5.000000E-01 NotAppl  1.187858E-05  0.000000E+00  
1.035448E+02  2.037055E+01  3.621566E+01  -1.163232E-03  1.000000E+00  1.897967E-03  1.586318E-24  6.453882E-13   5.000000E-01 NotAppl  8.308812E+00  0.000000E+00  
2.058547E+02  1.996568E+00  -1.287090E+00  -3.628640E-01  1.000000E+00  6.621023E-03  1.339635E-24  1.535472E-08   1.550171E-304 LZ5Tmedian  3.699069E+00  0.000000E+00  
7.187048E+03  2.192406E-02  -1.630018E-02  7.988123E-06  1.000000E+00  1.641335E+01  4.272487E-28  5.289610E-21   5.000000E-01 NotAppl  2.806672E-05  0.000000E+00  
6.273204E+03  2.393185E+02  -2.391486E+02  9.613735E-02  1.000000E+00  2.249124E-04  3.261588E-23  1.009998E-12   5.000000E-01 NotAppl  2.445475E+00  0.000000E+00  
5.744521E+02  3.140536E+01 