MD1           DMP           DM3           l345          ld           Omegah2       sigV          protonSI      PvalDD        expName      CMB_ID        brH_DMDM      
1.994339E+03  4.861392E-03  2.429438E+02  -2.008871E-05  1.000000E+00  3.534132E-04  1.405753E-23  4.540726E-19   5.000000E-01 NotAppl  3.463545E+00  0.000000E+00  
1.929649E+02  5.521968E+00  1.802592E+01  -1.303856E-05  1.000000E+00  6.637298E-03  6.704496E-25  2.263408E-17   5.000000E-01 NotAppl  1.815078E+00  0.000000E+00  
6.574361E+02  3.556168E-03  2.285271E+02  -4.293625E-01  1.000000E+00  5.334390E-04  8.844240E-24  1.996661E-09   1.105635E-13 LZ5Tmedian  6.803830E+00  0.000000E+00  
1.732795E+01  6.173228E-01  -6.171846E-01  -3.258913E-07  1.000000E+00  1.023197E-02  1.943851E-38  1.912055E-18   5.000000E-01 NotAppl  7.733957E-13  1.455412E-10  
9.274699E+02  1.927088E-01  -1.924901E-01  1.525094E-07  1.000000E+00  3.210264E-01  2.527847E-26  1.247326E-22   5.000000E-01 NotAppl  1.342842E-02  0.000000E+00  
2.310086E+03  6.776137E+01  -6.775929E+01  -1.668692E+00  1.000000E+00  3.214504E-03  1.927449E-24  2.322399E-09   4.559019E-05 LZ5Tmedian  4.014506E-01  0.000000E+00  
3.844203E+03  4.225207E+02  -4.182829E+02  5.276941E-07  1.000000E+00  7.648997E-05  9.420938E-23  8.236249E-23   5.000000E-01 NotAppl  1.161401E+01  0.000000E+00  
2.426317E+02  3.679288E+02  -3.678668E+02  2.081594E-03  1.000000E+00  4.168285E-04  1.567145E-23  3.608120E-13   5.000000E-01 NotAppl  3.375196E+01  0.000000E+00  
3.396503E+03  6.238785E+00  -6.238609E+00  -3.520505E-09  1.000000E+00  2.381267E-01  2.484417E-26  4.716170E-27   5.000000E-01 NotAppl  3.476025E-03  0.000000E+00  
1.641672E+01  5.467095E-04  2.936449E-02  -4.798601E-07  1.000000E+00  1.531614E-03  4.143947E-38  4.617671E-18   5.000000E-01 NotAppl  1.753248E-12  3.173726E-10  
1.681072E+02  9.927261E-04  5.057065E-02  -1.477040E-10  1.000000E+00  1.299293E-02  6.351735E-25  3.853366E-27   5.000000E-01 NotAppl  2.019123E+00  0.000000E+00  
2.803547E+03  1.346830E+02  -1.344527E+02  -8.200691E-04  1.000000E+00  6.900311E-04  1.019860E-23  3.781565E-16   5.000000E-01 NotAppl  1.735067E+00  0.000000E+00  
1.602927E+03  4.310644E+00  -3.749045E+00  -1.429717E-01  1.000000E+00  4.029704E-01  1.443954E-26  3.590098E-11   5.000000E-01 NotAppl  4.402598E-03  0.000000E+00  
1.479360E+02  1.002856E-03  6.509263E+02  1.054229E-02  1.000000E+00  1.267198E-03  3.590892E-24  2.551049E-11   2.092120E-01 NotAppl  1.270884E+01  0.000000E+00  
8.819089E+01  1.126195E+00  2.930937E+02  -5.625386E-04  1.000000E+00  4.384808E-03  7.495342E-25  2.097311E-13   5.000000E-01 NotAppl  4.743233E+00  0.000000E+00  
7.201183E+02  3.707549E+01  -3.703149E+01  -1.068974E+00  1.000000E+00  1.179422E-02  4.703137E-25  1.027482E-08   1.087301E-61 LZ5Tmedian  3.555419E-01  0.000000E+00  
1.123159E+02  2.886127E+02  -2.886094E+02  -3.791890E-08  1.000000E+00  1.738590E-03  3.245882E-24  5.805104E-22   5.000000E-01 NotAppl  1.587713E+01  0.000000E+00  
5.903116E+01  9.587855E+01  -9.587793E+01  6.289518E-03  1.000000E+00  3.921826E-03  4.960038E-28  5.954540E-11   8.705983E-04 LZ5Tmedian  5.298461E-03  1.790336E-02  
5.435438E+02  3.439175E-02  -3.423782E-02  1.434030E-05  1.000000E+00  1.164310E-01  7.225242E-26  3.285930E-18   5.000000E-01 NotAppl  6.665753E-02  0.000000E+00  
1.805871E+03  9.549102E+00  1.603274E+02  3.931189E-10  1.000000E+00  6.736812E-04  7.130527E-24  2.128643E-28   5.000000E-01 NotAppl  1.944607E+00  0.000000E+00  
1.366646E+02  1.822918E-02  -1.771448E-02  1.953311E-05  1.000000E+00  9.147877E-03  8.867173E-25  1.030264E-16   5.000000E-01 NotAppl  3.489756E+00  0.000000E+00  
2.840255E+03  4.782479E-01  8.459509E+01  3.994132E-09  1.000000E+00  2.534084E-03  1.898447E-24  8.736030E-27   5.000000E-01 NotAppl  3.255246E-01  0.000000E+00  
3.043298E+03  4.617468E-01  -4.574151E-01  1.673087E-01  1.000000E+00  2.192452E+00  3.681525E-27  1.331878E-11   5.000000E-01 NotAppl  5.851450E-04  0.000000E+00  
1.240945E+03  1.962068E+02  -1.521790E+02  1.136463E-07  1.000000E+00  2.209274E-04  1.971770E-23  3.823136E-23   5.000000E-01 NotAppl  7.743529E+00  0.000000E+00  
6.794795E+02  1.729346E-01  -1.717313E-01  -2.708828E-01  1.000000E+00  1.123434E-01  8.513954E-26  7.429329E-10   2.151798E-05 LZ5Tmedian  6.443457E-02  0.000000E+00  
1.982441E+02  2.747183E-02  2.423544E+01  2.512341E-08  1.000000E+00  1.015282E-02  6.303413E-25  7.951298E-23   5.000000E-01 NotAppl  1.658065E+00  0.000000E+00  
2.021201E+01  7.687120E-04  1.070917E+01  -3.317598E-01  1.000000E+00  1.345653E-03  2.129116E-26  1.455709E-06   0.000000E+00 XENON1T_2018  7.135955E-01  2.614663E-01  
7.233049E+03  1.264328E+02  -1.255298E+02  -2.105471E-05  1.000000E+00  7.679529E-04  9.278876E-24  3.627469E-20   5.000000E-01 NotAppl  6.022586E-01  0.000000E+00  
6.048627E+02  1.111764E-01  1.054838E-01  3.570741E-06  1.000000E+00  1.421100E-01  5.864869E-26  1.637396E-19   5.000000E-01 NotAppl  4.843876E-02  0.000000E+00  
4.002786E+01  2.779000E+00  2.440334E+01  -2.016655E-06  1.000000E+00  6.474035E-04  1.717413E-36  1.350775E-17   5.000000E-01 NotAppl  2.747002E-11  3.954515E-09  
1.809550E+01  9.395276E+02  -4.491618E+02  2.800074E+00  1.000000E+00  2.337898E-03  1.331121E-24  1.294356E-04   0.000000E+00 XENON1T_2018  5.044673E+01  9.999068E-01  
9.463248E+01  5.239443E-04  -4.180556E-04  1.357721E-01  1.000000E+00  3.534943E-03  2.608670E-24  1.057378E-08   0.000000E+00 LZ5Tmedian  1.509249E+01  0.000000E+00  
2.054714E+01  9.196578E-04  4.641602E+00  2.830402E+00  1.000000E+00  1.313057E-03  6.081172E-25  1.025138E-04   0.000000E+00 XENON1T_2018  2.014585E+01  2.516291E-01  
2.637973E+02  1.023298E-01  -1.022030E-01  1.455443E-09  1.000000E+00  2.946605E-02  2.890065E-25  1.486192E-25   5.000000E-01 NotAppl  5.655427E-01  0.000000E+00  
7.131628E+03  3.962512E-01  1.196724E+01  6.515948E-10  1.000000E+00  1.089402E-01  4.173457E-26  3.576724E-29   5.000000E-01 NotAppl  2.806496E-03  0.000000E+00  
1.125517E+03  3.249862E-02  8.203313E+02  -7.816134E-04  1.000000E+00  6.182144E-05  8.451978E-23  2.207015E-15   5.000000E-01 NotAppl  3.744765E+01  0.000000E+00  
3.939591E+03  1.198785E+00  -1.198530E+00  1.347741E-09  1.000000E+00  2.832355E+00  2.267739E-27  5.110990E-28   5.000000E-01 NotAppl  2.735961E-04  0.000000E+00  
6.413770E+03  4.953713E-02  4.541861E-01  -2.586979E-07  1.000000E+00  1.077553E+01  6.060183E-28  6.991423E-24   5.000000E-01 NotAppl  4.476021E-05  0.000000E+00  
2.051797E+02  1.268853E-04  1.066963E-02  -4.795297E-10  1.000000E+00  1.857010E-02  4.572869E-25  2.699653E-26   5.000000E-01 NotAppl  1.163289E+00  0.000000E+00  
4.707159E+01  1.369036E-04  5.292925E-01  -1.310562E-09  1.000000E+00  6.956751E-04  1.337288E-42  4.101760E-24   5.000000E-01 NotAppl  1.806605E-17  1.609669E-15  
1.321323E+02  7.362432E-03  1.062243E+01  -9.395713E-08  1.000000E+00  6.898896E-03  9.821654E-25  2.554415E-21   5.000000E-01 NotAppl  3.993952E+00  0.000000E+00  
1.256506E+02  1.622223E+02  -1.620091E+02  4.762428E-01  1.000000E+00  5.607431E-04  1.079893E-23  7.275637E-08   0.000000E+00 XENON1T_2018  4.706023E+01  0.000000E+00  
3.357560E+03  2.463438E+00  -2.463000E+00  8.259085E-05  1.000000E+00  1.095226E+00  5.534301E-27  2.657237E-18   5.000000E-01 NotAppl  7.846009E-04  0.000000E+00  
4.003066E+02  9.249934E-04  7.801806E+00  -6.808334E-05  1.000000E+00  4.890103E-02  1.476170E-25  1.384685E-16   5.000000E-01 NotAppl  1.872841E-01  0.000000E+00  
1.171015E+02  1.243092E-01  2.071650E+02  1.933497E-05  1.000000E+00  2.646615E-03  1.888787E-24  1.385600E-16   5.000000E-01 NotAppl  8.601717E+00  0.000000E+00  
1.435590E+01  1.442271E+01  1.109754E+02  -2.902343E-02  1.000000E+00  1.293395E+01  1.456419E-28  2.205999E-08   0.000000E+00 LZ5Tmedian  7.182852E-03  5.035562E-01  
8.560537E+01  1.859928E-03  -1.595928E-03  2.908285E-10  1.000000E+00  5.856566E-03  6.936551E-25  5.958195E-26   5.000000E-01 NotAppl  4.523588E+00  0.000000E+00  
1.531595E+02  1.000442E+00  -8.330793E-01  -5.567017E-02  1.000000E+00  1.091143E-02  6.846646E-25  6.625234E-10   7.649363E-18 LZ5Tmedian  2.403867E+00  0.000000E+00  
3.536676E+02  1.685731E+01  -1.642879E+01  -6.613725E-04  1.000000E+00  1.935003E-02  3.205581E-25  1.683698E-14   5.000000E-01 NotAppl  4.630523E-01  0.000000E+00  
1.161458E+01  1.584015E-03  2.264165E+00  -1.619062E-10  1.000000E+00  5.192253E-04  4.220082E-45  1.043368E-24   5.000000E-01 NotAppl  2.662141E-19  3.659478E-17  
1.608967E+03  4.865079E+01  -4.032292E+01  8.366658E-08  1.000000E+00  4.488802E-03  1.378586E-24  1.220056E-23   5.000000E-01 NotAppl  4.144545E-01  0.000000E+00  
1.517997E+02  1.309505E+02  -1.309488E+02  -1.828636E-06  1.000000E+00  1.671837E-03  3.560742E-24  7.280310E-19   5.000000E-01 NotAppl  1.281315E+01  0.000000E+00  
2.684997E+01  4.015132E-04  2.409786E-01  -3.544581E-07  1.000000E+00  2.503950E-03  2.868290E-38  9.377477E-19   5.000000E-01 NotAppl  7.043224E-13  1.620248E-10  
1.727125E+02  2.005765E+02  -1.743272E+02  -1.221416E-06  1.000000E+00  5.167805E-04  5.978323E-24  2.493014E-19   5.000000E-01 NotAppl  1.887065E+01  0.000000E+00  
1.168118E+02  8.317926E-02  4.931364E+02  4.126742E-04  1.000000E+00  2.262705E-03  2.084490E-24  6.344099E-14   5.000000E-01 NotAppl  9.500255E+00  0.000000E+00  
1.379462E+01  7.988328E+00  2.967010E+01  -1.054762E-09  1.000000E+00  1.361713E+02  1.900392E-43  3.153290E-23   5.000000E-01 NotAppl  9.813612E-18  2.231730E-16  
7.256492E+01  3.518724E-04  1.250627E+02  -4.159827E-04  1.000000E+00  5.550469E-03  2.129457E-31  1.709060E-13   5.000000E-01 NotAppl  1.842875E-06  0.000000E+00  
1.086262E+02  3.537964E+00  -2.744508E+00  2.995218E-08  1.000000E+00  4.880134E-03  1.212751E-24  3.878774E-22   5.000000E-01 NotAppl  6.051219E+00  0.000000E+00  
1.873392E+03  1.469540E-04  6.536636E-02  -1.084315E-07  1.000000E+00  1.225676E+00  6.252938E-27  1.502771E-23   5.000000E-01 NotAppl  1.614006E-03  0.000000E+00  
2.108856E+02  1.840026E+01  6.008246E+01  -1.075203E-02  1.000000E+00  2.078238E-03  1.568942E-24  1.283061E-11   5.000000E-01 NotAppl  3.861574E+00  0.000000E+00  
1.452158E+02  8.433616E+02  -8.433289E+02  -2.414052E+00  1.000000E+00  6.065589E-06  1.265408E-21  1.389520E-06   0.000000E+00 XENON1T_2018  5.473131E+03  0.000000E+00  
4.776545E+03  1.053981E-02  5.625248E+01  1.799005E-10  1.000000E+00  5.663336E-03  8.457077E-25  6.158608E-30   5.000000E-01 NotAppl  8.545454E-02  0.000000E+00  
9.962900E+02  2.302611E+00  4.646990E+00  1.330907E+00  1.000000E+00  1.762580E-02  5.914541E-25  8.207665E-09   4.436885E-36 LZ5Tmedian  3.046629E-01  0.000000E+00  
2.145115E+03  8.753757E-01  -8.724748E-01  4.313864E-03  1.000000E+00  1.395179E+00  5.257486E-27  1.804942E-14   5.000000E-01 NotAppl  1.180804E-03  0.000000E+00  
1.398476E+02  2.448098E-02  1.085204E+00  7.904608E-03  1.000000E+00  8.943821E-03  8.795320E-25  1.609414E-11   3.547690E-01 NotAppl  3.381044E+00  0.000000E+00  
5.363167E+01  1.694679E-01  -1.692813E-01  4.257122E-01  1.000000E+00  2.526417E-03  3.786381E-25  3.317541E-07   0.000000E+00 XENON1T_2018  4.451425E+00  2.502788E-01  
1.746050E+02  8.152726E-02  -8.134247E-02  -1.799725E-06  1.000000E+00  1.387422E-02  5.952711E-25  5.293088E-19   5.000000E-01 NotAppl  1.820222E+00  0.000000E+00  
5.060672E+02  6.251319E-01  -6.243455E-01  1.415326E-04  1.000000E+00  1.000634E-01  8.334000E-26  3.704244E-16   5.000000E-01 NotAppl  8.279825E-02  0.000000E+00  
7.053421E+03  6.271912E+00  -5.474617E+00  2.832268E-03  1.000000E+00  2.609430E-01  2.387636E-26  6.908147E-16   5.000000E-01 NotAppl  1.590049E-03  0.000000E+00  
3.558249E+01  2.921417E-03  1.701915E+02  -3.329610E-02  1.000000E+00  5.166560E-04  3.595084E-28  4.677228E-09   2.942375E-261 LZ5Tmedian  6.501665E-03  2.654590E-01  
2.123304E+02  3.536361E-02  -3.497432E-02  6.778204E-05  1.000000E+00  1.975655E-02  4.301432E-25  5.028284E-16   5.000000E-01 NotAppl  1.055746E+00  0.000000E+00  
1.734778E+02  3.961728E+00  -3.518428E+00  9.341707E-07  1.000000E+00  1.103188E-02  6.179372E-25  1.445157E-19   5.000000E-01 NotAppl  1.903211E+00  0.000000E+00  
2.243750E+02  1.834655E+00  3.454367E+01  3.664754E-05  1.000000E+00  7.643111E-03  6.845789E-25  1.312748E-16   5.000000E-01 NotAppl  1.581562E+00  0.000000E+00  
1.158193E+02  3.823693E+00  -3.203159E+00  -5.460011E-02  1.000000E+00  6.486606E-03  8.928172E-25  1.130160E-09   9.445420E-38 LZ5Tmedian  4.169457E+00  0.000000E+00  
8.166442E+02  8.298815E+01  -8.218797E+01  -3.076204E-02  1.000000E+00  1.845586E-03  3.599009E-24  6.580754E-12   5.000000E-01 NotAppl  2.176097E+00  0.000000E+00  
5.578413E+03  1.195105E+02  -2.700946E+01  1.477450E-04  1.000000E+00  5.752359E-04  1.052934E-23  3.028100E-18   5.000000E-01 NotAppl  8.935084E-01  0.000000E+00  
2.315100E+02  2.627687E+01  -2.621733E+01  -1.802244E-07  1.000000E+00  8.569832E-03  7.089158E-25  2.977587E-21   5.000000E-01 NotAppl  1.597083E+00  0.000000E+00  
5.776040E+02  4.756899E-03  1.305749E-03  -2.528543E-03  1.000000E+00  1.307830E-01  6.413711E-26  9.022284E-14   5.000000E-01 NotAppl  5.556132E-02  0.000000E+00  
5.483557E+03  9.614538E-04  -8.418549E-04  -3.834751E-02  1.000000E+00  9.606567E+00  7.448590E-28  2.112315E-13   5.000000E-01 NotAppl  6.441886E-05  0.000000E+00  
3.237082E+01  2.279209E-04  -3.880852E-05  2.450011E-02  1.000000E+00  1.779262E-03  1.673768E-28  3.068268E-09   8.666938E-167 LZ5Tmedian  3.350215E-03  1.864393E-01  
4.554862E+03  4.488342E+00  -4.219364E-01  3.067732E-01  1.000000E+00  3.131569E-01  2.591284E-26  1.971344E-11   5.000000E-01 NotAppl  2.711207E-03  0.000000E+00  
9.634426E+03  5.109813E-02  1.453427E+02  1.162674E-10  1.000000E+00  9.052008E-04  5.623382E-24  6.163626E-31   5.000000E-01 NotAppl  2.789220E-01  0.000000E+00  
1.100426E+01  7.400885E+01  -7.400772E+01  -4.508555E-01  1.000000E+00  9.240906E-02  3.198902E-26  8.995080E-06   0.000000E+00 XENON1T_2018  2.150138E+00  4.991283E-01  
2.982687E+02  5.062974E-03  3.780732E-03  1.550985E-01  1.000000E+00  2.945751E-02  3.197042E-25  1.312395E-09   4.634146E-19 LZ5Tmedian  5.587304E-01  0.000000E+00  
1.732890E+02  1.135443E-04  1.456622E-01  5.487299E-01  1.000000E+00  4.084285E-03  2.789063E-24  4.997454E-08   0.000000E+00 XENON1T_2018  8.634720E+00  0.000000E+00  
3.661344E+03  3.835628E-02  3.458277E+01  -2.842942E-02  1.000000E+00  1.449713E-02  3.201060E-25  2.639740E-13   5.000000E-01 NotAppl  4.235350E-02  0.000000E+00  
5.842898E+02  4.823533E-03  2.090004E+01  -2.591874E-07  1.000000E+00  2.974600E-02  1.760034E-25  9.259460E-22   5.000000E-01 NotAppl  1.519426E-01  0.000000E+00  
1.187769E+03  2.396373E-02  -9.132831E-03  -5.127229E-04  1.000000E+00  5.149992E-01  1.546967E-26  8.509039E-16   5.000000E-01 NotAppl  6.372287E-03  0.000000E+00  
1.871625E+01  2.646003E-04  2.992787E+00  7.322222E-06  1.000000E+00  1.185605E-03  1.007201E-35  8.273196E-16   5.000000E-01 NotAppl  3.677424E-10  7.143657E-08  
1.571379E+03  1.230644E-02  5.911004E-02  -1.715293E-03  1.000000E+00  8.765792E-01  8.871663E-27  5.381247E-15   5.000000E-01 NotAppl  2.741968E-03  0.000000E+00  
1.715585E+02  1.336092E+00  -1.335239E+00  -1.090958E-04  1.000000E+00  1.269628E-02  6.169987E-25  2.016423E-15   5.000000E-01 NotAppl  1.921254E+00  0.000000E+00  
4.630396E+01  1.270162E-04  3.610535E-02  3.362663E-07  1.000000E+00  3.329383E-04  8.106221E-38  2.792315E-19   5.000000E-01 NotAppl  1.113902E-12  1.084857E-10  
2.262436E+02  3.262937E+01  -3.262771E+01  4.928193E-06  1.000000E+00  6.911036E-03  8.841775E-25  2.333928E-18   5.000000E-01 NotAppl  2.042302E+00  0.000000E+00  
1.001631E+01  5.645199E+02  -5.347531E+02  -8.300391E-02  1.000000E+00  2.133908E+00  1.034151E-27  3.664445E-07   0.000000E+00 XENON1T_2018  7.765888E-02  8.181005E-01  
5.192189E+02  5.727756E+02  -2.938250E+02  -1.822832E-06  1.000000E+00  4.976755E-05  7.236322E-23  5.830338E-20   5.000000E-01 NotAppl  7.017074E+01  0.000000E+00  
1.259225E+01  4.859738E+01  -4.779930E+01  -2.144849E-01  1.000000E+00  1.635214E-01  7.630124E-27  1.561597E-06   0.000000E+00 XENON1T_2018  4.380179E-01  4.800574E-01  
3.780458E+02  3.232593E+02  -3.231536E+02  -2.251699E-10  1.000000E+00  2.892809E-04  2.380153E-23  1.702713E-27   5.000000E-01 NotAppl  3.213230E+01  0.000000E+00  
6.479063E+02  7.354437E+00  -6.106441E+00  1.043428E+00  1.000000E+00  1.039348E-02  9.208551E-25  1.214901E-08   1.062008E-80 LZ5Tmedian  7.346813E-01  0.000000E+00  
7.946357E+01  1.954422E-04  1.397748E+01  -9.468273E-04  1.000000E+00  5.922477E-03  3.573440E-31  7.354872E-13   5.000000E-01 NotAppl  2.820751E-06  0.000000E+00  
2.101675E+01  6.906371E-04  -5.031888E-04  7.323206E-04  1.000000E+00  2.419511E-03  1.055131E-31  6.558001E-12   5.000000E-01 NotAppl  3.386896E-06  7.193739E-04  
8.286415E+02  2.028239E-02  3.603517E-02  -7.554007E-01  1.000000E+00  4.668621E-02  2.434675E-25  3.851804E-09   1.252685E-20 LZ5Tmedian  1.543214E-01  0.000000E+00  
7.432387E+03  1.334222E-04  5.139029E+00  1.776086E+00  1.000000E+00  2.581162E-01  3.112941E-26  2.442574E-10   5.000000E-01 NotAppl  2.042705E-03  0.000000E+00  
5.593472E+01  2.118680E+01  1.300334E+02  -3.701730E+00  1.000000E+00  1.344243E-04  2.204267E-23  2.302272E-05   0.000000E+00 XENON1T_2018  2.510134E+02  9.998838E-01  
4.841053E+02  1.454677E+00  4.024814E+01  -7.929851E-02  1.000000E+00  9.869631E-03  4.671952E-25  1.273280E-10   7.678194E-02 LZ5Tmedian  4.905930E-01  0.000000E+00  
6.364322E+01  1.629661E+02  -1.629609E+02  1.036706E-05  1.000000E+00  9.423504E-03  1.157203E-32  1.387561E-16   5.000000E-01 NotAppl  1.138606E-07  0.000000E+00  
2.496247E+02  3.112984E-04  3.538690E-04  3.921263E-07  1.000000E+00  2.665115E-02  3.201162E-25  1.207987E-20   5.000000E-01 NotAppl  6.635822E-01  0.000000E+00  
1.926599E+02  6.409357E+01  -6.409222E+01  -1.104222E-05  1.000000E+00  3.138536E-03  1.970186E-24  1.628635E-17   5.000000E-01 NotAppl  5.398768E+00  0.000000E+00  
9.876857E+01  2.002444E-03  -1.790845E-03  9.942948E-07  1.000000E+00  5.780538E-03  1.223217E-24  5.194684E-19   5.000000E-01 NotAppl  6.745521E+00  0.000000E+00  
3.305596E+03  5.490486E+00  3.794824E+01  2.047283E-03  1.000000E+00  9.782107E-03  5.228053E-25  1.685417E-15   5.000000E-01 NotAppl  7.671102E-02  0.000000E+00  
2.790048E+03  8.342920E-04  -4.428694E-04  -1.233358E+00  1.000000E+00  2.153763E-01  5.064943E-26  8.638074E-10   4.592161E-02 LZ5Tmedian  9.189283E-03  0.000000E+00  
6.326835E+01  3.947956E-01  1.693436E+02  1.640599E-06  1.000000E+00  5.037821E-03  6.452728E-34  3.517083E-18   5.000000E-01 NotAppl  6.420686E-09  0.000000E+00  
2.640252E+01  2.417323E-03  4.855373E-02  1.558422E+00  1.000000E+00  2.619048E-03  4.736289E-25  1.875314E-05   0.000000E+00 XENON1T_2018  1.190473E+01  2.500002E-01  
3.083878E+02  8.582733E-02  2.706137E+00  -8.544972E-07  1.000000E+00  3.686176E-02  2.183668E-25  3.720496E-20   5.000000E-01 NotAppl  3.630921E-01  0.000000E+00  
7.751712E+01  8.185505E+00  -8.181913E+00  3.153110E-03  1.000000E+00  1.900967E-02  5.171919E-30  8.580587E-12   4.181612E-01 NotAppl  4.185863E-05  0.000000E+00  
1.495448E+02  1.685935E-01  3.108566E+00  -1.063734E+00  1.000000E+00  1.814030E-04  6.340703E-23  2.540299E-07   0.000000E+00 XENON1T_2018  2.630590E+02  0.000000E+00  
1.850579E+01  6.698199E-01  -6.690670E-01  -5.809776E+00  1.000000E+00  8.578646E-03  2.224308E-25  5.327730E-04   0.000000E+00 XENON1T_2018  8.314653E+00  2.504799E-01  
9.355545E+02  1.267085E+00  7.011087E+01  -1.966354E-05  1.000000E+00  3.643842E-03  1.292826E-24  2.037109E-18   5.000000E-01 NotAppl  6.922461E-01  0.000000E+00  
5.027204E+01  2.848059E-04  3.998199E-02  -2.238888E-06  1.000000E+00  1.706217E-03  5.858368E-36  1.046930E-17   5.000000E-01 NotAppl  7.393810E-11  4.254222E-09  
2.299395E+02  3.095534E-03  3.096651E-03  -8.857070E-04  1.000000E+00  2.289540E-02  3.719802E-25  7.292457E-14   5.000000E-01 NotAppl  8.401870E-01  0.000000E+00  
3.040130E+03  8.486260E+02  -7.623785E+02  -1.313645E-02  1.000000E+00  1.505902E-05  3.196020E-22  8.228182E-14   5.000000E-01 NotAppl  5.006044E+01  0.000000E+00  
7.743575E+01  1.065154E-03  5.271162E+01  6.518935E-08  1.000000E+00  6.114998E-03  2.237263E-39  3.675563E-21   5.000000E-01 NotAppl  1.812849E-14  0.000000E+00  
2.619233E+03  8.365436E-02  1.843687E+02  -1.616455E-03  1.000000E+00  5.745183E-04  8.550801E-24  1.687443E-15   5.000000E-01 NotAppl  1.593008E+00  0.000000E+00  
1.230090E+01  9.868750E+01  -9.868384E+01  -4.757843E-09  1.000000E+00  1.434584E-01  3.723760E-42  8.047255E-22   5.000000E-01 NotAppl  2.196363E-16  3.171451E-14  
6.170500E+03  1.355739E-02  1.674905E-02  1.191231E-10  1.000000E+00  1.220596E+01  5.794574E-28  1.608136E-30   5.000000E-01 NotAppl  4.442941E-05  0.000000E+00  
2.210167E+01  1.222297E+00  -1.207220E+00  -1.793320E+00  1.000000E+00  7.767634E-03  5.142950E-25  3.554067E-05   0.000000E+00 XENON1T_2018  1.561064E+01  2.512808E-01  
9.340695E+02  1.115842E+01  -1.114696E+01  2.426396E-05  1.000000E+00  6.611550E-02  9.698711E-26  3.111880E-18   5.000000E-01 NotAppl  5.106195E-02  0.000000E+00  
1.569075E+03  1.240267E+01  -1.189350E+01  8.641063E-01  1.000000E+00  2.975313E-02  2.922201E-25  1.369746E-09   1.732869E-04 LZ5Tmedian  9.158466E-02  0.000000E+00  
3.264889E+01  1.090186E+02  -1.090184E+02  -1.921082E-07  1.000000E+00  6.351473E-03  1.041339E-38  1.854029E-19   5.000000E-01 NotAppl  2.068060E-13  4.496692E-11  
7.562175E+03  9.312589E-04  1.467474E+01  -5.765223E-10  1.000000E+00  7.671390E-02  5.843672E-26  2.484636E-29   5.000000E-01 NotAppl  3.703276E-03  0.000000E+00  
2.363339E+02  4.520808E+02  -4.520791E+02  6.705733E+00  1.000000E+00  3.621871E-06  2.177981E-21  3.951668E-06   0.000000E+00 XENON1T_2018  5.699967E+03  0.000000E+00  
2.999461E+03  3.550720E-03  1.117385E-02  -6.766328E-04  1.000000E+00  3.024709E+00  2.445969E-27  2.243673E-16   5.000000E-01 NotAppl  3.903087E-04  0.000000E+00  
2.988497E+01  3.281243E+00  -3.281129E+00  -2.470013E+00  1.000000E+00  4.211538E-03  7.631329E-25  3.666642E-05   0.000000E+00 XENON1T_2018  1.676765E+01  2.551515E-01  
1.990443E+01  5.212840E+01  -4.472066E+01  6.901186E-09  1.000000E+00  8.026873E+00  9.157006E-42  6.495930E-22   5.000000E-01 NotAppl  3.122554E-16  5.454554E-14  
1.333090E+03  1.582767E-03  3.980243E+01  3.501268E-06  1.000000E+00  1.093365E-02  4.266450E-25  3.135482E-20   5.000000E-01 NotAppl  1.588089E-01  0.000000E+00  
3.087594E+01  1.291061E-04  4.825747E-02  2.491375E-05  1.000000E+00  2.239450E-03  1.628361E-34  3.491826E-15   5.000000E-01 NotAppl  3.430717E-09  7.708673E-07  
6.387103E+01  1.168224E+00  -1.167404E+00  -6.832359E+00  1.000000E+00  4.753204E-06  4.039976E-21  5.982941E-05   0.000000E+00 XENON1T_2018  3.414479E+04  0.000000E+00  
5.213893E+01  2.935455E+01  1.373043E+02  4.533655E-04  1.000000E+00  3.176436E+01  3.236787E-31  3.985419E-13   5.000000E-01 NotAppl  3.931921E-06  1.619179E-04  
2.209264E+02  2.878947E+02  -2.857040E+02  4.908864E-04  1.000000E+00  4.723964E-04  1.130519E-23  2.431290E-14   5.000000E-01 NotAppl  2.687666E+01  0.000000E+00  
4.287903E+01  2.126057E-04  3.553679E-01  9.536678E-06  1.000000E+00  1.913232E-04  4.750727E-35  2.626207E-16   5.000000E-01 NotAppl  7.070809E-10  9.441022E-08  
1.579079E+01  4.718767E-01  1.082768E+02  6.388178E-04  1.000000E+00  3.239870E-03  7.258478E-32  8.842978E-12   5.000000E-01 NotAppl  3.209660E-06  5.616341E-04  
9.818636E+03  1.882937E-01  1.463751E+02  -3.315035E-06  1.000000E+00  8.921424E-04  5.715178E-24  4.834167E-22   5.000000E-01 NotAppl  2.780933E-01  0.000000E+00  
4.836675E+03  1.216531E+01  -1.211884E+01  2.526498E-04  1.000000E+00  6.952971E-02  8.813440E-26  1.183454E-17   5.000000E-01 NotAppl  8.602417E-03  0.000000E+00  
2.517857E+02  2.001457E-04  5.317852E-01  -3.291507E-09  1.000000E+00  2.675059E-02  3.154306E-25  8.362404E-25   5.000000E-01 NotAppl  6.480168E-01  0.000000E+00  
2.106840E+02  9.398073E-02  -8.667822E-02  -8.671547E-02  1.000000E+00  1.892439E-02  4.441567E-25  8.362014E-10   6.384723E-17 LZ5Tmedian  1.108921E+00  0.000000E+00  
6.268026E+02  7.566872E-04  8.117685E-03  -1.091849E-05  1.000000E+00  1.528232E-01  5.465897E-26  1.423421E-18   5.000000E-01 NotAppl  4.350842E-02  0.000000E+00  
3.656015E+03  5.925429E+01  -5.924167E+01  1.093479E-10  1.000000E+00  3.317194E-03  2.041068E-24  3.914738E-30   5.000000E-01 NotAppl  2.648067E-01  0.000000E+00  
7.864698E+01  2.320940E+02  2.844976E+02  5.411073E-09  1.000000E+00  2.380837E-02  1.299753E-41  2.453387E-23   5.000000E-01 NotAppl  1.036353E-16  0.000000E+00  
7.910382E+01  1.025667E-04  9.661815E-02  4.138511E-06  1.000000E+00  7.067949E-03  7.155567E-36  1.418235E-17   5.000000E-01 NotAppl  5.674345E-11  0.000000E+00  
2.261816E+01  3.297465E+01  -3.297352E+01  4.985738E-08  1.000000E+00  3.090081E-02  5.067984E-40  2.622261E-20   5.000000E-01 NotAppl  1.502356E-14  2.982694E-13  
4.529657E+03  1.384637E-03  2.583841E-02  1.525020E+00  1.000000E+00  3.761434E-01  2.869262E-26  4.926965E-10   3.382333E-01 NotAppl  3.173948E-03  0.000000E+00  
2.279231E+01  1.411811E-01  1.826279E+00  -3.032537E-03  1.000000E+00  2.239993E-03  1.882711E-30  9.552606E-11   1.253343E-04 LZ5Tmedian  5.531115E-05  1.183797E-02  
3.618454E+02  3.619469E-02  -2.224142E-02  -7.897469E-07  1.000000E+00  5.361792E-02  1.588993E-25  2.291010E-20   5.000000E-01 NotAppl  2.237256E-01  0.000000E+00  
1.051175E+01  1.025893E-01  3.839980E+00  1.155751E-05  1.000000E+00  6.820039E-04  2.057111E-35  6.465381E-15   5.000000E-01 NotAppl  1.459442E-09  1.851651E-07  
6.152235E+02  2.049950E+01  -2.020497E+01  6.144760E-08  1.000000E+00  2.165540E-02  2.923321E-25  4.683491E-23   5.000000E-01 NotAppl  2.371504E-01  0.000000E+00  
5.574023E+02  2.164164E+00  -2.163997E+00  2.981732E-09  1.000000E+00  1.119077E-01  7.161217E-26  1.349344E-25   5.000000E-01 NotAppl  6.436729E-02  0.000000E+00  
3.645512E+03  5.946531E+01  -5.946519E+01  -2.010564E-03  1.000000E+00  3.295059E-03  2.054841E-24  1.331957E-15   5.000000E-01 NotAppl  2.673756E-01  0.000000E+00  
2.612673E+03  1.641836E-02  -1.630643E-02  3.390532E-07  1.000000E+00  2.318883E+00  3.221739E-27  7.461994E-23   5.000000E-01 NotAppl  5.917422E-04  0.000000E+00  
6.096324E+03  1.433807E+02  -1.296431E+02  2.813988E-03  1.000000E+00  5.803417E-04  1.191165E-23  9.171141E-16   5.000000E-01 NotAppl  9.194768E-01  0.000000E+00  
4.586320E+03  7.484608E-02  1.442562E+02  -4.370157E-06  1.000000E+00  9.076921E-04  5.450357E-24  3.944965E-21   5.000000E-01 NotAppl  5.738864E-01  0.000000E+00  
5.926290E+01  5.139013E-02  5.695636E+01  3.391317E-06  1.000000E+00  3.820950E-03  1.650363E-34  1.717428E-17   5.000000E-01 NotAppl  1.756209E-09  5.218438E-09  
9.401271E+03  2.985988E+01  -2.346373E+01  -4.219395E-05  1.000000E+00  1.313749E-02  5.363256E-25  8.553577E-20   5.000000E-01 NotAppl  2.671590E-02  0.000000E+00  
4.098810E+03  7.228501E+02  -7.217933E+02  -2.396519E-01  1.000000E+00  2.950751E-05  2.565222E-22  1.490981E-11   5.000000E-01 NotAppl  2.962619E+01  0.000000E+00  
2.759853E+01  8.518841E+02  -7.714448E+02  -1.868986E-05  1.000000E+00  9.620971E+05  8.162114E-35  2.466195E-15   5.000000E-01 NotAppl  1.946167E-09  4.478212E-07  
4.017891E+02  8.416497E-04  3.975950E-03  2.148949E-01  1.000000E+00  4.573601E-02  2.115382E-25  1.369104E-09   4.315674E-15 LZ5Tmedian  2.732905E-01  0.000000E+00  
2.394868E+03  5.013535E-01  -5.011443E-01  5.425128E-03  1.000000E+00  1.852888E+00  4.002006E-27  2.280986E-14   5.000000E-01 NotAppl  8.032317E-04  0.000000E+00  
2.666017E+02  1.307229E-03  3.187462E-02  -1.695433E-06  1.000000E+00  3.011819E-02  2.833138E-25  1.973508E-19   5.000000E-01 NotAppl  5.483168E-01  0.000000E+00  
7.401667E+03  3.835086E+02  -3.802924E+02  -3.661687E-09  1.000000E+00  8.972049E-05  8.244968E-23  1.046981E-27   5.000000E-01 NotAppl  5.228097E+00  0.000000E+00  
3.079499E+01  2.495390E+00  -1.988328E+00  8.143110E-03  1.000000E+00  5.434816E-03  1.734178E-29  3.750290E-10   1.418202E-20 LZ5Tmedian  3.668836E-04  5.042749E-02  
8.041171E+03  9.337207E-01  -6.603679E-01  -4.468894E-08  1.000000E+00  7.251499E+00  8.762597E-28  1.317859E-25   5.000000E-01 NotAppl  5.123091E-05  0.000000E+00  
6.224846E+01  6.471553E+02  -6.471511E+02  -6.934916E-03  1.000000E+00  2.649185E-04  1.091895E-25  6.496291E-11   5.557288E-04 LZ5Tmedian  1.104481E+00  6.084676E-03  
1.564228E+02  1.180773E+02  -1.180693E+02  5.428469E-07  1.000000E+00  1.782259E-03  3.348190E-24  6.033117E-20   5.000000E-01 NotAppl  1.168263E+01  0.000000E+00  
5.528722E+01  1.049913E-01  3.311214E+01  -8.174625E-06  1.000000E+00  3.251606E-03  2.058850E-34  1.149730E-16   5.000000E-01 NotAppl  2.344364E-09  4.450767E-08  
2.587149E+03  1.019774E-01  -1.814229E-02  6.018949E-07  1.000000E+00  2.269449E+00  3.293422E-27  2.399066E-22   5.000000E-01 NotAppl  6.109993E-04  0.000000E+00  
1.957892E+03  3.532332E-02  1.864924E+02  4.745252E-10  1.000000E+00  5.758570E-04  8.520928E-24  2.630477E-28   5.000000E-01 NotAppl  2.139522E+00  0.000000E+00  
6.138928E+01  1.254704E-03  1.530399E+00  1.210593E-03  1.000000E+00  3.781122E-03  1.728978E-28  2.036565E-12   5.000000E-01 NotAppl  1.774381E-03  3.924565E-04  
3.406376E+01  3.665741E-04  7.357456E-01  -2.150784E+00  1.000000E+00  9.180844E-04  8.359133E-25  2.132287E-05   0.000000E+00 XENON1T_2018  1.593746E+01  2.506700E-01  
6.388267E+01  1.477167E-04  3.991595E+01  2.040494E-02  1.000000E+00  4.309149E-03  3.054590E-26  5.334361E-10   4.183999E-27 LZ5Tmedian  3.009244E-01  0.000000E+00  
3.631691E+02  5.643971E-03  7.617507E-01  -1.106450E-06  1.000000E+00  5.326267E-02  1.580825E-25  4.463425E-20   5.000000E-01 NotAppl  2.217348E-01  0.000000E+00  
1.903496E+03  4.705719E+01  6.220545E+02  7.813754E-10  1.000000E+00  5.094684E-05  8.481303E-23  7.554166E-28   5.000000E-01 NotAppl  2.191247E+01  0.000000E+00  
4.222538E+01  5.037341E+00  7.853194E+02  8.222432E-06  1.000000E+00  9.583223E-03  3.351537E-35  2.014233E-16   5.000000E-01 NotAppl  5.057603E-10  4.936859E-08  
1.049225E+03  1.161302E+00  3.402211E+02  1.832413E+00  1.000000E+00  2.034847E-04  2.700951E-23  1.399843E-08   5.180272E-58 LZ5Tmedian  1.287333E+01  0.000000E+00  
7.944616E+03  1.684784E-03  3.394893E+02  1.737489E-07  1.000000E+00  1.733644E-04  2.981084E-23  2.041598E-24   5.000000E-01 NotAppl  1.797377E+00  0.000000E+00  
8.296965E+01  4.396221E-04  -2.665493E-04  1.782159E-10  1.000000E+00  5.967122E-03  5.643593E-25  2.385422E-26   5.000000E-01 NotAppl  3.851413E+00  0.000000E+00  
1.861859E+02  4.513678E+00  -4.017205E+00  -2.641515E-03  1.000000E+00  1.230013E-02  5.580699E-25  9.996326E-13   5.000000E-01 NotAppl  1.572142E+00  0.000000E+00  
5.626534E+03  2.317169E+01  -2.316471E+01  1.045301E-01  1.000000E+00  1.996586E-02  3.240391E-25  1.489515E-12   5.000000E-01 NotAppl  2.713008E-02  0.000000E+00  
5.523806E+02  1.591345E+00  -1.478545E+00  -1.818288E-07  1.000000E+00  1.134005E-01  7.158156E-26  5.111481E-22   5.000000E-01 NotAppl  6.494570E-02  0.000000E+00  
2.537300E+02  2.055811E+01  -2.035450E+01  -3.289183E-08  1.000000E+00  1.143398E-02  5.308832E-25  8.220048E-23   5.000000E-01 NotAppl  1.085679E+00  0.000000E+00  
4.416386E+03  6.752686E-01  3.544781E-01  -5.286268E-05  1.000000E+00  4.123083E+00  1.685161E-27  6.232941E-19   5.000000E-01 NotAppl  1.817342E-04  0.000000E+00  
2.263991E+02  1.650528E-01  2.236542E-01  5.167241E-10  1.000000E+00  2.175926E-02  3.834675E-25  2.562230E-26   5.000000E-01 NotAppl  8.802767E-01  0.000000E+00  
2.418827E+03  1.727851E+01  -1.727264E+01  1.690011E-03  1.000000E+00  3.501269E-02  1.788139E-25  2.169087E-15   5.000000E-01 NotAppl  3.537683E-02  0.000000E+00  
4.720422E+02  2.461985E-03  2.132547E-01  9.172566E-08  1.000000E+00  8.872740E-02  9.513072E-26  1.793869E-22   5.000000E-01 NotAppl  1.015977E-01  0.000000E+00  
1.778613E+02  4.055437E-02  1.944086E+02  -6.231323E-04  1.000000E+00  1.564349E-03  3.043058E-24  6.109559E-14   5.000000E-01 NotAppl  8.911956E+00  0.000000E+00  
3.182986E+02  4.649730E-02  2.403436E-01  -4.247919E-03  1.000000E+00  4.182052E-02  2.026661E-25  8.617960E-13   5.000000E-01 NotAppl  3.260674E-01  0.000000E+00  
3.016303E+01  1.775619E-03  6.601824E+00  -2.624568E-02  1.000000E+00  1.959011E-03  1.758604E-28  4.062942E-09   1.957637E-213 LZ5Tmedian  3.805115E-03  2.311100E-01  
4.626410E+02  5.886560E-03  1.099018E-01  8.236361E-02  1.000000E+00  7.994063E-02  1.090148E-25  1.507130E-10   4.177854E-02 LZ5Tmedian  1.195053E-01  0.000000E+00  
1.992035E+02  4.643272E-04  -2.587495E-04  4.549545E-01  1.000000E+00  6.316352E-03  1.791000E-24  2.581784E-08   0.000000E+00 LZ5Tmedian  4.773157E+00  0.000000E+00  
3.098561E+02  6.791101E+02  -6.788476E+02  -2.311428E-04  1.000000E+00  1.968865E-04  3.392791E-23  2.695980E-15   5.000000E-01 NotAppl  5.645720E+01  0.000000E+00  
1.960614E+02  7.639356E-02  -7.296754E-02  3.804780E-01  1.000000E+00  7.307691E-03  1.501037E-24  1.865492E-08   0.000000E+00 LZ5Tmedian  4.068196E+00  0.000000E+00  
4.150388E+03  6.919795E-02  -6.891794E-02  3.693734E-08  1.000000E+00  5.646039E+00  1.281791E-27  3.452993E-25   5.000000E-01 NotAppl  1.469515E-04  0.000000E+00  
3.648312E+03  7.148137E+00  2.554233E+02  -2.007172E-07  1.000000E+00  2.873393E-04  1.733019E-23  1.325396E-23   5.000000E-01 NotAppl  2.301720E+00  0.000000E+00  
1.404381E+01  6.620782E-03  -6.515484E-03  4.577382E-03  1.000000E+00  1.302274E-03  3.598694E-30  5.731627E-10   3.257564E-09 LZ5Tmedian  1.820350E-04  2.611276E-02  
1.513363E+03  2.357896E+01  -2.347387E+01  1.641275E-01  1.000000E+00  1.775561E-02  3.784433E-25  5.319623E-11   5.000000E-01 NotAppl  1.212133E-01  0.000000E+00  
7.556746E+03  5.471207E-02  -5.379249E-02  -2.681862E-03  1.000000E+00  1.800700E+01  3.876837E-28  5.384600E-16   5.000000E-01 NotAppl  2.420632E-05  0.000000E+00  
8.442265E+03  9.783539E+02  -9.783521E+02  6.986348E+00  1.000000E+00  1.520682E-05  5.156129E-22  2.917668E-09   3.179497E-02 LZ5Tmedian  2.862154E+01  0.000000E+00  
1.217628E+01  3.729339E-04  2.609068E-01  -1.225084E-08  1.000000E+00  6.835328E-04  2.459848E-41  5.443457E-21   5.000000E-01 NotAppl  1.468505E-15  2.102640E-13  
3.828885E+02  1.956571E+02  -4.822556E+01  1.267433E-09  1.000000E+00  2.098270E-04  1.627912E-23  5.256020E-26   5.000000E-01 NotAppl  2.170071E+01  0.000000E+00  
3.215226E+01  9.464105E-01  -1.532274E-02  -1.019031E-03  1.000000E+00  2.207513E-03  2.868786E-31  5.381418E-12   5.000000E-01 NotAppl  5.792563E-06  1.265066E-03  
4.158506E+03  1.322012E-03  -9.198789E-04  -4.652442E-10  1.000000E+00  5.684879E+00  1.273972E-27  5.455830E-29   5.000000E-01 NotAppl  1.457670E-04  0.000000E+00  
2.934677E+01  9.991353E-02  -9.942837E-02  -1.924171E-02  1.000000E+00  3.017698E-03  9.175753E-29  2.308535E-09   1.089021E-119 LZ5Tmedian  2.043318E-03  1.639906E-01  
5.171648E+02  1.757131E-02  2.637060E+01  2.325830E+00  1.000000E+00  1.822048E-03  5.494342E-24  9.569233E-08   0.000000E+00 LZ5Tmedian  5.485173E+00  0.000000E+00  
3.684237E+01  1.184596E+02  -1.153340E+02  2.203949E-06  1.000000E+00  5.278112E-03  1.685383E-36  1.909487E-17   5.000000E-01 NotAppl  2.937450E-11  5.221821E-09  
1.125828E+01  3.490186E-02  1.041108E-02  1.553253E-05  1.000000E+00  9.476047E-04  3.834620E-35  1.020878E-14   5.000000E-01 NotAppl  2.509504E-09  3.389862E-07  
1.729437E+03  2.634318E-01  -2.632837E-01  2.303937E-01  1.000000E+00  7.089741E-01  1.233791E-26  7.985357E-11   5.000000E-01 NotAppl  3.529074E-03  0.000000E+00  
1.027410E+01  3.573361E+01  3.293495E+02  -1.004686E-05  1.000000E+00  2.544848E+06  1.536341E-35  5.108978E-15   5.000000E-01 NotAppl  1.119531E-09  1.409120E-08  
8.780480E+02  4.564125E-03  -3.899920E-03  2.084755E-06  1.000000E+00  2.901943E-01  2.814146E-26  2.606487E-20   5.000000E-01 NotAppl  1.581740E-02  0.000000E+00  
2.346739E+01  1.877784E-01  -1.876337E-01  6.212117E-05  1.000000E+00  4.231030E-03  8.030025E-34  3.779661E-14   5.000000E-01 NotAppl  2.285481E-08  5.107251E-06  
4.269964E+02  1.816620E-03  2.800922E-01  -1.052679E+00  1.000000E+00  6.201837E-03  1.988818E-24  2.900714E-08   1.194505E-287 LZ5Tmedian  2.575847E+00  0.000000E+00  
2.959726E+01  5.667242E-04  8.307436E+01  -1.068548E-08  1.000000E+00  1.997735E-03  2.855248E-41  6.997851E-22   5.000000E-01 NotAppl  6.299331E-16  1.436521E-13  
2.743217E+03  4.213250E+02  -4.125737E+02  3.120403E-03  1.000000E+00  7.660788E-05  8.945665E-23  5.723038E-15   5.000000E-01 NotAppl  1.556064E+01  0.000000E+00  
2.618582E+02  2.267698E-01  2.066100E+01  2.444873E-10  1.000000E+00  1.534451E-02  4.034303E-25  4.257560E-27   5.000000E-01 NotAppl  7.949500E-01  0.000000E+00  
4.584454E+01  1.884548E+01  6.627726E+00  9.182016E-03  1.000000E+00  4.164273E+00  5.764304E-29  2.124674E-10   1.394821E-12 LZ5Tmedian  7.984149E-04  7.569190E-02  
8.634841E+02  6.262084E-01  2.837869E+02  -8.924614E-03  1.000000E+00  3.243235E-04  1.535794E-23  4.942624E-13   5.000000E-01 NotAppl  8.931235E+00  0.000000E+00  
2.155622E+03  1.457453E-01  3.407640E+01  4.668433E-05  1.000000E+00  1.471848E-02  3.157898E-25  2.092905E-18   5.000000E-01 NotAppl  7.181387E-02  0.000000E+00  
8.599145E+03  3.768768E+01  -3.753492E+01  5.154599E-02  1.000000E+00  7.952382E-03  8.395963E-25  1.529981E-13   5.000000E-01 NotAppl  4.574633E-02  0.000000E+00  
2.115520E+02  9.931088E-02  3.342845E+01  -1.328225E-08  1.000000E+00  8.692224E-03  6.837504E-25  1.945370E-23   5.000000E-01 NotAppl  1.679300E+00  0.000000E+00  
3.150347E+01  6.145043E+02  -6.144988E+02  -5.289713E-10  1.000000E+00  7.880669E-03  7.525418E-44  1.511248E-24   5.000000E-01 NotAppl  1.551362E-18  3.453095E-16  
1.035961E+02  1.098757E-02  -8.263950E-03  1.091839E-10  1.000000E+00  6.084099E-03  1.219803E-24  5.680222E-27   5.000000E-01 NotAppl  6.393638E+00  0.000000E+00  
8.118798E+01  8.522539E-03  3.303076E-03  5.263691E-09  1.000000E+00  6.210509E-03  3.509497E-25  2.175522E-23   5.000000E-01 NotAppl  2.478853E+00  0.000000E+00  
8.430591E+03  2.657136E+00  -2.657003E+00  3.476735E-05  1.000000E+00  1.258429E+00  4.479964E-27  7.246010E-20   5.000000E-01 NotAppl  2.491261E-04  0.000000E+00  
1.656841E+02  5.238536E+01  5.376647E+00  -9.980331E-03  1.000000E+00  1.477386E-03  2.059247E-24  1.812471E-11   3.658071E-01 NotAppl  6.666928E+00  0.000000E+00  
7.921315E+03  1.586496E-04  5.842630E-03  -3.576916E-04  1.000000E+00  1.984617E+01  3.515159E-28  8.704304E-18   5.000000E-01 NotAppl  2.092719E-05  0.000000E+00  
3.139093E+01  6.883757E-03  2.149140E+00  -2.433007E+00  1.000000E+00  1.544247E-03  7.855975E-25  3.220359E-05   0.000000E+00 XENON1T_2018  1.636223E+01  2.517698E-01  
1.773336E+01  4.744909E+01  -4.514693E+01  5.178323E-06  1.000000E+00  3.616900E-01  4.944740E-36  4.609513E-16   5.000000E-01 NotAppl  1.916978E-10  3.632061E-08  
3.607426E+03  8.079054E-03  1.010008E+00  5.539408E-01  1.000000E+00  1.037020E+00  8.970529E-27  1.032907E-10   5.000000E-01 NotAppl  1.232768E-03  0.000000E+00  
2.392665E+01  2.280058E+00  -2.181080E+00  1.589668E-03  1.000000E+00  2.036961E-02  5.319002E-31  2.380241E-11   9.331024E-02 LZ5Tmedian  1.483713E-05  3.072026E-03  
6.670732E+03  5.348415E+02  -5.346514E+02  1.531928E-02  1.000000E+00  4.873063E-05  1.557628E-22  2.263555E-14   5.000000E-01 NotAppl  1.097282E+01  0.000000E+00  
7.937614E+01  3.490693E-02  4.853875E-01  2.967650E-03  1.000000E+00  6.746904E-03  3.550483E-30  7.241622E-12   4.845796E-01 NotAppl  2.805717E-05  0.000000E+00  
3.177698E+01  1.031823E-04  4.565694E+00  1.778051E-08  1.000000E+00  1.707567E-03  8.598633E-41  1.677826E-21   5.000000E-01 NotAppl  1.758331E-15  3.439111E-13  
1.349626E+03  1.455398E-03  1.569496E-02  6.844342E-02  1.000000E+00  6.319119E-01  1.266325E-26  1.168414E-11   5.000000E-01 NotAppl  4.589523E-03  0.000000E+00  
5.634015E+02  4.608853E+00  -4.598724E+00  -6.213124E-07  1.000000E+00  9.365833E-02  7.978264E-26  5.731922E-21   5.000000E-01 NotAppl  7.070640E-02  0.000000E+00  
3.153147E+03  3.862084E+01  4.781365E+02  -9.838494E-04  1.000000E+00  7.683498E-05  6.174668E-23  4.284900E-16   5.000000E-01 NotAppl  9.512010E+00  0.000000E+00  
4.760293E+02  4.379405E+00  -4.379222E+00  3.022127E-04  1.000000E+00  7.217374E-02  1.049247E-25  1.914092E-15   5.000000E-01 NotAppl  1.111021E-01  0.000000E+00  
9.680963E+01  1.291383E-01  3.060298E+00  -1.826049E-06  1.000000E+00  4.895906E-03  1.212192E-24  1.825521E-18   5.000000E-01 NotAppl  6.830342E+00  0.000000E+00  
4.082135E+01  5.798440E-02  9.282372E+00  1.398396E-05  1.000000E+00  1.422960E-04  8.727372E-35  6.240849E-16   5.000000E-01 NotAppl  1.367470E-09  1.232338E-07  
1.462798E+01  8.339966E-02  1.009488E+01  -5.073376E-02  1.000000E+00  1.020158E-03  4.475194E-28  6.494018E-08   0.000000E+00 XENON1T_2018  2.159917E-02  2.648445E-01  
5.098482E+03  8.045026E+02  -8.045010E+02  -1.391480E+00  1.000000E+00  2.393940E-05  3.214493E-22  3.224930E-10   5.000000E-01 NotAppl  2.974088E+01  0.000000E+00  
8.544667E+01  4.642313E+00  5.935320E+01  4.200289E-06  1.000000E+00  4.412413E-03  7.068138E-25  1.247529E-17   5.000000E-01 NotAppl  4.617895E+00  0.000000E+00  
7.094663E+03  1.230798E+02  -1.224922E+02  8.620747E-08  1.000000E+00  8.095588E-04  8.794282E-24  6.324686E-25   5.000000E-01 NotAppl  5.820762E-01  0.000000E+00  
5.459230E+01  3.894175E+00  -2.597575E+00  5.990246E-05  1.000000E+00  4.671501E-03  9.304122E-33  6.335078E-15   5.000000E-01 NotAppl  1.073606E-07  2.005255E-06  
1.700406E+02  5.815337E+02  -5.653324E+02  4.186828E-02  1.000000E+00  3.071742E-04  1.032972E-23  3.024452E-10   7.573835E-08 LZ5Tmedian  3.319311E+01  0.000000E+00  
2.343019E+02  3.841660E+02  -3.840638E+02  -3.441308E-07  1.000000E+00  4.236489E-04  1.528378E-23  1.059298E-20   5.000000E-01 NotAppl  3.415351E+01  0.000000E+00  
2.379020E+03  4.141388E-02  2.345576E+01  7.297402E-10  1.000000E+00  3.023475E-02  1.514346E-25  4.183394E-28   5.000000E-01 NotAppl  3.111994E-02  0.000000E+00  
3.371854E+03  5.558979E+02  -5.423640E+02  9.704245E-09  1.000000E+00  4.419779E-05  1.539629E-22  3.636962E-26   5.000000E-01 NotAppl  2.169256E+01  0.000000E+00  
4.905986E+03  2.634391E-02  -2.610864E-02  -3.202645E-05  1.000000E+00  7.824067E+00  9.161201E-28  1.847425E-19   5.000000E-01 NotAppl  8.861995E-05  0.000000E+00  
5.633555E+03  4.032217E+01  1.971222E+02  -5.414036E-05  1.000000E+00  3.400482E-04  1.554442E-23  3.985691E-19   5.000000E-01 NotAppl  1.326779E+00  0.000000E+00  
7.895713E+01  2.496879E-01  -2.485432E-01  6.862765E+00  1.000000E+00  6.764785E-05  2.019625E-23  3.914760E-05   0.000000E+00 XENON1T_2018  1.614332E+02  0.000000E+00  
3.601689E+01  1.351272E+01  2.353824E+02  -2.399274E-08  1.000000E+00  3.512545E-01  1.909762E-40  2.369523E-21   5.000000E-01 NotAppl  3.409347E-15  1.812491E-13  
4.335321E+02  9.355861E-04  1.009899E+00  -6.953722E+00  1.000000E+00  6.865543E-05  2.100847E-22  1.227017E-06   0.000000E+00 XENON1T_2018  2.898266E+02  0.000000E+00  
5.849603E+03  3.549148E-02  8.610283E+01  6.533417E-05  1.000000E+00  2.483835E-03  1.974887E-24  5.376790E-19   5.000000E-01 NotAppl  1.624600E-01  0.000000E+00  
1.041029E+01  6.614748E+01  -6.614724E+01  -1.049480E-08  1.000000E+00  2.051169E-01  1.687886E-41  5.433109E-21   5.000000E-01 NotAppl  1.211223E-15  1.552055E-13  
3.923458E+03  1.541187E+00  -1.540995E+00  4.142915E-02  1.000000E+00  2.066723E+00  3.142179E-27  4.870213E-13   5.000000E-01 NotAppl  3.805474E-04  0.000000E+00  
2.402950E+02  5.602314E-02  6.471275E+01  -7.050030E-03  1.000000E+00  4.573860E-03  1.121174E-24  4.221638E-12   5.000000E-01 NotAppl  2.409870E+00  0.000000E+00  
9.266844E+01  3.319349E-04  -1.152794E-04  2.592318E-10  1.000000E+00  5.591075E-03  1.051023E-24  4.023963E-26   5.000000E-01 NotAppl  6.224822E+00  0.000000E+00  
1.713499E+01  1.158503E-02  7.103953E-02  4.094709E-06  1.000000E+00  1.619522E-03  3.057817E-36  3.086865E-16   5.000000E-01 NotAppl  1.232586E-10  2.303228E-08  
1.488447E+01  9.281916E+00  -9.269725E+00  2.406052E-08  1.000000E+00  9.355690E-02  1.011768E-40  1.411013E-20   5.000000E-01 NotAppl  4.785445E-15  5.725938E-13  
1.788432E+02  2.393790E+01  -2.393591E+01  -2.905552E-01  1.000000E+00  5.811149E-03  1.005902E-24  1.313426E-08   3.226519E-296 LZ5Tmedian  3.260930E+00  0.000000E+00  
7.230253E+03  3.292453E+02  -3.283511E+02  5.636902E-09  1.000000E+00  1.215603E-04  6.115660E-23  2.602013E-27   5.000000E-01 NotAppl  3.970973E+00  0.000000E+00  
1.959160E+02  1.756453E+00  -1.716082E+00  2.861591E-05  1.000000E+00  1.579677E-02  5.006039E-25  1.056842E-16   5.000000E-01 NotAppl  1.336645E+00  0.000000E+00  
3.991974E+01  2.393824E-04  2.281969E-03  -2.422129E-07  1.000000E+00  3.795096E-05  2.459372E-38  1.959307E-19   5.000000E-01 NotAppl  3.944950E-13  6.448157E-11  
1.727278E+03  1.383109E-01  -1.359591E-01  -2.088102E-02  1.000000E+00  1.046909E+00  7.364741E-27  6.576011E-13   5.000000E-01 NotAppl  2.066485E-03  0.000000E+00  
2.968691E+03  8.590171E-04  5.858129E-01  -1.935092E-06  1.000000E+00  2.770112E+00  2.589884E-27  1.874011E-21   5.000000E-01 NotAppl  4.178848E-04  0.000000E+00  
1.177724E+03  5.360255E+00  2.095635E+01  1.465955E-03  1.000000E+00  2.422838E-02  2.153882E-25  7.077543E-15   5.000000E-01 NotAppl  9.082694E-02  0.000000E+00  
3.490748E+01  1.882216E+00  -1.648985E+00  -7.807395E-05  1.000000E+00  7.591291E-04  1.910294E-33  2.673619E-14   5.000000E-01 NotAppl  3.531617E-08  6.894583E-06  
4.375688E+01  3.069439E-02  6.923662E-02  6.347195E-08  1.000000E+00  1.226778E-04  2.266040E-39  1.116315E-20   5.000000E-01 NotAppl  3.294369E-14  4.108667E-12  
1.866005E+01  1.597098E+01  -1.596851E+01  -6.679975E-02  1.000000E+00  5.324795E-02  8.373518E-28  6.927130E-08   0.000000E+00 XENON1T_2018  3.067517E-02  3.673628E-01  
2.297075E+02  1.995469E+01  -1.988285E+01  -1.020670E-08  1.000000E+00  1.051299E-02  5.800583E-25  9.704272E-24   5.000000E-01 NotAppl  1.316039E+00  0.000000E+00  
1.525860E+02  1.274424E-01  1.028708E+02  8.398412E-07  1.000000E+00  2.974341E-03  1.753559E-24  1.519464E-19   5.000000E-01 NotAppl  6.047392E+00  0.000000E+00  
2.816604E+03  1.830996E-03  9.679175E+00  5.583027E+00  1.000000E+00  1.037628E-02  1.119121E-24  1.736209E-08   2.289770E-27 LZ5Tmedian  1.996956E-01  0.000000E+00  
5.247434E+01  4.792103E-02  4.012012E+02  7.829355E-02  1.000000E+00  2.618062E-03  1.025045E-26  1.173146E-08   0.000000E+00 LZ5Tmedian  1.232928E-01  3.110826E-01  
2.596475E+03  1.967849E-03  1.319175E+02  1.089751E-07  1.000000E+00  1.087333E-03  4.464896E-24  7.806810E-24   5.000000E-01 NotAppl  8.392525E-01  0.000000E+00  
1.905918E+03  2.137219E+02  3.768895E+02  9.636641E-02  1.000000E+00  3.849942E-05  9.241283E-23  1.146039E-11   5.000000E-01 NotAppl  2.371955E+01  0.000000E+00  
7.332432E+02  1.549240E+01  -1.528137E+01  1.078120E-08  1.000000E+00  3.605743E-02  1.771545E-25  1.007274E-24   5.000000E-01 NotAppl  1.197850E-01  0.000000E+00  
1.553903E+03  4.128574E-04  5.632560E-01  1.802691E-01  1.000000E+00  6.494016E-01  1.299737E-26  6.080671E-11   5.000000E-01 NotAppl  4.129429E-03  0.000000E+00  
4.161316E+01  9.077029E-04  -7.630792E-04  -9.891316E-04  1.000000E+00  2.114645E-04  4.627481E-31  3.002763E-12   5.000000E-01 NotAppl  7.106249E-06  1.038438E-03  
2.171800E+01  6.941142E+02  -6.941057E+02  1.041824E-05  1.000000E+00  3.500005E-02  2.168126E-35  1.242508E-15   5.000000E-01 NotAppl  6.717790E-10  1.454245E-07  
1.590053E+03  1.954395E-04  1.109613E+01  4.376581E-01  1.000000E+00  7.974983E-02  8.426218E-26  3.419920E-10   1.183633E-01 NotAppl  2.637763E-02  0.000000E+00  
2.154474E+03  1.232931E-03  2.421806E-02  2.079461E-07  1.000000E+00  1.601665E+00  4.732148E-27  4.156998E-23   5.000000E-01 NotAppl  1.058480E-03  0.000000E+00  
3.811524E+02  7.782553E+01  -7.659800E+01  3.513663E-08  1.000000E+00  2.130021E-03  2.887569E-24  4.077241E-23   5.000000E-01 NotAppl  3.864836E+00  0.000000E+00  
1.175551E+03  1.912861E-03  1.592800E-02  1.927417E-01  1.000000E+00  3.884767E-01  2.251852E-26  1.228085E-10   3.555758E-01 NotAppl  9.546140E-03  0.000000E+00  
6.248256E+02  1.193996E-01  1.527347E+02  2.941603E-09  1.000000E+00  9.978493E-04  4.877030E-24  1.039873E-25   5.000000E-01 NotAppl  3.949091E+00  0.000000E+00  
3.877786E+03  5.819683E-04  4.591710E-01  3.240067E-09  1.000000E+00  4.627827E+00  1.521936E-27  3.050588E-27   5.000000E-01 NotAppl  1.870723E-04  0.000000E+00  
9.274340E+03  9.132348E+00  -9.100068E+00  -6.868994E-09  1.000000E+00  1.226830E-01  4.947540E-26  2.330072E-27   5.000000E-01 NotAppl  2.497439E-03  0.000000E+00  
6.563073E+02  1.924134E-04  1.386411E-01  -1.122907E-09  1.000000E+00  1.665910E-01  4.994938E-26  1.370469E-26   5.000000E-01 NotAppl  3.791257E-02  0.000000E+00  
3.087058E+03  6.583282E-03  -6.217749E-03  -7.747983E+00  1.000000E+00  7.980686E-03  1.572671E-24  2.774499E-08   1.395827E-39 LZ5Tmedian  2.588346E-01  0.000000E+00  
1.177836E+03  2.231607E+02  -2.231606E+02  6.966537E-07  1.000000E+00  3.001456E-04  2.402535E-23  1.598051E-21   5.000000E-01 NotAppl  9.953215E+00  0.000000E+00  
2.195494E+03  2.039409E-04  4.875277E-04  8.162590E-05  1.000000E+00  1.660736E+00  4.557378E-27  6.163798E-18   5.000000E-01 NotAppl  9.999071E-04  0.000000E+00  
1.610862E+03  5.456739E+00  -5.413546E+00  -1.862263E-08  1.000000E+00  2.443543E-01  2.592695E-26  6.029976E-25   5.000000E-01 NotAppl  7.792842E-03  0.000000E+00  
1.772999E+02  5.852433E+00  -5.810393E+00  -1.810399E-04  1.000000E+00  1.109960E-02  6.061406E-25  5.190533E-15   5.000000E-01 NotAppl  1.826610E+00  0.000000E+00  
8.527041E+01  3.146877E+00  -3.073428E+00  -5.489228E-01  1.000000E+00  2.785284E-03  2.275178E-24  2.139698E-07   0.000000E+00 XENON1T_2018  1.493273E+01  0.000000E+00  
1.833855E+01  1.614255E-01  -1.369898E-01  1.883956E-07  1.000000E+00  3.225292E-03  6.619972E-39  5.705044E-19   5.000000E-01 NotAppl  2.472686E-13  4.846267E-11  
1.075576E+01  7.062074E-03  3.037248E-03  2.033045E-10  1.000000E+00  8.067621E-04  6.436643E-45  1.912751E-24   5.000000E-01 NotAppl  4.444936E-19  5.816081E-17  
2.893823E+03  8.064863E+02  -7.914936E+02  4.073861E-01  1.000000E+00  2.328038E-05  2.888214E-22  8.749085E-11   5.000000E-01 NotAppl  4.757029E+01  0.000000E+00  
4.443284E+01  3.803647E+00  -3.803381E+00  1.661999E-05  1.000000E+00  3.617239E-05  1.649954E-34  7.418784E-16   5.000000E-01 NotAppl  2.366388E-09  2.196706E-07  
8.857546E+02  3.109916E-01  -3.105678E-01  2.273625E-09  1.000000E+00  2.931357E-01  2.772131E-26  3.045325E-26   5.000000E-01 NotAppl  1.544155E-02  0.000000E+00  
6.740641E+03  1.947856E-02  -1.566648E-02  -5.506303E-06  1.000000E+00  1.449413E+01  4.855681E-28  2.863092E-21   5.000000E-01 NotAppl  3.403949E-05  0.000000E+00  
6.453405E+02  1.930679E-04  8.470651E+02  2.302777E-10  1.000000E+00  9.908239E-05  5.157855E-23  5.965163E-28   5.000000E-01 NotAppl  4.041494E+01  0.000000E+00  
2.909361E+02  5.967741E+00  4.937114E+00  -5.577022E-08  1.000000E+00  1.777937E-02  2.954599E-25  1.785626E-22   5.000000E-01 NotAppl  5.222929E-01  0.000000E+00  
5.745312E+01  3.141142E+02  -3.137589E+02  1.099794E-06  1.000000E+00  5.206504E-03  7.345851E-36  1.924170E-18   5.000000E-01 NotAppl  8.069215E-11  6.796576E-10  
1.859522E+03  4.009281E+02  1.466523E+02  -3.315659E-07  1.000000E+00  2.688374E-05  1.351645E-22  1.426589E-22   5.000000E-01 NotAppl  3.535237E+01  0.000000E+00  
2.148890E+01  1.663556E-03  9.498929E+00  1.974435E-03  1.000000E+00  1.497898E-03  7.748347E-31  4.558885E-11   1.903940E-02 LZ5Tmedian  2.427279E-05  3.575590E-03  
2.090763E+03  7.028955E-04  4.856343E-02  -4.693488E+00  1.000000E+00  9.800767E-03  1.272926E-24  2.251274E-08   3.362175E-47 LZ5Tmedian  3.127380E-01  0.000000E+00  
1.682231E+01  2.545151E-01  -2.538423E-01  -1.020724E-01  1.000000E+00  4.025455E-03  1.889071E-27  1.990032E-07   0.000000E+00 XENON1T_2018  7.774332E-02  2.465594E-01  
2.396987E+03  5.770961E+00  1.407022E+01  3.512409E-05  1.000000E+00  4.398650E-02  1.288090E-25  9.544004E-19   5.000000E-01 NotAppl  2.618039E-02  0.000000E+00  
3.476021E+01  1.859162E-02  2.584964E+00  -5.185576E-09  1.000000E+00  7.357715E-04  8.365995E-42  1.189620E-22   5.000000E-01 NotAppl  1.551168E-16  3.049069E-14  
1.451417E+01  7.928790E-02  9.349432E+02  -7.466267E-05  1.000000E+00  9.955337E-04  9.669893E-34  1.428441E-13   5.000000E-01 NotAppl  4.707930E-08  7.745157E-06  
5.066113E+02  1.252257E-03  8.607846E-01  5.763555E-06  1.000000E+00  1.003654E-01  8.313942E-26  6.129331E-19   5.000000E-01 NotAppl  8.250918E-02  0.000000E+00  
5.087466E+03  1.166523E+01  -9.767420E+00  -1.226391E-08  1.000000E+00  7.909213E-02  8.200541E-26  2.516101E-26   5.000000E-01 NotAppl  7.605821E-03  0.000000E+00  
5.084416E+01  1.531931E+00  1.912752E+01  -8.632106E-09  1.000000E+00  4.267224E-03  9.487041E-41  1.520796E-22   5.000000E-01 NotAppl  1.183257E-15  5.921661E-14  
4.276765E+01  1.071433E+01  4.054927E+02  3.230894E-10  1.000000E+00  2.371296E-01  5.403100E-44  3.030246E-25   5.000000E-01 NotAppl  8.063321E-19  3.844605E-17  
3.949364E+01  4.046588E+02  -4.024478E+02  -2.419652E-05  1.000000E+00  9.211120E-04  2.385408E-34  1.998432E-15   5.000000E-01 NotAppl  3.862550E-09  6.236935E-07  
4.516573E+03  7.501492E-04  3.295309E-03  -6.203564E-09  1.000000E+00  6.669917E+00  1.080219E-27  8.200889E-27   5.000000E-01 NotAppl  1.136493E-04  0.000000E+00  
9.521904E+03  4.213445E+01  -2.306092E+01  2.197364E-09  1.000000E+00  6.624594E-03  1.142409E-24  2.260909E-28   5.000000E-01 NotAppl  5.625573E-02  0.000000E+00  
8.181750E+01  3.030820E-04  3.519832E-03  1.725919E-03  1.000000E+00  6.050349E-03  4.590173E-25  2.302275E-12   5.000000E-01 NotAppl  3.202661E+00  0.000000E+00  
3.370160E+02  7.131442E-02  1.532804E-01  5.376433E-01  1.000000E+00  1.341931E-02  8.449312E-25  1.228104E-08   2.233555E-153 LZ5Tmedian  1.331794E+00  0.000000E+00  
8.544886E+01  1.269366E+01  -3.090631E+00  -4.580899E-03  1.000000E+00  4.130389E-03  7.026425E-25  1.483785E-11   2.437508E-01 NotAppl  4.590323E+00  0.000000E+00  
5.114287E+01  8.995996E+01  -8.488490E+01  -5.501567E+00  1.000000E+00  9.667987E-04  3.134857E-24  6.104149E-05   0.000000E+00 XENON1T_2018  3.890885E+01  5.697770E-01  
2.887939E+02  8.116650E+00  -8.037970E+00  1.720075E-08  1.000000E+00  2.424732E-02  2.826256E-25  1.724461E-23   5.000000E-01 NotAppl  5.036832E-01  0.000000E+00  
1.379705E+03  3.715065E+01  -3.688405E+01  -3.485583E-09  1.000000E+00  8.182060E-03  8.012838E-25  2.897069E-26   5.000000E-01 NotAppl  2.820777E-01  0.000000E+00  
2.343051E+02  6.556034E+02  -6.361556E+02  -6.973040E-04  1.000000E+00  1.700089E-04  2.028253E-23  4.349139E-14   5.000000E-01 NotAppl  4.532425E+01  0.000000E+00  
2.402994E+01  5.341377E-04  -6.931436E-05  -6.772595E-08  1.000000E+00  2.825295E-03  9.679767E-40  4.282985E-20   5.000000E-01 NotAppl  2.687597E-14  6.048387E-12  
2.566073E+01  1.079223E+02  -1.076049E+02  -1.946781E-03  1.000000E+00  2.098273E-02  8.355421E-31  3.099801E-11   3.620156E-02 LZ5Tmedian  2.157634E-05  4.901520E-03  
1.744092E+02  6.290922E+00  3.507298E+00  2.284249E-10  1.000000E+00  6.623981E-03  6.621896E-25  8.546400E-27   5.000000E-01 NotAppl  2.026246E+00  0.000000E+00  
2.412480E+01  6.638352E+00  1.666604E+01  3.865725E-02  1.000000E+00  5.596056E-01  3.161465E-28  1.384359E-08   0.000000E+00 XENON1T_2018  8.740962E-03  1.097215E-01  
3.347623E+02  3.784529E-04  4.419581E+01  -2.082207E-04  1.000000E+00  8.091747E-03  6.321395E-25  1.867496E-15   5.000000E-01 NotAppl  9.674396E-01  0.000000E+00  
2.455569E+01  2.168974E+01  -2.166297E+01  -3.619681E-07  1.000000E+00  2.349788E-02  2.802927E-38  1.171173E-18   5.000000E-01 NotAppl  7.602892E-13  2.744658E-11  
9.415778E+01  1.174888E+02  -1.174886E+02  -1.323259E-10  1.000000E+00  3.052889E-03  1.737385E-24  1.014789E-26   5.000000E-01 NotAppl  1.014493E+01  0.000000E+00  
3.863403E+03  2.995243E-04  2.478191E+02  -2.954891E-05  1.000000E+00  3.216806E-04  1.553823E-23  2.556503E-19   5.000000E-01 NotAppl  1.947012E+00  0.000000E+00  
2.951660E+02  4.084281E+01  -4.083232E+01  -1.638306E-03  1.000000E+00  6.064354E-03  1.030432E-24  1.496025E-13   5.000000E-01 NotAppl  1.802247E+00  0.000000E+00  
6.592441E+03  4.533903E-03  -2.398631E-03  1.586398E-04  1.000000E+00  1.388939E+01  5.074069E-28  2.486318E-18   5.000000E-01 NotAppl  3.638080E-05  0.000000E+00  
9.951688E+02  1.532585E+02  -1.532558E+02  2.042604E-10  1.000000E+00  6.012993E-04  1.174628E-23  1.937639E-28   5.000000E-01 NotAppl  5.789419E+00  0.000000E+00  
6.311016E+03  4.237586E-04  9.556208E+00  3.819240E-02  1.000000E+00  1.722575E-01  2.564654E-26  1.574660E-13   5.000000E-01 NotAppl  1.952459E-03  0.000000E+00  
2.765474E+02  8.286992E-03  -7.972906E-03  -1.149796E-09  1.000000E+00  3.227413E-02  2.645584E-25  8.420542E-26   5.000000E-01 NotAppl  4.928115E-01  0.000000E+00  
3.955746E+02  2.750186E-03  2.280448E+02  -4.686228E-10  1.000000E+00  6.537379E-04  7.446111E-24  6.721806E-27   5.000000E-01 NotAppl  9.622828E+00  0.000000E+00  
7.440357E+03  2.386758E+00  -2.386089E+00  -2.282687E-06  1.000000E+00  1.499530E+00  3.762337E-27  4.025936E-22   5.000000E-01 NotAppl  2.374458E-04  0.000000E+00  
8.494686E+01  5.634142E-02  1.450157E+01  3.866012E-09  1.000000E+00  4.739935E-03  6.714892E-25  1.069645E-23   5.000000E-01 NotAppl  4.414938E+00  0.000000E+00  
3.813833E+01  7.462216E+02  -7.267707E+02  -1.548723E-08  1.000000E+00  6.949145E+01  8.972705E-41  8.789342E-22   5.000000E-01 NotAppl  1.510097E-15  8.383980E-14  
1.748218E+01  5.081496E-04  -1.092884E-04  -3.401243E-10  1.000000E+00  1.815015E-03  2.123414E-44  2.046158E-24   5.000000E-01 NotAppl  8.368244E-19  1.586532E-16  
7.622715E+01  1.282176E+02  -1.282157E+02  2.453913E-01  1.000000E+00  1.487397E-02  3.805654E-26  5.378314E-08   0.000000E+00 XENON1T_2018  3.108969E-01  0.000000E+00  
3.577038E+03  6.801633E+00  -6.801096E+00  -4.036442E+00  1.000000E+00  4.756739E-02  2.090968E-25  5.579649E-09   1.790996E-07 LZ5Tmedian  3.042636E-02  0.000000E+00  
1.013146E+01  2.749287E+01  -2.655598E+01  1.861517E-09  1.000000E+00  6.028793E-01  5.234693E-43  1.802438E-22   5.000000E-01 NotAppl  3.877820E-17  8.762720E-16  
5.293120E+01  2.086647E-01  9.537261E+02  -3.121045E-04  1.000000E+00  2.916703E-03  1.774364E-31  1.831577E-13   5.000000E-01 NotAppl  2.122037E-06  7.396325E-05  
1.260052E+03  3.466782E-04  3.470038E-02  1.950055E-05  1.000000E+00  5.761136E-01  1.375830E-26  1.091100E-18   5.000000E-01 NotAppl  5.332291E-03  0.000000E+00  
1.354685E+03  7.686460E-03  2.521546E+00  6.178706E-09  1.000000E+00  5.165732E-01  1.364478E-26  9.449588E-26   5.000000E-01 NotAppl  4.922160E-03  0.000000E+00  
9.676262E+01  6.907960E-03  2.052904E-03  -1.058054E-03  1.000000E+00  5.698918E-03  1.195019E-24  6.134936E-13   5.000000E-01 NotAppl  6.738114E+00  0.000000E+00  
2.682648E+03  2.298067E+00  3.406766E-01  -2.674127E-08  1.000000E+00  8.806024E-01  8.049600E-27  4.398563E-25   5.000000E-01 NotAppl  1.442303E-03  0.000000E+00  
3.470761E+02  6.433704E+02  -6.433698E+02  -5.673041E-01  1.000000E+00  2.060627E-04  3.311499E-23  1.287445E-08   2.696603E-156 LZ5Tmedian  4.900877E+01  0.000000E+00  
6.794452E+03  5.149809E+00  -5.149691E+00  -6.217034E-05  1.000000E+00  3.605846E-01  1.613022E-26  3.591412E-19   5.000000E-01 NotAppl  1.115533E-03  0.000000E+00  
1.604993E+01  8.041889E-04  2.253693E+01  -7.811896E-05  1.000000E+00  9.079616E-04  1.090747E-33  1.280184E-13   5.000000E-01 NotAppl  4.734693E-08  2.832604E-06  
6.145267E+02  1.026357E-04  6.773412E-04  -1.168736E-08  1.000000E+00  1.471727E-01  5.682064E-26  1.698238E-24   5.000000E-01 NotAppl  4.616514E-02  0.000000E+00  
7.044545E+01  4.830914E+02  -4.830612E+02  3.386190E-10  1.000000E+00  1.536582E-02  2.326241E-43  1.203151E-25   5.000000E-01 NotAppl  2.073968E-18  0.000000E+00  
1.127911E+02  2.262088E-03  -5.167837E-04  1.394024E-10  1.000000E+00  6.800610E-03  1.140704E-24  7.778236E-27   5.000000E-01 NotAppl  5.472334E+00  0.000000E+00  
1.977704E+02  4.923229E-01  -4.918793E-01  -3.247984E-09  1.000000E+00  1.707631E-02  4.889930E-25  1.335482E-24   5.000000E-01 NotAppl  1.292715E+00  0.000000E+00  
6.695990E+02  5.782101E+01  -3.415174E+01  4.033739E-03  1.000000E+00  2.135214E-03  1.974266E-24  1.697470E-13   5.000000E-01 NotAppl  1.468153E+00  0.000000E+00  
3.093057E+03  7.607958E+02  -4.632697E+02  -1.150459E-09  1.000000E+00  1.351512E-05  2.861851E-22  6.092754E-28   5.000000E-01 NotAppl  4.410777E+01  0.000000E+00  
5.549192E+03  4.241765E-04  1.501109E+01  -7.357429E-02  1.000000E+00  7.353958E-02  5.987317E-26  7.589844E-13   5.000000E-01 NotAppl  5.195167E-03  0.000000E+00  
4.509260E+02  8.768949E+01  -8.768935E+01  1.410340E-10  1.000000E+00  1.821008E-03  3.667616E-24  4.657005E-28   5.000000E-01 NotAppl  4.114966E+00  0.000000E+00  
2.881482E+01  2.825437E+02  -2.825435E+02  -2.360534E-01  1.000000E+00  1.211660E-02  1.355479E-26  3.605361E-07   0.000000E+00 XENON1T_2018  3.082762E-01  4.964880E-01  
2.103275E+01  6.321853E+02  -5.703141E+02  2.171869E-04  1.000000E+00  7.475759E+04  9.283353E-33  5.759330E-13   5.000000E-01 NotAppl  2.977497E-07  6.346483E-05  
2.075239E+01  1.777466E-02  2.565777E+01  -8.431873E+00  1.000000E+00  1.448729E-03  1.318825E-25  8.917912E-04   0.000000E+00 XENON1T_2018  4.432485E+00  2.702959E-01  
2.857838E+03  6.163829E-01  -5.119122E-01  3.819241E-06  1.000000E+00  2.486511E+00  2.921223E-27  7.888004E-21   5.000000E-01 NotAppl  4.895288E-04  0.000000E+00  
3.413162E+03  1.327566E+00  -1.167185E+00  2.514677E-10  1.000000E+00  2.270310E+00  2.937272E-27  2.382587E-29   5.000000E-01 NotAppl  4.101372E-04  0.000000E+00  
5.022464E+03  1.133572E-01  1.328665E+01  1.101621E-03  1.000000E+00  9.078203E-02  4.926370E-26  2.083985E-16   5.000000E-01 NotAppl  4.729782E-03  0.000000E+00  
5.683682E+02  1.398054E-04  6.605281E-02  2.157012E-04  1.000000E+00  1.267366E-01  6.621608E-26  6.785664E-16   5.000000E-01 NotAppl  5.832754E-02  0.000000E+00  
4.494176E+02  7.493199E+00  -7.492858E+00  -3.630148E-10  1.000000E+00  5.140311E-02  1.369419E-25  3.106658E-27   5.000000E-01 NotAppl  1.539689E-01  0.000000E+00  
3.471401E+02  8.933352E-02  -3.928084E-02  5.387128E+00  1.000000E+00  1.631586E-04  8.831326E-23  1.160506E-06   0.000000E+00 XENON1T_2018  1.442573E+02  0.000000E+00  
4.120707E+02  1.860862E+00  -6.398364E-01  3.965800E-07  1.000000E+00  6.168782E-02  1.265487E-25  4.427835E-21   5.000000E-01 NotAppl  1.556563E-01  0.000000E+00  
5.850111E+03  1.067925E+00  -5.821312E-01  -1.871549E-03  1.000000E+00  4.881583E+00  1.374369E-27  4.411318E-16   5.000000E-01 NotAppl  1.110062E-04  0.000000E+00  
6.130121E+01  4.453783E+00  -2.908999E+00  -2.766056E-03  1.000000E+00  3.490540E-03  7.758680E-28  1.066341E-11   2.894857E-01 NotAppl  7.934948E-03  2.125946E-03  
2.891602E+02  3.142659E+01  -3.142647E+01  1.621913E-02  1.000000E+00  8.108312E-03  7.649854E-25  1.529279E-11   5.000000E-01 NotAppl  1.366515E+00  0.000000E+00  
3.371279E+01  1.493788E+02  -1.491915E+02  1.780143E-04  1.000000E+00  5.099058E-03  9.377702E-33  1.491722E-13   5.000000E-01 NotAppl  1.799264E-07  3.810936E-05  
2.403238E+01  2.861541E-02  -1.673914E-02  5.826425E-02  1.000000E+00  3.016633E-03  7.164933E-28  3.169216E-08   0.000000E+00 XENON1T_2018  1.989238E-02  2.365810E-01  
1.633073E+03  9.201118E+02  -9.201099E+02  -2.276706E-04  1.000000E+00  2.779138E-05  2.758526E-22  8.764420E-17   5.000000E-01 NotAppl  8.164795E+01  0.000000E+00  
1.448366E+02  2.472628E+00  6.584488E+02  -1.077311E-09  1.000000E+00  1.169403E-03  3.377742E-24  2.782145E-25   5.000000E-01 NotAppl  1.223598E+01  0.000000E+00  
9.325771E+01  3.026011E-01  6.776165E-01  8.850644E+00  1.000000E+00  8.072321E-06  1.517135E-21  4.630044E-05   0.000000E+00 XENON1T_2018  8.969320E+03  0.000000E+00  
8.856418E+03  4.540328E-01  4.176069E+00  2.613558E-08  1.000000E+00  7.411659E-01  6.189592E-27  3.704630E-26   5.000000E-01 NotAppl  3.339376E-04  0.000000E+00  
8.567317E+01  5.666270E-04  4.650873E+00  2.086420E-01  1.000000E+00  2.316465E-03  2.887624E-24  3.061538E-08   0.000000E+00 XENON1T_2018  1.881972E+01  0.000000E+00  
3.942452E+01  5.965166E+00  -5.957448E+00  -2.399463E+00  1.000000E+00  7.254006E-04  1.142821E-24  1.972233E-05   0.000000E+00 XENON1T_2018  1.877522E+01  2.669153E-01  
4.088433E+03  4.830912E+01  -4.827906E+01  -1.282012E-03  1.000000E+00  4.910895E-03  1.362838E-24  4.288782E-16   5.000000E-01 NotAppl  1.578094E-01  0.000000E+00  
4.359078E+01  5.157631E-04  1.419386E+00  8.692683E-02  1.000000E+00  1.672217E-04  4.190043E-27  2.110048E-08   0.000000E+00 XENON1T_2018  6.130579E-02  2.383558E-01  
4.396916E+01  8.183368E-04  4.466142E+02  -1.558347E-10  1.000000E+00  2.235062E-04  1.391562E-44  6.663109E-26   5.000000E-01 NotAppl  2.012847E-19  2.465336E-17  
1.319926E+02  7.019231E+00  3.800877E+02  8.808232E-02  1.000000E+00  1.048495E-03  3.318427E-24  2.249840E-09   7.873933E-67 LZ5Tmedian  1.329052E+01  0.000000E+00  
8.522069E+03  1.707198E+02  -1.608357E+02  -1.841851E-05  1.000000E+00  4.225449E-04  1.690072E-23  1.989510E-20   5.000000E-01 NotAppl  9.293105E-01  0.000000E+00  
3.094631E+03  3.523580E-03  1.104092E-02  1.064419E-05  1.000000E+00  3.212320E+00  2.298187E-27  5.210344E-20   5.000000E-01 NotAppl  3.551938E-04  0.000000E+00  
8.174626E+03  2.045369E+00  -2.043990E+00  -1.209018E-04  1.000000E+00  2.004132E+00  2.800245E-27  9.328590E-19   5.000000E-01 NotAppl  1.606926E-04  0.000000E+00  
1.632254E+02  1.214059E-01  -1.148086E-01  -1.477791E-04  1.000000E+00  1.231680E-02  6.676553E-25  4.097477E-15   5.000000E-01 NotAppl  2.187505E+00  0.000000E+00  
6.654879E+02  7.436272E+01  -7.436198E+01  -3.175897E-02  1.000000E+00  2.362103E-03  2.847979E-24  1.065578E-11   5.000000E-01 NotAppl  2.128992E+00  0.000000E+00  
1.726771E+01  2.993084E-04  1.050147E-03  -5.745492E-09  1.000000E+00  1.770353E-03  6.035136E-42  5.984550E-22   5.000000E-01 NotAppl  2.411663E-16  4.531865E-14  
1.889247E+01  1.074159E+02  -1.059471E+02  2.162080E+00  1.000000E+00  4.195510E-03  7.774170E-25  7.079089E-05   0.000000E+00 XENON1T_2018  2.807974E+01  5.015532E-01  
1.712308E+03  7.729065E-03  4.845900E-02  6.955347E-08  1.000000E+00  1.032549E+00  7.478228E-27  7.426813E-24   5.000000E-01 NotAppl  2.116491E-03  0.000000E+00  
2.595235E+03  1.435495E-04  5.356635E+02  6.725757E-07  1.000000E+00  8.252487E-05  6.252426E-23  2.976622E-22   5.000000E-01 NotAppl  1.175844E+01  0.000000E+00  
2.097447E+02  7.453748E-01  2.576563E-01  -3.580627E+00  1.000000E+00  1.781835E-05  7.384111E-22  1.438839E-06   0.000000E+00 XENON1T_2018  2.194454E+03  0.000000E+00  
2.951086E+02  1.989186E-02  -1.920654E-02  -1.668029E-07  1.000000E+00  3.646209E-02  2.341586E-25  1.551418E-21   5.000000E-01 NotAppl  4.076062E-01  0.000000E+00  
5.042191E+01  1.417397E-02  1.313935E+01  -8.240717E-08  1.000000E+00  2.094055E-03  8.113136E-39  1.409771E-20   5.000000E-01 NotAppl  1.017525E-13  5.731935E-12  
9.731840E+01  2.413491E-03  1.335425E+01  -4.380031E-03  1.000000E+00  4.627316E-03  1.205085E-24  1.039083E-11   4.069802E-01 NotAppl  6.747745E+00  0.000000E+00  
2.802723E+02  6.131844E+01  -6.131833E+01  3.285258E-07  1.000000E+00  3.368858E-03  1.885190E-24  6.688624E-21   5.000000E-01 NotAppl  3.483997E+00  0.000000E+00  
9.888909E+03  5.458602E+01  -4.117392E+01  -1.824034E-09  1.000000E+00  4.034084E-03  1.799243E-24  1.442143E-28   5.000000E-01 NotAppl  8.517181E-02  0.000000E+00  
1.702652E+03  3.772313E-01  -2.661359E-01  -2.573815E-05  1.000000E+00  1.005272E+00  7.649956E-27  1.028787E-18   5.000000E-01 NotAppl  2.177601E-03  0.000000E+00  
4.081859E+03  1.901915E+02  -1.901683E+02  -1.103141E-04  1.000000E+00  3.530518E-04  2.037802E-23  3.185905E-18   5.000000E-01 NotAppl  2.363550E+00  0.000000E+00  
5.918127E+02  3.704472E-02  3.457692E-01  3.625819E-10  1.000000E+00  1.362057E-01  6.123207E-26  1.765281E-27   5.000000E-01 NotAppl  5.172754E-02  0.000000E+00  
1.462909E+03  7.724802E-03  5.286735E+01  3.144972E-10  1.000000E+00  6.364636E-03  7.369051E-25  2.092841E-28   5.000000E-01 NotAppl  2.493823E-01  0.000000E+00  
8.706418E+01  1.148700E-02  7.667250E-01  1.100811E-08  1.000000E+00  5.394468E-03  7.291679E-25  8.245695E-23   5.000000E-01 NotAppl  4.674739E+00  0.000000E+00  
4.504536E+02  1.234993E-02  -1.194720E-02  -5.952799E-09  1.000000E+00  8.138716E-02  1.041471E-25  8.314566E-25   5.000000E-01 NotAppl  1.167645E-01  0.000000E+00  
6.889572E+02  1.440795E-03  4.225804E+01  4.592532E-05  1.000000E+00  9.582035E-03  4.952955E-25  2.075861E-17   5.000000E-01 NotAppl  3.624800E-01  0.000000E+00  
2.008457E+01  1.444663E+01  -1.287195E+01  4.942317E-06  1.000000E+00  1.139619E-01  4.713797E-36  3.271918E-16   5.000000E-01 NotAppl  1.591574E-10  1.209617E-08  
4.984882E+03  1.359315E-03  -8.439238E-04  -1.336600E+00  1.000000E+00  5.759413E-01  1.840054E-26  3.115053E-10   5.000000E-01 NotAppl  1.846794E-03  0.000000E+00  
6.751261E+02  5.867055E+01  6.296342E+02  5.082842E-07  1.000000E+00  7.544113E-05  4.620115E-23  2.650356E-21   5.000000E-01 NotAppl  3.454620E+01  0.000000E+00  
6.051228E+02  2.346001E-01  -2.333226E-01  9.676492E-03  1.000000E+00  1.419609E-01  5.880652E-26  1.201410E-12   5.000000E-01 NotAppl  4.855107E-02  0.000000E+00  
2.255155E+02  4.143552E+02  -4.143399E+02  -1.670599E-04  1.000000E+00  4.304803E-04  1.506857E-23  2.699758E-15   5.000000E-01 NotAppl  3.505891E+01  0.000000E+00  
8.903927E+03  5.965275E-01  -5.860143E-01  -9.729036E+00  1.000000E+00  4.265721E-02  2.805196E-25  5.078298E-09   3.374969E-03 LZ5Tmedian  1.570843E-02  0.000000E+00  
2.066152E+03  1.495953E-02  7.031993E+02  1.017116E-01  1.000000E+00  5.586388E-05  9.362876E-23  1.083067E-11   5.000000E-01 NotAppl  2.224496E+01  0.000000E+00  
2.140588E+02  4.268827E-04  3.905422E-02  -5.768119E-02  1.000000E+00  2.001106E-02  4.190624E-25  3.581328E-10   1.462789E-07 LZ5Tmedian  1.023780E+00  0.000000E+00  
1.554349E+01  6.814512E-04  -3.363478E-04  2.427535E-07  1.000000E+00  1.491072E-03  1.043229E-38  1.317731E-18   5.000000E-01 NotAppl  4.695394E-13  8.153273E-11  
4.738249E+01  1.809278E-04  7.577592E-03  1.657753E-02  1.000000E+00  6.799637E-04  2.215610E-28  6.475473E-10   1.275297E-36 LZ5Tmedian  2.972846E-03  1.264340E-01  
1.090284E+03  6.928241E+02  -6.928017E+02  -1.845093E-06  1.000000E+00  5.224769E-05  1.444178E-22  1.312336E-20   5.000000E-01 NotAppl  6.478480E+01  0.000000E+00  
1.837245E+01  4.643757E+02  -4.643745E+02  3.529538E-05  1.000000E+00  5.588882E-02  2.324973E-34  1.995019E-14   5.000000E-01 NotAppl  8.666126E-09  1.701384E-06  
1.680958E+02  7.098624E+02  -7.050234E+02  9.167388E-03  1.000000E+00  3.979500E-04  1.001472E-23  1.484594E-11   4.434567E-01 NotAppl  3.257559E+01  0.000000E+00  
5.784977E+02  1.018079E-04  6.071382E+00  1.006985E-08  1.000000E+00  9.727674E-02  7.397389E-26  1.426425E-24   5.000000E-01 NotAppl  6.409342E-02  0.000000E+00  
2.048302E+02  1.165281E+02  -1.162096E+02  2.907511E-01  1.000000E+00  9.606096E-04  6.542121E-24  9.959485E-09   1.079299E-198 LZ5Tmedian  1.687235E+01  0.000000E+00  
1.588318E+02  2.334195E-04  1.914667E+02  -1.425478E-02  1.000000E+00  1.840592E-03  2.584611E-24  4.031828E-11   9.801089E-02 LZ5Tmedian  8.512755E+00  0.000000E+00  
3.394773E+02  6.091560E-04  2.458040E-04  3.822937E-07  1.000000E+00  4.752126E-02  1.795074E-25  6.117465E-21   5.000000E-01 NotAppl  2.700504E-01  0.000000E+00  
5.387173E+02  4.235539E+00  -4.232689E+00  -7.326761E-05  1.000000E+00  9.004235E-02  8.404758E-26  8.735470E-17   5.000000E-01 NotAppl  7.826532E-02  0.000000E+00  
1.436509E+01  1.137274E-02  -1.053518E-02  -1.666627E-03  1.000000E+00  1.384142E-03  4.803412E-31  7.264960E-11   7.047350E-02 LZ5Tmedian  2.366575E-05  3.803213E-03  
8.669019E+01  5.530491E+01  -5.526237E+01  3.067243E-09  1.000000E+00  5.221320E-03  8.986467E-25  6.458474E-24   5.000000E-01 NotAppl  5.785043E+00  0.000000E+00  
7.053228E+02  9.913444E-03  3.517384E+02  1.611110E-07  1.000000E+00  2.577858E-04  1.955459E-23  2.435070E-22   5.000000E-01 NotAppl  1.398989E+01  0.000000E+00  
3.867061E+01  8.504974E+00  -8.503942E+00  -3.762264E-09  1.000000E+00  1.189518E-03  5.471613E-42  5.042829E-23   5.000000E-01 NotAppl  9.075502E-17  7.347852E-15  
2.689744E+01  4.888802E-02  2.654968E+01  8.326889E-04  1.000000E+00  2.162425E-03  1.585212E-31  5.156694E-12   5.000000E-01 NotAppl  3.888801E-06  1.780553E-04  
4.032883E+03  4.893589E-01  3.659567E+01  4.399315E-02  1.000000E+00  1.273029E-02  3.727436E-25  5.192836E-13   5.000000E-01 NotAppl  4.471101E-02  0.000000E+00  
8.311730E+01  8.435977E-02  3.523371E+00  -2.741556E-08  1.000000E+00  5.070693E-03  5.754511E-25  5.624507E-22   5.000000E-01 NotAppl  3.916063E+00  0.000000E+00  
1.300807E+01  1.022491E+02  -1.022469E+02  -8.904480E-04  1.000000E+00  1.270022E-01  1.329424E-31  2.524223E-11   5.000000E-01 NotAppl  7.348431E-06  1.105746E-03  
1.288825E+02  5.376727E+00  6.495129E+02  -1.509967E-09  1.000000E+00  1.318273E-03  2.636090E-24  6.942853E-25   5.000000E-01 NotAppl  1.078052E+01  0.000000E+00  
1.160672E+02  1.002878E+02  8.446034E+02  5.640526E-06  1.000000E+00  8.687263E-04  3.391024E-24  1.200848E-17   5.000000E-01 NotAppl  1.578260E+01  0.000000E+00  
5.664536E+02  4.765223E+01  -4.765188E+01  -5.901738E-01  1.000000E+00  8.092321E-03  7.516224E-25  5.114970E-09   3.880874E-39 LZ5Tmedian  6.844637E-01  0.000000E+00  
3.215612E+01  1.042737E+02  -1.013471E+02  -1.067896E-01  1.000000E+00  2.222078E-02  3.150813E-27  5.908470E-08   0.000000E+00 XENON1T_2018  6.360859E-02  5.210450E-01  
2.066622E+03  1.114110E+02  -1.061526E+02  -1.501358E-01  1.000000E+00  9.654699E-04  6.802864E-24  2.358747E-11   5.000000E-01 NotAppl  1.581426E+00  0.000000E+00  
3.167006E+03  1.901925E-01  -1.649129E-01  5.174432E-06  1.000000E+00  3.316145E+00  2.216097E-27  1.174715E-20   5.000000E-01 NotAppl  3.345111E-04  0.000000E+00  
1.150715E+02  1.852465E+02  -6.654678E+01  2.337646E-02  1.000000E+00  7.661693E-04  3.889177E-24  2.099312E-10   1.219381E-07 LZ5Tmedian  1.841336E+01  0.000000E+00  
1.583281E+03  3.994438E+00  -3.993975E+00  -3.689371E-06  1.000000E+00  3.613658E-01  1.811727E-26  2.451487E-20   5.000000E-01 NotAppl  5.546176E-03  0.000000E+00  
4.613209E+03  2.717317E+00  -2.677931E+00  -2.125861E-01  1.000000E+00  1.285578E+00  3.728358E-27  9.224789E-12   5.000000E-01 NotAppl  3.857120E-04  0.000000E+00  
7.518454E+02  7.644758E+00  4.866064E+02  -9.993177E-10  1.000000E+00  1.415862E-04  3.278975E-23  8.222288E-27   5.000000E-01 NotAppl  2.197363E+01  0.000000E+00  
2.336080E+02  1.170927E+01  -1.110571E+01  -1.276539E-06  1.000000E+00  1.397879E-02  4.406555E-25  1.466487E-19   5.000000E-01 NotAppl  9.806497E-01  0.000000E+00  
8.717102E+02  1.908020E+00  3.790118E+00  1.109927E-02  1.000000E+00  1.723203E-01  4.048873E-26  7.498227E-13   5.000000E-01 NotAppl  2.301640E-02  0.000000E+00  
2.723245E+02  6.881037E+01  -6.880756E+01  4.981523E-02  1.000000E+00  2.635626E-03  2.426372E-24  1.631210E-10   3.277125E-03 LZ5Tmedian  4.624028E+00  0.000000E+00  
2.167011E+03  8.112998E-03  4.082102E+02  5.006006E-10  1.000000E+00  1.377281E-04  3.700094E-23  2.380876E-28   5.000000E-01 NotAppl  8.371352E+00  0.000000E+00  
1.894796E+03  4.412048E+00  2.493960E+01  -1.204122E+00  1.000000E+00  2.571772E-02  1.512042E-25  1.810794E-09   7.543127E-05 LZ5Tmedian  4.056706E-02  0.000000E+00  
1.107103E+02  1.708972E+02  -1.330194E+02  9.460427E-04  1.000000E+00  1.003232E-03  2.956639E-24  3.721680E-13   5.000000E-01 NotAppl  1.461107E+01  0.000000E+00  
4.701566E+02  1.667686E-01  -1.548716E-01  2.659783E+00  1.000000E+00  1.959250E-03  6.745361E-24  1.520747E-07   0.000000E+00 XENON1T_2018  7.407481E+00  0.000000E+00  
4.483563E+01  1.878951E+00  3.087614E+00  -9.111435E-08  1.000000E+00  1.692632E-03  5.146894E-39  2.189105E-20   5.000000E-01 NotAppl  7.312873E-14  6.419237E-12  
8.680690E+03  2.106659E+01  4.239766E+02  6.853965E-09  1.000000E+00  1.028269E-04  5.104706E-23  2.654022E-27   5.000000E-01 NotAppl  2.813318E+00  0.000000E+00  
2.864267E+01  2.469810E-02  3.123146E+01  -3.581314E-03  1.000000E+00  2.107259E-03  3.101880E-30  8.399994E-11   5.464604E-05 LZ5Tmedian  7.101291E-05  3.692589E-03  
4.676962E+03  1.557805E-04  3.520571E-03  2.685521E-04  1.000000E+00  7.136292E+00  1.007487E-27  1.431604E-17   5.000000E-01 NotAppl  1.023057E-04  0.000000E+00  
8.188585E+03  2.347751E+01  3.306695E+02  1.489476E-05  1.000000E+00  1.605863E-04  3.274800E-23  1.410953E-20   5.000000E-01 NotAppl  1.914487E+00  0.000000E+00  
5.952846E+03  3.365865E+02  -3.357668E+02  -3.451312E-01  1.000000E+00  1.176268E-04  6.286620E-23  1.447998E-11   5.000000E-01 NotAppl  4.970820E+00  0.000000E+00  
3.297843E+01  1.204278E-02  5.948871E+01  -7.160829E-09  1.000000E+00  1.425380E-03  1.468015E-41  2.524099E-22   5.000000E-01 NotAppl  2.884284E-16  6.222042E-14  
4.425159E+01  9.164029E+00  6.033869E+02  -3.291590E-02  1.000000E+00  1.146792E-01  6.366541E-28  2.934246E-09   2.330482E-165 LZ5Tmedian  9.169924E-03  5.200891E-01  
2.918570E+03  8.525236E+00  -6.113365E+00  1.503031E-02  1.000000E+00  1.388929E-01  4.778569E-26  1.170464E-13   5.000000E-01 NotAppl  7.810790E-03  0.000000E+00  
9.801335E+02  8.037207E+01  -8.037081E+01  -8.987818E-05  1.000000E+00  1.950215E-03  3.499106E-24  3.870149E-17   5.000000E-01 NotAppl  1.751910E+00  0.000000E+00  
8.459729E+02  7.145465E+00  -6.654895E+00  -1.408619E-06  1.000000E+00  1.123978E-01  6.003199E-26  1.283916E-20   5.000000E-01 NotAppl  3.503059E-02  0.000000E+00  
8.670091E+03  3.274116E+01  -1.737745E+01  -1.702775E-01  1.000000E+00  1.097590E-02  6.813760E-25  1.641966E-12   5.000000E-01 NotAppl  3.688934E-02  0.000000E+00  
1.280752E+02  5.184995E-02  -5.125460E-02  4.960061E-04  1.000000E+00  8.223829E-03  9.759317E-25  7.588786E-14   5.000000E-01 NotAppl  4.103238E+00  0.000000E+00  
1.933928E+01  1.383405E+01  -1.374762E+01  -8.682198E-08  1.000000E+00  4.890644E-02  1.433264E-39  1.089295E-19   5.000000E-01 NotAppl  5.043550E-14  4.118463E-12  
7.533580E+03  2.799102E+02  -2.798991E+02  1.110652E-10  1.000000E+00  1.663912E-04  4.458115E-23  9.289860E-31   5.000000E-01 NotAppl  2.776704E+00  0.000000E+00  
8.253818E+02  1.505773E+01  2.500421E+01  2.065740E-02  1.000000E+00  8.384638E-03  5.867215E-25  2.903733E-12   5.000000E-01 NotAppl  3.555398E-01  0.000000E+00  
1.094381E+03  5.112126E-04  2.872040E-02  -8.280967E-04  1.000000E+00  4.408373E-01  1.819731E-26  2.623294E-15   5.000000E-01 NotAppl  8.153482E-03  0.000000E+00  
3.952719E+01  1.170165E-04  1.070442E+02  -5.513233E-04  1.000000E+00  3.562142E-05  1.241304E-31  1.035730E-12   5.000000E-01 NotAppl  2.007936E-06  3.359892E-04  
5.861082E+01  1.878309E-01  -1.718909E-01  -3.579432E+00  1.000000E+00  1.568690E-03  4.687493E-24  1.956922E-05   0.000000E+00 XENON1T_2018  5.414034E+01  2.531675E-01  
6.389637E+01  6.626972E-01  6.961033E+02  -1.148995E+00  1.000000E+00  1.269816E-04  9.597602E-23  1.690666E-06   0.000000E+00 XENON1T_2018  9.531516E+02  0.000000E+00  
5.674726E+01  9.003158E+01  -8.970460E+01  2.845869E-04  1.000000E+00  4.727489E-03  3.829038E-31  1.321301E-13   5.000000E-01 NotAppl  4.260181E-06  4.842451E-05  
2.295110E+02  5.339613E+00  1.273705E+01  -7.216588E-04  1.000000E+00  9.985753E-03  4.781505E-25  4.859784E-14   5.000000E-01 NotAppl  1.081287E+00  0.000000E+00  
5.284025E+03  4.994753E+02  -4.994745E+02  1.141565E-04  1.000000E+00  5.631307E-05  1.338084E-22  2.018405E-18   5.000000E-01 NotAppl  1.193955E+01  0.000000E+00  
8.531022E+01  2.805077E+01  -2.764445E+01  -7.804517E-01  1.000000E+00  9.658205E-04  5.869444E-24  4.321223E-07   0.000000E+00 XENON1T_2018  3.848474E+01  0.000000E+00  
6.551431E+02  1.107236E+01  -1.106886E+01  2.250783E-06  1.000000E+00  5.456773E-02  1.203488E-25  5.526170E-20   5.000000E-01 NotAppl  9.147454E-02  0.000000E+00  
8.136254E+03  1.502301E-03  5.500710E-02  -3.615414E+00  1.000000E+00  2.332432E-01  4.822771E-26  8.422030E-10   3.560099E-01 NotAppl  2.950593E-03  0.000000E+00  
5.211713E+03  1.026805E-01  1.088490E+00  3.924267E-08  1.000000E+00  4.839715E+00  1.200906E-27  2.452955E-25   5.000000E-01 NotAppl  1.098369E-04  0.000000E+00  
1.206693E+01  8.326919E-04  -4.519666E-04  -2.703257E-02  1.000000E+00  9.656442E-04  1.193753E-28  2.697963E-08   5.858622E-237 LZ5Tmedian  7.200839E-03  2.009633E-01  
2.966620E+01  2.396981E+01  -2.291536E+01  3.716058E-01  1.000000E+00  1.295317E-02  3.461673E-26  8.423564E-07   0.000000E+00 XENON1T_2018  7.626725E-01  2.747301E-01  
4.446719E+01  5.505190E-01  8.978016E-01  -4.817632E-08  1.000000E+00  1.495583E-04  1.390722E-39  6.223798E-21   5.000000E-01 NotAppl  1.992998E-14  2.273132E-12  
2.386897E+01  1.793841E+01  -1.791611E+01  4.513063E-06  1.000000E+00  2.590262E-02  4.280860E-36  1.927810E-16   5.000000E-01 NotAppl  1.197251E-10  6.071389E-09  
6.720548E+02  1.291211E+01  -1.257240E+01  -1.987618E-05  1.000000E+00  4.505416E-02  1.429463E-25  4.090755E-18   5.000000E-01 NotAppl  1.058133E-01  0.000000E+00  
1.297896E+02  1.515013E+01  -1.514832E+01  2.608605E-03  1.000000E+00  5.359317E-03  1.106507E-24  2.042566E-12   5.000000E-01 NotAppl  4.605172E+00  0.000000E+00  
6.205755E+02  6.774964E+01  -6.774953E+01  -4.875361E-06  1.000000E+00  2.754329E-03  2.426778E-24  2.896574E-19   5.000000E-01 NotAppl  1.950784E+00  0.000000E+00  
3.504534E+03  1.168841E+02  -1.110227E+02  -2.321738E-06  1.000000E+00  8.686391E-04  7.809765E-24  1.924560E-21   5.000000E-01 NotAppl  1.057897E+00  0.000000E+00  
4.982887E+02  9.579687E+01  -9.579314E+01  6.156301E-06  1.000000E+00  1.541999E-03  4.375382E-24  7.234094E-19   5.000000E-01 NotAppl  4.421592E+00  0.000000E+00  
8.632609E+02  2.467190E+02  -2.411075E+02  8.116535E-04  1.000000E+00  2.364340E-04  2.635962E-23  4.090246E-15   5.000000E-01 NotAppl  1.504