MD1           DMP           DM3           l345          ld           Omegah2       sigV          protonSI      PvalDD        expName      CMB_ID        brH_DMDM      
6.994043E+01  1.403940E-01  3.041499E+01  -1.900668E-07  1.000000E+00  5.506081E-03  8.416559E-38  3.846798E-20   5.000000E-01 NotAppl  7.561174E-13  0.000000E+00  
4.097465E+03  1.862470E-03  2.437569E-01  1.458774E-02  1.000000E+00  5.369413E+00  1.338662E-27  5.528107E-14   5.000000E-01 NotAppl  1.555548E-04  0.000000E+00  
3.126862E+03  1.035617E-01  1.790448E-01  -4.740557E-03  1.000000E+00  3.228341E+00  2.273496E-27  1.011909E-14   5.000000E-01 NotAppl  3.477317E-04  0.000000E+00  
8.100327E+03  6.383464E-02  3.824313E+02  -9.103945E-01  1.000000E+00  1.383202E-04  3.733919E-23  5.388445E-11   5.000000E-01 NotAppl  2.207449E+00  0.000000E+00  
2.468395E+03  5.342933E-04  6.160525E-02  -4.737359E-02  1.000000E+00  2.046619E+00  3.688091E-27  1.635420E-12   5.000000E-01 NotAppl  7.188438E-04  0.000000E+00  
1.959874E+02  2.816811E-01  1.194812E+02  -3.094365E-10  1.000000E+00  2.251143E-03  2.177106E-24  1.234846E-26   5.000000E-01 NotAppl  5.759963E+00  0.000000E+00  
4.429172E+02  5.395777E-03  4.275254E+00  3.114689E-09  1.000000E+00  6.909558E-02  1.128556E-25  2.356224E-25   5.000000E-01 NotAppl  1.288175E-01  0.000000E+00  
2.546008E+03  9.908090E-02  -5.897960E-02  7.088368E-05  1.000000E+00  2.201711E+00  3.398385E-27  3.437712E-18   5.000000E-01 NotAppl  6.408656E-04  0.000000E+00  
2.034511E+01  4.708550E-04  1.641110E+00  -2.396844E-04  1.000000E+00  1.396454E-03  1.114526E-32  7.498656E-13   5.000000E-01 NotAppl  3.709888E-07  7.710728E-05  
3.377648E+02  4.457203E+01  -4.451013E+01  5.207725E-04  1.000000E+00  5.485340E-03  1.150881E-24  1.147017E-14   5.000000E-01 NotAppl  1.747739E+00  0.000000E+00  
1.918573E+02  5.036409E+00  3.024068E+01  1.429566E-07  1.000000E+00  5.501968E-03  8.026899E-25  2.753185E-21   5.000000E-01 NotAppl  2.182437E+00  0.000000E+00  
3.940160E+03  3.442477E+02  -3.442475E+02  1.071688E-07  1.000000E+00  1.152474E-04  6.401671E-23  3.230876E-24   5.000000E-01 NotAppl  7.696445E+00  0.000000E+00  
1.015406E+03  1.129927E+02  -1.129513E+02  -1.851660E-03  1.000000E+00  1.039101E-03  6.686341E-24  1.528264E-14   5.000000E-01 NotAppl  3.227769E+00  0.000000E+00  
3.302010E+01  3.858473E-02  7.685106E+02  1.140553E-07  1.000000E+00  1.424526E-03  3.731091E-39  6.387019E-20   5.000000E-01 NotAppl  7.320722E-14  1.577676E-11  
9.617613E+03  9.167229E-04  2.075070E-02  2.304775E-04  1.000000E+00  2.892043E+01  2.386212E-28  2.436928E-18   5.000000E-01 NotAppl  1.167579E-05  0.000000E+00  
3.581581E+02  1.301179E-01  3.273293E-01  -1.900339E-10  1.000000E+00  5.184675E-02  1.622255E-25  1.354623E-27   5.000000E-01 NotAppl  2.308043E-01  0.000000E+00  
1.218415E+01  3.813829E+00  8.278272E+01  8.024102E-07  1.000000E+00  4.831079E+00  1.055532E-37  2.332290E-17   5.000000E-01 NotAppl  6.296673E-12  8.697684E-10  
4.879443E+02  4.885898E+01  -4.885775E+01  2.850053E-08  1.000000E+00  4.916134E-03  1.321548E-24  1.618392E-23   5.000000E-01 NotAppl  1.365135E+00  0.000000E+00  
2.380297E+03  5.709318E+00  -4.893554E+00  -1.794765E-06  1.000000E+00  2.716637E-01  2.324312E-26  2.527646E-21   5.000000E-01 NotAppl  4.678801E-03  0.000000E+00  
1.625596E+03  6.438865E+01  3.907272E+02  6.900846E-02  1.000000E+00  9.067813E-05  4.421166E-23  8.127874E-12   5.000000E-01 NotAppl  1.341639E+01  0.000000E+00  
1.311663E+01  3.624273E-04  6.690105E+00  8.341324E+00  1.000000E+00  6.331936E-04  1.059490E-25  2.178942E-03   0.000000E+00 XENON1T_2018  5.885396E+00  2.517739E-01  
9.174480E+02  1.773437E-04  7.021943E-02  1.617448E-01  1.000000E+00  2.588472E-01  3.380930E-26  1.434435E-10   2.136456E-01 NotAppl  1.842720E-02  0.000000E+00  
5.837319E+01  1.205646E+00  -1.205531E+00  -3.864219E-10  1.000000E+00  4.619217E-03  1.336893E-42  2.299685E-25   5.000000E-01 NotAppl  1.438541E-17  7.470814E-17  
8.531658E+03  2.420965E+00  4.945384E+02  -2.511037E-07  1.000000E+00  8.320755E-05  6.287727E-23  3.689368E-24   5.000000E-01 NotAppl  3.526966E+00  0.000000E+00  
9.994842E+02  7.566740E-02  -6.905325E-02  6.091291E-08  1.000000E+00  3.709265E-01  2.178433E-26  1.708069E-23   5.000000E-01 NotAppl  1.071421E-02  0.000000E+00  
2.230048E+03  1.877341E-04  2.746681E+01  -5.564155E-07  1.000000E+00  2.238126E-02  2.055217E-25  2.774443E-22   5.000000E-01 NotAppl  4.513405E-02  0.000000E+00  
7.739164E+02  4.520072E-04  -3.455293E-04  3.018958E-02  1.000000E+00  2.263048E-01  3.656647E-26  7.073442E-12   5.000000E-01 NotAppl  2.342454E-02  0.000000E+00  
2.250965E+02  8.806749E-02  2.400020E-01  7.237121E-04  1.000000E+00  2.168090E-02  3.876455E-25  5.085885E-14   5.000000E-01 NotAppl  8.952441E-01  0.000000E+00  
2.393250E+03  1.540287E+02  -1.539233E+02  -3.297317E-10  1.000000E+00  5.396809E-04  1.311268E-23  8.437776E-29   5.000000E-01 NotAppl  2.622478E+00  0.000000E+00  
1.280708E+03  2.931015E+00  -2.916131E+00  -2.956734E-03  1.000000E+00  3.883818E-01  1.825556E-26  2.426555E-14   5.000000E-01 NotAppl  6.952179E-03  0.000000E+00  
1.464580E+03  2.132063E-04  1.379903E-01  9.698983E-10  1.000000E+00  7.658314E-01  1.020921E-26  1.986013E-27   5.000000E-01 NotAppl  3.391852E-03  0.000000E+00  
7.651481E+02  3.898913E-02  9.723111E+01  -7.282828E+00  1.000000E+00  3.394379E-04  2.882386E-23  4.213328E-07   0.000000E+00 XENON1T_2018  2.127822E+01  0.000000E+00  
6.620479E+02  4.043015E-03  7.893235E+00  1.012917E-05  1.000000E+00  9.982106E-02  6.582443E-26  1.095468E-18   5.000000E-01 NotAppl  4.970020E-02  0.000000E+00  
1.534662E+01  5.504931E-04  6.556029E-01  -3.433365E-02  1.000000E+00  9.162016E-04  2.078925E-28  2.703667E-08   0.000000E+00 LZ5Tmedian  9.497166E-03  2.188535E-01  
2.585871E+03  3.912381E-03  1.398216E-01  3.702050E-10  1.000000E+00  2.266080E+00  3.294180E-27  9.085334E-29   5.000000E-01 NotAppl  6.114649E-04  0.000000E+00  
3.841078E+02  2.779209E+00  9.356620E+01  3.560311E-01  1.000000E+00  1.816356E-03  2.881914E-24  4.120566E-09   6.969948E-46 LZ5Tmedian  3.852942E+00  0.000000E+00  
2.606097E+03  1.949929E-03  2.031937E-02  1.145232E-03  1.000000E+00  2.307578E+00  3.238119E-27  8.557266E-16   5.000000E-01 NotAppl  5.962834E-04  0.000000E+00  
1.103522E+02  1.122947E-04  2.455978E+02  -4.787028E-08  1.000000E+00  2.811789E-03  1.773121E-24  9.592549E-22   5.000000E-01 NotAppl  8.592682E+00  0.000000E+00  
4.912171E+03  7.572760E-02  -7.530568E-02  7.540720E-09  1.000000E+00  7.808143E+00  9.168029E-28  1.021568E-26   5.000000E-01 NotAppl  8.857104E-05  0.000000E+00  
3.535481E+02  2.960696E+02  -2.441134E+02  2.721102E-09  1.000000E+00  1.666239E-04  2.078415E-23  2.852078E-25   5.000000E-01 NotAppl  3.010185E+01  0.000000E+00  
3.010402E+01  7.916286E-02  -5.097144E-02  -7.694787E-05  1.000000E+00  2.693237E-03  1.508363E-33  3.506230E-14   5.000000E-01 NotAppl  3.270711E-08  7.411853E-06  
5.248049E+02  1.027626E-04  8.151055E-02  -1.654878E-07  1.000000E+00  1.088315E-01  7.737765E-26  4.701420E-22   5.000000E-01 NotAppl  7.402952E-02  0.000000E+00  
8.811750E+03  3.470815E-03  1.069559E+00  -1.655910E-03  1.000000E+00  8.217978E+00  5.934164E-28  1.502552E-16   5.000000E-01 NotAppl  3.197818E-05  0.000000E+00  
1.244963E+01  4.790415E-04  1.075050E+00  -3.048421E-07  1.000000E+00  5.934983E-04  1.535181E-38  3.226158E-18   5.000000E-01 NotAppl  8.930453E-13  1.299194E-10  
1.120151E+02  6.069805E-02  5.056596E-03  -1.412829E-04  1.000000E+00  6.684935E-03  1.148710E-24  8.103371E-15   5.000000E-01 NotAppl  5.550226E+00  0.000000E+00  
2.156695E+03  4.325989E+00  -4.321118E+00  2.433572E-08  1.000000E+00  3.923137E-01  1.573858E-26  5.681406E-25   5.000000E-01 NotAppl  3.506532E-03  0.000000E+00  
7.808262E+03  2.377241E-04  4.598497E+02  -1.841808E-03  1.000000E+00  9.682458E-05  5.379778E-23  2.376214E-16   5.000000E-01 NotAppl  3.300973E+00  0.000000E+00  
7.917125E+02  7.169651E-02  -7.147009E-02  -7.069500E-02  1.000000E+00  2.299914E-01  3.624808E-26  3.702763E-11   5.000000E-01 NotAppl  2.274995E-02  0.000000E+00  
1.528700E+01  2.758807E+00  -2.757213E+00  2.987349E-03  1.000000E+00  8.508363E-02  1.572088E-30  2.062760E-10   1.256283E-04 LZ5Tmedian  7.213938E-05  1.096444E-02  
4.698581E+02  2.540697E+02  -2.540587E+02  -2.069982E+00  1.000000E+00  5.061633E-04  1.338655E-23  9.222779E-08   0.000000E+00 XENON1T_2018  1.518072E+01  0.000000E+00  
3.774365E+03  2.329412E-02  2.035030E+01  4.010425E-01  1.000000E+00  3.754294E-02  1.329016E-25  4.937923E-11   5.000000E-01 NotAppl  1.706281E-02  0.000000E+00  
2.545203E+03  4.089839E+00  4.734111E+00  -2.093028E+00  1.000000E+00  9.897471E-02  8.512863E-26  2.999208E-09   8.117612E-06 LZ5Tmedian  1.788921E-02  0.000000E+00  
4.148392E+01  9.513638E-01  -9.512458E-01  1.409151E-03  1.000000E+00  2.524493E-04  9.301410E-31  6.133041E-12   4.507831E-01 NotAppl  1.433042E-05  2.039861E-03  
7.431842E+03  7.504434E+01  -7.210373E+01  1.315545E-01  1.000000E+00  2.095475E-03  3.319251E-24  1.340282E-12   5.000000E-01 NotAppl  2.096057E-01  0.000000E+00  
3.119729E+01  2.813279E-03  8.273762E-01  8.829049E-02  1.000000E+00  1.877126E-03  2.071325E-27  4.294289E-08   0.000000E+00 XENON1T_2018  4.314613E-02  2.418081E-01  
4.262626E+02  9.193507E+02  -9.193337E+02  3.232559E-10  1.000000E+00  1.057242E-04  6.692538E-23  2.745011E-27   5.000000E-01 NotAppl  7.964253E+01  0.000000E+00  
4.189301E+02  2.771537E+01  6.125893E+02  1.278980E-01  1.000000E+00  1.392033E-04  2.517969E-23  4.452330E-10   3.264245E-05 LZ5Tmedian  3.068129E+01  0.000000E+00  
2.400715E+02  7.863684E-04  6.043505E-02  3.967589E-06  1.000000E+00  2.475498E-02  3.440362E-25  1.339616E-18   5.000000E-01 NotAppl  7.428492E-01  0.000000E+00  
2.465872E+01  4.429861E+02  3.124075E+02  5.813855E-06  1.000000E+00  2.473039E+06  7.250381E-36  2.995993E-16   5.000000E-01 NotAppl  1.956147E-10  4.437920E-08  
1.010141E+03  3.260822E-03  3.040551E-01  1.163677E-05  1.000000E+00  3.770695E-01  2.135561E-26  6.100276E-19   5.000000E-01 NotAppl  1.038968E-02  0.000000E+00  
2.481186E+01  1.237447E-04  1.121895E-03  4.108822E-09  1.000000E+00  2.884276E-03  3.636282E-42  1.477823E-22   5.000000E-01 NotAppl  9.753720E-17  2.213393E-14  
6.922992E+02  3.767847E+02  -3.767822E+02  -1.393037E-09  1.000000E+00  1.572005E-04  4.633604E-23  1.891131E-26   5.000000E-01 NotAppl  3.324759E+01  0.000000E+00  
4.095788E+03  1.983517E-03  -9.669745E-04  -3.615709E-05  1.000000E+00  5.520182E+00  1.313232E-27  3.398981E-19   5.000000E-01 NotAppl  1.526001E-04  0.000000E+00  
1.749788E+02  2.161892E+00  3.574165E+02  -1.575827E+00  1.000000E+00  6.874845E-05  1.077149E-22  4.040267E-07   0.000000E+00 XENON1T_2018  3.837546E+02  0.000000E+00  
3.959028E+03  7.964954E-01  1.459412E+01  -3.314985E-02  1.000000E+00  7.155167E-02  6.437326E-26  3.061440E-13   5.000000E-01 NotAppl  7.865180E-03  0.000000E+00  
3.664364E+02  1.954042E-04  5.324090E-01  2.492644E+00  1.000000E+00  1.340463E-03  9.858509E-24  2.224152E-07   0.000000E+00 XENON1T_2018  1.401208E+01  0.000000E+00  
2.853740E+01  4.790333E-02  7.592789E-01  -2.354191E-03  1.000000E+00  2.354055E-03  1.335596E-30  3.656901E-11   1.409019E-02 LZ5Tmedian  3.070001E-05  6.900188E-03  
3.249786E+02  2.508329E+02  3.424649E+01  -3.713918E-08  1.000000E+00  1.439979E-04  2.350769E-23  6.313196E-23   5.000000E-01 NotAppl  3.717049E+01  0.000000E+00  
2.574588E+02  6.058035E-03  3.861423E-02  7.359568E-05  1.000000E+00  2.820802E-02  3.023480E-25  3.994152E-16   5.000000E-01 NotAppl  6.068631E-01  0.000000E+00  
1.124926E+01  7.809296E-02  -7.675131E-02  1.463419E-07  1.000000E+00  1.317600E-03  3.402731E-39  9.076327E-19   5.000000E-01 NotAppl  2.229119E-13  3.009167E-11  
1.537024E+02  1.816273E-03  9.554400E-03  1.001588E-10  1.000000E+00  1.114058E-02  7.374046E-25  2.129040E-27   5.000000E-01 NotAppl  2.569707E+00  0.000000E+00  
1.437900E+01  3.472611E+00  -3.471969E+00  2.419885E-06  1.000000E+00  1.007509E-01  1.012953E-36  1.528662E-16   5.000000E-01 NotAppl  4.986520E-11  7.827560E-09  
1.317605E+01  3.486223E-04  1.955229E-03  4.026686E-02  1.000000E+00  1.110241E-03  2.730017E-28  5.032569E-08   0.000000E+00 XENON1T_2018  1.486749E-02  2.251266E-01  
5.416404E+02  6.181168E+01  -6.177837E+01  -1.571616E-09  1.000000E+00  3.264133E-03  2.024865E-24  3.975110E-26   5.000000E-01 NotAppl  1.875509E+00  0.000000E+00  
5.322376E+03  7.289496E-01  -7.061813E-01  -2.971852E-03  1.000000E+00  5.988143E+00  1.085068E-27  1.347960E-15   5.000000E-01 NotAppl  9.648734E-05  0.000000E+00  
2.082440E+01  1.745848E+01  -1.745823E+01  1.393110E-01  1.000000E+00  3.867030E-02  3.803157E-27  2.417483E-07   0.000000E+00 XENON1T_2018  1.234025E-01  2.141745E-01  
3.425145E+01  1.415338E-01  -1.383267E-01  1.165768E-01  1.000000E+00  1.009632E-03  4.125915E-27  6.194890E-08   0.000000E+00 XENON1T_2018  7.784801E-02  2.457294E-01  
7.523850E+03  2.728270E+01  -2.637280E+01  1.888589E-06  1.000000E+00  1.498483E-02  4.387067E-25  2.694042E-22   5.000000E-01 NotAppl  2.736074E-02  0.000000E+00  
4.445487E+02  2.266921E-03  6.359929E-02  2.482048E-02  1.000000E+00  7.862190E-02  1.083030E-25  1.485049E-11   5.000000E-01 NotAppl  1.231661E-01  0.000000E+00  
3.313522E+02  1.562437E-03  1.580457E-02  -1.702194E-06  1.000000E+00  4.538296E-02  1.879959E-25  1.274481E-19   5.000000E-01 NotAppl  2.900656E-01  0.000000E+00  
6.183736E+02  1.968363E-03  -9.090977E-04  -2.950745E-06  1.000000E+00  1.489334E-01  5.612967E-26  1.068783E-19   5.000000E-01 NotAppl  4.531020E-02  0.000000E+00  
8.861639E+02  2.289026E+00  -1.842836E+00  9.325039E-01  1.000000E+00  3.198500E-02  3.441477E-25  5.117848E-09   1.781896E-25 LZ5Tmedian  2.003938E-01  0.000000E+00  
1.444353E+03  2.920861E-03  6.938428E+00  8.447695E-07  1.000000E+00  2.281181E-01  2.343548E-26  1.549986E-21   5.000000E-01 NotAppl  7.975339E-03  0.000000E+00  
1.250617E+03  3.314814E+01  -3.087107E+01  -2.124034E-05  1.000000E+00  9.895541E-03  6.437905E-25  1.314478E-18   5.000000E-01 NotAppl  2.506861E-01  0.000000E+00  
1.798954E+02  1.933955E-04  2.015362E+01  -2.855080E-04  1.000000E+00  9.733959E-03  6.827140E-25  1.253036E-14   5.000000E-01 NotAppl  1.988502E+00  0.000000E+00  
6.218083E+02  4.279638E+00  -4.279524E+00  -6.667748E-08  1.000000E+00  1.130533E-01  6.624392E-26  5.395948E-23   5.000000E-01 NotAppl  5.316514E-02  0.000000E+00  
2.240426E+03  2.212034E-02  8.227312E+01  -2.380526E-04  1.000000E+00  2.703399E-03  1.765376E-24  5.030557E-17   5.000000E-01 NotAppl  3.859743E-01  0.000000E+00  
8.503262E+03  4.009667E-01  -4.006906E-01  4.731148E-06  1.000000E+00  1.603898E+01  4.000421E-28  1.318617E-21   5.000000E-01 NotAppl  2.213854E-05  0.000000E+00  
5.908092E+03  9.955840E-01  -9.459727E-01  -4.182650E+00  1.000000E+00  1.023939E-01  1.110901E-25  2.159553E-09   2.612154E-02 LZ5Tmedian  9.465012E-03  0.000000E+00  
6.873630E+02  5.078115E-01  -4.525957E-01  1.059514E-05  1.000000E+00  1.798855E-01  4.577275E-26  1.110102E-18   5.000000E-01 NotAppl  3.312113E-02  0.000000E+00  
5.223990E+03  1.214464E-03  1.784755E+00  1.620604E-01  1.000000E+00  2.513387E+00  2.342594E-27  4.163410E-12   5.000000E-01 NotAppl  2.157915E-04  0.000000E+00  
4.435415E+02  5.292344E+00  -5.066722E+00  -3.074783E+00  1.000000E+00  5.416937E-04  1.997074E-23  2.289627E-07   0.000000E+00 XENON1T_2018  2.588979E+01  0.000000E+00  
1.912021E+02  2.756851E-02  7.893426E-02  9.696002E-10  1.000000E+00  1.627967E-02  5.182191E-25  1.275432E-25   5.000000E-01 NotAppl  1.419265E+00  0.000000E+00  
1.870266E+02  2.445654E+00  -1.877662E+00  -4.639413E-04  1.000000E+00  1.341864E-02  5.459662E-25  3.055275E-14   5.000000E-01 NotAppl  1.530464E+00  0.000000E+00  
1.772474E+03  1.140586E-02  -1.000020E-02  1.665887E-07  1.000000E+00  1.103156E+00  6.980561E-27  3.970870E-23   5.000000E-01 NotAppl  1.906953E-03  0.000000E+00  
1.393480E+02  2.767412E+00  -2.681248E+00  6.478823E-04  1.000000E+00  8.146283E-03  8.766217E-25  1.089144E-13   5.000000E-01 NotAppl  3.383641E+00  0.000000E+00  
1.097975E+02  1.658989E+01  6.437898E+01  2.031888E-08  1.000000E+00  1.822266E-03  1.668800E-24  1.746178E-22   5.000000E-01 NotAppl  8.189046E+00  0.000000E+00  
6.073346E+01  1.489846E-04  9.715629E+00  4.555023E-04  1.000000E+00  3.915506E-03  9.773552E-30  2.947147E-13   5.000000E-01 NotAppl  1.009187E-04  6.995246E-05  
5.069267E+02  4.993455E+00  1.016752E+02  2.993550E-07  1.000000E+00  1.784880E-03  2.518350E-24  1.651401E-21   5.000000E-01 NotAppl  2.524197E+00  0.000000E+00  
7.784234E+01  1.657091E+02  -1.621422E+02  3.498899E-03  1.000000E+00  2.401064E-02  6.076312E-30  1.047579E-11   3.459139E-01 NotAppl  4.857567E-05  0.000000E+00  
2.109489E+02  2.399773E-01  3.281642E+01  -8.180654E-02  1.000000E+00  9.340682E-03  6.021721E-25  7.422927E-10   4.370970E-15 LZ5Tmedian  1.493171E+00  0.000000E+00  
6.158698E+03  3.357644E+00  -3.357528E+00  1.935576E-08  1.000000E+00  7.895570E-01  7.236692E-27  4.250168E-26   5.000000E-01 NotAppl  5.530694E-04  0.000000E+00  
1.301228E+01  3.271059E+00  2.009966E+01  -9.844148E-10  1.000000E+00  1.985283E+00  1.625008E-43  3.083113E-23   5.000000E-01 NotAppl  8.979018E-18  4.784996E-16  
2.869115E+02  3.368102E+01  -3.367521E+01  -1.869445E-08  1.000000E+00  7.693836E-03  8.050815E-25  2.064431E-23   5.000000E-01 NotAppl  1.450014E+00  0.000000E+00  
8.159345E+03  2.786403E-04  7.148967E-01  3.274232E-06  1.000000E+00  1.191345E+01  4.694395E-28  6.867834E-22   5.000000E-01 NotAppl  2.724809E-05  0.000000E+00  
1.072400E+03  1.398216E+01  -1.351908E+01  3.230778E-06  1.000000E+00  4.786416E-02  1.322140E-25  4.161812E-20   5.000000E-01 NotAppl  6.035618E-02  0.000000E+00  
2.716281E+03  3.674335E+02  5.411664E+02  1.125717E-02  1.000000E+00  1.593198E-05  2.263715E-22  7.599561E-14   5.000000E-01 NotAppl  4.036890E+01  0.000000E+00  
3.591197E+03  1.301483E-02  2.317109E+01  6.692510E-05  1.000000E+00  3.128741E-02  1.458997E-25  1.521587E-18   5.000000E-01 NotAppl  1.968585E-02  0.000000E+00  
8.152619E+03  2.510473E-04  4.930523E+01  7.982184E-01  1.000000E+00  7.209212E-03  6.932099E-25  4.088573E-11   5.000000E-01 NotAppl  4.072626E-02  0.000000E+00  
4.221682E+02  3.812754E-01  3.771432E-01  -4.756835E-09  1.000000E+00  6.966038E-02  1.184668E-25  6.062530E-25   5.000000E-01 NotAppl  1.420680E-01  0.000000E+00  
2.336370E+03  3.299078E-02  4.169236E+00  1.376621E-06  1.000000E+00  5.953255E-01  8.786735E-27  1.544562E-21   5.000000E-01 NotAppl  1.826036E-03  0.000000E+00  
1.570202E+03  2.093037E-01  -2.073182E-01  1.579968E-09  1.000000E+00  8.712022E-01  8.910482E-27  4.572628E-27   5.000000E-01 NotAppl  2.756046E-03  0.000000E+00  
1.889814E+02  3.003640E+02  -2.329433E+02  -1.419157E-09  1.000000E+00  3.235871E-04  9.911563E-24  2.798532E-25   5.000000E-01 NotAppl  2.773597E+01  0.000000E+00  
3.915835E+01  2.516321E-03  2.218915E-03  4.396069E-09  1.000000E+00  3.456525E-05  7.704953E-42  6.711817E-23   5.000000E-01 NotAppl  1.261212E-16  2.151548E-14  
2.289460E+02  5.526710E+00  -1.188791E+00  -2.095626E-02  1.000000E+00  1.434780E-02  3.885014E-25  4.118834E-11   1.826167E-01 NotAppl  8.821095E-01  0.000000E+00  
4.295019E+01  3.698175E-04  1.461894E+01  -4.949844E-01  1.000000E+00  3.119012E-04  1.285512E-25  7.051026E-07   0.000000E+00 XENON1T_2018  1.910578E+00  2.909704E-01  
2.308497E+02  5.972026E+01  -5.953098E+01  1.263935E-10  1.000000E+00  3.413673E-03  1.805805E-24  1.473089E-27   5.000000E-01 NotAppl  4.092128E+00  0.000000E+00  
1.897267E+02  3.278549E-01  -3.267008E-01  2.803257E-03  1.000000E+00  1.590836E-02  5.278391E-25  1.083158E-12   5.000000E-01 NotAppl  1.457429E+00  0.000000E+00  
1.137182E+02  6.062441E-04  2.989770E-04  5.202998E-10  1.000000E+00  6.880030E-03  1.130854E-24  1.065514E-25   5.000000E-01 NotAppl  5.379666E+00  0.000000E+00  
1.292248E+02  8.213771E-04  5.220054E+01  -1.583148E-05  1.000000E+00  4.579341E-03  1.320471E-24  7.590753E-17   5.000000E-01 NotAppl  5.450397E+00  0.000000E+00  
1.542731E+02  2.429020E-03  8.475575E-02  -2.224613E-04  1.000000E+00  1.118115E-02  7.327872E-25  1.042355E-14   5.000000E-01 NotAppl  2.543895E+00  0.000000E+00  
1.212203E+01  3.334785E-03  1.592188E+02  -4.396008E-05  1.000000E+00  5.642183E-04  3.162181E-34  7.070991E-14   5.000000E-01 NotAppl  1.897666E-08  2.708023E-06  
1.741212E+01  2.101638E-02  1.497299E-01  2.550748E+00  1.000000E+00  1.492143E-03  5.918798E-25  1.160070E-04   0.000000E+00 XENON1T_2018  2.351534E+01  2.500447E-01  
2.116679E+02  2.129027E+01  5.304859E+02  3.500984E-02  1.000000E+00  4.092984E-04  7.735900E-24  1.350056E-10   2.492071E-03 LZ5Tmedian  1.890608E+01  0.000000E+00  
1.727806E+03  2.251149E-03  -1.529426E-03  3.069004E-08  1.000000E+00  1.050738E+00  7.344314E-27  1.419657E-24   5.000000E-01 NotAppl  2.059483E-03  0.000000E+00  
5.222118E+03  9.557426E-03  3.890876E+01  3.020927E-05  1.000000E+00  1.158530E-02  4.067744E-25  1.447746E-19   5.000000E-01 NotAppl  3.754879E-02  0.000000E+00  
2.940753E+01  1.692691E-01  5.049764E+01  -5.002113E-06  1.000000E+00  2.404935E-03  6.214561E-36  1.553595E-16   5.000000E-01 NotAppl  1.382364E-10  3.152885E-08  
4.346844E+03  3.270472E+02  -3.259042E+02  -1.249629E-09  1.000000E+00  1.248400E-04  5.851451E-23  3.596551E-28   5.000000E-01 NotAppl  6.365915E+00  0.000000E+00  
2.219005E+03  5.339573E+02  -5.180436E+02  9.866361E-02  1.000000E+00  4.829067E-05  1.313375E-22  8.812172E-12   5.000000E-01 NotAppl  2.838267E+01  0.000000E+00  
5.791534E+01  9.302744E-02  2.699580E+00  -7.581909E+00  1.000000E+00  2.370385E-03  1.426287E-24  8.996606E-05   0.000000E+00 XENON1T_2018  1.890113E+01  2.769504E-01  
8.665232E+01  1.994274E+01  1.040888E+01  -1.801961E-06  1.000000E+00  3.517298E-03  8.042738E-25  2.231069E-18   5.000000E-01 NotAppl  5.180353E+00  0.000000E+00  
1.499910E+02  9.195114E+00  -8.875496E+00  2.358952E-02  1.000000E+00  6.797923E-03  8.966250E-25  1.241667E-10   5.404443E-04 LZ5Tmedian  3.212296E+00  0.000000E+00  
1.823611E+03  2.940716E-01  1.926325E+01  -2.086621E-08  1.000000E+00  4.263459E-02  1.087431E-25  5.879045E-25   5.000000E-01 NotAppl  2.933423E-02  0.000000E+00  
4.976047E+03  8.303060E+01  -8.303016E+01  -6.090147E-09  1.000000E+00  1.729984E-03  4.004752E-24  6.490597E-27   5.000000E-01 NotAppl  3.797905E-01  0.000000E+00  
1.765934E+03  1.260667E-02  6.064046E-01  -5.679048E-04  1.000000E+00  1.064190E+00  7.134823E-27  4.649624E-16   5.000000E-01 NotAppl  1.956990E-03  0.000000E+00  
5.714242E+03  6.435419E-02  -8.044887E-03  -4.122404E+00  1.000000E+00  9.128401E-02  1.266388E-25  2.244963E-09   1.989205E-02 LZ5Tmedian  1.109776E-02  0.000000E+00  
9.021960E+03  1.163303E+00  1.148015E+01  4.514011E-09  1.000000E+00  1.088535E-01  4.418142E-26  1.064245E-27   5.000000E-01 NotAppl  2.340816E-03  0.000000E+00  
1.158564E+01  5.181117E-04  2.007897E-02  -2.234567E-02  1.000000E+00  8.424242E-04  8.030577E-29  1.997224E-08   1.918615E-149 LZ5Tmedian  5.080784E-03  1.843353E-01  
2.662632E+03  6.449655E-02  7.521951E+00  -7.535008E-08  1.000000E+00  2.472639E-01  1.859898E-26  3.545988E-24   5.000000E-01 NotAppl  3.397766E-03  0.000000E+00  
5.848198E+03  2.873972E+01  2.331733E+01  -4.303870E-02  1.000000E+00  5.684014E-03  1.204741E-24  2.334387E-13   5.000000E-01 NotAppl  9.826948E-02  0.000000E+00  
1.802115E+03  3.311178E+00  -3.088679E+00  -5.969591E-08  1.000000E+00  5.023179E-01  1.322054E-26  4.929510E-24   5.000000E-01 NotAppl  3.544176E-03  0.000000E+00  
1.488642E+02  3.425622E-02  2.316440E+02  -1.091920E-02  1.000000E+00  1.788743E-03  2.633637E-24  2.701852E-11   1.924620E-01 NotAppl  9.277395E+00  0.000000E+00  
7.476873E+02  2.678499E-03  3.456679E-02  1.794634E+00  1.000000E+00  9.134544E-03  1.376113E-24  2.681992E-08   4.430822E-154 LZ5Tmedian  9.576416E-01  0.000000E+00  
2.684590E+01  1.043841E+01  4.985771E+00  -1.079420E-05  1.000000E+00  1.158901E+00  2.659669E-35  8.699025E-16   5.000000E-01 NotAppl  6.538564E-10  4.193926E-08  
5.925571E+01  4.416898E-04  3.078157E+02  1.010647E-09  1.000000E+00  3.727621E-03  1.459366E-41  1.525625E-24   5.000000E-01 NotAppl  1.545974E-16  4.639680E-16  
6.464326E+03  2.611055E-01  2.643903E+01  -1.258712E-07  1.000000E+00  2.427730E-02  1.922920E-25  1.628940E-24   5.000000E-01 NotAppl  1.429065E-02  0.000000E+00  
1.650350E+02  7.399406E-03  3.908359E+02  4.605668E-08  1.000000E+00  1.163054E-03  3.935366E-24  3.890995E-22   5.000000E-01 NotAppl  1.242771E+01  0.000000E+00  
6.416055E+01  1.241795E+00  4.849649E+01  -1.897723E-10  1.000000E+00  7.006030E-03  1.824640E-42  4.573298E-26   5.000000E-01 NotAppl  1.789738E-17  0.000000E+00  
2.204184E+01  8.311113E+02  -8.311108E+02  4.723374E-01  1.000000E+00  2.677792E-02  4.488922E-26  2.479042E-06   0.000000E+00 XENON1T_2018  1.367761E+00  4.991633E-01  
1.362889E+02  2.378093E+00  -2.359064E+00  5.877239E-04  1.000000E+00  8.061291E-03  9.039408E-25  9.380006E-14   5.000000E-01 NotAppl  3.568768E+00  0.000000E+00  
1.108227E+03  6.973722E+00  -6.972433E+00  -1.098193E-03  1.000000E+00  1.414964E-01  4.602561E-26  4.496751E-15   5.000000E-01 NotAppl  2.032375E-02  0.000000E+00  
3.551922E+02  3.076254E-03  1.548428E+01  1.122074E-09  1.000000E+00  2.780884E-02  2.273818E-25  4.803867E-26   5.000000E-01 NotAppl  3.267615E-01  0.000000E+00  
1.029696E+02  5.374314E-01  -1.910419E-01  1.728316E+00  1.000000E+00  1.873087E-04  6.086205E-23  1.441099E-06   0.000000E+00 XENON1T_2018  3.229165E+02  0.000000E+00  
2.969099E+01  4.018820E+01  -4.006672E+01  6.734657E-09  1.000000E+00  1.078793E-02  1.137924E-41  2.762024E-22   5.000000E-01 NotAppl  2.502128E-16  5.703323E-14  
3.158711E+02  1.909338E+01  -1.903059E+01  -6.405317E-02  1.000000E+00  1.763766E-02  3.453862E-25  1.990401E-10   2.330904E-03 LZ5Tmedian  5.627945E-01  0.000000E+00  
6.033593E+02  4.603879E-02  -4.470828E-02  1.336294E-01  1.000000E+00  1.224788E-01  7.243544E-26  2.304888E-10   2.360011E-02 LZ5Tmedian  6.066138E-02  0.000000E+00  
4.419043E+02  5.521844E+00  1.061495E+01  2.433500E-03  1.000000E+00  2.804955E-02  1.950430E-25  1.445054E-13   5.000000E-01 NotAppl  2.238132E-01  0.000000E+00  
2.954390E+02  2.272371E-04  2.222739E+02  9.272888E+00  1.000000E+00  6.108486E-06  1.927467E-21  4.783620E-06   0.000000E+00 XENON1T_2018  4.018067E+03  0.000000E+00  
5.280214E+03  2.576906E-03  -2.360677E-03  -1.656251E-02  1.000000E+00  9.010455E+00  7.928575E-28  4.254970E-14   5.000000E-01 NotAppl  7.119748E-05  0.000000E+00  
1.710686E+01  1.223183E-02  -1.193852E-02  3.032996E-08  1.000000E+00  1.855137E-03  1.676807E-40  1.699183E-20   5.000000E-01 NotAppl  6.771625E-15  1.263859E-12  
1.674014E+01  1.036518E+00  -9.732158E-01  8.093461E-07  1.000000E+00  2.275381E-02  1.185933E-37  1.263445E-17   5.000000E-01 NotAppl  4.907916E-12  8.978249E-10  
6.631193E+01  6.513587E+01  6.879087E+02  -1.475913E-08  1.000000E+00  1.731365E+01  2.030771E-39  2.586095E-22   5.000000E-01 NotAppl  1.914993E-14  0.000000E+00  
2.413950E+01  1.572596E-03  -1.222633E-03  -8.270595E-07  1.000000E+00  2.848552E-03  1.447587E-37  6.328879E-18   5.000000E-01 NotAppl  3.999572E-12  9.012772E-10  
8.317308E+02  4.850835E-02  3.249051E+00  1.917035E+00  1.000000E+00  9.080820E-03  1.333037E-24  2.461890E-08   1.823642E-127 LZ5Tmedian  8.310213E-01  0.000000E+00  
5.905614E+03  7.163977E-01  -7.126278E-01  -4.841129E-08  1.000000E+00  6.819417E+00  9.353068E-28  2.895492E-25   5.000000E-01 NotAppl  7.483586E-05  0.000000E+00  
1.157021E+02  2.235011E-03  2.205791E+00  5.771157E-06  1.000000E+00  6.399017E-03  1.119228E-24  1.265259E-17   5.000000E-01 NotAppl  5.229099E+00  0.000000E+00  
2.140556E+03  5.120515E-02  -5.093356E-02  -6.601067E-08  1.000000E+00  1.581237E+00  4.795071E-27  4.244638E-24   5.000000E-01 NotAppl  1.079691E-03  0.000000E+00  
2.199040E+01  1.347088E-02  5.746485E+00  -9.878035E-06  1.000000E+00  1.605285E-03  1.961059E-35  1.089336E-15   5.000000E-01 NotAppl  5.994340E-10  1.162893E-07  
1.613081E+02  7.017155E+00  -4.332552E+00  1.273448E+00  1.000000E+00  2.120514E-04  2.850308E-23  3.117248E-07   0.000000E+00 XENON1T_2018  1.036852E+02  0.000000E+00  
3.001571E+02  1.560416E+00  6.145159E+02  -3.604696E-02  1.000000E+00  3.240354E-04  1.398679E-23  6.998001E-11   1.067206E-01 NotAppl  2.394244E+01  0.000000E+00  
2.250739E+01  8.007216E+01  -8.006564E+01  3.320144E-02  1.000000E+00  3.133100E-02  2.241666E-28  1.174420E-08   0.000000E+00 LZ5Tmedian  6.680730E-03  3.729893E-01  
4.563235E+02  3.962551E+01  -2.507035E+01  1.025861E-08  1.000000E+00  4.303412E-03  9.772028E-25  2.404759E-24   5.000000E-01 NotAppl  1.083118E+00  0.000000E+00  
1.909382E+03  1.786352E-02  6.432589E+02  7.288770E-09  1.000000E+00  6.637195E-05  7.842449E-23  6.532077E-26   5.000000E-01 NotAppl  2.020442E+01  0.000000E+00  
7.924784E+03  4.545766E-04  2.527950E+02  -3.011185E-09  1.000000E+00  3.069297E-04  1.671263E-23  6.162411E-28   5.000000E-01 NotAppl  1.010204E+00  0.000000E+00  
1.346698E+02  6.974254E-01  -6.927787E-01  3.435657E-06  1.000000E+00  8.662586E-03  9.094004E-25  3.284850E-18   5.000000E-01 NotAppl  3.633562E+00  0.000000E+00  
6.786099E+02  2.671248E-02  5.846069E-01  -2.925079E-07  1.000000E+00  1.760555E-01  4.688533E-26  8.685577E-22   5.000000E-01 NotAppl  3.437987E-02  0.000000E+00  
6.756385E+03  1.056271E-04  2.841514E-04  1.700229E-03  1.000000E+00  1.456837E+01  4.830995E-28  2.716884E-16   5.000000E-01 NotAppl  3.378664E-05  0.000000E+00  
4.719995E+02  7.063900E+02  -7.056103E+02  8.016583E-02  1.000000E+00  1.041318E-04  6.617024E-23  1.370466E-10   5.891279E-02 LZ5Tmedian  7.077435E+01  0.000000E+00  
2.874618E+02  1.471151E-01  5.103437E-01  1.549717E-02  1.000000E+00  3.362341E-02  2.497912E-25  1.413108E-11   5.000000E-01 NotAppl  4.469979E-01  0.000000E+00  
7.650571E+03  7.916693E-02  -1.223852E-02  -9.859575E-06  1.000000E+00  1.829702E+01  3.817262E-28  7.097596E-21   5.000000E-01 NotAppl  2.353904E-05  0.000000E+00  
3.047969E+01  1.313263E+00  -1.311896E+00  -3.509373E-08  1.000000E+00  4.497941E-03  3.182057E-40  7.112093E-21   5.000000E-01 NotAppl  6.807533E-15  1.507003E-12  
4.342692E+03  1.722633E+00  -1.722140E+00  -1.047952E-09  1.000000E+00  2.065151E+00  2.920161E-27  2.534508E-28   5.000000E-01 NotAppl  3.186985E-04  0.000000E+00  
9.266014E+03  4.599380E-01  -4.589664E-01  -7.605471E-10  1.000000E+00  1.628446E+01  3.818905E-28  2.863364E-29   5.000000E-01 NotAppl  1.936709E-05  0.000000E+00  
6.948443E+01  5.495996E-01  9.065337E+01  2.851683E-06  1.000000E+00  6.325808E-03  2.163139E-35  8.775753E-18   5.000000E-01 NotAppl  1.956244E-10  0.000000E+00  
9.310935E+03  1.074381E-02  4.746997E+01  -8.963709E-09  1.000000E+00  7.971978E-03  6.059734E-25  3.936330E-27   5.000000E-01 NotAppl  3.111379E-02  0.000000E+00  
4.691697E+01  1.254335E-04  1.072436E-02  4.428418E-05  1.000000E+00  5.184654E-04  1.501107E-33  4.714793E-15   5.000000E-01 NotAppl  2.034833E-08  1.850740E-06  
7.309680E+03  3.909819E-01  2.341042E+01  -4.587399E-08  1.000000E+00  3.053745E-02  1.529941E-25  1.685530E-25   5.000000E-01 NotAppl  1.003622E-02  0.000000E+00  
7.853144E+02  4.565258E+00  -4.522205E+00  -5.414296E-02  1.000000E+00  1.632804E-01  4.292686E-26  2.208160E-11   5.000000E-01 NotAppl  2.711208E-02  0.000000E+00  
1.495015E+01  9.186125E-02  1.402059E-01  8.418181E-03  1.000000E+00  1.506313E-03  1.240150E-29  1.712208E-09   3.464806E-31 LZ5Tmedian  5.837864E-04  7.005123E-02  
1.094411E+01  3.263373E-01  -3.106510E-01  2.337993E-04  1.000000E+00  3.883647E-03  8.580971E-33  2.445020E-12   5.000000E-01 NotAppl  5.806049E-07  7.681301E-05  
1.096914E+01  2.672288E-04  4.247411E+02  1.655173E-05  1.000000E+00  4.659195E-04  4.305117E-35  1.219939E-14   5.000000E-01 NotAppl  2.905115E-09  3.852628E-07  
5.686771E+03  5.415689E+00  -5.086198E+00  2.919203E-07  1.000000E+00  3.324940E-01  1.801767E-26  1.136816E-23   5.000000E-01 NotAppl  1.492640E-03  0.000000E+00  
6.705522E+02  9.785169E-03  2.054181E-02  6.838840E-03  1.000000E+00  1.736185E-01  4.794097E-26  4.865067E-13   5.000000E-01 NotAppl  3.559075E-02  0.000000E+00  
2.646211E+01  6.058196E+00  -5.988345E+00  -1.783055E+00  1.000000E+00  6.565463E-03  5.725110E-25  2.443741E-05   0.000000E+00 XENON1T_2018  1.425731E+01  2.591277E-01  
3.498801E+03  1.527341E+02  -1.501622E+02  3.478680E-07  1.000000E+00  5.281559E-04  1.318110E-23  4.334916E-23   5.000000E-01 NotAppl  1.788424E+00  0.000000E+00  
7.557890E+03  2.072358E+01  4.608285E+01  -2.731075E-04  1.000000E+00  4.270269E-03  1.448006E-24  5.582317E-18   5.000000E-01 NotAppl  9.149097E-02  0.000000E+00  
2.501749E+01  4.534333E-04  1.004216E-02  2.045208E-06  1.000000E+00  2.861370E-03  9.059477E-37  3.601057E-17   5.000000E-01 NotAp