MD1           DMP           DM3           l345          ld           Omegah2       sigV          protonSI      PvalDD        expName      CMB_ID        brH_DMDM      
3.652775E+01  1.014630E-04  9.248843E-04  1.115471E-06  1.000000E+00  2.573166E-04  4.243308E-37  4.977393E-18   5.000000E-01 NotAppl  7.475510E-12  1.442230E-09  
2.786045E+01  6.380806E+02  -6.377311E+02  1.401908E+00  1.000000E+00  6.469794E-03  4.510067E-25  1.361317E-05   0.000000E+00 XENON1T_2018  1.063238E+01  5.004472E-01  
6.245496E+01  1.651901E-04  4.522156E-02  -2.554311E-07  1.000000E+00  4.586400E-03  4.609625E-33  8.753765E-20   5.000000E-01 NotAppl  4.647957E-08  3.537611E-12  
1.031437E+01  1.506158E-02  -1.476707E-02  -5.251302E-06  1.000000E+00  8.199843E-04  4.205856E-36  1.385125E-15   5.000000E-01 NotAppl  3.051203E-10  3.885103E-08  
2.610408E+01  5.987447E-01  -5.974831E-01  -1.353825E-06  1.000000E+00  6.480057E-03  4.092549E-37  1.448110E-17   5.000000E-01 NotAppl  1.037805E-11  2.371708E-09  
9.047646E+02  1.420784E-03  2.022612E-03  1.317409E-05  1.000000E+00  3.071953E-01  2.652259E-26  9.790522E-19   5.000000E-01 NotAppl  1.445386E-02  0.000000E+00  
2.525864E+02  2.381219E+01  -1.645023E+01  3.374185E-05  1.000000E+00  6.723680E-03  6.190432E-25  8.730814E-17   5.000000E-01 NotAppl  1.272409E+00  0.000000E+00  
4.154366E+02  6.658565E-02  3.616662E+02  2.903024E-06  1.000000E+00  3.560854E-04  1.379138E-23  2.333469E-19   5.000000E-01 NotAppl  1.694898E+01  0.000000E+00  
3.093272E+03  1.161738E-03  1.763026E-02  5.477461E-10  1.000000E+00  3.209498E+00  2.300234E-27  1.380775E-28   5.000000E-01 NotAppl  3.556696E-04  0.000000E+00  
2.792090E+02  1.124471E+00  -1.105142E+00  -8.771968E-03  1.000000E+00  3.178509E-02  2.595008E-25  4.805879E-12   5.000000E-01 NotAppl  4.786295E-01  0.000000E+00  
9.782963E+01  4.146626E+02  -4.146622E+02  -8.043111E-10  1.000000E+00  2.305434E-03  2.332263E-24  3.466422E-25   5.000000E-01 NotAppl  1.310041E+01  0.000000E+00  
1.648280E+02  3.100488E-03  2.924126E+02  7.758523E-10  1.000000E+00  1.331538E-03  3.491096E-24  1.107007E-25   5.000000E-01 NotAppl  1.104620E+01  0.000000E+00  
3.196154E+02  9.589562E-02  -8.352824E-02  1.449419E-06  1.000000E+00  4.230536E-02  2.013809E-25  9.948757E-20   5.000000E-01 NotAppl  3.226059E-01  0.000000E+00  
5.999004E+03  1.195323E+01  -1.195303E+01  -3.606186E-07  1.000000E+00  7.219058E-02  8.483582E-26  1.556247E-23   5.000000E-01 NotAppl  6.655490E-03  0.000000E+00  
3.457034E+03  4.463062E+00  1.958452E+01  -7.070023E-10  1.000000E+00  3.129134E-02  1.686347E-25  1.834767E-28   5.000000E-01 NotAppl  2.361796E-02  0.000000E+00  
3.262037E+03  6.558481E-02  -6.455479E-02  9.908005E-07  1.000000E+00  3.549808E+00  2.071300E-27  4.055531E-22   5.000000E-01 NotAppl  3.033826E-04  0.000000E+00  
3.242828E+02  7.895902E+00  -3.619795E+00  -9.346563E-01  1.000000E+00  2.600181E-03  2.687985E-24  4.016004E-08   0.000000E+00 LZ5Tmedian  4.754866E+00  0.000000E+00  
5.614037E+01  6.764511E+00  -6.703813E+00  -1.660514E-04  1.000000E+00  4.187190E-03  1.077322E-31  4.598130E-14   5.000000E-01 NotAppl  1.212060E-06  1.731345E-05  
7.849539E+03  1.493665E+02  -1.493194E+02  -4.374794E-05  1.000000E+00  5.575932E-04  1.293001E-23  1.326359E-19   5.000000E-01 NotAppl  7.725725E-01  0.000000E+00  
4.086188E+03  2.136342E-01  3.866181E-01  -3.871773E-10  1.000000E+00  4.875920E+00  1.443736E-27  3.915694E-29   5.000000E-01 NotAppl  1.683334E-04  0.000000E+00  
6.586181E+01  6.462793E-03  5.411288E+01  -2.566919E-07  1.000000E+00  4.659715E-03  7.950094E-37  7.932069E-20   5.000000E-01 NotAppl  7.592634E-12  0.000000E+00  
6.536720E+01  2.653637E+02  -2.621791E+02  -7.702869E-01  1.000000E+00  5.525997E-04  9.908600E-24  7.253552E-07   0.000000E+00 XENON1T_2018  9.482989E+01  0.000000E+00  
5.233206E+03  1.276463E-01  3.538622E-01  -8.590188E-07  1.000000E+00  7.848718E+00  8.771497E-28  1.165587E-22   5.000000E-01 NotAppl  7.955905E-05  0.000000E+00  
2.485591E+03  9.249469E+02  -9.215949E+02  -2.447005E-07  1.000000E+00  2.165611E-05  3.416930E-22  4.302157E-23   5.000000E-01 NotAppl  6.573749E+01  0.000000E+00  
3.783966E+02  2.007138E-03  2.580843E-01  2.438333E-06  1.000000E+00  5.815293E-02  1.458808E-25  1.992882E-19   5.000000E-01 NotAppl  1.960777E-01  0.000000E+00  
1.728252E+01  1.209541E-03  3.891296E-02  -8.012732E-10  1.000000E+00  1.654073E-03  1.174121E-43  1.161968E-23   5.000000E-01 NotAppl  4.687305E-18  8.813566E-16  
4.829477E+03  5.256989E-04  2.674160E-01  -1.007062E+00  1.000000E+00  9.227560E-01  1.111366E-26  1.885996E-10   5.000000E-01 NotAppl  1.151272E-03  0.000000E+00  
1.910262E+03  1.264404E-01  2.349531E+00  3.010484E-02  1.000000E+00  8.220113E-01  8.084080E-27  1.113284E-12   5.000000E-01 NotAppl  2.055099E-03  0.000000E+00  
5.707273E+02  4.921833E-04  3.769018E+01  -1.835996E-05  1.000000E+00  1.149421E-02  4.209808E-25  4.874756E-18   5.000000E-01 NotAppl  3.732662E-01  0.000000E+00  
1.419752E+03  7.563779E-02  9.177334E+01  -4.074013E-09  1.000000E+00  2.227680E-03  2.139866E-24  3.733462E-26   5.000000E-01 NotAppl  7.469312E-01  0.000000E+00  
8.007963E+03  3.075609E-01  1.483102E-01  -5.345453E-02  1.000000E+00  1.609375E+01  4.071171E-28  1.901468E-13   5.000000E-01 NotAppl  2.403077E-05  0.000000E+00  
5.020840E+02  1.635047E-02  6.326287E+00  1.677753E-09  1.000000E+00  7.651538E-02  9.534814E-26  5.290069E-26   5.000000E-01 NotAppl  9.563148E-02  0.000000E+00  
6.601801E+01  1.429955E-04  3.199478E+02  1.593256E-09  1.000000E+00  4.664831E-03  2.790727E-41  3.041117E-24   5.000000E-01 NotAppl  2.642991E-16  0.000000E+00  
8.885846E+03  1.424052E+00  6.245395E-01  5.197379E-02  1.000000E+00  2.428515E+00  2.857784E-27  1.455259E-13   5.000000E-01 NotAppl  1.521176E-04  0.000000E+00  
6.007359E+03  6.045891E-04  9.463541E-03  3.208702E-08  1.000000E+00  1.159541E+01  6.109815E-28  1.228601E-25   5.000000E-01 NotAppl  4.813427E-05  0.000000E+00  
2.139673E+02  2.207795E-04  8.234302E+01  4.149829E-07  1.000000E+00  3.396076E-03  1.505089E-24  1.855311E-20   5.000000E-01 NotAppl  3.642423E+00  0.000000E+00  
1.158300E+01  6.775843E-01  -6.765837E-01  -5.538939E-01  1.000000E+00  1.409163E-02  4.922634E-26  1.227687E-05   0.000000E+00 XENON1T_2018  3.115541E+00  2.503722E-01  
1.622324E+01  6.658281E-03  1.767532E+02  -1.666550E-03  1.000000E+00  9.480185E-04  4.980300E-31  5.702927E-11   5.541938E-02 LZ5Tmedian  2.134876E-05  3.788133E-03  
7.000951E+01  9.133305E+01  -9.114519E+01  -1.475584E-09  1.000000E+00  1.512231E-02  4.973788E-42  2.313837E-24   5.000000E-01 NotAppl  4.462617E-17  0.000000E+00  
1.627036E+01  1.677449E-02  3.116038E-02  9.035060E-06  1.000000E+00  1.595191E-03  1.465087E-35  1.666525E-15   5.000000E-01 NotAppl  6.261865E-10  1.125862E-07  
4.327570E+01  1.442917E-01  -1.207702E-01  8.001522E-02  1.000000E+00  1.473374E-04  3.456441E-27  1.814437E-08   0.000000E+00 XENON1T_2018  5.095556E-02  2.399253E-01  
5.189413E+01  2.063458E-02  4.971771E-03  2.627052E-06  1.000000E+00  2.216315E-03  1.041850E-35  1.351080E-17   5.000000E-01 NotAppl  1.271968E-10  5.494023E-09  
4.359578E+02  1.004393E+01  -9.051926E+00  -5.867932E-01  1.000000E+00  1.692356E-02  4.432479E-25  8.638303E-09   1.819075E-84 LZ5Tmedian  5.651479E-01  0.000000E+00  
1.178469E+02  1.464344E+02  -1.371954E+02  -3.692997E-06  1.000000E+00  1.089932E-03  2.917786E-24  4.989525E-18   5.000000E-01 NotAppl  1.356450E+01  0.000000E+00  
4.163745E+02  1.689286E+02  -1.587100E+02  7.961981E-01  1.000000E+00  2.940413E-04  1.594004E-23  1.747186E-08   8.021572E-178 LZ5Tmedian  1.949349E+01  0.000000E+00  
3.806327E+03  9.743298E+01  5.448577E+01  -1.437302E+00  1.000000E+00  4.861841E-04  1.041006E-23  6.234611E-10   1.956106E-01 NotAppl  1.311524E+00  0.000000E+00  
2.695039E+03  7.116692E+01  -7.114957E+01  5.876701E+00  1.000000E+00  1.203220E-03  6.696868E-24  2.104454E-08   1.814898E-34 LZ5Tmedian  1.198158E+00  0.000000E+00  
5.905796E+01  5.173669E+02  -4.522505E+02  -1.967107E-02  1.000000E+00  7.088633E-04  4.925576E-27  5.819253E-10   1.257828E-30 LZ5Tmedian  5.259142E-02  1.532265E-01  
4.422754E+01  5.040870E-02  1.018270E+01  -1.286572E-03  1.000000E+00  2.091384E-04  9.705532E-31  4.487800E-12   5.000000E-01 NotAppl  1.398704E-05  9.414538E-04  
5.085940E+02  4.211364E+00  -4.206646E+00  -4.548094E-06  1.000000E+00  8.190089E-02  9.269804E-26  3.786359E-19   5.000000E-01 NotAppl  9.163102E-02  0.000000E+00  
1.658162E+03  4.228369E-04  1.219950E-01  3.588441E-08  1.000000E+00  9.702219E-01  7.975310E-27  2.110683E-24   5.000000E-01 NotAppl  2.332764E-03  0.000000E+00  
9.805294E+02  6.068630E+01  -6.068376E+01  3.449382E-08  1.000000E+00  3.287021E-03  2.046604E-24  5.695657E-24   5.000000E-01 NotAppl  1.024243E+00  0.000000E+00  
2.061204E+02  1.009434E-03  3.422940E+01  3.639421E-07  1.000000E+00  8.418389E-03  7.119387E-25  1.540533E-20   5.000000E-01 NotAppl  1.796228E+00  0.000000E+00  
6.323609E+03  3.783013E+02  -3.782487E+02  3.336018E-08  1.000000E+00  9.395147E-05  7.956315E-23  1.196547E-25   5.000000E-01 NotAppl  5.917260E+00  0.000000E+00  
6.176819E+01  7.907797E-04  3.366275E-03  1.022524E+00  1.000000E+00  7.555022E-05  1.378624E-22  1.434812E-06   0.000000E+00 XENON1T_2018  1.404982E+03  2.499669E-01  
4.102937E+03  9.999870E-02  8.039976E+02  -2.091548E-01  1.000000E+00  3.699220E-05  1.422271E-22  1.133331E-11   5.000000E-01 NotAppl  1.676607E+01  0.000000E+00  
3.036049E+03  1.119939E+01  -1.119874E+01  -4.501790E-10  1.000000E+00  7.994360E-02  7.614332E-26  9.690548E-29   5.000000E-01 NotAppl  1.194407E-02  0.000000E+00  
8.704931E+01  1.414660E+02  -1.312715E+02  1.239633E-02  1.000000E+00  2.444390E-03  1.121923E-24  1.046021E-10   5.424535E-05 LZ5Tmedian  7.191748E+00  0.000000E+00  
2.805530E+03  1.471220E+00  -3.453730E-02  -3.116936E-06  1.000000E+00  1.555054E+00  4.629656E-27  5.455085E-21   5.000000E-01 NotAppl  7.913890E-04  0.000000E+00  
1.054777E+01  1.886984E+01  -1.886915E+01  -4.673628E-06  1.000000E+00  1.995030E-01  3.369597E-36  1.050191E-15   5.000000E-01 NotAppl  2.381008E-10  1.153238E-08  
2.635942E+03  1.685744E+02  -1.680861E+02  4.509986E-04  1.000000E+00  4.502461E-04  1.571668E-23  1.296668E-16   5.000000E-01 NotAppl  2.847601E+00  0.000000E+00  
8.403840E+03  1.972413E+02  -1.972306E+02  1.138199E-06  1.000000E+00  3.262323E-04  2.244635E-23  7.816186E-23   5.000000E-01 NotAppl  1.251758E+00  0.000000E+00  
3.955677E+02  1.397264E-03  4.944083E+01  -1.985334E-10  1.000000E+00  7.022028E-03  7.015721E-25  1.206474E-27   5.000000E-01 NotAppl  9.056102E-01  0.000000E+00  
1.541709E+01  5.853598E-03  1.186824E+00  -1.837699E+00  1.000000E+00  8.539801E-04  4.697369E-25  7.675430E-05   0.000000E+00 XENON1T_2018  2.133509E+01  2.504055E-01  
4.312718E+03  1.891316E+01  -1.853861E+01  -1.490324E-04  1.000000E+00  2.996386E-02  2.115124E-25  5.199194E-18   5.000000E-01 NotAppl  2.319621E-02  0.000000E+00  
4.317088E+01  7.217770E-01  -7.216257E-01  1.830746E-10  1.000000E+00  1.233071E-04  1.793471E-44  9.545437E-26   5.000000E-01 NotAppl  2.644372E-19  3.429935E-17  
6.534352E+01  1.790669E-04  2.685918E-01  -1.310681E-05  1.000000E+00  4.976173E-03  2.918486E-33  2.101653E-16   5.000000E-01 NotAppl  2.809815E-08  0.000000E+00  
1.623697E+01  1.706872E-02  3.830933E-01  -2.882941E-02  1.000000E+00  1.180734E-03  1.490721E-28  1.703729E-08   0.000000E+00 LZ5Tmedian  6.386231E-03  2.067546E-01  
3.803563E+03  4.140823E-04  2.376910E+00  8.344366E-09  1.000000E+00  1.693877E+00  3.047825E-27  2.104460E-26   5.000000E-01 NotAppl  3.849305E-04  0.000000E+00  
1.389961E+03  5.127894E+01  -5.039817E+01  -3.121231E-08  1.000000E+00  4.392274E-03  1.501076E-24  2.288234E-24   5.000000E-01 NotAppl  5.244268E-01  0.000000E+00  
2.040602E+01  3.857302E-02  4.638390E+00  2.182509E-04  1.000000E+00  1.518001E-03  9.252658E-33  6.180291E-13   5.000000E-01 NotAppl  3.069772E-07  5.991855E-05  
1.109841E+02  1.973280E+02  -1.800106E+02  -2.050828E-04  1.000000E+00  1.001921E-03  2.973168E-24  1.740113E-14   5.000000E-01 NotAppl  1.468667E+01  0.000000E+00  
1.453991E+01  1.196611E+01  -1.196468E+01  1.235354E-05  1.000000E+00  9.883576E-02  2.648679E-35  3.896815E-15   5.000000E-01 NotAppl  1.286915E-09  1.227616E-07  
2.412575E+03  1.46