MD1           DMP           DM3           l345          ld           Omegah2       sigV          protonSI      PvalDD        expName      CMB_ID        brH_DMDM      
6.979312E+01  1.727954E-02  -1.253187E-03  -5.269404E-05  1.000000E+00  6.015250E-03  6.746255E-33  2.969475E-15   5.000000E-01 NotAppl  6.032662E-08  0.000000E+00  
9.869394E+01  2.672447E-02  -2.660960E-02  1.516128E-07  1.000000E+00  5.782571E-03  1.222980E-24  1.209688E-20   5.000000E-01 NotAppl  6.749740E+00  0.000000E+00  
4.220517E+03  1.638813E-03  -1.242861E-03  -5.505388E-04  1.000000E+00  5.850044E+00  1.236860E-27  7.413767E-17   5.000000E-01 NotAppl  1.394080E-04  0.000000E+00  
8.581830E+01  3.813068E-03  3.023247E+00  1.922692E-07  1.000000E+00  4.952038E-03  6.999358E-25  2.590892E-20   5.000000E-01 NotAppl  4.553090E+00  0.000000E+00  
3.520105E+02  1.733122E-02  8.330274E-02  4.676708E-02  1.000000E+00  4.933361E-02  1.752865E-25  8.500169E-11   9.698979E-02 LZ5Tmedian  2.544180E-01  0.000000E+00  
4.380878E+03  2.204665E+02  -2.204303E+02  4.784170E-03  1.000000E+00  2.657048E-04  2.728366E-23  5.189645E-15   5.000000E-01 NotAppl  2.944819E+00  0.000000E+00  
1.376529E+01  4.487342E-01  -3.528289E-01  -5.179481E-06  1.000000E+00  5.755218E-03  4.579528E-36  7.635879E-16   5.000000E-01 NotAppl  2.370684E-10  3.736095E-08  
1.005669E+01  1.930461E+01  1.074886E+02  1.319036E-07  1.000000E+00  7.527940E+05  2.617508E-39  9.181543E-19   5.000000E-01 NotAppl  1.956326E-13  9.089825E-12  
2.540449E+02  2.733122E+01  -2.724631E+01  7.553899E-09  1.000000E+00  8.939293E-03  6.818418E-25  4.324513E-24   5.000000E-01 NotAppl  1.394078E+00  0.000000E+00  
1.057709E+03  1.632241E-03  1.847692E+02  3.134405E-04  1.000000E+00  6.408351E-04  7.682153E-24  4.029072E-16   5.000000E-01 NotAppl  3.627726E+00  0.000000E+00  
4.009491E+02  1.911389E-04  4.313998E-01  -1.072823E-07  1.000000E+00  6.474571E-02  1.305521E-25  3.426890E-22   5.000000E-01 NotAppl  1.652069E-01  0.000000E+00  
1.300683E+02  5.219458E+02  -5.219457E+02  -1.116791E+00  1.000000E+00  6.576513E-05  1.008656E-22  3.727290E-07   0.000000E+00 XENON1T_2018  4.860761E+02  0.000000E+00  
1.452874E+02  2.081134E-03  2.582027E-03  -9.956237E-09  1.000000E+00  1.012705E-02  8.070184E-25  2.361147E-23   5.000000E-01 NotAppl  2.981447E+00  0.000000E+00  
5.290616E+03  8.491121E+02  -8.489816E+02  -2.622781E-06  1.000000E+00  2.138468E-05  3.609551E-22  1.062749E-21   5.000000E-01 NotAppl  3.216639E+01  0.000000E+00  
2.513838E+02  1.234331E-03  4.913445E-01  -1.261818E+00  1.000000E+00  9.661902E-04  1.340904E-23  1.232981E-07   0.000000E+00 XENON1T_2018  3.148493E+01  0.000000E+00  
1.636490E+02  1.685813E+01  -1.588670E+01  7.262407E+00  1.000000E+00  2.296801E-07  3.270252E-20  9.843384E-06   0.000000E+00 XENON1T_2018  1.253957E+05  0.000000E+00  
1.702830E+03  2.273074E+01  -2.272671E+01  -2.669174E-05  1.000000E+00  2.074007E-02  3.078070E-25  1.106196E-18   5.000000E-01 NotAppl  8.728943E-02  0.000000E+00  
1.075946E+01  5.007858E-04  1.124303E+02  1.808728E-04  1.000000E+00  4.514566E-04  5.095451E-33  1.512931E-12   5.000000E-01 NotAppl  3.516735E-07  4.602757E-05  
1.238313E+03  1.351215E+01  1.079390E+02  -4.637466E-07  1.000000E+00  1.252487E-03  3.713485E-24  6.393695E-22   5.000000E-01 NotAppl  1.490299E+00  0.000000E+00  
1.702825E+03  2.045309E+01  -2.045225E+01  -4.311340E-04  1.000000E+00  2.528683E-02  2.508998E-25  2.886060E-16   5.000000E-01 NotAppl  7.115314E-02  0.000000E+00  
1.791667E+01  6.573237E+01  -6.547147E+01  -9.448542E+00  1.000000E+00  1.227035E-02  3.358170E-25  1.503398E-03   0.000000E+00 XENON1T_2018  1.291180E+01  5.003436E-01  
1.199413E+02  1.556153E+01  -1.556087E+01  2.295404E-06  1.000000E+00  4.866583E-03  1.209805E-24  1.859241E-18   5.000000E-01 NotAppl  5.464181E+00  0.000000E+00  
9.749998E+03  6.270847E-02  -1.684403E-02  3.362914E-03  1.000000E+00  2.929310E+01  2.354808E-28  5.046179E-16   5.000000E-01 NotAppl  1.136383E-05  0.000000E+00  
2.584632E+01  5.854030E-02  4.063928E+00  -2.796133E-08  1.000000E+00  2.143535E-03  1.732849E-40  6.302252E-21   5.000000E-01 NotAppl  4.442864E-15  9.439588E-13  
2.258950E+01  8.247921E+00  -8.246917E+00  1.797962E-08  1.000000E+00  3.101578E-02  6.586772E-41  3.418907E-21   5.000000E-01 NotAppl  1.955379E-15  2.757744E-13  
1.992608E+01  1.688808E-01  -8.114812E-02  3.318471E+00  1.000000E+00  2.928895E-03  5.330388E-25  1.498728E-04   0.000000E+00 XENON1T_2018  1.829233E+01  2.501253E-01  
1.290585E+01  4.396672E+00  -4.395704E+00  -9.233136E-03  1.000000E+00  1.291135E-01  1.425679E-29  2.756636E-09   1.213148E-31 LZ5Tmedian  7.953131E-04  9.172679E-02  
9.738775E+01  3.277281E+02  -3.103719E+02  1.281173E-03  1.000000E+00  1.241455E-03  2.310942E-24  8.877233E-13   5.000000E-01 NotAppl  1.302957E+01  0.000000E+00  
2.169105E+03  2.296107E+00  1.338397E+01  -4.789322E-03  1.000000E+00  6.879654E-02  7.329494E-26  2.174897E-14   5.000000E-01 NotAppl  1.653376E-02  0.000000E+00  
1.913141E+03  5.626269E-04  8.460912E-03  7.908071E-04  1.000000E+00  1.276038E+00  5.995827E-27  7.658465E-16   5.000000E-01 NotAppl  1.514706E-03  0.000000E+00  
7.484130E+02  8.908950E-01  -3.487582E-01  -1.068110E-03  1.000000E+00  2.052246E-01  3.911613E-26  9.481505E-15   5.000000E-01 NotAppl  2.592186E-02  0.000000E+00  
1.816579E+01  9.966075E-02  5.726994E-02  -2.207927E-03  1.000000E+00  2.244500E-03  9.062952E-31  7.985734E-11   5.487829E-03 LZ5Tmedian  3.421213E-05  6.506518E-03  
6.658919E+03  3.473947E+00  -3.062125E+00  6.801758E-07  1.000000E+00  7.844952E-01  7.667942E-27  4.478381E-23   5.000000E-01 NotAppl  5.414190E-04  0.000000E+00  
4.900196E+03  2.027487E-01  -2.026377E-01  3.246592E-02  1.000000E+00  7.355900E+00  9.761874E-28  1.903038E-13   5.000000E-01 NotAppl  9.457821E-05  0.000000E+00  
1.157574E+03  6.463024E+00  9.220091E+01  -1.208295E-07  1.000000E+00  1.932768E-03  2.442993E-24  4.980574E-23   5.000000E-01 NotAppl  1.051254E+00  0.000000E+00  
6.914914E+01  2.286973E+01  -2.161377E+01  1.677502E-09  1.000000E+00  1.734430E-02  8.294609E-42  3.066888E-24   5.000000E-01 NotAppl  7.536982E-17  0.000000E+00  
3.324035E+01  6.487430E-01  3.140172E+01  -3.182262E-08  1.000000E+00  1.449412E-03  2.933234E-40  4.905500E-21   5.000000E-01 NotAppl  5.705918E-15  1.218547E-12  
7.223042E+03  3.323862E-01  -1.526854E-01  -2.350695E-03  1.000000E+00  1.396724E+01  4.943930E-28  4.534393E-16   5.000000E-01 NotAppl  3.229932E-05  0.000000E+00  
3.577512E+02  5.666309E+00  -4.454883E-01  -4.173857E-03  1.000000E+00  3.261778E-02  1.877659E-25  6.550004E-13   5.000000E-01 NotAppl  2.676636E-01  0.000000E+00  
2.922711E+02  5.598605E+01  -5.598510E+01  4.360796E+00  1.000000E+00  6.342732E-05  1.152051E-22  1.081548E-06   0.000000E+00 XENON1T_2018  2.259427E+02  0.000000E+00  
7.376625E+01  1.570747E-04  9.107407E+01  4.914834E-07  1.000000E+00  5.711849E-03  2.336823E-37  2.307061E-19   5.000000E-01 NotAppl  1.988960E-12  0.000000E+00  
7.413139E+01  1.970642E-04  2.938968E-02  3.986086E-09  1.000000E+00  6.706969E-03  1.435564E-41  1.502291E-23   5.000000E-01 NotAppl  1.206376E-16  0.000000E+00  
2.945882E+02  1.729777E-04  7.927038E-02  -2.017870E-02  1.000000E+00  3.637005E-02  2.337256E-25  2.278650E-11   4.763084E-01 NotAppl  4.077660E-01  0.000000E+00  
2.317411E+01  1.212618E+02  -1.212616E+02  -1.965322E-04  1.000000E+00  2.859613E-02  7.979607E-33  3.880124E-13   5.000000E-01 NotAppl  2.304030E-07  5.125184E-05  
2.419000E+03  2.894763E+02  -2.894549E+02  -1.235703E-02  1.000000E+00  1.668898E-04  4.370314E-23  1.159479E-13   5.000000E-01 NotAppl  8.645109E+00  0.000000E+00  
1.341032E+03  2.289289E+00  7.883418E-01  -1.413523E-05  1.000000E+00  4.108564E-01  1.780039E-26  5.048915E-19   5.000000E-01 NotAppl  6.486625E-03  0.000000E+00  
3.839566E+01  2.517524E-02  1.458745E+01  1.164647E-09  1.000000E+00  5.872283E-05  5.154843E-43  4.903005E-24   5.000000E-01 NotAppl  8.598489E-18  5.948559E-16  
1.390449E+01  1.035778E-04  3.894882E+00  -1.149427E-02  1.000000E+00  7.033169E-04  2.262305E-29  3.686296E-09   1.200254E-53 LZ5Tmedian  1.157590E-03  1.132606E-01  
1.117739E+03  2.486810E-01  3.680292E+02  -6.644741E-06  1.000000E+00  1.964668E-04  2.583577E-23  1.617796E-19   5.000000E-01 NotAppl  1.152869E+01  0.000000E+00  
8.399409E+01  4.426967E+02  -4.426839E+02  7.973695E-01  1.000000E+00  3.462621E-04  1.763253E-23  4.656620E-07   0.000000E+00 XENON1T_2018  1.181834E+02  0.000000E+00  
3.215318E+03  1.340539E-02  1.514045E+00  4.742475E-06  1.000000E+00  2.237658E+00  2.759293E-27  9.568319E-21   5.000000E-01 NotAppl  4.116951E-04  0.000000E+00  
3.404455E+02  1.953353E-04  1.224511E-03  3.137954E-07  1.000000E+00  4.777842E-02  1.785345E-25  4.097683E-21   5.000000E-01 NotAppl  2.677906E-01  0.000000E+00  
4.722460E+02  5.509038E-03  1.268611E-02  -2.459661E-01  1.000000E+00  5.890960E-02  1.634718E-25  1.288773E-09   2.760872E-12 LZ5Tmedian  1.803847E-01  0.000000E+00  
1.626266E+02  3.116546E-01  -2.968580E-01  2.060330E-03  1.000000E+00  1.211506E-02  6.752773E-25  8.024827E-13   5.000000E-01 NotAppl  2.220886E+00  0.000000E+00  
1.234342E+01  5.880455E-03  2.496196E-02  1.012562E-01  1.000000E+00  9.614267E-04  1.688717E-27  3.620066E-07   0.000000E+00 XENON1T_2018  9.919971E-02  2.456835E-01  
2.497916E+02  7.570279E+00  9.540272E+00  2.915222E-10  1.000000E+00  1.044129E-02  4.319149E-25  6.667434E-27   5.000000E-01 NotAppl  8.947308E-01  0.000000E+00  
8.471244E+03  2.256268E-02  2.518973E-01  2.556183E-07  1.000000E+00  2.026397E+01  3.280194E-28  3.878796E-24   5.000000E-01 NotAppl  1.826396E-05  0.000000E+00  
2.967479E+02  4.399750E+01  8.007508E+01  5.210130E-05  1.000000E+00  8.745089E-04  3.640791E-24  1.496554E-16   5.000000E-01 NotAppl  6.313777E+00  0.000000E+00  
2.981732E+03  3.852814E+01  -3.837976E+01  -3.551488E-07  1.000000E+00  7.597858E-03  8.672588E-25  6.256261E-23   5.000000E-01 NotAppl  1.385514E-01  0.000000E+00  
1.296608E+03  4.113588E+00  1.209421E+01  1.287013E-05  1.000000E+00  5.960005E-02  9.288557E-26  4.483325E-19   5.000000E-01 NotAppl  3.542588E-02  0.000000E+00  
8.595088E+03  3.465723E+00  -3.465516E+00  -2.515783E+00  1.000000E+00  6.026126E-01  1.068108E-26  3.648031E-10   5.000000E-01 NotAppl  6.526091E-04  0.000000E+00  
7.062320E+01  4.008531E-04  2.359486E+01  5.801193E-05  1.000000E+00  5.287055E-03  6.519255E-33  3.513170E-15   5.000000E-01 NotAppl  5.799197E-08  0.000000E+00  
2.463559E+01  4.632138E+00  -4.016496E+00  1.353047E-03  1.000000E+00  2.631408E-02  3.924778E-31  1.625774E-11   1.878798E-01 NotAppl  1.059918E-05  1.913831E-03  
9.845195E+03  1.920782E-04  2.600261E+00  1.447722E-06  1.000000E+00  2.048158E+00  2.053415E-27  9.169251E-23   5.000000E-01 NotAppl  9.947545E-05  0.000000E+00  
2.789332E+01  7.673874E+01  1.994345E+02  2.903763E-05  1.000000E+00  6.721330E+05  1.988959E-34  5.826487E-15   5.000000E-01 NotAppl  4.687482E-09  1.078206E-06  
5.294821E+03  2.878880E+02  -2.864093E+02  3.655590E-09  1.000000E+00  1.573806E-04  4.633084E-23  2.061214E-27   5.000000E-01 NotAppl  4.125539E+00  0.000000E+00  
1.481875E+01  4.060621E+02  -4.060580E+02  1.630654E-09  1.000000E+00  9.457253E-02  4.641040E-43  6.538273E-23   5.000000E-01 NotAppl  2.206871E-17  3.691074E-15  
1.366476E+02  1.420307E-04  1.227749E+02  -4.336842E-07  1.000000E+00  2.831673E-03  1.850670E-24  5.079991E-20   5.000000E-01 NotAppl  7.167118E+00  0.000000E+00  
6.485776E+01  1.477925E+02  -1.477703E+02  4.544201E-06  1.000000E+00  1.041824E-02  5.136481E-34  2.565059E-17   5.000000E-01 NotAppl  4.981854E-09  0.000000E+00  
3.273736E+01  1.325069E-01  1.579657E-01  4.356206E-07  1.000000E+00  1.609391E-03  5.375562E-38  9.481099E-19   5.000000E-01 NotAppl  1.063013E-12  2.307404E-10  
4.793783E+01  5.118355E-02  2.215563E+00  -6.180776E-05  1.000000E+00  1.275262E-03  3.285095E-33  8.790422E-15   5.000000E-01 NotAppl  4.342704E-08  3.340410E-06  
3.644548E+01  4.015992E-01  8.419400E+00  1.256857E-10  1.000000E+00  2.342751E-04  5.363011E-45  6.348037E-26   5.000000E-01 NotAppl  9.470718E-20  1.147560E-17  
1.255615E+03  2.889681E-01  2.959639E-02  2.052797E-05  1.000000E+00  5.659573E-01  1.393421E-26  1.217835E-18   5.000000E-01 NotAppl  5.420244E-03  0.000000E+00  
2.215787E+03  1.013057E-01  3.872183E-01  -1.351803E-08  1.000000E+00  1.647565E+00  4.545526E-27  1.659128E-25   5.000000E-01 NotAppl  9.882061E-04  0.000000E+00  
3.352252E+03  2.770202E+01  -2.750763E+01  3.248960E-06  1.000000E+00  1.431547E-02  4.512343E-25  4.125279E-21   5.000000E-01 NotAppl  6.395836E-02  0.000000E+00  
4.031142E+02  1.012573E-03  -8.535631E-04  -4.574624E-05  1.000000E+00  6.587065E-02  1.290917E-25  6.162667E-17   5.000000E-01 NotAppl  1.624444E-01  0.000000E+00  
3.352079E+02  1.700010E-02  -1.172909E-03  4.274168E-09  1.000000E+00  4.638793E-02  1.839019E-25  7.847524E-25   5.000000E-01 NotAppl  2.803540E-01  0.000000E+00  
2.391834E+03  1.294862E-01  9.089349E-03  5.753468E-09  1.000000E+00  1.948412E+00  3.857267E-27  2.572048E-26   5.000000E-01 NotAppl  7.753220E-04  0.000000E+00  
1.091075E+01  3.251091E-04  4.693046E-02  3.319718E+00  1.000000E+00  6.995213E-04  4.564614E-25  4.959032E-04   0.000000E+00 XENON1T_2018  3.091660E+01  2.500030E-01  
7.216297E+01  8.786509E-01  -8.781242E-01  4.382291E+00  1.000000E+00  2.560347E-04  2.581578E-23  1.918387E-05   0.000000E+00 XENON1T_2018  2.226616E+02  0.000000E+00  
4.531347E+02  1.448608E+01  -1.435919E+01  2.422359E-06  1.000000E+00  2.922296E-02  2.201944E-25  1.360197E-19   5.000000E-01 NotAppl  2.455904E-01  0.000000E+00  
1.424656E+03  4.075393E+01  -4.075380E+01  -8.075624E-02  1.000000E+00  7.091286E-03  9.213193E-25  1.456681E-11   5.000000E-01 NotAppl  3.138312E-01  0.000000E+00  
1.164161E+02  1.345402E-03  4.027872E-02  1.789822E-02  1.000000E+00  6.827563E-03  1.189705E-24  1.201700E-10   1.201243E-04 LZ5Tmedian  5.525295E+00  0.000000E+00  
4.260942E+02  1.726392E-04  3.987674E-02  8.029273E-01  1.000000E+00  1.216128E-02  9.822218E-25  1.694903E-08   1.011820E-168 LZ5Tmedian  1.218764E+00  0.000000E+00  
2.160312E+02  7.012417E-02  3.155463E+02  8.158118E-09  1.000000E+00  8.370424E-04  5.575311E-24  7.030615E-24   5.000000E-01 NotAppl  1.333755E+01  0.000000E+00  
1.611414E+03  3.707966E-01  -7.999612E-02  9.079813E-03  1.000000E+00  8.996639E-01  8.601273E-27  1.432466E-13   5.000000E-01 NotAppl  2.590885E-03  0.000000E+00  
4.509081E+01  8.590708E-02  1.591451E+00  -4.897923E-06  1.000000E+00  2.075651E-04  1.523621E-35  6.253152E-17   5.000000E-01 NotAppl  2.152088E-10  2.312244E-08  
5.440864E+03  7.286571E-04  2.673231E+02  -4.115152E-07  1.000000E+00  2.756169E-04  1.836254E-23  2.471475E-23   5.000000E-01 NotAppl  1.625917E+00  0.000000E+00  
2.286708E+02  1.829554E+01  1.546425E+02  -2.261140E-04  1.000000E+00  8.897067E-04  3.686293E-24  4.806971E-15   5.000000E-01 NotAppl  8.331151E+00  0.000000E+00  
3.190654E+03  9.541403E-01  -9.539201E-01  -3.675010E-05  1.000000E+00  2.541962E+00  2.699485E-27  5.836449E-19   5.000000E-01 NotAppl  4.040542E-04  0.000000E+00  
4.240925E+01  5.066703E-03  -4.857528E-03  1.227048E+00  1.000000E+00  2.219585E-04  6.966679E-25  4.446235E-06   0.000000E+00 XENON1T_2018  1.052988E+01  2.499699E-01  
3.881883E+03  5.659269E+00  -5.615364E+00  2.803653E-06  1.000000E+00  2.897092E-01  2.034542E-26  2.279270E-21   5.000000E-01 NotAppl  2.484450E-03  0.000000E+00  
1.428484E+03  2.040923E-02  1.800003E+02  -7.819672E+00  1.000000E+00  6.157558E-04  8.611763E-24  1.358353E-07   0.000000E+00 LZ5Tmedian  3.164270E+00  0.000000E+00  
2.542784E+03  2.630676E-02  1.153738E+00  5.810772E-06  1.000000E+00  1.826600E+00  3.777375E-27  2.316141E-20   5.000000E-01 NotAppl  7.144680E-04  0.000000E+00  
8.882323E+01  5.407512E+02  -2.329918E+02  -1.248826E+00  1.000000E+00  2.027658E-04  1.633169E-23  1.018598E-06   0.000000E+00 XENON1T_2018  1.027619E+02  0.000000E+00  
4.081613E+02  8.275390E-02  1.784355E+00  1.199174E-10  1.000000E+00  6.461188E-02  1.272172E-25  4.128255E-28   5.000000E-01 NotAppl  1.580359E-01  0.000000E+00  
3.758544E+02  3.135667E+01  -2.478186E+01  1.892148E+00  1.000000E+00  5.919082E-04  8.802088E-24  1.216739E-07   0.000000E+00 XENON1T_2018  1.211925E+01  0.000000E+00  
5.744532E+01  1.523429E+00  4.940275E+02  5.111639E-04  1.000000E+00  5.586207E-03  1.582490E-30  4.157778E-13   5.000000E-01 NotAppl  1.731454E-05  1.412747E-04  
1.622450E+01  1.421380E-01  3.824190E+00  -6.634078E-02  1.000000E+00  1.403626E-03  7.891830E-28  9.035557E-08   0.000000E+00 XENON1T_2018  3.382744E-02  2.503936E-01  
4.327175E+03  1.875952E+02  -1.875951E+02  3.707897E-08  1.000000E+00  3.618489E-04  1.989235E-23  3.196492E-25   5.000000E-01 NotAppl  2.174154E+00  0.000000E+00  
1.516203E+02  9.333001E+02  -9.333000E+02  -5.899463E-07  1.000000E+00  7.337096E-04  8.032353E-24  7.595798E-20   5.000000E-01 NotAppl  2.902140E+01  0.000000E+00  
2.376660E+02  2.429855E+00  2.576040E+01  1.957014E-06  1.000000E+00  9.657033E-03  5.439943E-25  3.327167E-19   5.000000E-01 NotAppl  1.184883E+00  0.000000E+00  
3.131831E+01  2.481916E+00  1.514773E+02  7.524177E-06  1.000000E+00  5.208157E-03  1.511400E-35  3.094381E-16   5.000000E-01 NotAppl  3.139649E-10  6.520865E-08  
2.281598E+03  3.086176E+00  -3.085683E+00  1.725118E-09  1.000000E+00  6.421068E-01  9.833037E-27  2.545606E-27   5.000000E-01 NotAppl  2.069174E-03  0.000000E+00  
1.740366E+03  5.132229E+01  -5.119238E+01  -3.614558E-09  1.000000E+00  4.422637E-03  1.513161E-24  1.940389E-26   5.000000E-01 NotAppl  4.195803E-01  0.000000E+00  
5.015018E+02  2.832583E-01  6.529799E+00  -4.413478E-06  1.000000E+00  7.355508E-02  9.725408E-26  3.669420E-19   5.000000E-01 NotAppl  9.767614E-02  0.000000E+00  
2.564730E+03  6.006475E-03  1.761633E-01  -1.349718E-09  1.000000E+00  2.226452E+00  3.351885E-27  1.227950E-27   5.000000E-01 NotAppl  6.274202E-04  0.000000E+00  
5.311465E+03  8.183261E-01  3.576700E+02  -1.412253E-07  1.000000E+00  1.574548E-04  3.240605E-23  3.056746E-24   5.000000E-01 NotAppl  2.940486E+00  0.000000E+00  
2.185510E+03  4.833868E+02  3.928779E+02  -1.130076E-06  1.000000E+00  1.484755E-05  2.455127E-22  1.192449E-21   5.000000E-01 NotAppl  5.454159E+01  0.000000E+00  
2.187063E+03  6.067811E+00  -6.067548E+00  2.454055E-04  1.000000E+00  2.311238E-01  2.625919E-26  5.615193E-17   5.000000E-01 NotAppl  5.764248E-03  0.000000E+00  
3.066162E+01  2.988282E-04  2.567629E-01  2.164311E-02  1.000000E+00  2.139509E-03  1.218770E-28  2.672651E-09   7.262782E-142 LZ5Tmedian  2.590636E-03  1.735179E-01  
6.794714E+02  1.086427E-01  7.000175E-03  1.121202E-02  1.000000E+00  1.773581E-01  4.683166E-26  1.272814E-12   5.000000E-01 NotAppl  3.429790E-02  0.000000E+00  
3.592450E+01  2.435995E-01  -1.696274E-01  1.319070E-10  1.000000E+00  3.697804E-04  5.744321E-45  7.199499E-26   5.000000E-01 NotAppl  1.030016E-19  2.032041E-17  
1.886448E+03  2.816273E+02  -2.767915E+02  -1.381413E-05  1.000000E+00  1.704569E-04  4.008676E-23  2.404820E-19   5.000000E-01 NotAppl  1.023295E+01  0.000000E+00  
6.933396E+03  3.057543E+02  -3.057089E+02  3.714890E-04  1.000000E+00  1.406456E-04  5.281777E-23  1.230633E-17   5.000000E-01 NotAppl  3.578208E+00  0.000000E+00  
6.929805E+01  9.892398E+02  -9.784338E+02  2.039128E-02  1.000000E+00  2.796949E-01  1.170022E-27  4.511833E-10   4.640001E-22 LZ5Tmedian  1.060703E-02  0.000000E+00  
1.688060E+01  2.070478E+02  -4.858415E+01  5.897958E-06  1.000000E+00  4.284444E+06  6.314152E-36  6.598535E-16   5.000000E-01 NotAppl  2.587544E-10  4.785772E-08  
3.940479E+01  1.766392E-01  -1.704435E-01  -2.972394E-10  1.000000E+00  3.286699E-05  3.579256E-44  3.029599E-25   5.000000E-01 NotAppl  5.808794E-19  9.791244E-17  
3.897680E+03  8.268412E-01  1.214468E+01  2.706375E-01  1.000000E+00  9.149653E-02  5.642297E-26  2.106374E-11   5.000000E-01 NotAppl  7.006287E-03  0.000000E+00  
3.117070E+03  3.940689E+01  5.661028E+02  1.489625E-01  1.000000E+00  5.767790E-05  8.209104E-23  1.005563E-11   5.000000E-01 NotAppl  1.279620E+01  0.000000E+00  
7.645861E+02  1.195780E+00  -1.074045E+00  -7.319687E-09  1.000000E+00  2.127877E-01  3.784737E-26  4.262477E-25   5.000000E-01 NotAppl  2.453287E-02  0.000000E+00  
2.113972E+03  7.331204E+02  -7.331104E+02  2.918811E-10  1.000000E+00  3.458427E-05  2.203576E-22  8.514081E-29   5.000000E-01 NotAppl  5.004532E+01  0.000000E+00  
2.382352E+03  2.874949E+01  -2.874792E+01  -1.388647E-08  1.000000E+00  1.330987E-02  4.855173E-25  1.510504E-25   5.000000E-01 NotAppl  9.755700E-02  0.000000E+00  
1.139751E+03  3.566356E+02  -1.829013E+02  1.346903E-05  1.000000E+00  6.063292E-05  6.069471E-23  6.387874E-19   5.000000E-01 NotAppl  2.607131E+01  0.000000E+00  
3.009990E+01  3.684187E-04  3.196121E+01  -6.150647E-02  1.000000E+00  1.959441E-03  9.635067E-28  2.240832E-08   0.000000E+00 XENON1T_2018  2.087163E-02  3.062670E-01  
1.037786E+03  2.311539E+02  -2.189478E+02  -1.232551E-03  1.000000E+00  2.275314E-04  2.486940E-23  6.476783E-15   5.000000E-01 NotAppl  1.173934E+01  0.000000E+00  
2.066910E+01  5.706374E-01  -5.704974E-01  -1.370377E+00  1.000000E+00  6.452070E-03  3.371763E-25  2.374672E-05   0.000000E+00 XENON1T_2018  1.102219E+01  2.505552E-01  
3.234035E+01  2.088148E+01  -4.029106E+00  2.737133E-07  1.000000E+00  5.464395E+01  2.086172E-38  3.836880E-19   5.000000E-01 NotAppl  4.185754E-13  1.078022E-11  
4.237631E+03  1.372923E-04  2.613016E-01  -4.494729E-01  1.000000E+00  2.407342E+00  3.764773E-27  4.901121E-11   5.000000E-01 NotAppl  4.398834E-04  0.000000E+00  
2.291933E+02  1.347884E-02  -1.734480E-03  -2.330299E-09  1.000000E+00  2.274607E-02  3.745004E-25  5.081702E-25   5.000000E-01 NotAppl  8.487560E-01  0.000000E+00  
6.946049E+01  7.443816E+00  -7.441959E+00  -1.141328E-09  1.000000E+00  1.396738E-02  3.489637E-42  1.406722E-24   5.000000E-01 NotAppl  3.156711E-17  0.000000E+00  
7.604788E+02  2.179985E-01  2.225750E+00  5.927406E-07  1.000000E+00  2.003107E-01  3.905420E-26  2.826084E-21   5.000000E-01 NotAppl  2.547428E-02  0.000000E+00  
6.062948E+02  2.104753E-03  -1.994456E-03  -3.454920E-07  1.000000E+00  1.434385E-01  5.834292E-26  1.525505E-21   5.000000E-01 NotAppl  4.806816E-02  0.000000E+00  
1.717058E+02  5.478895E+00  -3.847066E+00  -2.629237E-03  1.000000E+00  9.140250E-03  6.369807E-25  1.169126E-12   5.000000E-01 NotAppl  1.982989E+00  0.000000E+00  
2.993837E+03  3.876029E+00  6.605239E+00  9.485965E-10  1.000000E+00  1.458645E-01  4.086748E-26  4.426816E-28   5.000000E-01 NotAppl  6.603619E-03  0.000000E+00  
4.733858E+03  1.352242E-01  4.137444E+00  2.773437E+00  1.000000E+00  9.596527E-02  1.103658E-25  1.489787E-09   4.342401E-02 LZ5Tmedian  1.158164E-02  0.000000E+00  
8.863569E+03  2.531403E-01  -5.618211E-02  -3.922829E-06  1.000000E+00  2.091073E+01  3.291079E-28  8.332664E-22   5.000000E-01 NotAppl  1.748573E-05  0.000000E+00  
6.411662E+02  5.793752E-03  1.166026E+02  3.579127E-05  1.000000E+00  1.575960E-03  3.057584E-24  1.460332E-17   5.000000E-01 NotAppl  2.411107E+00  0.000000E+00  
9.993588E+02  5.521233E-04  2.514160E+00  -4.491144E-04  1.000000E+00  3.196200E-01  2.349604E-26  9.287779E-16   5.000000E-01 NotAppl  1.157241E-02  0.000000E+00  
3.890706E+01  5.650723E-01  4.036317E+01  1.682647E-06  1.000000E+00  3.464563E-05  1.110864E-36  9.962782E-18   5.000000E-01 NotAppl  1.830736E-11  3.149198E-09  
6.301958E+03  1.463585E+00  -1.462078E+00  1.389872E-07  1.000000E+00  3.185537E+00  1.820216E-27  2.091463E-24   5.000000E-01 NotAppl  1.360768E-04  0.000000E+00  
3.460541E+01  1.788662E-01  -1.613321E-01  -2.867683E-05  1.000000E+00  8.505639E-04  2.539175E-34  3.671223E-15   5.000000E-01 NotAppl  4.737944E-09  9.778384E-07  
6.832266E+02  8.027230E+01  2.830142E+01  -1.224377E-06  1.000000E+00  5.677665E-04  6.030945E-24  1.500848E-20   5.000000E-01 NotAppl  4.418521E+00  0.000000E+00  
7.740291E+03  2.939205E+01  -2.938859E+01  -7.357979E-04  1.000000E+00  1.284030E-02  5.086915E-25  3.860350E-17   5.000000E-01 NotAppl  3.082825E-02  0.000000E+00  
2.229997E+03  7.600588E+02  -5.095901E+02  -1.258338E-02  1.000000E+00  1.515806E-05  2.534325E-22  1.419033E-13   5.000000E-01 NotAppl  5.456083E+01  0.000000E+00  
1.828187E+03  1.442156E+00  3.141244E+01  2.074196E-04  1.000000E+00  1.613661E-02  2.938147E-25  5.779633E-17   5.000000E-01 NotAppl  7.910132E-02  0.000000E+00  
5.203966E+02  2.210932E-01  -2.020351E-01  8.275514E-02  1.000000E+00  9.954805E-02  8.688278E-26  1.196130E-10   1.057080E-01 NotAppl  8.428278E-02  0.000000E+00  
5.495257E+02  8.926907E+02  -8.899883E+02  9.139659E-03  1.000000E+00  6.801610E-05  9.536563E-23  1.305217E-12   5.000000E-01 NotAppl  8.701049E+01  0.000000E+00  
5.394790E+02  4.906408E-04  4.619983E-01  -2.594633E-07  1.000000E+00  1.140332E-01  7.340040E-26  1.092344E-21   5.000000E-01 NotAppl  6.824638E-02  0.000000E+00  
1.559192E+02  1.414021E-04  4.989105E-03  -1.859676E-08  1.000000E+00  1.141978E-02  7.203076E-25  7.127417E-23   5.000000E-01 NotAppl  2.473468E+00  0.000000E+00  
3.028325E+02  2.152548E-03  8.477153E-02  -2.400619E-02  1.000000E+00  3.827708E-02  2.220630E-25  3.047834E-11   3.804867E-01 NotAppl  3.765035E-01  0.000000E+00  
1.306301E+02  1.337134E-01  4.212668E+02  4.895526E-03  1.000000E+00  1.804581E-03  2.579245E-24  7.099226E-12   5.000000E-01 NotAppl  1.040178E+01  0.000000E+00  
8.774806E+01  2.077916E-02  2.344292E+00  -8.606829E-03  1.000000E+00  5.179664E-03  6.835228E-25  4.960492E-11   9.740968E-03 LZ5Tmedian  4.347719E+00  0.000000E+00  
1.436069E+03  3.203157E-03  1.794470E+02  8.570040E-08  1.000000E+00  6.417491E-04  7.643319E-24  1.614027E-23   5.000000E-01 NotAppl  2.636989E+00  0.000000E+00  
9.853399E+01  6.337916E-02  1.430591E-01  -4.976726E-07  1.000000E+00  5.662078E-03  1.222872E-24  1.307775E-19   5.000000E-01 NotAppl  6.760944E+00  0.000000E+00  
6.051674E+02  4.214352E+00  7.061751E+02  6.584080E-06  1.000000E+00  1.161069E-04  4.086392E-23  5.561348E-19   5.000000E-01 NotAppl  3.419320E+01  0.000000E+00  
4.650306E+01  1.502444E-01  1.312424E-01  -3.721527E-06  1.000000E+00  4.282282E-04  1.013892E-35  3.390357E-17   5.000000E-01 NotAppl  1.383331E-10  1.320240E-08  
8.695542E+02  1.273821E+00  -1.237644E+00  -3.646129E-04  1.000000E+00  2.687249E-01  2.964698E-26  8.132612E-16   5.000000E-01 NotAppl  1.683040E-02  0.000000E+00  
4.449745E+03  9.822128E+01  -9.821130E+01  5.715830E-01  1.000000E+00  1.219157E-03  5.793221E-24  7.176409E-11   5.000000E-01 NotAppl  6.154741E-01  0.000000E+00  
6.175477E+03  7.325018E-03  6.185070E-02  1.022473E-10  1.000000E+00  1.218718E+01  5.794935E-28  1.174116E-30   5.000000E-01 NotAppl  4.439721E-05  0.000000E+00  
1.743510E+03  2.824734E-03  3.790029E+01  -7.855567E-06  1.000000E+00  1.203945E-02  3.863517E-25  9.131329E-20   5.000000E-01 NotAppl  1.092032E-01  0.000000E+00  
1.441255E+02  3.714456E+00  -3.697498E+00  -9.208606E-05  1.000000E+00  8.361694E-03  8.356810E-25  2.053377E-15   5.000000E-01 NotAppl  3.114973E+00  0.000000E+00  
1.730908E+03  7.837055E-01  1.057348E+02  -7.571825E-09  1.000000E+00  1.661792E-03  2.882371E-24  8.609994E-26   5.000000E-01 NotAppl  8.210683E-01  0.000000E+00  
5.530927E+01  6.492540E-02  1.726436E+00  -1.051496E-09  1.000000E+00  3.156308E-03  3.426144E-42  1.900738E-24   5.000000E-01 NotAppl  3.899644E-17  7.158279E-16  
4.875009E+01  7.444016E-03  -4.521585E-03  4.012773E+00  1.000000E+00  1.090643E-03  1.041619E-24  3.580529E-05   0.000000E+00 XENON1T_2018  1.414770E+01  2.500288E-01  
1.986860E+01  1.057511E-01  -9.153241E-02  -9.208094E-03  1.000000E+00  3.050991E-03  1.629112E-29  1.160657E-09   1.759530E-39 LZ5Tmedian  5.566573E-04  7.911203E-02  
3.820213E+02  4.720698E-02  -3.666677E-02  -9.560004E+00  1.000000E+00  1.486461E-05  1.031757E-21  3.004265E-06   0.000000E+00 XENON1T_2018  1.662975E+03  0.000000E+00  
2.661712E+01  1.824416E+02  3.270540E+02  -1.056214E-03  1.000000E+00  4.196661E+03  2.528841E-31  8.474311E-12   3.917422E-01 NotAppl  6.275677E-06  1.440186E-03  
9.207196E+02  7.478610E+00  -7.478407E+00  1.320510E-07  1.000000E+00  1.140222E-01  5.815594E-26  9.491776E-23   5.000000E-01 NotAppl  3.109142E-02  0.000000E+00  
4.256830E+01  2.879749E-02  2.366577E+02  2.101705E-08  1.000000E+00  3.355880E-04  2.250009E-40  1.294510E-21   5.000000E-01 NotAppl  3.374331E-15  4.619870E-13  
1.085247E+03  9.294849E+00  8.448513E+00  -3.423831E-10  1.000000E+00  3.934027E-02  1.522566E-25  4.561810E-28   5.000000E-01 NotAppl  6.942027E-02  0.000000E+00  
1.144171E+03  2.963679E-02  1.163114E+02  4.550860E-03  1.000000E+00  1.457499E-03  3.303201E-24  7.235038E-14   5.000000E-01 NotAppl  1.438843E+00  0.000000E+00  
4.093694E+03  3.852130E+02  -3.852055E+02  4.620971E-01  1.000000E+00  9.240154E-05  8.032678E-23  5.557508E-11   5.000000E-01 NotAppl  9.289060E+00  0.000000E+00  
3.171824E+03  1.484545E-03  9.339519E+02  -1.918721E-04  1.000000E+00  3.056124E-05  1.731350E-22  1.610227E-17   5.000000E-01 NotAppl  2.651876E+01  0.000000E+00  
4.100232E+03  5.857001E+01  -5.856793E+01  -1.132117E-08  1.000000E+00  3.389429E-03  1.998056E-24  3.324928E-26   5.000000E-01 NotAppl  2.306863E-01  0.000000E+00  
3.000227E+01  1.712094E-03  7.888785E+00  -3.215075E+00  1.000000E+00  1.705117E-03  6.735379E-25  6.163214E-05   0.000000E+00 XENON1T_2018  1.448006E+01  2.566541E-01  
1.254981E+01  1.540144E+00  -1.518026E+00  -5.201598E-05  1.000000E+00  9.033783E-02  4.482210E-34  9.245754E-14   5.000000E-01 NotAppl  2.583144E-08  3.767096E-06  
1.629559E+03  1.891930E+01  6.897817E+01  2.122401E-01  1.000000E+00  2.157831E-03  2.323588E-24  7.650173E-11   5.000000E-01 NotAppl  7.025278E-01  0.000000E+00  
4.294034E+02  9.944252E+01  -9.944096E+01  -1.082440E-01  1.000000E+00  1.611915E-03  4.144026E-24  3.031979E-10   1.040507E-03 LZ5Tmedian  4.894669E+00  0.000000E+00  
1.752891E+03  6.940913E-03  -2.053056E-03  -3.569992E-05  1.000000E+00  1.080027E+00  7.136620E-27  1.865364E-18   5.000000E-01 NotAppl  1.971904E-03  0.000000E+00  
8.174406E+03  7.122102E-01  -7.115994E-01  3.025845E-01  1.000000E+00  5.553886E+00  1.419910E-27  5.843428E-12   5.000000E-01 NotAppl  8.271599E-05  0.000000E+00  
4.126370E+03  9.874453E-03  6.031412E+01  -4.522211E-04  1.000000E+00  4.937022E-03  9.694968E-25  5.237115E-17   5.000000E-01 NotAppl  1.136251E-01  0.000000E+00  
2.056240E+03  1.889022E+00  -1.883848E+00  -1.287368E-03  1.000000E+00  9.422176E-01  7.276723E-27  1.752163E-15   5.000000E-01 NotAppl  1.705347E-03  0.000000E+00  
8.675072E+03  1.981987E-03  2.168076E-02  1.597230E-03  1.000000E+00  2.366054E+01  2.933068E-28  1.443038E-16   5.000000E-01 NotAppl  1.592829E-05  0.000000E+00  
1.868063E+01  9.652453E-02  -9.588539E-02  4.902440E-03  1.000000E+00  2.814956E-03  4.511914E-30  3.722793E-10   7.427563E-12 LZ5Tmedian  1.650083E-04  2.888040E-02  
5.655433E+01  8.923974E-01  -8.816085E-01  6.508546E-08  1.000000E+00  4.010097E-03  1.881161E-38  6.959161E-21   5.000000E-01 NotAppl  2.100653E-13  2.541507E-12  
1.751268E+03  1.162155E-04  7.824282E+00  -2.659082E-06  1.000000E+00  2.090573E-01  2.360125E-26  1.036841E-20   5.000000E-01 NotAppl  6.608383E-03  0.000000E+00  
5.798138E+02  5.158730E-01  5.040686E+01  1.126553E+00  1.000000E+00  3.148578E-03  2.348729E-24  1.777005E-08   3.685785E-131 LZ5Tmedian  2.082555E+00  0.000000E+00  
3.076607E+01  2.484697E-02  -2.461810E-02  -5.739525E+00  1.000000E+00  2.271184E-03  2.728423E-25  1.866650E-04   0.000000E+00 XENON1T_2018  5.976556E+00  2.500330E-01  
5.663661E+02  1.114854E-01  -7.249030E-02  3.221013E-04  1.000000E+00  1.257387E-01  6.668910E-26  1.524071E-15   5.000000E-01 NotAppl  5.895939E-02  0.000000E+00  
7.285151E+02  1.027671E-04  1.698949E-01  -1.369359E-03  1.000000E+00  2.031590E-01  4.067747E-26  1.646599E-14   5.000000E-01 NotAppl  2.771740E-02  0.000000E+00  
7.055282E+03  1.947922E-02  -1.272275E-02  -5.440952E-04  1.000000E+00  1.583767E+01  4.432500E-28  2.548062E-17   5.000000E-01 NotAppl  2.966866E-05  0.000000E+00  
3.138590E+02  2.756785E-03  6.848183E-02  2.908551E-10  1.000000E+00  4.091571E-02  2.084264E-25  4.158100E-27   5.000000E-01 NotAppl  3.402687E-01  0.000000E+00  
2.329043E+02  4.869587E-02  4.738695E+00  5.419145E-07  1.000000E+00  2.061424E-02  3.726418E-25  2.659231E-20   5.000000E-01 NotAppl  8.303786E-01  0.000000E+00  
2.090788E+01  2.427476E-01  1.966491E+01  1.716685E-07  1.000000E+00  2.423875E-03  5.784720E-39  3.641521E-19   5.000000E-01 NotAppl  1.868614E-13  1.368026E-11  
8.706104E+01  2.790537E-03  -2.316829E-03  -3.783423E-05  1.000000E+00  5.822613E-03  7.288046E-25  9.741012E-16   5.000000E-01 NotAppl  4.672581E+00  0.000000E+00  
3.186720E+02  4.318304E-03  4.682609E-02  2.685928E-05  1.000000E+00  4.212729E-02  2.024902E-25  3.437147E-17   5.000000E-01 NotAppl  3.253821E-01  0.000000E+00  
3.072918E+01  9.098707E-02  2.820962E-01  -8.185600E-03  1.000000E+00  2.260625E-03  1.747819E-29  3.805990E-10   7.561871E-21 LZ5Tmedian  3.701560E-04  6.362262E-02  
1.842391E+02  4.268606E-04  1.611957E-02  -1.538264E-03  1.000000E+00  1.530975E-02  5.514252E-25  3.463795E-13   5.000000E-01 NotAppl  1.570050E+00  0.000000E+00  
2.451998E+01  3.565264E-03  1.009262E+00  2.281532E-08  1.000000E+00  1.969268E-03  1.112537E-40  4.666685E-21   5.000000E-01 NotAppl  3.022464E-15  6.812958E-13  
2.933272E+01  7.042598E-03  6.318751E-02  -6.215310E-10  1.000000E+00  2.593035E-03  9.569164E-44  2.410991E-24   5.000000E-01 NotAppl  2.134482E-18  4.872512E-16  
1.040279E+02  7.745313E-02  1.120591E+00  3.032251E-07  1.000000E+00  5.667023E-03  1.222714E-24  4.343846E-20   5.000000E-01 NotAppl  6.380172E+00  0.000000E+00  
2.895198E+03  9.866687E-04  -8.775990E-04  -1.238749E-09  1.000000E+00  2.825562E+00  2.624851E-27  8.081311E-28   5.000000E-01 NotAppl  4.342327E-04  0.000000E+00  
8.669080E+03  3.383546E-01  -3.382114E-01  4.695249E-04  1.000000E+00  1.802158E+01  3.614588E-28  1.248733E-17   5.000000E-01 NotAppl  1.962246E-05  0.000000E+00  
1.157719E+03  8.955189E+02  -5.638864E+02  1.388998E-01  1.000000E+00  1.625437E-05  2.335882E-22  6.579992E-11   5.000000E-01 NotAppl  9.869490E+01  0.000000E+00  
4.470144E+01  1.685949E-02  3.749596E+00  6.772199E-09  1.000000E+00  1.934927E-04  2.807995E-41  1.216753E-22   5.000000E-01 NotAppl  4.002133E-16  4.054896E-14  
3.679001E+01  7.154270E-02  4.774217E+01  -8.416432E-03  1.000000E+00  2.148965E-04  2.450898E-29  2.792699E-10   2.227701E-16 LZ5Tmedian  4.285167E-04  6.605750E-02  
4.221158E+03  6.329189E-01  -6.327383E-01  5.035107E-09  1.000000E+00  4.640392E+00  1.473086E-27  6.199422E-27   5.000000E-01 NotAppl  1.658665E-04  0.000000E+00  
3.498068E+02  1.928834E-04  8.909224E+02  -3.009598E-07  1.000000E+00  2.201417E-04  2.204690E-23  3.565715E-21   5.000000E-01 NotAppl  3.229812E+01  0.000000E+00  
3.420087E+03  4.430917E-01  -4.389370E-01  -2.264665E-08  1.000000E+00  3.591712E+00  1.998310E-27  1.924277E-25   5.000000E-01 NotAppl  2.788352E-04  0.000000E+00  
4.966058E+01  1.070151E-02  7.571009E+00  1.004563E-01  1.000000E+00  1.872271E-03  1.081534E-26  2.160918E-08   0.000000E+00 XENON1T_2018  1.382583E-01  2.386607E-01  
4.065358E+01  4.180063E-02  1.239168E-01  -3.704886E-02  1.000000E+00  1.090558E-04  6.053103E-28  4.417441E-09   4.385860E-250 LZ5Tmedian  9.506028E-03  2.159922E-01  
8.455968E+01  8.847109E-03  -1.074293E-03  -2.260509E+00  1.000000E+00  1.659765E-04  7.547640E-23  3.691402E-06   0.000000E+00 XENON1T_2018  5.008448E+02  0.000000E+00  
7.200720E+01  1.378725E-02  1.578338E+02  7.106600E-07  1.000000E+00  5.512190E-03  7.015344E-37  5.067274E-19   5.000000E-01 NotAppl  6.118867E-12  0.000000E+00  
9.282075E+03  1.440822E+01  4.339113E+01  2.148457E-06  1.000000E+00  5.845981E-03  1.019310E-24  2.275896E-22   5.000000E-01 NotAppl  5.236953E-02  0.000000E+00  
1.937101E+01  1.137761E+01  -1.025308E+01  3.503540E-08  1.000000E+00  9.025086E-02  2.335341E-40  1.767963E-20   5.000000E-01 NotAppl  8.202959E-15  8.575963E-13  
2.120116E+03  1.957821E-04  6.723746E-01  -1.146276E-02  1.000000E+00  1.485793E+00  4.986475E-27  1.305209E-13   5.000000E-01 NotAppl  1.134339E-03  0.000000E+00  
3.832517E+03  5.905441E-01  2.682774E+01  1.151158E-02  1.000000E+00  2.296775E-02  2.039183E-25  3.943893E-14   5.000000E-01 NotAppl  2.575669E-02  0.000000E+00  
1.108881E+03  7.724842E-04  5.756030E+01  -1.942405E-06  1.000000E+00  5.438580E-03  8.639750E-25  1.405071E-20   5.000000E-01 NotAppl  3.885331E-01  0.000000E+00  
3.798321E+01  2.880244E-04  1.354079E-04  -1.487889E-10  1.000000E+00  7.586972E-05  8.205675E-45  8.179877E-26   5.000000E-01 NotAppl  1.387065E-19  2.511332E-17  
1.036690E+03  2.315209E-02  2.327888E-02  -5.211722E-05  1.000000E+00  3.977224E-01  2.026055E-26  1.160510E-17   5.000000E-01 NotAppl  9.597354E-03  0.000000E+00  
1.209683E+01  1.174428E-03  3.741957E+00  2.388403E-09  1.000000E+00  5.552079E-04  9.327248E-43  2.095846E-22   5.000000E-01 NotAppl  5.609984E-17  7.856399E-15  
7.397700E+02  1.319440E-02  -1.294831E-02  -1.746320E-02  1.000000E+00  2.091772E-01  3.954198E-26  2.595365E-12   5.000000E-01 NotAppl  2.652611E-02  0.000000E+00  
4.443204E+01  1.869426E+00  -1.829566E+00  9.393106E-02  1.000000E+00  4.446222E-05  5.270094E-27  2.369768E-08   0.000000E+00 XENON1T_2018  7.558818E-02  2.343465E-01  
8.135267E+02  6.004837E-01  -5.986236E-01  1.142996E-10  1.000000E+00  2.468206E-01  3.294257E-26  9.156999E-29   5.000000E-01 NotAppl  2.003072E-02  0.000000E+00  
1.152418E+03  6.140000E+01  -6.134428E+01  2.040619E-02  1.000000E+00  3.169446E-03  2.130301E-24  1.433551E-12   5.000000E-01 NotAppl  9.026001E-01  0.000000E+00  
4.812693E+02  1.239337E-02  1.707378E+01  1.634664E-10  1.000000E+00  3.431959E-02  1.675423E-25  5.476109E-28   5.000000E-01 NotAppl  1.761863E-01  0.000000E+00  
1.985543E+01  5.384616E+01  -5.351684E+01  -3.797366E+00  1.000000E+00  3.843341E-03  1.213452E-24  1.976546E-04   0.000000E+00 XENON1T_2018  4.156312E+01  5.005163E-01  
2.897559E+02  3.511248E+01  -3.139301E+01  4.218409E-01  1.000000E+00  2.298691E-03  2.239317E-24  1.030145E-08   1.169725E-148 LZ5Tmedian  4.039667E+00  0.000000E+00  
1.139435E+02  3.068252E+02  -3.068251E+02  -3.319910E-10  1.000000E+00  1.666609E-03  3.393540E-24  4.320589E-26   5.000000E-01 NotAppl  1.636256E+01  0.000000E+00  
5.022707E+01  1.631346E+02  -1.631163E+02  2.810253E-09  1.000000E+00  1.202310E-03  9.168166E-42  1.652480E-23   5.000000E-01 NotAppl  1.158055E-16  6.715656E-15  
4.509623E+02  2.066032E-04  3.220258E+00  -1.142144E-01  1.000000E+00  7.080734E-02  1.152182E-25  3.053769E-10   1.365844E-03 LZ5Tmedian  1.303944E-01  0.000000E+00  
1.326179E+02  2.219552E-03  4.589022E-02  -1.204640E-08  1.000000E+00  8.693169E-03  9.270039E-25  4.167544E-23   5.000000E-01 NotAppl  3.761990E+00  0.000000E+00  
1.207230E+02  6.864179E-01  2.817762E+00  -3.475440E-05  1.000000E+00  6.047442E-03  1.073274E-24  4.205842E-16   5.000000E-01 NotAppl  4.798760E+00  0.000000E+00  
3.004602E+01  1.135007E+01  -1.134984E+01  -2.856098E-06  1.000000E+00  1.017910E-02  2.073627E-36  4.849415E-17   5.000000E-01 NotAppl  4.500297E-11  3.875504E-09  
1.118425E+01  1.542646E-02  -1.527091E-02  -4.505002E-10  1.000000E+00  9.374318E-04  3.216643E-44  8.699648E-24   5.000000E-01 NotAppl  2.121628E-18  2.852247E-16  
2.288108E+03  1.044003E+00  2.066790E+02  -1.973711E-04  1.000000E+00  4.628772E-04  1.061798E-23  3.312896E-17   5.000000E-01 NotAppl  2.272013E+00  0.000000E+00  
7.300859E+02  4.958360E-03  3.475789E-01  -2.101141E-05  1.000000E+00  2.033751E-01  4.054151E-26  3.859695E-18   5.000000E-01 NotAppl  2.756363E-02  0.000000E+00  
4.825245E+01  1.330936E-02  -1.279852E-02  -9.576410E-10  1.000000E+00  1.001676E-03  8.190436E-43  2.082292E-24   5.000000E-01 NotAppl  1.078508E-17  8.325981E-16  
3.678807E+01  9.024865E-03  -8.901185E-03  7.934355E-07  1.000000E+00  2.106737E-04  2.177962E-37  2.482207E-18   5.000000E-01 NotAppl  3.801515E-12  7.269812E-10  
1.984862E+01  7.837651E+02  -4.010133E+02  9.189042E-05  1.000000E+00  3.121331E+05  1.621694E-33  1.158194E-13   5.000000E-01 NotAppl  5.547291E-08  1.144043E-05  
1.010192E+02  1.078014E-04  2.075398E-02  -1.277176E+00  1.000000E+00  5.872560E-04  1.870600E-23  8.184141E-07   0.000000E+00 XENON1T_2018  1.016617E+02  0.000000E+00  
1.981409E+02  3.710928E-04  1.924888E-02  3.636988E-04  1.000000E+00  1.742240E-02  4.867697E-25  1.668123E-14   5.000000E-01 NotAppl  1.284287E+00  0.000000E+00  
4.483377E+01  3.721819E-01  -3.239338E-01  2.758742E-05  1.000000E+00  7.385480E-05  4.717576E-34  2.007021E-15   5.000000E-01 NotAppl  6.703173E-09  7.553727E-07  
5.446001E+03  8.619828E-02  -8.535716E-02  -2.359847E-06  1.000000E+00  9.509045E+00  7.476642E-28  8.111833E-22   5.000000E-01 NotAppl  6.505265E-05  0.000000E+00  
1.279544E+02  4.451551E-04  -1.055399E-04  -3.094693E+00  1.000000E+00  3.582008E-06  3.971192E-21  2.959874E-06   0.000000E+00 XENON1T_2018  1.953829E+04  0.000000E+00  
1.348051E+03  1.899515E-02  -1.885422E-02  7.769206E-06  1.000000E+00  6.550074E-01  1.203179E-26  1.509109E-19   5.000000E-01 NotAppl  4.352413E-03  0.000000E+00  
1.421848E+01  2.204331E-02  -1.919334E-02  3.137078E-07  1.000000E+00  1.426343E-03  1.696620E-38  2.626921E-18   5.000000E-01 NotAppl  8.458401E-13  1.368911E-10  
1.314031E+02  4.083894E+01  -4.083681E+01  4.664308E-05  1.000000E+00  3.921378E-03  1.499910E-24  6.366982E-16   5.000000E-01 NotAppl  6.201965E+00  0.000000E+00  
1.494139E+02  2.021675E-02  -2.009326E-02  -3.780903E+00  1.000000E+00  2.721696E-06  5.924574E-21  3.215067E-06   0.000000E+00 XENON1T_2018  2.495605E+04  0.000000E+00  
6.500742E+02  5.728485E+01  -5.728462E+01  8.019165E-02  1.000000E+00  3.498136E-03  1.906414E-24  7.127038E-11   3.407071E-01 NotAppl  1.461262E+00  0.000000E+00  
1.257922E+03  5.272658E+02  -5.258471E+02  -4.299380E-06  1.000000E+00  6.912854E-05  1.050789E-22  5.322083E-20   5.000000E-01 NotAppl  4.066890E+01  0.000000E+00  
1.855942E+02  2.766634E+02  -2.766626E+02  2.494575E-07  1.000000E+00  7.457674E-04  8.438844E-24  8.973479E-21   5.000000E-01 NotAppl  2.411014E+01  0.000000E+00  
8.057158E+01  1.351177E+01  6.239393E+01  -2.670209E+00  1.000000E+00  4.592612E-05  3.817936E-23  5.686386E-06   0.000000E+00 XENON1T_2018  2.746996E+02  0.000000E+00  
2.754200E+03  4.738848E+00  -4.728078E+00  4.845367E-09  1.000000E+00  3.709232E-01  1.613013E-26  1.368747E-26   5.000000E-01 NotAppl  2.796862E-03  0.000000E+00  
1.196831E+01  1.437697E-03  8.213617E-01  1.070752E-01  1.000000E+00  5.670703E-04  1.867281E-27  4.301866E-07   0.000000E+00 XENON1T_2018  1.137190E-01  2.455451E-01  
4.284667E+02  6.392741E-01  -4.867160E-01  -6.966251E-03  1.000000E+00  7.246828E-02  1.147800E-25  1.261412E-12   5.000000E-01 NotAppl  1.355500E-01  0.000000E+00  
1.475232E+02  2.618709E-02  6.195934E+01  -5.370709E-09  1.000000E+00  4.388991E-03  1.312275E-24  6.658857E-24   5.000000E-01 NotAppl  4.713062E+00  0.000000E+00  
9.846020E+01  1.103105E+00  -1.084959E+00  -8.394002E-03  1.000000E+00  5.771656E-03  1.164449E-24  3.726067E-11   4.095511E-02 LZ5Tmedian  6.443516E+00  0.000000E+00  
2.056343E+01  2.905763E-04  1.002948E-02  2.271864E-07  1.000000E+00  2.290267E-03  1.005848E-38  6.594158E-19   5.000000E-01 NotAppl  3.307110E-13  6.962266E-11  
5.509189E+01  5.493721E+01  -5.485050E+01  -1.908802E-04  1.000000E+00  3.556769E-03  1.067376E-31  6.314175E-14   5.000000E-01 NotAppl  1.224479E-06  2.458382E-05  
1.971928E+02  7.584277E-02  5.142996E+00  1.014292E-09  1.000000E+00  1.493344E-02  5.030339E-25  1.310205E-25   5.000000E-01 NotAppl  1.333527E+00  0.000000E+00  
9.483767E+01  4.055524E-02  2.793790E+02  -3.171291E-08  1.000000E+00  3.567455E-03  1.241483E-24  5.743193E-22   5.000000E-01 NotAppl  7.142966E+00  0.000000E+00  
9.644332E+02  7.563276E-01  2.934264E+01  -1.808570E-02  1.000000E+00  1.843721E-02  2.554382E-25  1.619596E-12   5.000000E-01 NotAppl  1.324132E-01  0.000000E+00  
2.360946E+02  2.517852E-01  1.299376E+02  3.610022E+00  1.000000E+00  5.859542E-05  1.796051E-22  1.147649E-06   0.000000E+00 XENON1T_2018  4.515761E+02  0.000000E+00  
5.571615E+03  2.046612E+02  -1.673228E+02  -1.932833E+00  1.000000E+00  2.755654E-04  2.293454E-23  5.195283E-10   3.946605E-01 NotAppl  1.940014E+00  0.000000E+00  
1.285399E+02  2.505870E-03  1.976081E+02  3.677522E-04  1.000000E+00  2.369436E-03  2.100431E-24  4.140799E-14   5.000000E-01 NotAppl  8.635125E+00  0.000000E+00  
5.183435E+02  1.040983E+02  4.458524E+01  -2.280104E+00  1.000000E+00  7.036212E-04  4.571022E-24  9.153948E-08   0.000000E+00 LZ5Tmedian  5.101784E+00  0.000000E+00  
1.093571E+01  2.725435E+00  -2.491412E+00  5.878565E-09  1.000000E+00  2.027346E-01  5.423027E-42  1.548076E-21   5.000000E-01 NotAppl  3.672637E-16  4.790131E-14  
7.196576E+01  2.164947E+02  -2.164217E+02  5.352645E-09  1.000000E+00  1.683011E-02  4.015386E-41  2.878049E-23   5.000000E-01 NotAppl  3.503200E-16  0.000000E+00  
1.933882E+01  5.464753E+00  2.171470E+02  -3.079603E-08  1.000000E+00  1.349326E+00  1.803225E-40  1.370555E-20   5.000000E-01 NotAppl  6.345621E-15  1.094042E-12  
3.814997E+01  1.179224E+01  1.957063E+02  6.191273E-07  1.000000E+00  3.089409E-01  1.435094E-37  1.403782E-18   5.000000E-01 NotAppl  2.410206E-12  1.374407E-10  
3.056866E+02  1.250787E-04  2.296893E-02  -1.644855E-08  1.000000E+00  3.896141E-02  2.190889E-25  1.403649E-23   5.000000E-01 NotAppl  3.676383E-01  0.000000E+00  
1.333865E+01  2.697347E+02  -2.640403E+02  -8.595665E-05  1.000000E+00  2.585405E+01  1.248886E-33  2.238294E-13   5.000000E-01 NotAppl  6.703693E-08  9.801165E-06  
1.314351E+01  2.652391E-04  9.292879E-04  7.913868E-02  1.000000E+00  1.109434E-03  1.053674E-27  1.953420E-07   0.000000E+00 XENON1T_2018  5.754792E-02  2.430465E-01  
6.131029E+03  6.880840E+00  -6.879102E+00  3.295374E+00  1.000000E+00  6.221335E-02  1.626710E-25  1.243306E-09   1.323439E-01 NotAppl  1.281627E-02  0.000000E+00  
1.608553E+02  9.449109E+01  1.532075E+02  5.847352E-06  1.000000E+00  5.877133E-04  5.197010E-24  6.610432E-18   5.000000E-01 NotAppl  1.721247E+01  0.000000E+00  
2.761826E+02  2.717352E-04  4.871709E-02  -2.308067E-04  1.000000E+00  3.217020E-02  2.651937E-25  3.402273E-15   5.000000E-01 NotAppl  4.946758E-01  0.000000E+00  
2.482595E+02  1.248266E+01  -1.247836E+01  -2.037929E-03  1.000000E+00  1.564976E-02  4.089253E-25  3.299643E-13   5.000000E-01 NotAppl  8.541495E-01  0.000000E+00  
2.133866E+03  2.485541E+01  -2.478617E+01  -2.878475E-04  1.000000E+00  1.757305E-02  3.647843E-25  8.122824E-17   5.000000E-01 NotAppl  8.206150E-02  0.000000E+00  
1.095120E+01  3.472149E-04  6.854463E+02  -2.304779E-02  1.000000E+00  4.648598E-04  8.341299E-29  2.373033E-08   1.137037E-139 LZ5Tmedian  5.639565E-03  2.305042E-01  
1.028509E+02  1.249176E+01  8.827936E+02  7.253660E-01  1.000000E+00  1.990630E-04  1.680479E-23  2.544417E-07   0.000000E+00 XENON1T_2018  8.896725E+01  0.000000E+00  
1.273483E+01  2.829598E-03  1.369956E+00  -1.327867E+00  1.000000E+00  6.090863E-04  2.738032E-25  5.853721E-05   0.000000E+00 XENON1T_2018  1.551250E+01  2.504030E-01  
6.016835E+01  9.102635E-03  5.271324E+02  2.107956E-01  1.000000E+00  2.666838E-04  1.210375E-24  6.433216E-08   0.000000E+00 XENON1T_2018  1.263593E+01  3.273304E-01  
1.092130E+01  9.464807E-02  3.142485E+00  -4.128658E-07  1.000000E+00  6.956991E-04  2.673355E-38  7.655787E-18   5.000000E-01 NotAppl  1.812967E-12  2.372121E-10  
7.622239E+02  2.384519E-04  7.061027E-04  -1.759727E-01  1.000000E+00  1.777460E-01  5.019536E-26  2.479207E-10   4.064847E-02 LZ5Tmedian  3.323412E-02  0.000000E+00  
3.979298E+01  1.619198E-02  4.896804E-01  -4.193959E-09  1.000000E+00  3.816318E-05  7.311017E-42  5.912416E-23   5.000000E-01 NotAppl  1.174294E-16  1.933437E-14  
4.644515E+01  9.046539E-02  3.082637E-01  -3.651558E-06  1.000000E+00  4.422447E-04  9.701650E-36  3.272363E-17   5.000000E-01 NotAppl  1.328942E-10  1.272405E-08  
1.431454E+01  1.032210E+01  -1.032185E+01  -5.264623E-08  1.000000E+00  1.024519E-01  4.787957E-40  7.300107E-20   5.000000E-01 NotAppl  2.368548E-14  2.580124E-12  
1.012314E+01  2.785009E+01  -2.784993E+01  -4.004768E-03  1.000000E+00  2.175330E-01  2.421675E-30  8.355598E-10   4.142183E-04 LZ5Tmedian  1.795981E-04  4.533787E-03  
1.383984E+01  4.433046E+00  8.899363E+00  -2.467643E-06  1.000000E+00  4.312647E+00  1.041202E-36  1.714759E-16   5.000000E-01 NotAppl  5.356463E-11  5.611735E-09  
1.056955E+01  2.553585E+01  -2.459303E+01  -4.675515E-08  1.000000E+00  5.310056E-01  3.375757E-40  1.046807E-19   5.000000E-01 NotAppl  2.379582E-14  6.341134E-13  
5.890219E+01  5.400354E-01  1.208485E-01  1.943085E+00  1.000000E+00  5.936672E-04  1.273164E-23  5.708668E-06   0.000000E+00 XENON1T_2018  1.376998E+02  2.658830E-01  
4.366622E+03  6.738047E+02  -6.737898E+02  -2.540716E-08  1.000000E+00  3.331690E-05  2.287384E-22  1.473374E-25   5.000000E-01 NotAppl  2.476985E+01  0.000000E+00  
4.602846E+02  6.291158E+01  -4.452443E+01  3.092831E-03  1.000000E+00  1.853332E-03  2.151778E-24  2.147478E-13   5.000000E-01 NotAppl  2.363462E+00  0.000000E+00  
5.620860E+02  7.061482E+02  -7.061457E+02  -9.466316E-07  1.000000E+00  8.980863E-05  8.096046E-23  1.336958E-20   5.000000E-01 NotAppl  7.214700E+01  0.000000E+00  
5.362612E+01  2.925325E-03  6.834667E-03  5.018446E+00  1.000000E+00  2.211911E-03  1.094351E-24  4.611203E-05   0.000000E+00 XENON1T_2018  1.134787E+01  2.500454E-01  
3.099265E+02  4.985456E-01  -4.964285E-01  2.430684E-07  1.000000E+00  3.944783E-02  2.137770E-25  2.979963E-21   5.000000E-01 NotAppl  3.536199E-01  0.000000E+00  
1.803486E+01  6.346157E+01  -4.287092E-01  4.959811E-10  1.000000E+00  5.153767E+06  4.561938E-44  4.088479E-24   5.000000E-01 NotAppl  1.736059E-18  3.365883E-16  
6.645651E+02  1.736803E-01  2.912402E+00  1.576349E-02  1.000000E+00  1.496176E-01  5.224768E-26  2.632620E-12   5.000000E-01 NotAppl  3.919056E-02  0.000000E+00  
6.340930E+01  3.143323E+02  -3.143282E+02  -7.027342E-08  1.000000E+00  9.236777E-03  8.433446E-37  6.423729E-21   5.000000E-01 NotAppl  8.370680E-12  0.000000E+00  
8.201685E+02  1.822296E-02  1.668260E+01  -9.010927E-10  1.000000E+00  4.829592E-02  1.058003E-25  5.597119E-27   5.000000E-01 NotAppl  6.454070E-02  0.000000E+00  
2.528296E+03  1.258503E-01  1.772519E+01  -1.009192E-10  1.000000E+00  5.123909E-02  8.885877E-26  7.072333E-30   5.000000E-01 NotAppl  1.715307E-02  0.000000E+00  
1.637126E+01  3.306862E-02  -3.239949E-02  -1.126483E+00  1.000000E+00  1.821733E-03  2.196803E-25  2.558849E-05   0.000000E+00 XENON1T_2018  9.322941E+00  2.499914E-01  
2.314861E+01  2.149735E-03  -1.902480E-03  -1.335488E-04  1.000000E+00  2.745574E-03  3.682518E-33  1.795649E-13   5.000000E-01 NotAppl  1.063760E-07  2.366276E-05  
1.833926E+02  1.606291E+02  -1.606272E+02  -4.109506E-08  1.000000E+00  1.180861E-03  5.307200E-24  2.495561E-22   5.000000E-01 NotAppl  1.534750E+01  0.000000E+00  
7.918507E+02  6.748469E+01  2.162316E+02  -4.679049E-07  1.000000E+00  2.027745E-04  1.724924E-23  1.621469E-21   5.000000E-01 NotAppl  1.093487E+01  0.000000E+00  
1.002911E+03  1.489905E+01  3.925685E+00  -5.933116E-01  1.000000E+00  4.573787E-02  9.386339E-26  1.609230E-09   1.299597E-07 LZ5Tmedian  4.898446E-02  0.000000E+00  
1.156490E+03  7.150162E-02  -6.843223E-02  4.282725E-05  1.000000E+00  4.893266E-01  1.631424E-26  6.269088E-18   5.000000E-01 NotAppl  6.906765E-03  0.000000E+00  
1.859921E+03  1.789394E-01  1.676606E+01  -2.629924E-03  1.000000E+00  5.565156E-02  8.294180E-26  8.971307E-15   5.000000E-01 NotAppl  2.192098E-02  0.000000E+00  
9.901020E+03  3.824381E+01  -2.549553E+01  -2.203165E-10  1.000000E+00  8.151568E-03  9.047414E-25  2.103602E-30   5.000000E-01 NotAppl  4.279469E-02  0.000000E+00  
2.718505E+01  6.865596E-03  1.126276E+02  -1.109037E-09  1.000000E+00  2.032143E-03  2.836990E-43  8.952855E-24   5.000000E-01 NotAppl  6.878358E-18  1.582035E-15  
5.591081E+02  2.388200E-04  1.720243E+01  1.701964E-08  1.000000E+00  3.798531E-02  1.456326E-25  4.368911E-24   5.000000E-01 NotAppl  1.313555E-01  0.000000E+00  
1.170045E+03  2.117255E+01  -2.117069E+01  3.532390E-07  1.000000E+00  2.328506E-02  2.743708E-25  4.164612E-22   5.000000E-01 NotAppl  1.144688E-01  0.000000E+00  
2.392314E+01  7.218616E-03  -6.134154E-03  1.627416E-08  1.000000E+00  2.877982E-03  5.574092E-41  2.495366E-21   5.000000E-01 NotAppl  1.553808E-15  3.495105E-13  
8.069644E+03  1.481855E-03  -9.400088E-04  5.940451E-05  1.000000E+00  2.057603E+01  3.387125E-28  2.312015E-19   5.000000E-01 NotAppl  1.979021E-05  0.000000E+00  
4.108060E+03  1.784136E-01  5.423476E+00  9.434850E-07  1.000000E+00  4.619436E-01  9.786666E-27  2.300324E-22   5.000000E-01 NotAppl  1.149730E-03  0.000000E+00  
1.262411E+01  5.275455E+02  -5.275445E+02  -5.467561E-08  1.000000E+00  1.356146E-01  4.962280E-40  1.009711E-19   5.000000E-01 NotAppl  2.840187E-14  4.183454E-12  
1.992874E+01  3.179004E+01  -3.178994E+01  -1.796146E-04  1.000000E+00  4.491389E-02  6.206045E-33  4.389484E-13   5.000000E-01 NotAppl  2.113476E-07  4.107869E-06  
1.571015E+01  2.976821E-04  2.300357E-01  -4.921340E-02  1.000000E+00  1.130798E-03  4.301156E-28  5.302003E-08   0.000000E+00 XENON1T_2018  1.912487E-02  2.332397E-01  
1.379436E+03  1.753194E-02  9.460492E-02  -1.829032E-09  1.000000E+00  6.837515E-01  1.149773E-26  7.980347E-27   5.000000E-01 NotAppl  4.062157E-03  0.000000E+00  
4.763506E+02  1.358578E-02  5.492505E-01  -3.117877E-05  1.000000E+00  8.975334E-02  9.356766E-26  2.034493E-17   5.000000E-01 NotAppl  9.899147E-02  0.000000E+00  
2.245841E+01  6.255164E-01  2.357955E+01  1.226716E-07  1.000000E+00  4.891017E-03  3.056845E-39  1.610284E-19   5.000000E-01 NotAppl  9.125745E-14  4.897324E-12  
9.131113E+01  1.652896E-03  -1.539731E-03  6.774387E-07  1.000000E+00  5.659600E-03  8.568537E-25  2.832379E-19   5.000000E-01 NotAppl  5.209999E+00  0.000000E+00  
4.605428E+01  1.039785E+02  -9.809888E+01  -7.224287E-06  1.000000E+00  1.157653E-02  3.645485E-35  1.303075E-16   5.000000E-01 NotAppl  5.036996E-10  3.858280E-08  
2.461463E+03  6.822526E-03  6.255733E-03  2.131835E-08  1.000000E+00  2.068015E+00  3.628411E-27  3.330819E-25   5.000000E-01 NotAppl  7.082500E-04  0.000000E+00  
2.349931E+01  2.617829E+01  -2.596037E+01  -2.987417E-01  1.000000E+00  2.548662E-02  1.858734E-26  8.717178E-07   0.000000E+00 XENON1T_2018  5.281923E-01  3.566152E-01  
1.485168E+02  5.549542E+00  5.315693E+02  1.506618E-05  1.000000E+00  1.016548E-03  3.478973E-24  5.168521E-17   5.000000E-01 NotAppl  1.226682E+01  0.000000E+00  
3.578565E+02  5.847448E-02  1.946166E-01  -5.020439E-05  1.000000E+00  5.220076E-02  1.623788E-25  9.470834E-17   5.000000E-01 NotAppl  2.312238E-01  0.000000E+00  
4.418582E+01  4.269253E-04  2.102683E-01  -1.067106E-05  1.000000E+00  1.062950E-04  6.651865E-35  3.093252E-16   5.000000E-01 NotAppl  9.572409E-10  1.149943E-07  
8.571413E+02  1.694226E+00  1.921504E+01  -4.031310E-08  1.000000E+00  3.455152E-02  1.460455E-25  1.023788E-23   5.000000E-01 NotAppl  8.527369E-02  0.000000E+00  
4.518355E+03  3.934237E-04  6.218527E-03  8.593814E-02  1.000000E+00  6.303645E+00  1.168783E-27  1.572558E-12   5.000000E-01 NotAppl  1.234488E-04  0.000000E+00  
7.444604E+02  5.795081E+00  -5.794530E+00  -2.475482E-04  1.000000E+00  1.205563E-01  5.847898E-26  5.148286E-16   5.000000E-01 NotAppl  3.894737E-02  0.000000E+00  
6.200953E+03  9.589389E-03  -4.685307E-04  7.277647E-09  1.000000E+00  1.233101E+01  5.735067E-28  5.925754E-27   5.000000E-01 NotAppl  4.375397E-05  0.000000E+00  
7.227024E+03  8.118480E+01  -7.770608E+01  -3.011031E-05  1.000000E+00  1.804255E-03  3.853353E-24  7.431402E-20   5.000000E-01 NotAppl  2.503233E-01  0.000000E+00  
8.643472E+03  1.392420E-02  -1.170361E-02  5.028319E-08  1.000000E+00  2.350536E+01  2.953657E-28  1.440830E-25   5.000000E-01 NotAppl  1.609915E-05  0.000000E+00  
3.851700E+02  2.989207E-02  4.660174E+01  -2.017123E-08  1.000000E+00  7.670143E-03  6.479606E-25  1.315199E-23   5.000000E-01 NotAppl  8.594144E-01  0.000000E+00  
1.839994E+02  2.911484E+02  -2.911249E+02  4.354955E-10  1.000000E+00  7.289693E-04  8.607310E-24  2.783656E-26   5.000000E-01 NotAppl  2.481705E+01  0.000000E+00  
8.451601E+01  1.406979E-04  4.449269E-05  -8.726646E-02  1.000000E+00  7.437404E-03  2.093664E-25  5.507232E-09   5.100381E-230 LZ5Tmedian  1.388839E+00  0.000000E+00  
2.545583E+03  1.434759E-04  9.581092E-02  -7.526447E+00  1.000000E+00  5.760436E-03  2.204840E-24  3.877077E-08   1.599401E-66 LZ5Tmedian  4.428305E-01  0.000000E+00  
2.100020E+02  5.676322E-01  -1.652721E-01  -3.027488E-10  1.000000E+00  1.851272E-02  4.399762E-25  1.026048E-26   5.000000E-01 NotAppl  1.092405E+00  0.000000E+00  
1.414549E+01  4.818380E+01  -4.489299E+01  1.048912E+00  1.000000E+00  1.548198E-02  1.877887E-25  2.966940E-05   0.000000E+00 XENON1T_2018  9.417849E+00  4.580060E-01  
2.164062E+03  5.181838E+02  -5.179702E+02  3.006769E-02  1.000000E+00  6.063944E-05  1.235326E-22  8.612916E-13   5.000000E-01 NotAppl  2.739041E+01  0.000000E+00  
1.989004E+03  1.154748E+01  -1.154731E+01  2.788280E-06  1.000000E+00  7.348851E-02  8.369840E-26  8.795479E-21   5.000000E-01 NotAppl  2.024246E-02  0.000000E+00  
1.619340E+01  2.922547E+01  -2.921417E+01  2.717718E-05  1.000000E+00  7.664152E-02  1.323695E-34  1.522175E-14   5.000000E-01 NotAppl  5.688106E-09  1.212135E-07  
8.149053E+03  8.853900E+02  -8.853897E+02  5.302290E-06  1.000000E+00  1.880585E-05  4.144262E-22  1.805682E-21   5.000000E-01 NotAppl  2.384131E+01  0.000000E+00  
4.488088E+02  6.178083E-02  7.568110E+01  5.309703E-10  1.000000E+00  3.480608E-03  1.377342E-24  6.664811E-27   5.000000E-01 NotAppl  1.563331E+00  0.000000E+00  
3.343826E+03  3.824839E+00  9.173152E+01  8.937224E-07  1.000000E+00  2.042033E-03  2.405809E-24  3.137575E-22   5.000000E-01 NotAppl  3.491301E-01  0.000000E+00  
1.719434E+01  9.123773E+00  -9.078833E+00  -5.889702E-09  1.000000E+00  6.615949E-02  6.333328E-42  6.342464E-22   5.000000E-01 NotAppl  2.543001E-16  3.229643E-14  
4.217709E+02  3.514798E-03  8.853991E+00  -8.666965E-09  1.000000E+00  5.012229E-02  1.395965E-25  2.016454E-24   5.000000E-01 NotAppl  1.677767E-01  0.000000E+00  
4.507891E+03  1.279244E-01  3.684997E+01  2.789094E-03  1.000000E+00  1.278820E-02  3.674736E-25  1.664211E-15   5.000000E-01 NotAppl  3.937197E-02  0.000000E+00  
9.379662E+03  1.919716E-03  -1.687987E-03  1.364487E+00  1.000000E+00  1.901385E+00  5.401410E-27  8.987012E-11   5.000000E-01 NotAppl  2.854062E-04  0.000000E+00  
8.618989E+01  1.470030E+01  3.158352E+00  1.646035E-09  1.000000E+00  3.714763E-03  7.696439E-25  1.882187E-24   5.000000E-01 NotAppl  4.984268E+00  0.000000E+00  
6.685176E+02  1.708060E+02  -1.708012E+02  5.377647E-08  1.000000E+00  5.429557E-04  1.296971E-23  3.026952E-23   5.000000E-01 NotAppl  9.650385E+00  0.000000E+00  
1.950647E+01  5.585644E+00  5.898980E+00  2.208241E-04  1.000000E+00  1.388357E+00  9.302158E-33  6.926005E-13   5.000000E-01 NotAppl  3.243948E-07  3.904194E-05  
2.394015E+01  9.180975E+02  -7.309484E+02  1.753986E-09  1.000000E+00  4.028596E+06  6.477367E-43  2.894457E-23   5.000000E-01 NotAppl  1.805661E-17  4.060599E-15  
1.892196E+03  1.842820E-02  7.539177E-02  6.828781E-07  1.000000E+00  1.248492E+00  6.131302E-27  5.840222E-22   5.000000E-01 NotAppl  1.566507E-03  0.000000E+00  
3.831743E+02  1.003505E+01  -6.595232E+00  -1.736175E+00  1.000000E+00  1.040256E-03  7.182971E-24  9.847608E-08   0.000000E+00 XENON1T_2018  1.079043E+01  0.000000E+00  
3.194849E+01  4.950811E-04  2.665153E+02  2.728238E-06  1.000000E+00  1.682010E-03  2.038854E-36  3.907368E-17   5.000000E-01 NotAppl  4.139422E-11  9.138250E-09  
7.490524E+02  3.126648E+00  3.076447E+00  -4.940229E-02  1.000000E+00  1.376286E-01  4.885044E-26  2.024797E-11   5.000000E-01 NotAppl  3.246576E-02  0.000000E+00  
5.828426E+01  1.298974E+02  -1.105942E+02  -1.059181E-08  1.000000E+00  4.130871E+00  9.636337E-40  1.733150E-22   5.000000E-01 NotAppl  1.038769E-14  5.787482E-14  
8.145953E+03  2.933077E-04  -9.087405E-05  -2.000430E-08  1.000000E+00  2.095625E+01  3.323978E-28  2.572166E-26   5.000000E-01 NotAppl  1.923701E-05  0.000000E+00  
5.274017E+03  2.560768E-02  2.746717E-01  -5.033676E-08  1.000000E+00  8.545558E+00  8.172433E-28  3.939582E-25   5.000000E-01 NotAppl  7.349765E-05  0.000000E+00  
5.072306E+01  3.728755E+01  -3.726881E+01  -4.267996E-08  1.000000E+00  1.400035E-03  2.276290E-39  3.735908E-21   5.000000E-01 NotAppl  2.845848E-14  1.520669E-12  
1.696587E+03  6.366539E+01  -6.366379E+01  -5.893231E-05  1.000000E+00  2.937406E-03  2.305697E-24  5.432964E-18   5.000000E-01 NotAppl  6.562758E-01  0.000000E+00  
5.328058E+02  5.050006E+01  -4.881272E+01  1.238538E-10  1.000000E+00  4.358832E-03  1.405586E-24  2.553127E-28   5.000000E-01 NotAppl  1.324446E+00  0.000000E+00  
7.439551E+03  3.414021E-02  6.085069E-03  1.426387E-09  1.000000E+00  1.751426E+01  3.996079E-28  1.572113E-28   5.000000E-01 NotAppl  2.534943E-05  0.000000E+00  
5.114439E+02  6.207496E-03  3.521593E+01  -1.121228E+00  1.000000E+00  6.263603E-03  1.206676E-24  2.275035E-08   1.637195E-189 LZ5Tmedian  1.306648E+00  0.000000E+00  
1.137683E+01  8.968891E+01  -8.921015E+01  -1.252250E-08  1.000000E+00  2.366466E-01  2.503366E-41  6.500402E-21   5.000000E-01 NotAppl  1.617982E-15  2.202931E-13  
1.750752E+01  2.373153E+00  -2.371893E+00  -1.243483E-01  1.000000E+00  5.549086E-02  2.839339E-27  2.727005E-07   0.000000E+00 XENON1T_2018  1.117089E-01  2.546256E-01  
2.229588E+03  5.768056E-01  -5.726195E-01  7.246166E+00  1.000000E+00  5.056081E-03  2.515469E-24  4.707348E-08   7.026422E-92 LZ5Tmedian  5.713069E-01  0.000000E+00  
5.948589E+01  4.759106E-01  1.425668E+01  -3.163696E-03  1.000000E+00  4.286725E-03  1.650925E-28  1.483212E-11   1.739454E-01 NotAppl  1.750043E-03  4.361948E-03  
7.035566E+02  1.972095E-03  -1.262354E-03  -2.291051E-10  1.000000E+00  1.904304E-01  4.356060E-26  4.949352E-28   5.000000E-01 NotAppl  3.077091E-02  0.000000E+00  
1.998920E+01  1.236893E-03  6.665653E+00  -7.572357E-07  1.000000E+00  1.328217E-03  1.104407E-37  7.754474E-18   5.000000E-01 NotAppl  3.746544E-12  6.776098E-10  
2.174076E+01  4.723365E-01  1.393401E+02  1.500922E-02  1.000000E+00  3.800034E-03  4.502470E-29  2.573426E-09   1.864281E-99 LZ5Tmedian  1.393524E-03  1.538125E-01  
1.567322E+03  1.144921E-04  5.737203E-04  1.586049E-07  1.000000E+00  8.725605E-01  8.916560E-27  4.625179E-23   5.000000E-01 NotAppl  2.763153E-03  0.000000E+00  
2.392528E+03  1.123610E-03  4.963595E-01  -6.339281E-02  1.000000E+00  1.874625E+00  3.971488E-27  3.120666E-12   5.000000E-01 NotAppl  7.999523E-04  0.000000E+00  
1.415138E+03  2.785140E-01  -2.781633E-01  1.056490E-09  1.000000E+00  7.129238E-01  1.097132E-26  2.527440E-27   5.000000E-01 NotAppl  3.775763E-03  0.000000E+00  
1.316413E+02  2.842497E-03  1.882462E-02  -1.078351E-06  1.000000E+00  8.601465E-03  9.368892E-25  3.390526E-19   5.000000E-01 NotAppl  3.830891E+00  0.000000E+00  
1.181261E+03  6.378878E+02  -6.378857E+02  5.939260E-08  1.000000E+00  5.574599E-05  1.353108E-22  1.154644E-23   5.000000E-01 NotAppl  5.588790E+01  0.000000E+00  
1.078036E+01  5.690317E+01  -5.690279E+01  -2.392001E-08  1.000000E+00  1.905133E-01  8.919640E-41  2.635996E-20   5.000000E-01 NotAppl  6.142998E-15  8.055518E-13  
3.922346E+02  1.061540E+00  -1.053344E+00  -2.553217E-02  1.000000E+00  6.096951E-02  1.359025E-25  2.030245E-11   5.000000E-01 NotAppl  1.760756E-01  0.000000E+00  
6.269010E+01  1.656736E-03  9.661963E-02  8.181204E-06  1.000000E+00  4.597251E-03  2.643606E-31  8.911504E-17   5.000000E-01 NotAppl  2.655346E-06  0.000000E+00  
1.033326E+02  4.711405E-04  3.890654E-03  8.388125E-08  1.000000E+00  6.061918E-03  1.221034E-24  3.370110E-21   5.000000E-01 NotAppl  6.417247E+00  0.000000E+00  
1.916800E+01  4.204518E-04  6.289328E-01  9.473822E-03  1.000000E+00  1.392632E-03  1.700843E-29  1.320330E-09   3.955377E-42 LZ5Tmedian  6.047690E-04  8.080311E-02  
1.645070E+02  1.950088E-01  -1.075227E-01  3.389039E-10  1.000000E+00  1.235360E-02  6.594644E-25  2.120710E-26   5.000000E-01 NotAppl  2.143409E+00  0.000000E+00  
5.326629E+03  2.940319E-01  1.721386E+00  6.176904E+00  1.000000E+00  3.372674E-02  3.516016E-25  5.813785E-09   1.880066E-05 LZ5Tmedian  3.292932E-02  0.000000E+00  
8.922872E+01  2.026583E-04  6.128065E-01  -3.614178E-06  1.000000E+00  5.458283E-03  7.581241E-25  8.452095E-18   5.000000E-01 NotAppl  4.741404E+00  0.000000E+00  
4.706749E+01  4.497362E+01  -2.668349E+01  -3.209691E-02  1.000000E+00  1.366717E+00  8.016354E-28  2.460698E-09   2.527232E-137 LZ5Tmedian  1.082968E-02  4.919871E-01  
2.028828E+01  1.069275E-02  8.084295E+01  -1.270808E-07  1.000000E+00  1.402636E-03  3.129430E-39  2.119842E-19   5.000000E-01 NotAppl  1.044902E-13  2.181954E-11  
1.804911E+03  8.420361E-02  1.070667E+01  -1.253519E-02  1.000000E+00  1.252135E-01  3.738423E-26  2.166727E-13   5.000000E-01 NotAppl  1.017082E-02  0.000000E+00  
4.203031E+01  6.897565E-02  9.057607E+00  -3.147961E-06  1.000000E+00  3.213417E-04  4.838505E-36  2.980295E-17   5.000000E-01 NotAppl  7.337008E-11  6.198290E-09  
5.496296E+02  1.477829E-01  -1.403405E-01  7.578692E-09  1.000000E+00  1.186701E-01  7.071796E-26  8.971049E-25   5.000000E-01 NotAppl  6.449397E-02  0.000000E+00  
3.526783E+03  7.119130E-03  5.480620E+00  -3.547404E-10  1.000000E+00  4.564531E-01  9.889573E-27  4.435938E-29   5.000000E-01 NotAppl  1.355603E-03  0.000000E+00  
4.367987E+01  3.068391E-04  1.575826E-05  -5.992732E-05  1.000000E+00  1.288127E-04  2.006579E-33  9.986877E-15   5.000000E-01 NotAppl  2.929495E-08  3.669110E-06  
1.139432E+03  6.093546E-03  1.988414E-01  1.122164E-02  1.000000E+00  4.739005E-01  1.685846E-26  4.436545E-13   5.000000E-01 NotAppl  7.247716E-03  0.000000E+00  
1.834705E+03  5.855740E-03  5.586023E+02  4.823096E-06  1.000000E+00  8.454407E-05  6.120971E-23  3.102437E-20   5.000000E-01 NotAppl  1.642743E+01  0.000000E+00  
1.226574E+03  8.098768E-01  -8.092492E-01  -9.444211E-09  1.000000E+00  5.242286E-01  1.490333E-26  2.703715E-25   5.000000E-01 NotAppl  5.939145E-03  0.000000E+00  
4.177119E+03  1.515626E-04  1.621966E+00  -1.017711E-09  1.000000E+00  2.819826E+00  1.973063E-27  2.587013E-28   5.000000E-01 NotAppl  2.260505E-04  0.000000E+00  
4.733890E+02  8.189926E-04  3.137924E+01  -1.037081E-02  1.000000E+00  1.498355E-02  3.352421E-25  2.279835E-12   5.000000E-01 NotAppl  3.595544E-01  0.000000E+00  
1.989239E+02  5.521629E+00  2.869378E+00  -5.601942E-04  1.000000E+00  9.260316E-03  5.303615E-25  3.925648E-14   5.000000E-01 NotAppl  1.393554E+00  0.000000E+00  
3.496360E+03  1.990527E-03  5.700595E+01  -2.429967E-02  1.000000E+00  5.507444E-03  8.618824E-25  2.118209E-13   5.000000E-01 NotAppl  1.195204E-01  0.000000E+00  
2.018125E+02  1.884911E+01  6.290797E+02  1.783321E-10  1.000000E+00  4.434312E-04  7.125877E-24  3.862522E-27   5.000000E-01 NotAppl  1.827665E+01  0.000000E+00  
3.695791E+03  1.179448E-03  -6.704549E-04  3.165930E-07  1.000000E+00  4.525127E+00  1.612369E-27  3.211839E-23   5.000000E-01 NotAppl  2.079681E-04  0.000000E+00  
2.205762E+02  2.782671E-04  8.976556E-04  -1.270726E-09  1.000000E+00  2.119972E-02  4.014967E-25  1.634520E-25   5.000000E-01 NotAppl  9.470800E-01  0.000000E+00  
4.712221E+03  1.287352E-02  3.558159E-02  1.242094E-07  1.000000E+00  7.233053E+00  9.932145E-28  3.016081E-24   5.000000E-01 NotAppl  1.000909E-04  0.000000E+00  
5.764086E+02  2.467891E-03  6.633216E+02  -6.280960E-02  1.000000E+00  1.401099E-04  3.596932E-23  5.590712E-11   3.866015E-01 NotAppl  3.163360E+01  0.000000E+00  
5.647622E+02  5.576846E-01  -5.573261E-01  5.383678E-03  1.000000E+00  1.234017E-01  6.741794E-26  4.282491E-13   5.000000E-01 NotAppl  5.978082E-02  0.000000E+00  
1.438286E+02  2.789144E+00  -1.719487E+00  4.991750E+00  1.000000E+00  6.267214E-07  1.552119E-20  6.059305E-06   0.000000E+00 XENON1T_2018  6.772620E+04  0.000000E+00  
7.471292E+03  1.104687E+01  4.127506E+01  1.667105E-09  1.000000E+00  7.063370E-03  8.065077E-25  2.129120E-28   5.000000E-01 NotAppl  5.165086E-02  0.000000E+00  
1.396766E+01  1.630142E-04  7.435641E-01  -9.339165E-04  1.000000E+00  7.548558E-04  1.495571E-31  2.411801E-11   4.454832E-01 NotAppl  7.610712E-06  1.209912E-03  
9.796090E+03  1.323814E+02  -1.320289E+02  -1.103027E-10  1.000000E+00  7.048254E-04  1.021367E-23  5.374421E-31   5.000000E-01 NotAppl  4.878420E-01  0.000000E+00  
1.596833E+01  1.224174E+01  2.262456E+02  -1.180447E-05  1.000000E+00  3.224163E+03  2.486803E-35  2.953002E-15   5.000000E-01 NotAppl  1.085361E-09  1.031214E-07  
7.534381E+02  8.400002E+01  -8.399771E+01  4.020416E-06  1.000000E+00  1.840208E-03  3.697573E-24  1.325104E-19   5.000000E-01 NotAppl  2.429799E+00  0.000000E+00  
5.280923E+03  4.977832E-01  9.316099E-01  -1.616506E-06  1.000000E+00  4.157715E+00  1.488451E-27  4.052099E-22   5.000000E-01 NotAppl  1.343690E-04  0.000000E+00  
9.341469E+01  1.332148E+00  -1.331923E+00  1.051965E-04  1.000000E+00  5.560308E-03  1.111144E-24  6.518396E-15   5.000000E-01 NotAppl  6.517113E+00  0.000000E+00  
1.625875E+01  1.173206E+00  -2.308691E-01  -1.054039E+00  1.000000E+00  1.064870E-02  1.936735E-25  2.271336E-05   0.000000E+00 XENON1T_2018  8.283720E+00  2.513626E-01  
1.101903E+01  5.077968E-04  3.347199E-02  3.845370E-04  1.000000E+00  7.459080E-04  2.328398E-32  6.526266E-12   5.000000E-01 NotAppl  1.562862E-06  2.077347E-04  
3.633593E+01  2.162762E-03  2.883956E-02  1.747857E-02  1.000000E+00  2.948204E-04  1.031041E-28  1.235193E-09   8.208906E-70 LZ5Tmedian  1.826598E-03  1.464956E-01 