MD1           DMP           DM3           l345          ld           Omegah2       sigV          protonSI      PvalDD        expName      CMB_ID        brH_DMDM      
1.665319E+02  4.524314E-03  7.504504E+02  -5.666993E-04  1.000000E+00  9.548263E-04  4.698173E-24  5.782933E-14   5.000000E-01 NotAppl  1.468762E+01  0.000000E+00  
3.362825E+02  5.556279E-04  3.290677E-03  -2.238211E-02  1.000000E+00  4.668915E-02  1.823494E-25  2.137891E-11   5.000000E-01 NotAppl  2.771957E-01  0.000000E+00  
4.662525E+03  3.442367E-01  9.065269E+02  3.658159E-04  1.000000E+00  2.919182E-05  1.815770E-22  2.673137E-17   5.000000E-01 NotAppl  1.880226E+01  0.000000E+00  
1.605129E+01  2.209126E-02  1.831123E-01  5.629498E-05  1.000000E+00  1.327883E-03  5.664499E-34  6.646998E-14   5.000000E-01 NotAppl  2.457748E-08  4.374515E-06  
3.843359E+01  1.658771E+01  -7.661163E+00  -3.285097E-08  1.000000E+00  1.125200E-02  4.110536E-40  3.893129E-21   5.000000E-01 NotAppl  6.861909E-15  2.241699E-13  
1.480846E+01  5.942534E-03  7.907106E-03  3.554112E-10  1.000000E+00  1.371566E-03  2.204305E-44  3.110297E-24   5.000000E-01 NotAppl  1.049024E-18  1.752996E-16  
2.520131E+02  4.738641E-03  4.354616E-04  2.880289E-10  1.000000E+00  2.712746E-02  3.145320E-25  6.391612E-27   5.000000E-01 NotAppl  6.455649E-01  0.000000E+00  
8.506283E+03  4.504869E-02  2.282484E-01  2.171135E-09  1.000000E+00  2.050235E+01  3.262199E-28  2.776172E-28   5.000000E-01 NotAppl  1.808778E-05  0.000000E+00  
1.017306E+02  3.664269E-04  4.954016E-04  3.047190E-05  1.000000E+00  5.955894E-03  1.226970E-24  4.592222E-16   5.000000E-01 NotAppl  6.555334E+00  0.000000E+00  
5.008473E+03  3.510039E+00  -3.498592E+00  5.607114E-03  1.000000E+00  7.046172E-01  8.218424E-27  5.429655E-15   5.000000E-01 NotAppl  7.747322E-04  0.000000E+00  
1.282567E+02  6.816355E+01  -6.813105E+01  -3.400607E-06  1.000000E+00  2.894688E-03  2.021794E-24  3.556725E-18   5.000000E-01 NotAppl  8.596722E+00  0.000000E+00  
2.622099E+03  3.531729E-04  1.056979E+01  4.607592E-09  1.000000E+00  1.355871E-01  3.323922E-26  1.367982E-26   5.000000E-01 NotAppl  6.175576E-03  0.000000E+00  
8.150005E+02  4.029898E+02  -4.029747E+02  -2.361828E-07  1.000000E+00  1.308861E-04  5.617219E-23  3.895194E-22   5.000000E-01 NotAppl  3.403557E+01  0.000000E+00  
1.122975E+01  2.151629E-03  6.622458E+02  -1.053476E-02  1.000000E+00  4.913274E-04  1.762046E-29  4.719558E-09   1.463078E-31 LZ5Tmedian  1.156466E-03  1.062572E-01  
3.336704E+03  1.843246E-01  4.358770E+00  -6.071854E-06  1.000000E+00  6.325710E-01  7.563170E-27  1.454508E-20   5.000000E-01 NotAppl  1.095446E-03  0.000000E+00  
2.757616E+02  2.828593E-02  -2.478529E-02  2.984081E-05  1.000000E+00  3.209218E-02  2.659899E-25  5.704933E-17   5.000000E-01 NotAppl  4.969519E-01  0.000000E+00  
1.092564E+01  5.605791E-02  1.629788E-01  -1.920227E-09  1.000000E+00  7.839503E-04  5.783921E-43  1.654774E-22   5.000000E-01 NotAppl  3.921286E-17  5.185753E-15  
3.451842E+03  1.128268E-04  7.811489E+01  -3.599901E-09  1.000000E+00  2.983963E-03  1.612198E-24  4.771594E-27   5.000000E-01 NotAppl  2.265086E-01  0.000000E+00  
4.085768E+03  3.815483E-03  8.871572E-03  7.083614E+00  1.000000E+00  1.689693E-02  7.248689E-25  1.311098E-08   1.302650E-14 LZ5Tmedian  8.909211E-02  0.000000E+00  
4.067222E+01  2.689580E-01  4.821314E+00  -1.122690E-03  1.000000E+00  1.316082E-04  5.565911E-31  4.052619E-12   5.000000E-01 NotAppl  8.736395E-06  1.149626E-03  
2.941102E+01  1.775444E+01  -1.648406E+01  1.289524E-02  1.000000E+00  1.701766E-02  4.130637E-29  1.032251E-09   5.443237E-54 LZ5Tmedian  9.186991E-04  2.590324E-02  
9.927272E+03  4.805344E-03  5.529560E+01  -2.654626E+00  1.000000E+00  6.242058E-03  7.221268E-25  3.031448E-10   5.000000E-01 NotAppl  3.478145E-02  0.000000E+00  
6.145521E+03  1.112766E-01  -2.962661E-02  1.286536E-10  1.000000E+00  1.192091E+01  5.929354E-28  1.879637E-30   5.000000E-01 NotAppl  4.564905E-05  0.000000E+00  
3.630943E+01  8.128852E-02  7.264121E+02  1.068655E-07  1.000000E+00  3.044508E-04  3.848632E-39  4.624254E-20   5.000000E-01 NotAppl  6.811687E-14  1.327670E-11  
2.320453E+03  1.232991E+01  -1.227201E+01  -8.071119E-05  1.000000E+00  6.598844E-02  9.326661E-26  5.383826E-18   5.000000E-01 NotAppl  1.925646E-02  0.000000E+00  
5.933820E+01  2.184168E-01  2.178214E+00  7.443395E-01  1.000000E+00  4.108898E-04  7.906160E-24  8.251987E-07   0.000000E+00 XENON1T_2018  8.395481E+01  2.898484E-01  
3.207454E+01  5.692216E+00  -5.588901E+00  2.157311E+00  1.000000E+00  3.365776E-03  8.011096E-25  2.423699E-05   0.000000E+00 XENON1T_2018  1.602408E+01  2.577749E-01  
6.883721E+01  2.265968E+01  5.405817E+02  2.178951E-04  1.000000E+00  2.915686E+00  1.547102E-31  5.222473E-14   5.000000E-01 NotAppl  1.403556E-06  0.000000E+00  
6.274565E+01  2.021473E-02  2.305736E+02  3.836920E-09  1.000000E+00  4.265408E-03  3.479302E-38  1.956577E-23   5.000000E-01 NotAppl  3.491582E-13  0.000000E+00  
3.506291E+01  8.712138E-02  -8.237218E-02  3.922073E-01  1.000000E+00  6.708533E-04  4.862588E-26  6.686551E-07   0.000000E+00 XENON1T_2018  8.952931E-01  2.496662E-01  
1.146551E+01  1.530618E+01  9.817691E+01  9.581051E-10  1.000000E+00  1.829537E+05  1.470155E-43  3.747674E-23   5.000000E-01 NotAppl  9.415568E-18  6.354509E-16  
3.390044E+02  1.099094E+01  -1.052373E+01  -7.912502E-01  1.000000E+00  4.793272E-03  1.599075E-24  2.628115E-08   0.000000E+00 LZ5Tmedian  2.687401E+00  0.000000E+00  
1.482436E+03  5.184564E-01  -5.183089E-01  5.098778E-02  1.000000E+00  7.343035E-01  1.072864E-26  5.354698E-12   5.000000E-01 NotAppl  3.525633E-03  0.000000E+00  
4.466089E+01  5.870319E-04  7.892218E-01  -5.778520E-10  1.000000E+00  1.227775E-04  2.036751E-43  8.875212E-25   5.000000E-01 NotAppl  2.905645E-18  3.317581E-16  
9.113814E+03  3.875450E-03  8.457704E-01  -3.131606E-06  1.000000E+00  1.118219E+01  4.605303E-28  5.018409E-22   5.000000E-01 NotAppl  2.394922E-05  0.000000E+00  
2.347684E+01  1.332026E-01  4.829966E+02  1.065021E-08  1.000000E+00  2.224092E-03  2.360779E-41  1.110039E-21   5.000000E-01 NotAppl  6.721673E-16  1.501414E-13  
7.208437E+02  5.196735E-03  1.872118E-01  4.630256E-04  1.000000E+00  1.990156E-01  4.154612E-26  1.923785E-15   5.000000E-01 NotAppl  2.862087E-02  0.000000E+00  
2.066533E+02  9.581137E-02  -4.831349E-02  1.190483E-05  1.000000E+00  1.871520E-02  4.516571E-25  1.639664E-17   5.000000E-01 NotAppl  1.140405E+00  0.000000E+00  
5.383095E+01  2.493185E-01  1.543232E+00  1.288780E-08  1.000000E+00  3.057570E-03  3.629979E-40  3.017570E-22   5.000000E-01 NotAppl  4.265944E-15  1.169998E-13  
3.047881E+01  4.224046E-01  -3.806152E-01  -3.494465E-10  1.000000E+00  3.159241E-03  3.154967E-44  7.052210E-25   5.000000E-01 NotAppl  6.741300E-19  1.519876E-16  
5.114022E+01  1.172651E+01  -1.172618E+01  -2.846081E-01  1.000000E+00  1.524543E-03  1.081696E-25  1.633777E-07   0.000000E+00 XENON1T_2018  1.342210E+00  4.962667E-01  
4.912833E+01  3.220578E-04  6.969056E-01  -1.925438E-08  1.000000E+00  1.461693E-03  3.699009E-40  8.114810E-22   5.000000E-01 NotAppl  4.767397E-15  3.258035E-13  
4.579526E+02  1.954687E-01  1.356914E+02  -1.112382E-02  1.000000E+00  1.321102E-03  3.635977E-24  2.806961E-12   5.000000E-01 NotAppl  4.044405E+00  0.000000E+00  
6.804465E+03  6.222744E-03  2.228156E-02  -4.148788E-03  1.000000E+00  1.476214E+01  4.764111E-28  1.594563E-15   5.000000E-01 NotAppl  3.307964E-05  0.000000E+00  
2.973662E+02  1.240044E+02  -1.239794E+02  2.079045E-01  1.000000E+00  9.706443E-04  6.833408E-24  2.372858E-09   5.695844E-34 LZ5Tmedian  1.188489E+01  0.000000E+00  
3.519027E+03  2.279304E+02  -2.279300E+02  -7.105370E-06  1.000000E+00  2.518224E-04  2.872207E-23  1.787439E-20   5.000000E-01 NotAppl  3.874176E+00  0.000000E+00  
2.239365E+03  1.924579E-03  6.789927E+00  -1.752524E-06  1.000000E+00  2.842719E-01  1.679702E-26  2.729085E-21   5.000000E-01 NotAppl  3.658040E-03  0.000000E+00  
6.290196E+03  2.225959E-04  5.230629E-02  9.837129E-05  1.000000E+00  1.264832E+01  5.580391E-28  1.051685E-18   5.000000E-01 NotAppl  4.196259E-05  0.000000E+00  
4.721803E+02  2.362927E+02  -2.324924E+02  -1.203956E-06  1.000000E+00  3.150382E-04  1.873155E-23  3.088662E-20   5.000000E-01 NotAppl  2.002593E+01  0.000000E+00  
2.547381E+03  1.512115E+01  -1.511924E+01  4.299870E-05  1.000000E+00  4.512453E-02  1.374884E-25  1.263603E-18   5.000000E-01 NotAppl  2.579970E-02  0.000000E+00  
1.670260E+02  1.271835E-01  1.458532E+01  7.473336E-03  1.000000E+00  9.297251E-03  7.229612E-25  9.996070E-12   5.000000E-01 NotAppl  2.306713E+00  0.000000E+00  
1.104416E+01  3.208665E+00  2.996343E+00  4.453549E+00  1.000000E+00  9.688622E-03  3.178778E-25  8.714875E-04   0.000000E+00 XENON1T_2018  2.118514E+01  2.525194E-01  
5.821175E+01  8.201320E+01  -8.200879E+01  -9.855368E-04  1.000000E+00  5.414162E-03  8.072504E-30  1.504334E-12   5.000000E-01 NotAppl  8.713116E-05  5.046991E-04  
1.227061E+03  4.748554E-01  -3.821961E-01  1.072984E-07  1.000000E+00  5.388983E-01  1.464002E-26  3.487096E-23   5.000000E-01 NotAppl  5.832145E-03  0.000000E+00  
2.586475E+02  1.731646E-01  4.330195E-01  -3.448517E-10  1.000000E+00  2.774409E-02  3.002776E-25  8.687343E-27   5.000000E-01 NotAppl  5.998217E-01  0.000000E+00  
2.292928E+02  3.344770E-02  -3.334230E-02  -6.606721E-02  1.000000E+00  2.247567E-02  3.758779E-25  4.081048E-10   4.937109E-08 LZ5Tmedian  8.557384E-01  0.000000E+00  
2.571888E+01  3.829667E-02  -3.676126E-02  -6.766243E-09  1.000000E+00  3.207950E-03  1.011034E-41  3.727434E-22   5.000000E-01 NotAppl  2.606462E-16  5.960296E-14  
6.519466E+02  5.525372E+01  -5.517966E+01  9.784693E-02  1.000000E+00  3.671280E-03  1.813309E-24  1.054854E-10   2.040994E-01 NotAppl  1.385074E+00  0.000000E+00  
1.645921E+03  2.704414E-04  7.109876E-02  9.845132E+00  1.000000E+00  1.676928E-03  7.980995E-24  1.612926E-07   0.000000E+00 LZ5Tmedian  2.453392E+00  0.000000E+00  
8.499479E+02  4.917173E-04  4.601007E+01  2.811052E-09  1.000000E+00  8.273252E-03  5.684560E-25  5.064422E-26   5.000000E-01 NotAppl  3.356939E-01  0.000000E+00  
1.659088E+03  1.368278E-01  4.780378E+02  2.239551E-01  1.000000E+00  1.121391E-04  4.606284E-23  8.211809E-11   5.000000E-01 NotAppl  1.370486E+01  0.000000E+00  
3.867106E+01  1.338009E+01  -1.086992E+01  -5.747273E-04  1.000000E+00  1.648354E-03  1.276837E-31  1.176763E-12   5.000000E-01 NotAppl  2.113857E-06  1.007915E-04  
3.384241E+03  1.581188E+02  -1.374798E+02  1.905769E-03  1.000000E+00  4.418967E-04  1.419598E-23  1.392232E-15   5.000000E-01 NotAppl  1.993054E+00  0.000000E+00  
7.182279E+01  2.923236E-04  5.946268E-01  -4.535406E+00  1.000000E+00  1.388871E-04  3.102860E-23  2.074711E-05   0.000000E+00 XENON1T_2018  2.806975E+02  0.000000E+00  
1.052618E+02  5.102660E-04  8.605574E-02  -9.061286E-06  1.000000E+00  6.164403E-03  1.209907E-24  3.786402E-17   5.000000E-01 NotAppl  6.236415E+00  0.000000E+00  
2.547794E+01  1.892349E-01  -1.888724E-01  2.271895E-02  1.000000E+00  4.179660E-03  1.132181E-28  4.282963E-09   1.575209E-198 LZ5Tmedian  2.949535E-03  1.804701E-01  
2.538668E+03  6.725145E-02  -5.206762E-02  1.398155E-06  1.000000E+00  2.192148E+00  3.414382E-27  1.345366E-21   5.000000E-01 NotAppl  6.457838E-04  0.000000E+00  
1.243241E+01  1.282950E+01  3.535326E+01  -1.476336E+00  1.000000E+00  8.971663E-03  3.384372E-25  7.587377E-05   0.000000E+00 XENON1T_2018  1.972148E+01  3.294440E-01  
5.909526E+02  6.301806E+01  -6.261181E+01  4.366738E-03  1.000000E+00  3.082517E-03  2.122018E-24  2.568063E-13   5.000000E-01 NotAppl  1.794915E+00  0.000000E+00  
2.493328E+02  3.663654E-03  5.137542E+02  -4.209990E-01  1.000000E+00  5.381396E-04  7.977008E-24  1.395768E-08   9.182837E-232 LZ5Tmedian  1.670526E+01  0.000000E+00  
1.200667E+01  4.578982E+02  -4.575481E+02  -3.109503E-06  1.000000E+00  1.817954E-01  1.576574E-36  3.605158E-16   5.000000E-01 NotAppl  9.567543E-11  1.355686E-08  
1.861899E+02  1.056546E+01  -1.053453E+01  6.806702E-01  1.000000E+00  1.734979E-03  4.073070E-24  6.637255E-08   0.000000E+00 XENON1T_2018  1.156974E+01  0.000000E+00  
3.165081E+03  8.410024E+02  -8.408856E+02  -9.983687E-04  1.000000E+00  2.424550E-05  3.165388E-22  4.378509E-16   5.000000E-01 NotAppl  4.757515E+01  0.000000E+00  
6.930295E+01  1.580554E-03  2.288603E-02  -1.572257E-06  1.000000E+00  5.860023E-03  6.947889E-36  2.681936E-18   5.000000E-01 NotAppl  6.300137E-11  0.000000E+00  
5.240856E+03  9.636237E+02  -9.635896E+02  -2.446692E-08  1.000000E+00  1.711796E-05  4.535626E-22  9.427883E-26   5.000000E-01 NotAppl  4.080900E+01  0.000000E+00  
3.946054E+02  4.597854E-03  3.664908E+01  5.681607E-05  1.000000E+00  1.111564E-02  4.589289E-25  9.930236E-17   5.000000E-01 NotAppl  5.934715E-01  0.000000E+00  
8.441160E+01  1.242660E-04  6.033751E-01  -1.141725E-02  1.000000E+00  5.706544E-03  5.761171E-25  9.450655E-11   1.153075E-04 LZ5Tmedian  3.825624E+00  0.000000E+00  
4.619213E+01  8.294313E-04  8.764691E+02  -1.955037E-03  1.000000E+00  5.387334E-04  2.708391E-30  9.485198E-12   2.961218E-01 NotAppl  3.721145E-05  3.637772E-03  
4.636374E+01  1.194960E-03  1.197880E+01  1.892678E-01  1.000000E+00  6.185199E-04  2.584590E-26  8.822878E-08   0.000000E+00 XENON1T_2018  3.536814E-01  2.608988E-01  
3.890769E+02  2.297231E+02  -2.297173E+02  -1.479157E-02  1.000000E+00  4.371248E-04  1.574879E-23  6.927643E-12   5.000000E-01 NotAppl  2.062851E+01  0.000000E+00  
1.310774E+01  1.011551E-01  6.705971E+02  2.211726E-07  1.000000E+00  9.195455E-04  8.222362E-39  1.533985E-18   5.000000E-01 NotAppl  4.504890E-13  6.832030E-11  
2.170529E+02  1.599178E+02  -1.591367E+02  1.148546E-08  1.000000E+00  9.577632E-04  6.240059E-24  1.380103E-23   5.000000E-01 NotAppl  1.510840E+01  0.000000E+00  
1.441171E+03  8.141004E+01  -8.082789E+01  4.045474E-03  1.000000E+00  1.834217E-03  3.695338E-24  3.570615E-14   5.000000E-01 NotAppl  1.243867E+00  0.000000E+00  
1.876662E+03  7.325948E-03  5.767517E-01  -6.011051E-02  1.000000E+00  1.183725E+00  6.417088E-27  4.601927E-12   5.000000E-01 NotAppl  1.657078E-03  0.000000E+00  
2.063088E+02  3.694973E-02  6.962396E+01  -2.858814E-06  1.000000E+00  4.139993E-03  1.271281E-24  9.487788E-19   5.000000E-01 NotAppl  3.195724E+00  0.000000E+00  
8.733482E+02  1.793446E-03  -1.244761E-03  1.286654E-01  1.000000E+00  2.523625E-01  3.404207E-26  1.003757E-10   3.217862E-01 NotAppl  1.943574E-02  0.000000E+00  
1.944794E+02  7.876912E+00  -7.875777E+00  9.731455E-07  1.000000E+00  1.224462E-02  5.444551E-25  1.240797E-19   5.000000E-01 NotAppl  1.466179E+00  0.000000E+00  
5.239076E+02  7.309052E+01  -7.308970E+01  3.346815E-01  1.000000E+00  1.889173E-03  3.566870E-24  1.929658E-09   2.288042E-16 LZ5Tmedian  3.426901E+00  0.000000E+00  
2.060497E+03  3.111525E+00  -5.871718E-01  -2.856531E-10  1.000000E+00  5.702455E-01  1.259414E-26  8.590370E-29   5.000000E-01 NotAppl  2.950307E-03  0.000000E+00  
2.763990E+02  5.910407E+02  -5.872905E+02  -4.163773E-07  1.000000E+00  1.989443E-04  2.601083E-23  1.105478E-20   5.000000E-01 NotAppl  4.882554E+01  0.000000E+00  
5.516391E+01  9.813660E+02  -9.813154E+02  -3.435426E-06  1.000000E+00  3.582035E-03  3.521398E-35  2.039853E-17   5.000000E-01 NotAppl  4.020004E-10  7.927147E-09  
4.988312E+02  3.268278E-01  1.437431E+02  9.625631E-08  1.000000E+00  1.165728E-03  4.135526E-24  1.764559E-22   5.000000E-01 NotAppl  4.214390E+00  0.000000E+00  
1.681787E+02  1.773268E-03  1.244956E-02  9.063269E-06  1.000000E+00  1.302024E-02  6.346550E-25  1.449597E-17   5.000000E-01 NotAppl  2.016601E+00  0.000000E+00  
6.949604E+01  3.865461E+02  -2.629634E+02  -9.462762E-06  1.000000E+00  3.395259E+00  2.372786E-34  9.659830E-17   5.000000E-01 NotAppl  2.144860E-09  0.000000E+00  
5.116562E+03  1.561538E+00  9.339049E+00  -2.132124E-08  1.000000E+00  1.444053E-01  3.430029E-26  7.517342E-26   5.000000E-01 NotAppl  3.228316E-03  0.000000E+00  
4.372563E+01  2.085372E+00  -2.052455E+00  -3.052628E-08  1.000000E+00  6.042601E-05  5.227265E-40  2.585843E-21   5.000000E-01 NotAppl  7.623213E-15  8.816294E-13  
1.167934E+02  1.680699E-04  6.455156E-02  -7.702533E-07  1.000000E+00  7.126230E-03  1.097694E-24  2.210871E-19   5.000000E-01 NotAppl  5.080802E+00  0.000000E+00  
1.854791E+02  7.622779E-02  4.774914E+02  2.314638E-04  1.000000E+00  8.594509E-04  5.306744E-24  7.735449E-15   5.000000E-01 NotAppl  1.482877E+01  0.000000E+00  
1.133822E+02  2.416186E+02  -5.402316E+01  -1.894739E-08  1.000000E+00  7.680792E-04  3.829571E-24  1.421625E-22   5.000000E-01 NotAppl  1.839687E+01  0.000000E+00  
4.621259E+03  1.344592E+02  -1.178489E+02  2.555021E-07  1.000000E+00  6.389019E-04  1.044373E-23  1.327810E-23   5.000000E-01 NotAppl  1.067843E+00  0.000000E+00  
3.688064E+01  5.701737E-02  -5.538531E-02  3.639416E-03  1.000000E+00  1.935667E-04  4.606117E-30  5.195904E-11   1.221161E-03 LZ5Tmedian  8.032517E-05  1.436194E-02  
5.093527E+02  1.022931E-02  3.055013E+00  -2.485705E-08  1.000000E+00  9.411415E-02  8.470991E-26  1.127557E-23   5.000000E-01 NotAppl  8.362528E-02  0.000000E+00  
1.222989E+01  2.443015E+01  -2.435501E+01  -8.743443E-06  1.000000E+00  1.463260E-01  1.254972E-35  2.748834E-15   5.000000E-01 NotAppl  7.453756E-10  2.213875E-08  
2.112903E+02  8.271550E-02  -8.195173E-02  1.756148E-01  1.000000E+00  1.419748E-02  6.855613E-25  3.409436E-09   1.393205E-66 LZ5Tmedian  1.715316E+00  0.000000E+00  
3.522434E+03  6.892472E-03  3.706907E+02  -3.442558E-01  1.000000E+00  1.528795E-04  3.304725E-23  4.187600E-11   5.000000E-01 NotAppl  4.548480E+00  0.000000E+00  
2.902074E+02  1.161250E+00  1.605340E+02  -9.949651E-03  1.000000E+00  1.213802E-03  3.817650E-24  5.712574E-12   5.000000E-01 NotAppl  6.762710E+00  0.000000E+00  
5.887466E+03  2.721093E-04  5.386261E+01  -5.006244E-03  1.000000E+00  6.184847E-03  7.765797E-25  3.115814E-15   5.000000E-01 NotAppl  6.346497E-02  0.000000E+00  
2.905325E+01  6.281606E+02  -6.281591E+02  -1.679316E-06  1.000000E+00  1.198307E-02  6.917011E-37  1.794528E-17   5.000000E-01 NotAppl  1.559026E-11  3.567721E-09  
7.151521E+02  5.098572E+02  -5.086318E+02  -5.987517E-10  1.000000E+00  9.878799E-05  7.139888E-23  3.269370E-27   5.000000E-01 NotAppl  4.953171E+01  0.000000E+00  
4.867385E+02  3.556741E+01  -3.556707E+01  -8.816296E-03  1.000000E+00  8.496269E-03  7.520225E-25  1.556495E-12   5.000000E-01 NotAppl  7.787999E-01  0.000000E+00  
1.058898E+03  2.255011E+02  8.792797E+00  1.924879E-05  1.000000E+00  9.988774E-05  3.561471E-23  1.516022E-18   5.000000E-01 NotAppl  1.657544E+01  0.000000E+00  
1.835701E+01  2.194890E+02  -2.061660E+02  1.072035E-05  1.000000E+00  1.473456E+03  2.144238E-35  1.843573E-15   5.000000E-01 NotAppl  7.999966E-10  9.587878E-08  
1.275644E+03  9.680250E+02  -9.680244E+02  -9.777833E-05  1.000000E+00  3.061458E-05  2.495635E-22  2.675230E-17   5.000000E-01 NotAppl  9.520505E+01  0.000000E+00  
4.349697E+02  2.257487E-03  -2.016988E-03  1.865961E-10  1.000000E+00  7.613984E-02  1.114489E-25  8.775617E-28   5.000000E-01 NotAppl  1.295678E-01  0.000000E+00  
5.542496E+03  1.162113E-03  4.267168E+00  1.487863E-03  1.000000E+00  7.698750E-01  5.642939E-27  3.111519E-16   5.000000E-01 NotAppl  4.893388E-04  0.000000E+00  
1.181548E+01  1.919181E+02  -1.706154E+02  4.258872E-03  1.000000E+00  4.668658E+02  2.939590E-30  6.979949E-10   2.359793E-06 LZ5Tmedian  1.817764E-04  9.511814E-03  
4.033811E+03  4.053926E-04  3.696094E-01  -8.323832E-01  1.000000E+00  9.035785E-01  1.116367E-26  1.858138E-10   5.000000E-01 NotAppl  1.387061E-03  0.000000E+00  
1.138813E+02  1.534239E+00  -1.514138E+00  -9.520449E-09  1.000000E+00  6.390562E-03  1.139612E-24  3.557060E-23   5.000000E-01 NotAppl  5.414397E+00  0.000000E+00  
4.227120E+01  1.493649E-02  2.438300E-02  7.956021E-08  1.000000E+00  2.301972E-04  3.149175E-39  1.881666E-20   5.000000E-01 NotAppl  4.757449E-14  6.660010E-12  
9.976860E+03  3.493097E-02  -2.941200E-02  -1.436486E-06  1.000000E+00  3.095992E+01  2.223583E-28  8.787249E-23   5.000000E-01 NotAppl  1.048389E-05  0.000000E+00  
8.624187E+03  1.264452E+02  -1.217299E+02  9.666145E-09  1.000000E+00  7.635492E-04  9.313239E-24  5.348452E-27   5.000000E-01 NotAppl  5.059588E-01  0.000000E+00  
7.239233E+01  9.767769E-03  3.001941E-01  2.296121E-04  1.000000E+00  6.193065E-03  6.731070E-32  5.232489E-14   5.000000E-01 NotAppl  5.796494E-07  0.000000E+00  
1.160859E+01  2.576304E+02  -2.151355E+02  6.805545E-05  1.000000E+00  5.202236E+05  7.454632E-34  1.845342E-13   5.000000E-01 NotAppl  4.705479E-08  8.674532E-07  
1.789218E+01  3.369283E-01  1.761785E+00  1.022923E-01  1.000000E+00  2.593594E-03  1.935473E-27  1.766924E-07   0.000000E+00 XENON1T_2018  7.427877E-02  2.424425E-01  
4.590455E+01  3.598757E+02  -3.598577E+02  1.268456E-08  1.000000E+00  7.970153E-05  1.106855E-40  4.043990E-22   5.000000E-01 NotAppl  1.530901E-15  1.560198E-13  
6.933023E+02  1.725801E-01  -1.724538E-01  5.670758E-08  1.000000E+00  1.846845E-01  4.486043E-26  3.124618E-23   5.000000E-01 NotAppl  3.217365E-02  0.000000E+00  
8.709410E+01  8.175513E-04  4.363765E+02  -1.996784E-10  1.000000E+00  4.250560E-03  7.296791E-25  2.711183E-26   5.000000E-01 NotAppl  4.676396E+00  0.000000E+00  
4.322729E+03  5.814424E-02  1.099556E+00  3.361625E-07  1.000000E+00  3.959752E+00  1.543072E-27  2.632844E-23   5.000000E-01 NotAppl  1.703935E-04  0.000000E+00  
5.494652E+01  5.496454E-02  3.694605E+02  -1.272146E-03  1.000000E+00  3.120935E-03  4.572285E-30  2.819739E-12   5.000000E-01 NotAppl  5.260376E-05  1.098762E-03  
1.819569E+01  1.032610E-01  6.649506E-02  4.189568E-06  1.000000E+00  2.246697E-03  3.265001E-36  2.865854E-16   5.000000E-01 NotAppl  1.229707E-10  2.398404E-08  
5.796915E+01  6.101948E+00  2.281664E+02  3.591223E-01  1.000000E+00  4.053678E-04  9.625169E-25  2.014576E-07   0.000000E+00 XENON1T_2018  1.044891E+01  9.857133E-01  
4.218130E+02  1.764324E-01  -1.762585E-01  3.752886E-10  1.000000E+00  7.154564E-02  1.183170E-25  3.780047E-27   5.000000E-01 NotAppl  1.420095E-01  0.000000E+00  
5.420338E+02  1.435826E+00  -1.433255E+00  6.715113E-10  1.000000E+00  1.105631E-01  7.393108E-26  7.246376E-27   5.000000E-01 NotAppl  6.840421E-02  0.000000E+00  
9.702715E+02  4.657766E-03  6.878039E-03  -3.778048E-09  1.000000E+00  3.507972E-01  2.309753E-26  6.981027E-26   5.000000E-01 NotAppl  1.171247E-02  0.000000E+00  
5.808532E+03  3.540284E-03  1.292062E-03  2.036804E-05  1.000000E+00  1.086269E+01  6.534739E-28  5.301030E-20   5.000000E-01 NotAppl  5.326880E-05  0.000000E+00  
5.968300E+02  2.250291E+02  -2.130900E+02  4.696307E-02  1.000000E+00  2.504915E-04  1.993075E-23  2.910840E-11   5.000000E-01 NotAppl  1.668556E+01  0.000000E+00  
9.258165E+02  7.895352E-04  1.326126E+00  -7.805999E-06  1.000000E+00  3.073990E-01  2.583118E-26  3.279637E-19   5.000000E-01 NotAppl  1.375181E-02  0.000000E+00  
3.614072E+01  3.887542E-04  4.660214E+01  -1.241411E-04  1.000000E+00  3.591209E-04  5.146633E-33  6.299487E-14   5.000000E-01 NotAppl  9.154243E-08  1.795923E-05  
7.027417E+03  7.781356E+00  -7.688942E+00  2.205432E-09  1.000000E+00  1.658593E-01  3.617514E-26  4.220247E-28   5.000000E-01 NotAppl  2.417494E-03  0.000000E+00  
1.616078E+03  6.286360E-01  4.962836E+02  -8.253403E-07  1.000000E+00  1.062389E-04  4.825767E-23  1.176623E-21   5.000000E-01 NotAppl  1.474868E+01  0.000000E+00  
5.995130E+01  2.568780E-01  1.886811E+01  -3.360185E-09  1.000000E+00  4.209992E-03  2.585893E-40  1.646774E-23   5.000000E-01 NotAppl  2.719224E-15  4.554986E-15  
2.705883E+01  3.774038E+02  -1.359268E+02  9.062040E-03  1.000000E+00  8.291281E+01  1.886683E-29  6.034020E-10   4.234963E-30 LZ5Tmedian  4.593526E-04  9.565497E-02  
5.672952E+03  1.971324E+01  -9.725299E+00  -1.104238E-02  1.000000E+00  2.864050E-02  2.554885E-25  1.634689E-14   5.000000E-01 NotAppl  2.126178E-02  0.000000E+00  
1.607689E+01  3.082771E-03  4.323450E+02  -2.733008E+00  1.000000E+00  8.554497E-04  7.644042E-25  1.561667E-04   0.000000E+00 XENON1T_2018  3.315455E+01  3.333259E-01  
5.192681E+01  1.086410E+02  -1.085528E+02  4.014318E-03  1.000000E+00  1.942718E-03  2.445891E-29  3.150720E-11   1.981828E-02 LZ5Tmedian  2.983787E-04  1.246974E-02  
7.635384E+02  5.296255E-03  2.701993E-04  4.107617E-01  1.000000E+00  9.452756E-02  1.095533E-25  1.346088E-09   2.888004E-08 LZ5Tmedian  7.401999E-02  0.000000E+00  
1.187418E+03  2.218764E+00  -2.218641E+00  2.137985E-08  1.000000E+00  4.039399E-01  1.837794E-26  1.480425E-24   5.000000E-01 NotAppl  7.569128E-03  0.000000E+00  
1.275862E+01  1.700022E+01  -1.698249E+01  9.771772E-03  1.000000E+00  1.323780E-01  1.590782E-29  3.158418E-09   9.667852E-35 LZ5Tmedian  8.993428E-04  3.146070E-02  
7.222374E+03  8.861711E-03  8.466004E+02  -1.082805E-07  1.000000E+00  3.099770E-05  1.716647E-22  9.622950E-25   5.000000E-01 NotAppl  1.139976E+01  0.000000E+00  
3.552085E+02  1.875836E-02  3.863793E+02  -1.447503E-05  1.000000E+00  3.862024E-04  1.258449E-23  7.993672E-18   5.000000E-01 NotAppl  1.815029E+01  0.000000E+00  
7.461887E+03  3.906000E+00  1.361835E+01  -4.727115E-04  1.000000E+00  5.956046E-02  9.213132E-26  1.716395E-17   5.000000E-01 NotAppl  5.906278E-03  0.000000E+00  
3.375814E+01  1.165522E-03  1.029384E+01  1.551259E-03  1.000000E+00  1.163291E-03  7.136828E-31  1.129698E-11   2.395559E-01 NotAppl  1.365378E-05  1.560999E-03  
1.367635E+03  8.376816E-02  -6.832674E-02  1.123863E+00  1.000000E+00  6.483828E-02  1.764708E-25  3.066327E-09   2.237275E-10 LZ5Tmedian  6.632386E-02  0.000000E+00  
5.363155E+02  3.357573E+01  7.785339E+02  -1.996038E-01  1.000000E+00  9.130565E-05  3.899277E-23  6.542858E-10   6.557019E-06 LZ5Tmedian  3.691007E+01  0.000000E+00  
2.734970E+03  2.211906E+00  2.894238E+01  3.287288E-02  1.000000E+00  1.815926E-02  2.682915E-25  6.390618E-13   5.000000E-01 NotAppl  4.779661E-02  0.000000E+00  
7.265518E+03  2.418117E+01  -1.150400E+01  6.961937E-08  1.000000E+00  1.929477E-02  3.879906E-25  3.930178E-25   5.000000E-01 NotAppl  2.512882E-02  0.000000E+00  
1.992330E+02  1.519151E-01  -1.517683E-01  1.758047E-07  1.000000E+00  1.752514E-02  4.820494E-25  3.854015E-21   5.000000E-01 NotAppl  1.264545E+00  0.000000E+00  
2.161011E+01  1.039083E+02  5.915033E+02  -3.435332E-07  1.000000E+00  4.975988E+06  2.351786E-38  1.364577E-18   5.000000E-01 NotAppl  7.326477E-13  1.582329E-10  
8.248962E+02  1.425929E-02  8.372811E+02  -1.512915E-01  1.000000E+00  7.840219E-05  6.563311E-23  1.559396E-10   1.551159E-01 NotAppl  4.000080E+01  0.000000E+00  
5.839680E+03  4.324301E-03  6.892642E+01  -6.056870E-09  1.000000E+00  3.829869E-03  1.268602E-24  4.636892E-27   5.000000E-01 NotAppl  1.045396E-01  0.000000E+00  
2.186646E+01  7.328104E-01  8.129401E+01  2.472732E-09  1.000000E+00  5.821679E-03  1.225457E-42  6.904199E-23   5.000000E-01 NotAppl  3.768990E-17  8.155240E-15  
8.786381E+02  1.266637E+02  -1.264761E+02  -2.909846E-07  1.000000E+00  8.576801E-04  8.098944E-24  5.070953E-22   5.000000E-01 NotAppl  4.540264E+00  0.000000E+00  
2.725922E+02  3.733347E-03  1.807055E+00  4.116057E-04  1.000000E+00  3.006677E-02  2.735248E-25  1.111410E-14   5.000000E-01 NotAppl  5.172321E-01  0.000000E+00  
9.518734E+01  1.940249E-02  -1.835328E-02  8.102635E-08  1.000000E+00  5.630813E-03  1.170914E-24  3.720983E-21   5.000000E-01 NotAppl  6.722037E+00  0.000000E+00  
2.235970E+01  5.919105E+01  -5.918902E+01  -1.164330E-07  1.000000E+00  3.203032E-02  2.747433E-39  1.463584E-19   5.000000E-01 NotAppl  8.246817E-14  1.809070E-11  
1.140054E+03  1.180937E+00  -1.098455E+00  -2.237763E-06  1.000000E+00  4.423173E-01  1.760925E-26  1.762287E-20   5.000000E-01 NotAppl  7.564408E-03  0.000000E+00  
2.297911E+01  1.445499E-02  -1.184250E-02  -4.350307E-09  1.000000E+00  2.825077E-03  3.891688E-42  1.933796E-22   5.000000E-01 NotAppl  1.133229E-16  2.514011E-14  
3.374790E+02  1.722758E+01  -1.722592E+01  1.522560E-10  1.000000E+00  1.841875E-02  3.426177E-25  9.821452E-28   5.000000E-01 NotAppl  5.198381E-01  0.000000E+00  
7.445942E+03  1.437203E-01  -1.411768E-01  -8.467609E-04  1.000000E+00  1.690334E+01  4.097215E-28  5.531385E-17   5.000000E-01 NotAppl  2.596380E-05  0.000000E+00  
9.250477E+03  1.207869E-01  3.198381E+02  5.373641E+00  1.000000E+00  1.896428E-04  2.822592E-23  1.433651E-09   2.129672E-01 NotAppl  1.459159E+00  0.000000E+00  
4.217231E+03  8.896297E-03  -8.666918E-03  8.892224E-01  1.000000E+00  8.453019E-01  1.208339E-26  1.937188E-10   5.000000E-01 NotAppl  1.432514E-03  0.000000E+00  
3.549652E+01  1.864187E-02  1.115786E-01  -1.057181E-08  1.000000E+00  5.114886E-04  3.608402E-41  4.738420E-22   5.000000E-01 NotAppl  6.542309E-16  1.313851E-13  
1.410591E+03  4.222636E+00  -4.222483E+00  -9.813836E-04  1.000000E+00  3.098457E-01  2.141440E-26  2.195217E-15   5.000000E-01 NotAppl  7.381989E-03  0.000000E+00  
4.810295E+03  8.734715E-02  3.694048E+02  4.243102E+00  1.000000E+00  1.441316E-04  3.675853E-23  3.375280E-09   9.173859E-04 LZ5Tmedian  3.689401E+00  0.000000E+00  
2.527633E+01  9.217432E-04  -7.634430E-04  6.797116E-08  1.000000E+00  2.928590E-03  1.007743E-39  3.895672E-20   5.000000E-01 NotAppl  2.646288E-14  6.035767E-12  
4.016564E+02  1.996336E-02  1.065357E+02  -3.142544E-01  1.000000E+00  2.206610E-03  1.983942E-24  2.929816E-09   1.777734E-31 LZ5Tmedian  2.539375E+00  0.000000E+00  
8.863008E+03  2.110469E-02  6.871925E+01  -2.166551E-07  1.000000E+00  3.883499E-03  1.266492E-24  2.542014E-24   5.000000E-01 NotAppl  6.835421E-02  0.000000E+00  
1.797828E+03  9.010248E+01  -9.008426E+01  -2.420665E-02  1.000000E+00  1.520142E-03  4.532165E-24  8.145020E-13   5.000000E-01 NotAppl  1.215541E+00  0.000000E+00  
4.676972E+03  1.690920E-04  1.154375E+01  -5.990620E-03  1.000000E+00  1.197249E-01  3.678726E-26  7.123729E-15   5.000000E-01 NotAppl  3.795681E-03  0.000000E+00  
6.446468E+01  4.314693E-04  3.996858E-01  -1.387827E-10  1.000000E+00  4.770758E-03  6.940843E-43  2.422379E-26   5.000000E-01 NotAppl  6.775414E-18  0.000000E+00  
2.666071E+02  2.894338E-03  -1.082488E-03  -5.352719E-07  1.000000E+00  3.013488E-02  2.832886E-25  1.967018E-20   5.000000E-01 NotAppl  5.482568E-01  0.000000E+00  
5.867030E+03  1.646669E+00  -1.646350E+00  1.891761E-06  1.000000E+00  2.586814E+00  2.241674E-27  4.480733E-22   5.000000E-01 NotAppl  1.801672E-04  0.000000E+00  
9.734016E+02  3.336340E-04  3.975151E-02  1.375128E-04  1.000000E+00  3.529014E-01  2.295157E-26  9.187888E-17   5.000000E-01 NotAppl  1.159992E-02  0.000000E+00  
3.094614E+03  2.861834E-03  6.360530E-02  -3.735679E-09  1.000000E+00  3.209301E+00  2.299360E-27  6.417854E-27   5.000000E-01 NotAppl  3.553799E-04  0.000000E+00  
2.055627E+02  7.326286E-01  5.366135E-01  -2.113135E-06  1.000000E+00  1.696226E-02  4.587127E-25  5.222419E-19   5.000000E-01 NotAppl  1.164644E+00  0.000000E+00  
1.936562E+01  2.088139E-04  1.571011E+01  -1.164394E-04  1.000000E+00  1.253765E-03  2.579206E-33  1.953896E-13   5.000000E-01 NotAppl  9.062435E-08  9.216855E-06  
2.230651E+02  3.483562E-02  2.686628E-02  -5.313460E-05  1.000000E+00  2.158791E-02  3.934787E-25  2.792908E-16   5.000000E-01 NotAppl  9.173581E-01  0.000000E+00  
3.704126E+03  2.725936E+00  2.435132E+00  -3.730348E-01  1.000000E+00  6.975954E-01  6.778635E-27  4.438739E-11   5.000000E-01 NotAppl  8.973734E-04  0.000000E+00  
1.943933E+03  4.922534E+02  -7.899905E+01  3.330718E+00  1.000000E+00  2.248607E-05  1.651371E-22  1.315061E-08   6.515307E-30 LZ5Tmedian  4.111315E+01  0.000000E+00  
2.777865E+02  1.134438E-03  4.973734E-01  7.647239E+00  1.000000E+00  1.211297E-05  1.263035E-21  3.690892E-06   0.000000E+00 XENON1T_2018  2.805219E+03  0.000000E+00  
1.040144E+01  2.235268E+01  -7.150596E+00  -2.515388E-09  1.000000E+00  2.628161E+05  9.692238E-43  3.126307E-22   5.000000E-01 NotAppl  6.962189E-17  2.180413E-15  
9.801372E+03  2.006865E-03  2.450014E-02  2.706876E-03  1.000000E+00  2.998247E+01  2.299125E-28  3.234698E-16   5.000000E-01 NotAppl  1.103668E-05  0.000000E+00  
2.556187E+01  1.929872E-01  5.592197E-01  3.436501E-04  1.000000E+00  3.010124E-03  2.596460E-32  9.734588E-13   5.000000E-01 NotAppl  6.739417E-07  1.531734E-04  
5.962049E+02  3.178854E-02  4.584042E+02  -2.403193E+00  1.000000E+00  2.223344E-04  2.041111E-23  7.638591E-08   0.000000E+00 LZ5Tmedian  1.770794E+01  0.000000E+00  
5.062235E+03  2.454886E+00  -2.274772E+00  -3.278850E-06  1.000000E+00  1.342383E+00  4.426436E-27  1.816808E-21   5.000000E-01 NotAppl  4.129882E-04  0.000000E+00  
6.852544E+02  2.382025E-04  -2.139983E-05  -3.784859E-08  1.000000E+00  1.811112E-01  4.587841E-26  1.425528E-23   5.000000E-01 NotAppl  3.330317E-02  0.000000E+00  
1.192944E+01  5.810409E-03  1.050572E+02  -5.825094E-08  1.000000E+00  5.557911E-04  5.519420E-40  1.281342E-19   5.000000E-01 NotAppl  3.374913E-14  4.757861E-12  
2.479995E+01  8.215094E+01  6.992638E+02  -4.742389E-04  1.000000E+00  1.812177E+04  4.842355E-32  1.970620E-12   5.000000E-01 NotAppl  1.298454E-06  2.949015E-04  
8.922806E+01  1.517168E-04  4.294228E+00  8.618450E-02  1.000000E+00  3.606775E-03  1.457556E-24  4.806291E-09   2.733408E-193 LZ5Tmedian  9.116090E+00  0.000000E+00  
3.717847E+02  1.184758E-02  3.092366E+01  -4.663348E-02  1.000000E+00  1.435498E-02  3.584170E-25  7.557180E-11   1.397449E-01 NotAppl  4.927264E-01  0.000000E+00  
8.844161E+03  1.170078E-03  3.045549E+01  2.143630E+00  1.000000E+00  1.689980E-02  3.225755E-25  2.499297E-10   5.000000E-01 NotAppl  1.747729E-02  0.000000E+00  
1.489699E+01  1.957604E+01  -1.947176E+01  5.888811E-02  1.000000E+00  9.350173E-02  6.062393E-28  8.438210E-08   0.000000E+00 XENON1T_2018  2.865548E-02  1.564988E-01  
2.598707E+03  8.443376E-03  8.966307E-01  4.253241E-10  1.000000E+00  2.035089E+00  3.477747E-27  1.187091E-28   5.000000E-01 NotAppl  6.429585E-04  0.000000E+00  
7.603770E+02  1.145018E-03  1.710860E-03  9.458680E-06  1.000000E+00  2.207560E-01  3.738296E-26  7.198394E-19   5.000000E-01 NotAppl  2.437093E-02  0.000000E+00  
7.081674E+02  3.534151E-04  1.062782E-01  2.033584E-09  1.000000E+00  1.926395E-01  4.301006E-26  3.847811E-26   5.000000E-01 NotAppl  3.017766E-02  0.000000E+00  
5.206022E+03  2.535525E+01  -2.535377E+01  1.093521E-09  1.000000E+00  1.698119E-02  3.786526E-25  1.909100E-28   5.000000E-01 NotAppl  3.430152E-02  0.000000E+00  
5.011187E+01  1.274010E-02  4.250520E-01  3.819463E-02  1.000000E+00  1.727607E-03  1.665882E-27  3.066777E-09   2.609014E-168 LZ5Tmedian  2.102996E-02  2.053539E-01  
3.615589E+02  1.171851E-01  -8.287977E-02  -1.318909E-04  1.000000E+00  5.340174E-02  1.591643E-25  6.400075E-16   5.000000E-01 NotAppl  2.242351E-01  0.000000E+00  
2.489808E+01  1.478470E-01  1.073867E+01  -8.953281E-08  1.000000E+00  2.403880E-03  1.730582E-39  6.968070E-20   5.000000E-01 NotAppl  4.624698E-14  6.586617E-12  
1.206408E+02  1.747501E+02  -1.747499E+02  -1.119691E-05  1.000000E+00  1.801683E-03  3.200144E-24  4.371557E-17   5.000000E-01 NotAppl  1.454538E+01  0.000000E+00  
4.895792E+02  4.585129E+02  -2.415679E+02  -1.069579E-04  1.000000E+00  6.733220E-05  5.304704E-23  2.263771E-16   5.000000E-01 NotAppl  5.468257E+01  0.000000E+00  
1.852447E+01  1.015367E-04  2.052605E+02  2.753267E-05  1.000000E+00  1.161406E-03  1.418862E-34  1.194106E-14   5.000000E-01 NotAppl  5.240342E-09  1.034174E-06  
6.042732E+02  2.750998E-04  2.978225E-03  1.159518E-04  1.000000E+00  1.425141E-01  5.872695E-26  1.730046E-16   5.000000E-01 NotAppl  4.855210E-02  0.000000E+00  
9.866029E+02  8.976621E+01  -8.967319E+01  -6.663167E-07  1.000000E+00  1.586879E-03  4.319216E-24  2.098688E-21   5.000000E-01 NotAppl  2.147894E+00  0.000000E+00  
5.121569E+01  1.537270E-02  3.614459E-02  -2.795264E-07  1.000000E+00  2.010372E-03  1.054457E-37  1.571225E-19   5.000000E-01 NotAppl  1.305183E-12  6.396827E-11  
2.897721E+03  6.752326E-03  4.135448E-01  -6.164486E-07  1.000000E+00  2.736338E+00  2.668161E-27  1.997809E-22   5.000000E-01 NotAppl  4.411354E-04  0.000000E+00  
7.137312E+02  6.823001E-04  4.149930E-02  -3.158941E-07  1.000000E+00  1.956660E-01  4.234855E-26  9.137516E-22   5.000000E-01 NotAppl  2.947410E-02  0.000000E+00  
8.784453E+03  4.995314E+00  -4.989765E+00  -7.646949E-03  1.000000E+00  3.886624E-01  1.494287E-26  3.224548E-15   5.000000E-01 NotAppl  7.968820E-04  0.000000E+00  
5.753570E+01  9.078648E-02  -8.788867E-02  7.050068E-06  1.000000E+00  3.746381E-03  3.116499E-34  7.883785E-17   5.000000E-01 NotAppl  3.418905E-09  2.772637E-08  
6.248892E+02  6.470455E+00  -6.470214E+00  -3.250971E-06  1.000000E+00  8.919100E-02  7.924398E-26  1.269838E-19   5.000000E-01 NotAppl  6.326902E-02  0.000000E+00  
6.882973E+03  1.488094E-03  2.481132E-01  3.582993E-01  1.000000E+00  6.812992E+00  1.245890E-27  1.161900E-11   5.000000E-01 NotAppl  8.817784E-05  0.000000E+00  
1.142228E+01  7.012136E-01  1.600535E+02  -1.309704E-06  1.000000E+00  6.553650E-03  2.742896E-37  7.055126E-17   5.000000E-01 NotAppl  1.764818E-11  2.406850E-09  
9.985153E+02  2.301806E-04  1.920267E-02  1.618654E-08  1.000000E+00  3.704282E-01  2.182216E-26  1.208523E-24   5.000000E-01 NotAppl  1.074354E-02  0.000000E+00  
1.445430E+02  6.856202E+00  -6.742085E+00  2.263748E-07  1.000000E+00  7.448649E-03  8.558873E-25  1.233565E-20   5.000000E-01 NotAppl  3.182710E+00  0.000000E+00  
4.143225E+03  2.625984E-03  1.098490E+01  -1.044972E-02  1.000000E+00  1.309157E-01  3.357792E-26  2.773313E-14   5.000000E-01 NotAppl  3.916799E-03  0.000000E+00  
2.446103E+02  7.753528E+00  -1.215229E+00  4.811442E-02  1.000000E+00  1.165171E-02  4.395427E-25  1.895893E-10   6.381522E-04 LZ5Tmedian  9.332431E-01  0.000000E+00  
1.520547E+03  1.070859E-02  4.059220E-02  8.626103E-05  1.000000E+00  8.234703E-01  9.471428E-27  1.455304E-17   5.000000E-01 NotAppl  3.027898E-03  0.000000E+00  
1.430520E+02  1.707817E-01  -1.703456E-01  -1.235162E-07  1.000000E+00  9.816028E-03  8.274550E-25  3.751331E-21   5.000000E-01 NotAppl  3.106924E+00  0.000000E+00  
4.163621E+03  1.135657E-03  3.448588E+00  5.181318E-09  1.000000E+00  1.034643E+00  4.481931E-27  6.750388E-27   5.000000E-01 NotAppl  5.181821E-04  0.000000E+00  
3.359940E+02  1.336628E-04  7.252410E-01  1.234589E-09  1.000000E+00  4.596654E-02  1.833871E-25  6.516161E-26   5.000000E-01 NotAppl  2.788904E-01  0.000000E+00  
1.743517E+03  3.305098E-03  8.488106E-01  -1.284500E-05  1.000000E+00  1.014303E+00  7.410354E-27  2.441428E-19   5.000000E-01 NotAppl  2.059790E-03  0.000000E+00  
1.107574E+03  6.298021E-03  1.671843E+02  8.481484E-08  1.000000E+00  7.587762E-04  6.453740E-24  2.685394E-23   5.000000E-01 NotAppl  2.906750E+00  0.000000E+00  
2.071287E+02  1.302441E-04  5.508140E-01  2.209298E-08  1.000000E+00  1.860557E-02  4.502607E-25  5.620461E-23   5.000000E-01 NotAppl  1.134134E+00  0.000000E+00  
2.642438E+03  1.411236E+02  -1.411215E+02  7.927656E-06  1.000000E+00  6.338510E-04  1.113512E-23  3.986497E-20   5.000000E-01 NotAppl  2.012438E+00  0.000000E+00  
2.206645E+02  1.828415E-04  4.714186E-03  8.535715E-07  1.000000E+00  2.121446E-02  4.012092E-25  7.369020E-20   5.000000E-01 NotAppl  9.460062E-01  0.000000E+00  
5.388939E+02  1.616521E-01  4.219104E+01  -1.189493E-03  1.000000E+00  9.358805E-03  5.148339E-25  2.300885E-14   5.000000E-01 NotAppl  4.841717E-01  0.000000E+00  
3.380320E+02  1.318390E+01  -1.318011E+01  1.016186E-09  1.000000E+00  2.334399E-02  2.774510E-25  4.360304E-26   5.000000E-01 NotAppl  4.200331E-01  0.000000E+00  
4.909080E+02  6.643616E-01  7.555443E-01  1.908741E-05  1.000000E+00  9.051913E-02  8.908607E-26  7.169571E-18   5.000000E-01 NotAppl  9.135750E-02  0.000000E+00  
3.191997E+02  6.572171E-03  1.053441E-02  2.132563E-08  1.000000E+00  4.228476E-02  2.018430E-25  2.159443E-23   5.000000E-01 NotAppl  3.237839E-01  0.000000E+00  
1.124509E+02  8.257044E+01  -8.255867E+01  1.217774E-02  1.000000E+00  2.565880E-03  2.260934E-24  5.972587E-11   9.906952E-03 LZ5Tmedian  1.099916E+01  0.000000E+00  
1.076784E+01  9.337520E+02  -9.332718E+02  -2.419303E-07  1.000000E+00  2.728762E-01  9.119520E-39  2.702653E-18   5.000000E-01 NotAppl  6.288324E-13  8.236649E-11  
8.188206E+03  3.820171E+00  -2.659455E+00  1.832507E-03  1.000000E+00  6.984349E-01  9.326428E-27  2.135883E-16   5.000000E-01 NotAppl  5.345047E-04  0.000000E+00  
6.605090E+01  4.339110E-03  5.763192E-02  6.620068E-10  1.000000E+00  5.246603E-03  4.727032E-42  5.244997E-25   5.000000E-01 NotAppl  4.474488E-17  0.000000E+00  
4.070029E+01  1.508006E-03  2.477685E-02  8.211359E-05  1.000000E+00  1.089652E-04  2.983393E-33  2.164895E-14   5.000000E-01 NotAppl  4.689185E-08  7.309018E-06  
1.163066E+03  2.691574E-03  1.283778E-01  -6.077978E-01  1.000000E+00  1.279586E-01  8.345417E-26  1.248123E-09   2.440734E-05 LZ5Tmedian  3.699589E-02  0.000000E+00  
1.212466E+03  7.566447E-02  -7.221778E-02  2.786197E-10  1.000000E+00  5.352442E-01  1.485429E-26  2.409313E-28   5.000000E-01 NotAppl  5.990712E-03  0.000000E+00  
6.495600E+03  4.124137E-03  7.604385E-02  1.292667E-03  1.000000E+00  1.341346E+01  5.245215E-28  1.701238E-16   5.000000E-01 NotAppl  3.817829E-05  0.000000E+00  
1.303488E+03  5.594896E-01  -4.212544E-01  -7.988774E-09  1.000000E+00  5.999585E-01  1.305490E-26  1.708859E-25   5.000000E-01 NotAppl  4.888066E-03  0.000000E+00  
2.818925E+03  1.954059E-03  6.141770E-01  2.078529E-01  1.000000E+00  1.783284E+00  4.561001E-27  2.402407E-11   5.000000E-01 NotAppl  7.897918E-04  0.000000E+00  
1.129759E+03  3.721457E-01  -3.627477E-01  7.123783E-02  1.000000E+00  4.380141E-01  1.859970E-26  1.819321E-11   5.000000E-01 NotAppl  8.091881E-03  0.000000E+00  
2.578371E+01  2.862564E-01  4.563950E+00  -4.772567E-01  1.000000E+00  2.929847E-03  5.037924E-26  1.845064E-06   0.000000E+00 XENON1T_2018  1.294349E+00  2.554695E-01  
5.750195E+01  9.251017E+02  -8.693316E+02  8.829280E+00  1.000000E+00  3.645501E-04  8.586120E-24  1.237994E-04   0.000000E+00 XENON1T_2018  9.387285E+01  9.999774E-01  
1.368732E+02  1.758976E-04  1.214098E+02  -5.747911E-04  1.000000E+00  2.850031E-03  1.839880E-24  8.893386E-14   5.000000E-01 NotAppl  7.114027E+00  0.000000E+00  
5.628287E+03  4.702447E-01  -4.646468E-01  1.433425E-05  1.000000E+00  8.151911E+00  8.265995E-28  2.799222E-20   5.000000E-01 NotAppl  6.950824E-05  0.000000E+00  
2.613453E+02  9.234675E+00  6.846783E+02  -2.733085E-05  1.000000E+00  3.119952E-04  1.184770E-23  5.341923E-17   5.000000E-01 NotAppl  2.334725E+01  0.000000E+00  
1.365878E+03  1.067358E-02  6.425859E+02  1.523896E-05  1.000000E+00  7.670972E-05  6.781410E-23  5.652504E-19   5.000000E-01 NotAppl  2.463396E+01  0.000000E+00  
1.792758E+01  1.544844E-02  3.690541E-01  2.891540E-03  1.000000E+00  1.415767E-03  1.547463E-30  1.406286E-10   1.330938E-04 LZ5Tmedian  5.928582E-05  1.089526E-02  
6.042365E+03  5.480950E-03  8.912656E+02  -3.737283E+00  1.000000E+00  2.915031E-05  1.803528E-22  1.647167E-09   6.597327E-02 LZ5Tmedian  1.435610E+01  0.000000E+00  
5.166068E+03  1.555284E-04  5.589652E-01  -4.949025E-06  1.000000E+00  7.272824E+00  9.103607E-28  3.971720E-21   5.000000E-01 NotAppl  8.369512E-05  0.000000E+00  
2.498244E+03  2.811595E-02  3.550451E+02  2.394032E-05  1.000000E+00  1.720362E-04  2.940097E-23  4.075543E-19   5.000000E-01 NotAppl  5.749213E+00  0.000000E+00  
2.912596E+03  1.091217E+01  -1.091202E+01  -6.476829E-07  1.000000E+00  8.376001E-02  7.260518E-26  2.182520E-22   5.000000E-01 NotAppl  1.188250E-02  0.000000E+00  
1.762164E+02  2.345686E+01  -2.345673E+01  -1.031952E-04  1.000000E+00  6.957803E-03  8.472276E-25  1.707805E-15   5.000000E-01 NotAppl  2.586106E+00  0.000000E+00  
9.427014E+01  2.406172E+01  -2.315832E+01  9.484408E-10  1.000000E+00  3.511922E-03  1.325301E-24  5.200493E-25   5.000000E-01 NotAppl  7.705230E+00  0.000000E+00  
2.230899E+03  5.916103E+02  -5.875827E+02  -3.676073E+00  1.000000E+00  5.030014E-05  1.425024E-22  1.210063E-08   3.819354E-24 LZ5Tmedian  3.063632E+01  0.000000E+00  
6.910315E+03  4.934086E+01  -4.928782E+01  3.498327E-08  1.000000E+00  4.723093E-03  1.428249E-24  1.098750E-25   5.000000E-01 NotAppl  9.708681E-02  0.000000E+00  
2.302712E+03  2.373143E-04  9.387583E-04  -7.253223E-05  1.000000E+00  1.819704E+00  4.144160E-27  4.416465E-18   5.000000E-01 NotAppl  8.659781E-04  0.000000E+00  
1.191379E+02  5.473112E-02  2.649913E-01  -5.128691E-06  1.000000E+00  7.208548E-03  1.073160E-24  9.410519E-18   5.000000E-01 NotAppl  4.866645E+00  0.000000E+00  
2.429779E+02  7.057446E-02  1.586298E+00  2.415803E-09  1.000000E+00  2.416859E-02  3.382593E-25  4.845557E-25   5.000000E-01 NotAppl  7.212349E-01  0.000000E+00  
3.774582E+01  4.802633E+01  -4.802212E+01  -4.915182E-05  1.000000E+00  1.715953E-03  8.828273E-34  9.041026E-15   5.000000E-01 NotAppl  1.499666E-08  2.751482E-06  
2.918185E+01  1.040127E+01  -1.040112E+01  -9.704349E-09  1.000000E+00  1.173014E-02  2.320466E-41  5.939313E-22   5.000000E-01 NotAppl  5.199101E-16  5.137686E-14  
5.153382E+03  2.072004E-04  3.779579E+00  3.202988E-07  1.000000E+00  9.415526E-01  4.685336E-27  1.671940E-23   5.000000E-01 NotAppl  4.371068E-04  0.000000E+00  
3.231181E+01  1.904360E+00  3.639450E+00  -1.021903E-09  1.000000E+00  2.727809E-03  2.904520E-43  5.357757E-24   5.000000E-01 NotAppl  5.833516E-18  1.025890E-15  
7.212119E+01  1.201400E-03  1.911958E-02  9.715517E-04  1.000000E+00  6.367895E-03  1.278406E-30  9.440159E-13   5.000000E-01 NotAppl  1.113251E-05  0.000000E+00  
4.345442E+01  2.250710E-01  2.710830E+02  2.957178E-10  1.000000E+00  2.726437E-04  4.792563E-44  2.457588E-25   5.000000E-01 NotAppl  7.034680E-19  8.970144E-17  
2.364458E+02  5.167274E-04  6.102779E-01  -9.392718E+00  1.000000E+00  1.257362E-06  1.281657E-20  7.745502E-06   0.000000E+00 XENON1T_2018  3.403218E+04  0.000000E+00  
1.917296E+02  2.325296E-04  2.506027E+02  5.407428E-04  1.000000E+00  1.170227E-03  4.016220E-24  3.944581E-14   5.000000E-01 NotAppl  1.085376E+01  0.000000E+00  
1.560738E+02  1.052025E-01  1.556151E+02  1.587226E-10  1.000000E+00  2.132921E-03  2.304570E-24  5.181460E-27   5.000000E-01 NotAppl  7.738654E+00  0.000000E+00  
4.710927E+02  1.246042E-02  2.901880E-02  4.543599E-08  1.000000E+00  8.861978E-02  9.547745E-26  4.419752E-23   5.000000E-01 NotAppl  1.021811E-01  0.000000E+00  
6.264732E+01  3.923653E-01  -2.484461E-01  3.540986E-04  1.000000E+00  5.263338E-03  8.250720E-28  1.671745E-13   5.000000E-01 NotAppl  8.293061E-03  0.000000E+00  
2.508374E+02  1.081950E+02  -1.081942E+02  7.795766E-09  1.000000E+00  1.533272E-03  4.202684E-24  4.727332E-24   5.000000E-01 NotAppl  8.738650E+00  0.000000E+00  
5.816040E+02  1.641497E-04  3.469362E+01  -7.155928E-07  1.000000E+00  1.326627E-02  3.665848E-25  7.124926E-21   5.000000E-01 NotAppl  3.187383E-01  0.000000E+00  
5.462488E+02  1.211623E-01  -1.197281E-01  4.267993E-07  1.000000E+00  1.173490E-01  7.156916E-26  2.881251E-21   5.000000E-01 NotAppl  6.568843E-02  0.000000E+00  
9.024322E+02  1.548551E+02  -1.548550E+02  -5.633391E-03  1.000000E+00  6.014264E-04  1.173637E-23  1.799673E-13   5.000000E-01 NotAppl  6.400134E+00  0.000000E+00  
2.603176E+02  7.211583E-04  1.105375E-04  9.534181E-08  1.000000E+00  2.881931E-02  2.961649E-25  6.553346E-22   5.000000E-01 NotAppl  5.876368E-01  0.000000E+00  
1.668932E+01  1.698711E-03  4.124311E-01  -1.690513E-04  1.000000E+00  1.158549E-03  5.169152E-33  5.545750E-13   5.000000E-01 NotAppl  2.145779E-07  3.933071E-05  
3.453742E+03  2.638749E-02  2.730172E+01  1.354286E-08  1.000000E+00  2.279464E-02  2.018888E-25  6.745707E-26   5.000000E-01 NotAppl  2.834484E-02  0.000000E+00  
1.508662E+01  5.227558E-01  2.286908E+00  2.975367E-01  1.000000E+00  3.614686E-03  1.553645E-26  2.100658E-06   0.000000E+00 XENON1T_2018  7.234489E-01  2.487834E-01  
1.336891E+03  4.832345E-04  4.393166E+00  -7.844410E+00  1.000000E+00  1.380663E-03  9.443250E-24  1.564777E-07   0.000000E+00 LZ5Tmedian  3.738844E+00  0.000000E+00  
4.932437E+03  9.982735E-02  -9.738752E-02  1.633360E-04  1.000000E+00  7.841175E+00  9.118817E-28  4.752968E-18   5.000000E-01 NotAppl  8.772672E-05  0.000000E+00  
1.181892E+01  1.695031E+00  -1.688858E+00  9.831234E-05  1.000000E+00  1.215975E-01  1.566631E-33  3.717329E-13   5.000000E-01 NotAppl  9.684343E-08  1.346505E-05  
3.026214E+01  1.320372E-03  3.487307E+01  3.463797E-09  1.000000E+00  1.949500E-03  3.074557E-42  7.029823E-23   5.000000E-01 NotAppl  6.628948E-17  1.499540E-14  
7.736532E+01  3.371418E+02  -3.371329E+02  4.080999E-06  1.000000E+00  1.923858E-02  8.854799E-36  1.443149E-17   5.000000E-01 NotAppl  7.178849E-11  0.000000E+00  
3.133646E+03  8.399072E+00  -8.398713E+00  -5.627194E-02  1.000000E+00  1.411404E-01  4.124038E-26  1.419551E-12   5.000000E-01 NotAppl  6.264725E-03  0.000000E+00  
8.946575E+02  6.674714E+01  -6.657337E+01  -3.170214E-10  1.000000E+00  2.755810E-03  2.439166E-24  5.801114E-28   5.000000E-01 NotAppl  1.342067E+00  0.000000E+00  
7.134193E+02  2.450127E-04  1.237427E-01  -6.005383E-06  1.000000E+00  1.953250E-01  4.239070E-26  3.305328E-19   5.000000E-01 NotAppl  2.951683E-02  0.000000E+00  
3.368492E+01  1.219897E+02  -1.219829E+02  -2.913981E-02  1.000000E+00  5.138181E-03  2.509586E-28  4.003874E-09   1.585598E-220 LZ5Tmedian  4.812813E-03  3.358731E-01  
7.923039E+03  8.087633E-01  4.875032E+00  1.102837E-06  1.000000E+00  5.091513E-01  9.455959E-27  8.270803E-23   5.000000E-01 NotAppl  5.708661E-04  0.000000E+00  
5.892161E+02  4.788791E+00  -4.785189E+00  -1.571364E-07  1.000000E+00  9.870960E-02  7.509253E-26  3.345475E-22   5.000000E-01 NotAppl  6.372447E-02  0.000000E+00  
7.273668E+02  1.394258E-03  9.432106E-01  -8.254464E+00  1.000000E+00  2.664976E-04  5.268809E-23  6.002484E-07   0.000000E+00 XENON1T_2018  4.080978E+01  0.000000E+00  
1.331980E+03  1.017991E-03  1.429917E+00  -1.934462E-06  1.000000E+00  5.871118E-01  1.287835E-26  9.587646E-21   5.000000E-01 NotAppl  4.719964E-03  0.000000E+00  
2.645903E+02  1.361415E+01  -4.141442E+00  -4.836039E-09  1.000000E+00  1.038373E-02  4.161617E-25  1.630773E-24   5.000000E-01 NotAppl  8.132745E-01  0.000000E+00  
1.744283E+03  9.951367E-03  2.602930E+02  6.004588E-08  1.000000E+00  3.183415E-04  1.567472E-23  5.330320E-24   5.000000E-01 NotAppl  4.430321E+00  0.000000E+00  
6.447803E+01  1.450768E+00  9.457462E+02  -4.750077E-03  1.000000E+00  7.589992E-03  8.019989E-28  2.836543E-11   4.019091E-02 LZ5Tmedian  7.827129E-03  0.000000E+00  
7.979828E+01  7.576345E-03  1.193800E+00  3.559890E-03  1.000000E+00  6.246497E-03  4.839268E-30  1.030806E-11   3.578575E-01 NotAppl  3.803680E-05  0.000000E+00  
5.318505E+03  2.959690E+01  -2.942509E+01  7.799146E-01  1.000000E+00  1.165560E-02  5.956532E-25  9.297347E-11   5.000000E-01 NotAppl  5.283036E-02  0.000000E+00  
2.791195E+01  1.807545E-01  -1.728461E-01  -8.144972E-09  1.000000E+00  3.684300E-03  1.565936E-41  4.578015E-22   5.000000E-01 NotAppl  3.684102E-16  8.476308E-14  
9.923706E+02  1.694653E-04  -2.448921E-05  2.789946E-09  1.000000E+00  3.661271E-01  2.209022E-26  3.635897E-26   5.000000E-01 NotAppl  1.094485E-02  0.000000E+00  
1.646920E+03  5.865172E-01  2.539084E+00  5.218089E-05  1.000000E+00  6.098412E-01  1.092070E-26  4.525400E-18   5.000000E-01 NotAppl  3.230135E-03  0.000000E+00  
3.261670E+03  7.934274E-04  1.039951E+01  -6.770957E+00  1.000000E+00  1.240656E-02  9.293915E-25  1.894414E-08   7.680226E-26 LZ5Tmedian  1.453927E-01  0.000000E+00  
5.570585E+01  3.125318E+01  -3.124831E+01  1.867180E-04  1.000000E+00  3.878789E-03  1.202014E-31  5.906787E-14   5.000000E-01 NotAppl  1.363225E-06  2.258551E-05  
2.555275E+03  7.495403E-03  4.034126E-02  1.254784E-03  1.000000E+00  2.221206E+00  3.368538E-27  1.069306E-15   5.000000E-01 NotAppl  6.328927E-04  0.000000E+00  
8.022675E+03  5.631060E+02  -5.631045E+02  1.854101E-09  1.000000E+00  4.381550E-05  1.744356E-22  2.279878E-28   5.000000E-01 NotAppl  1.019508E+01  0.000000E+00  
5.997345E+02  1.079280E+01  -1.002361E+01  1.745195E-04  1.000000E+00  5.161403E-02  1.264217E-25  3.980006E-16   5.000000E-01 NotAppl  1.053252E-01  0.000000E+00  
8.140147E+03  2.115514E-02  -2.688856E-03  2.426628E-04  1.000000E+00  2.090232E+01  3.332446E-28  3.790402E-18   5.000000E-01 NotAppl  1.930022E-05  0.000000E+00  
1.299148E+03  8.651849E-02  9.759907E+02  4.122912E-02  1.000000E+00  4.485913E-05  1.173449E-22  4.582571E-12   5.000000E-01 NotAppl  4.487507E+01  0.000000E+00  
5.567027E+01  4.107005E-03  -3.776726E-03  1.757138E-10  1.000000E+00  3.205832E-03  1.054270E-43  5.237890E-26   5.000000E-01 NotAppl  1.191854E-18  2.004713E-17  
1.327552E+01  4.236052E-02  -2.054624E-02  -1.790229E-09  1.000000E+00  1.349051E-03  5.409161E-43  9.800578E-23   5.000000E-01 NotAppl  2.920182E-17  4.473575E-15  
9.800884E+01  6.132793E-02  -5.983679E-02  -1.120257E-06  1.000000E+00  5.751300E-03  1.218375E-24  6.699432E-19   5.000000E-01 NotAppl  6.775188E+00  0.000000E+00  
9.283601E+03  9.087223E-04  1.347225E-03  6.953277E-09  1.000000E+00  2.702415E+01  2.559538E-28  2.382997E-27   5.000000E-01 NotAppl  1.297924E-05  0.000000E+00  
1.242962E+03  8.980210E+01  -1.287713E+01  7.723081E-07  1.000000E+00  6.670545E-04  5.910814E-24  1.759752E-21   5.000000E-01 NotAppl  2.328448E+00  0.000000E+00  
3.730606E+01  1.235886E-02  7.576057E+01  2.110454E-04  1.000000E+00  1.504518E-04  1.586685E-32  1.706990E-13   5.000000E-01 NotAppl  2.733575E-07  5.103664E-05  
1.638498E+01  5.995376E-02  5.168112E-01  2.013063E-04  1.000000E+00  1.303205E-03  7.288587E-33  8.158022E-13   5.000000E-01 NotAppl  3.090476E-07  5.579150E-05  
1.455649E+03  1.430092E-03  -1.270212E-03  -1.124177E-07  1.000000E+00  7.580309E-01  1.032849E-26  2.701600E-23   5.000000E-01 NotAppl  3.453064E-03  0.000000E+00  
1.566429E+02  1.033191E-02  -1.011775E-02  -7.362306E-10  1.000000E+00  1.151251E-02  7.148608E-25  1.106530E-25   5.000000E-01 NotAppl  2.443129E+00  0.000000E+00  
1.429579E+03  2.286289E-03  5.991624E-03  -4.495668E-08  1.000000E+00  7.324071E-01  1.070636E-26  4.482758E-24   5.000000E-01 NotAppl  3.646429E-03  0.000000E+00  
4.842306E+01  1.731214E+02  -1.731123E+02  -7.961294E-10  1.000000E+00  5.910581E-04  5.779471E-43  1.428829E-24   5.000000E-01 NotAppl  7.581810E-18  5.725890E-16  
7.301550E+02  2.020237E-01  -1.941605E-01  -1.898687E-02  1.000000E+00  2.036000E-01  4.053770E-26  3.151123E-12   5.000000E-01 NotAppl  2.756557E-02  0.000000E+00  
1.487785E+03  1.161037E-02  7.365056E+00  1.753821E+00  1.000000E+00  2.554965E-02  4.271574E-25  6.289022E-09   6.223898E-19 LZ5Tmedian  1.463919E-01  0.000000E+00  
4.307878E+03  1.423404E-04  8.272992E-04  -2.171855E-06  1.000000E+00  6.086634E+00  1.187268E-27  1.106695E-21   5.000000E-01 NotAppl  1.310614E-04  0.000000E+00  
7.074689E+01  2.553051E-02  2.501734E-03  -1.553927E-02  1.000000E+00  6.199194E-03  4.531316E-28  2.511734E-10   1.849238E-12 LZ5Tmedian  4.023903E-03  0.000000E+00  
1.922910E+03  3.160442E-01  1.825177E+02  4.850984E-05  1.000000E+00  5.983090E-04  8.188865E-24  2.852020E-18   5.000000E-01 NotAppl  2.094435E+00  0.000000E+00  
1.964308E+02  8.677485E+02  -8.677481E+02  2.611111E-06  1.000000E+00  4.193499E-04  1.458340E-23  8.752049E-19   5.000000E-01 NotAppl  4.047590E+01  0.000000E+00  
3.332312E+02  3.183949E+02  -3.161520E+02  -5.263057E-06  1.000000E+00  2.873930E-04  2.060873E-23  1.204381E-18   5.000000E-01 NotAppl  3.176398E+01  0.000000E+00  
7.372180E+02  1.841623E+02  -1.672205E+02  8.868332E+00  1.000000E+00  6.438983E-05  7.782406E-23  6.740634E-07   0.000000E+00 XENON1T_2018  5.257327E+01  0.000000E+00  
8.349051E+01  1.695016E-02  -1.165940E-02  -4.088795E-07  1.000000E+00  5.964088E-03  6.002814E-25  1.239635E-19   5.000000E-01 NotAppl  4.056138E+00  0.000000E+00  
3.697318E+01  2.732377E-01  -2.723705E-01  1.975706E-09  1.000000E+00  1.738884E-04  1.364484E-42  1.523461E-23   5.000000E-01 NotAppl  2.368978E-17  4.490589E-15  
1.726853E+03  8.881083E+01  -8.880347E+01  1.273362E-04  1.000000E+00  1.559576E-03  4.416822E-24  2.446700E-17   5.000000E-01 NotAppl  1.234567E+00  0.000000E+00  
2.716665E+03  9.372717E-03  1.298162E-01  -3.586563E-08  1.000000E+00  2.491609E+00  2.985610E-27  7.711912E-25   5.000000E-01 NotAppl  5.269858E-04  0.000000E+00  
8.901390E+01  1.794015E-03  1.117390E-01  -1.689590E-10  1.000000E+00  5.733199E-03  7.561864E-25  1.856323E-26   5.000000E-01 NotAppl  4.740781E+00  0.000000E+00  
1.224766E+01  1.329243E-02  2.637855E+01  1.524375E-03  1.000000E+00  6.007934E-04  3.816604E-31  8.331522E-11   1.689661E-01 NotAppl  2.262528E-05  9.235656E-04  
2.159574E+01  4.871820E-03  -3.807661E-03  -4.190177E-04  1.000000E+00  2.551803E-03  3.497871E-32  2.032855E-12   5.000000E-01 NotAppl  1.090530E-06  2.351370E-04  
3.213840E+01  4.269707E-01  8.327011E-01  9.250424E-06  1.000000E+00  1.900852E-03  2.362618E-35  4.438388E-16   5.000000E-01 NotAppl  4.772745E-10  1.036072E-07  
3.391998E+03  1.545868E-01  -1.519478E-01  3.697084E+00  1.000000E+00  4.057078E-02  2.917029E-25  5.215147E-09   2.243663E-07 LZ5Tmedian  4.332828E-02  0.000000E+00  
1.530597E+03  1.722788E-02  -1.499956E-02  -2.685278E-08  1.000000E+00  8.340080E-01  9.347388E-27  1.391454E-24   5.000000E-01 NotAppl  2.968106E-03  0.000000E+00  
6.674119E+01  5.100859E-01  -5.098561E-01  -4.353877E-06  1.000000E+00  6.511285E-03  1.419470E-34  2.221029E-17   5.000000E-01 NotAppl  1.337429E-09  0.000000E+00  
2.203677E+03  4.679265E-04  6.091855E-06  -2.893697E-03  1.000000E+00  1.672551E+00  4.523989E-27  7.687894E-15   5.000000E-01 NotAppl  9.888172E-04  0.000000E+00  
1.844726E+02  1.599017E-03  1.419797E-01  -2.146994E-10  1.000000E+00  1.526558E-02  5.516214E-25  6.730145E-27   5.000000E-01 NotAppl  1.568520E+00  0.000000E+00  
1.053125E+01  3.848278E+02  -3.848240E+02  -2.158562E-03  1.000000E+00  2.000853E-01  7.182167E-31  2.247088E-10   7.931253E-02 LZ5Tmedian  5.084336E-05  6.477567E-03  
6.452846E+03  1.395987E-03  1.053658E+02  1.198451E-08  1.000000E+00  1.680562E-03  2.949893E-24  1.482043E-26   5.000000E-01 NotAppl  2.196373E-01  0.000000E+00  
6.738412E+03  4.519307E-01  6.150892E+01  1.010209E-08  1.000000E+00  4.747186E-03  1.027822E-24  9.643274E-27   5.000000E-01 NotAppl  7.323744E-02  0.000000E+00  
4.734660E+02  4.841074E-01  1.691704E-01  -2.079838E-02  1.000000E+00  8.693306E-02  9.443804E-26  9.166274E-12   5.000000E-01 NotAppl  1.005794E-01  0.000000E+00  
3.792385E+01  6.670374E-03  3.106601E+01  2.237399E-04  1.000000E+00  8.619765E-05  1.848933E-32  1.855552E-13   5.000000E-01 NotAppl  3.124790E-07  5.682832E-05  
3.108783E+03  1.814256E-02  -1.725621E-02  -1.513471E-01  1.000000E+00  2.760006E+00  2.837951E-27  1.043654E-11   5.000000E-01 NotAppl  4.418053E-04  0.000000E+00  
3.148245E+01  2.633657E-02  2.180106E+01  -4.590526E-02  1.000000E+00  1.816715E-03  5.662711E-28  1.139673E-08   0.000000E+00 XENON1T_2018  1.169625E-02  2.886911E-01  
4.122390E+02  1.677325E+00  -1.663453E+00  3.758853E+00  1.000000E+00  7.135147E-04  1.777057E-23  3.974455E-07   0.000000E+00 XENON1T_2018  2.239122E+01  0.000000E+00  
1.477517E+03  1.286682E-01  7.654588E+01  -5.471821E-07  1.000000E+00  3.131735E-03  1.513631E-24  6.208830E-22   5.000000E-01 NotAppl  5.071206E-01  0.000000E+00  
3.774749E+02  5.886951E-03  3.472198E-01  4.630278E-04  1.000000E+00  5.778276E-02  1.466231E-25  7.222329E-15   5.000000E-01 NotAppl  1.975757E-01  0.000000E+00  
2.112736E+02  3.750633E-03  9.059281E-02  9.897474E-07  1.000000E+00  1.954312E-02  4.340393E-25  1.083127E-19   5.000000E-01 NotAppl  1.070871E+00  0.000000E+00  
2.477158E+03  1.217561E+01  -1.216864E+01  -1.965702E-05  1.000000E+00  6.769256E-02  9.060637E-26  2.795487E-19   5.000000E-01 NotAppl  1.749666E-02  0.000000E+00  
1.099125E+01  5.185634E+02  -5.185587E+02  -1.167553E+00  1.000000E+00  2.507341E-02  2.121386E-25  6.046319E-05   0.000000E+00 XENON1T_2018  1.428131E+01  4.998746E-01  
4.476100E+03  3.714114E-03  -1.094107E-04  1.504783E-08  1.000000E+00  6.555027E+00  1.099825E-27  4.914492E-26   5.000000E-01 NotAppl  1.167749E-04  0.000000E+00  
8.843470E+03  5.472796E+02  -5.471584E+02  -1.546572E-07  1.000000E+00  4.605630E-05  1.661838E-22  1.301146E-24   5.000000E-01 NotAppl  8.801826E+00  0.000000E+00  
1.593788E+01  3.859752E-04  1.971267E-02  -5.043571E-05  1.000000E+00  1.479699E-03  4.537046E-34  5.411266E-14   5.000000E-01 NotAppl  1.984506E-08  3.513466E-06  
6.258252E+01  9.267649E+02  -9.195566E+02  -1.779590E-02  1.000000E+00  6.252050E-03  6.646091E-24  4.231350E-10   7.153995E-22 LZ5Tmedian  6.685904E+01  0.000000E+00  
1.646975E+03  2.175990E+00  7.836886E+00  9.474218E-08  1.000000E+00  1.461494E-01  3.776055E-26  1.491733E-23   5.000000E-01 NotAppl  1.125926E-02  0.000000E+00  
4.603999E+03  2.507678E+01  -2.144667E+01  -1.080574E+00  1.000000E+00  2.087090E-02  2.789690E-25  2.393098E-10   5.000000E-01 NotAppl  2.870658E-02  0.000000E+00  
3.433234E+02  4.513711E-01  1.090278E-01  -4.555941E-01  1.000000E+00  1.585874E-02  6.678255E-25  8.490197E-09   2.141855E-104 LZ5Tmedian  1.064719E+00  0.000000E+00  
1.939799E+02  1.240396E-01  2.817684E+00  -2.118411E-05  1.000000E+00  1.521607E-02  5.108732E-25  5.910914E-17   5.000000E-01 NotAppl  1.378009E+00  0.000000E+00  
9.515745E+02  1.873777E+02  -1.502436E+02  -3.626772E-09  1.000000E+00  2.484543E-04  1.711147E-23  6.693861E-26   5.000000E-01 NotAppl  8.836385E+00  0.000000E+00  
2.602784E+03  4.252383E-04  2.610860E-02  3.438090E-10  1.000000E+00  2.301946E+00  3.246233E-27  7.731343E-29   5.000000E-01 NotAppl  5.985534E-04  0.000000E+00  
2.148703E+02  1.191667E-02  8.627893E+01  4.683860E-01  1.000000E+00  1.838932E-03  3.843926E-24  2.343236E-08   0.000000E+00 LZ5Tmedian  9.358886E+00  0.000000E+00  
2.574767E+03  2.019734E+01  -2.019722E+01  -9.599098E-04  1.000000E+00  2.609288E-02  2.419717E-25  6.161752E-16   5.000000E-01 NotAppl  4.490787E-02  0.000000E+00  
4.365539E+01  8.699445E+00  2.133682E+00  1.392928E-03  1.000000E+00  6.600956E-02  1.081752E-30  5.401729E-12   4.970718E-01 NotAppl  1.580179E-05  5.856690E-04  
6.617496E+01  3.959421E+01  2.093588E+02  -1.881217E-06  1.000000E+00  1.964203E+01  3.556714E-35  4.219242E-18   5.000000E-01 NotAppl  3.361007E-10  0.000000E+00  
7.285880E+03  1.120066E+00  -1.115729E+00  1.675026E-05  1.000000E+00  5.032741E+00  1.156478E-27  2.262182E-20   5.000000E-01 NotAppl  7.465899E-05  0.000000E+00  
3.093900E+03  3.340170E+00  -2.386364E+00  -1.737776E-04  1.000000E+00  7.181393E-01  9.120280E-27  1.389434E-17   5.000000E-01 NotAppl  1.405649E-03  0.000000E+00  
2.689220E+01  2.346427E+02  -2.346157E+02  -4.905950E-10  1.000000E+00  1.672579E-02  5.501415E-44  1.790699E-24   5.000000E-01 NotAppl  1.349820E-18  3.104426E-16  
1.219523E+02  2.453508E-03  1.440627E+02  -3.773324E-03  1.000000E+00  2.898006E-03  1.794938E-24  4.855805E-12   5.000000E-01 NotAppl  7.833027E+00  0.000000E+00  
4.333730E+02  5.244083E-03  3.064800E+02  4.521444E-01  1.000000E+00  3.881221E-04  1.370066E-23  5.191542E-09   2.407308E-51 LZ5Tmedian  1.614307E+01  0.000000E+00  
1.435637E+02  1.131293E-03  2.730456E+00  -4.424158E-03  1.000000E+00  9.060219E-03  8.216644E-25  4.777705E-12   5.000000E-01 NotAppl  3.072745E+00  0.000000E+00  
2.526236E+01  3.552968E+01  5.770654E+02  -1.388072E-08  1.000000E+00  3.576475E+05  4.200511E-41  1.626453E-21   5.000000E-01 NotAppl  1.104555E-15  3.066073E-14  
1.708162E+02  1.872088E-04  9.717635E+01  -4.741264E-04  1.000000E+00  3.012971E-03  1.718020E-24  3.842499E-14   5.000000E-01 NotAppl  5.269723E+00  0.000000E+00  
3.006781E+01  2.505830E-01  1.508696E+02  7.770431E-05  1.000000E+00  2.449406E-03  1.536098E-33  3.584231E-14   5.000000E-01 NotAppl  3.335220E-08  7.554506E-06  
1.562445E+01  2.041182E+01  -2.041167E+01  2.735068E-02  1.000000E+00  8.340889E-02  1.326367E-28  1.655542E-08   0.000000E+00 LZ5Tmedian  5.934325E-03  8.326540E-02  
5.771110E+03  2.926662E-01  2.080993E+01  1.592508E-07  1.000000E+00  3.824770E-02  1.205295E-25  3.283448E-24   5.000000E-01 NotAppl  1.005069E-02  0.000000E+00  
2.947331E+02  4.097051E-03  6.351307E-01  1.762057E+00  1.000000E+00  1.601056E-03  8.043480E-24  1.735778E-07   0.000000E+00 XENON1T_2018  1.438314E+01  0.000000E+00  
9.148271E+03  7.206216E-02  -4.142107E-02  9.386694E-09  1.000000E+00  2.589132E+01  2.669002E-28  4.474436E-27   5.000000E-01 NotAppl  1.373585E-05  0.000000E+00  
2.884124E+03  5.291732E+01  -5.288503E+01  2.974870E-05  1.000000E+00  4.132879E-03  1.624976E-24  4.697368E-19   5.000000E-01 NotAppl  2.685738E-01  0.000000E+00  
7.670216E+03  3.770299E+00  1.369181E+02  -4.629836E-09  1.000000E+00  9.707844E-04  5.255741E-24  1.556937E-27   5.000000E-01 NotAppl  3.283909E-01  0.000000E+00  
3.152222E+03  3.874063E-04  1.688589E-03  1.924075E-05  1.000000E+00  3.328709E+00  2.215084E-27  1.639785E-19   5.000000E-01 NotAppl  3.359725E-04  0.000000E+00  
2.708980E+03  5.282780E-02  1.361085E+00  -3.097689E-08  1.000000E+00  1.871894E+00  3.538827E-27  5.786098E-25   5.000000E-01 NotAppl  6.280217E-04  0.000000E+00  
1.730949E+01  4.316928E+02  -4.316926E+02  3.531151E+00  1.000000E+00  4.989082E-03  1.176552E-24  2.249637E-04   0.000000E+00 XENON1T_2018  4.688647E+01  4.999857E-01  
5.907085E+01  2.679348E-01  7.417167E+00  2.671543E-01  1.000000E+00  6.634358E-04  9.142022E-25  1.072858E-07   0.000000E+00 XENON1T_2018  9.728607E+00  3.369300E-01  
5.091869E+01  1.362053E-03  1.132117E-03  8.956236E-01  1.000000E+00  1.653165E-03  9.935952E-25  1.632269E-06   0.000000E+00 XENON1T_2018  1.239556E+01  2.499156E-01  
6.747914E+03  4.537910E+02  -4.537904E+02  2.494486E-07  1.000000E+00  6.638806E-05  1.136191E-22  5.863076E-24   5.000000E-01 NotAppl  7.911520E+00  0.000000E+00  
6.839749E+01  1.637667E-03  2.936440E-02  -1.970255E-03  1.000000E+00  5.690609E-03  1.469612E-29  4.326223E-12   5.000000E-01 NotAppl  1.350554E-04  0.000000E+00  
1.261804E+02  7.233739E-04  1.976818E-02  2.350201E-10  1.000000E+00  8.040327E-03  9.943744E-25  1.756623E-26   5.000000E-01 NotAppl  4.244105E+00  0.000000E+00  
1.107002E+01  2.169780E-02  1.379178E+01  -1.423616E-01  1.000000E+00  5.264189E-04  3.197736E-27  8.864276E-07   0.000000E+00 XENON1T_2018  2.134443E-01  2.661020E-01  
4.541086E+02  5.336430E+02  -5.336422E+02  -9.799922E-09  1.000000E+00  1.455720E-04  4.881696E-23  2.216473E-24   5.000000E-01 NotAppl  5.436721E+01  0.000000E+00  
1.664764E+02  9.308036E-02  -8.912036E-02  9.717868E-08  1.000000E+00  1.275897E-02  6.459063E-25  1.701674E-21   5.000000E-01 NotAppl  2.073882E+00  0.000000E+00  
1.624323E+03  2.932809E+02  1.408193E+02  1.743638E-09  1.000000E+00  4.450668E-05  8.045252E-23  5.197277E-27   5.000000E-01 NotAppl  2.419178E+01  0.000000E+00  
3.138676E+03  1.749196E+00  -1.748953E+00  -5.586876E+00  1.000000E+00  1.632350E-02  7.345860E-25  1.394722E-08   6.135836E-20 LZ5Tmedian  1.192387E-01  0.000000E+00  
1.235868E+03  2.991174E+02  -2.988212E+02  3.490323E-04  1.000000E+00  1.780252E-04  4.083444E-23  3.636406E-16   5.000000E-01 NotAppl  1.609899E+01  0.000000E+00  
5.145422E+03  9.735171E-03  -9.612010E-03  7.799495E+00  1.000000E+00  2.189485E-02  5.557017E-25  9.945075E-09   4.284802E-09 LZ5Tmedian  5.404792E-02  0.000000E+00  
1.829384E+01  4.321914E-01  -4.257636E-01  -8.111213E-01  1.000000E+00  6.114656E-03  1.213087E-25  1.062700E-05   0.000000E+00 XENON1T_2018  4.542801E+00  2.503825E-01  
3.521610E+01  1.541609E-04  1.902428E-02  9.027657E-09  1.000000E+00  6.195449E-04  2.593899E-41  3.511378E-22   5.000000E-01 NotAppl  4.750638E-16  9.617674E-14  
6.647132E+03  2.329896E-02  6.679174E+02  -8.881222E-06  1.000000E+00  4.835911E-05  1.087304E-22  7.662800E-21   5.000000E-01 NotAppl  7.855463E+00  0.000000E+00  
2.814309E+03  2.401253E-03  1.022166E-01  -3.195955E-06  1.000000E+00  2.670085E+00  2.780533E-27  5.698816E-21   5.000000E-01 NotAppl  4.734264E-04  0.000000E+00  
7.260581E+02  2.978244E+01  6.799747E+02  3.227590E-09  1.000000E+00  7.799322E-05  4.969915E-23  9.211005E-26   5.000000E-01 NotAppl  3.451161E+01  0.000000E+00  
1.936984E+02  2.304008E+02  -2.303823E+02  7.539156E-02  1.000000E+00  7.379865E-04  8.624842E-24  7.508825E-10   1.946040E-16 LZ5Tmedian  2.355740E+01  0.000000E+00  
1.683830E+03  1.780800E-01  1.206703E+01  -7.107682E-06  1.000000E+00  9.891482E-02  4.791560E-26  8.025423E-20   5.000000E-01 NotAppl  1.400135E-02  0.000000E+00  
9.950997E+03  2.166860E-04  2.017200E-02  1.126334E-06  1.000000E+00  3.090477E+01  2.228946E-28  5.430913E-23   5.000000E-01 NotAppl  1.053704E-05  0.000000E+00  
5.454582E+02  2.603886E+02  -3.179666E+01  -2.380201E-01  1.000000E+00  1.159105E-04  3.032398E-23  8.987673E-10   9.922151E-08 LZ5Tmedian  2.797575E+01  0.000000E+00  
6.919095E+02  9.672943E-01  -9.480809E-01  9.463990E-08  1.000000E+00  1.789707E-01  4.559212E-26  8.738722E-23   5.000000E-01 NotAppl  3.276617E-02  0.000000E+00  
3.257580E+01  7.312067E-02  7.640933E-01  -1.298945E-04  1.000000E+00  1.559728E-03  4.746181E-33  8.514906E-14   5.000000E-01 NotAppl  9.435770E-08  2.049236E-05  
1.076401E+01  8.008496E-04  9.492928E-02  -2.801840E-02  1.000000E+00  6.403756E-04  1.222944E-28  3.627434E-08   2.732315E-197 LZ5Tmedian  8.437601E-03  2.040938E-01  
5.976967E+03  2.501312E+01  -2.501302E+01  3.597668E-06  1.000000E+00  1.745793E-02  3.686124E-25  1.560532E-21   5.000000E-01 NotAppl  2.902708E-02  0.000000E+00  
3.615974E+01  3.552349E-02  3.282186E+01  -1.954448E-03  1.000000E+00  3.477885E-04  1.276972E-30  1.559762E-11   1.343930E-01 NotAppl  2.273936E-05  4.395341E-03  
1.165085E+01  2.024126E+01  -2.023266E+01  -4.229811E-08  1.000000E+00  1.612830E-01  2.883863E-40  7.077667E-20   5.000000E-01 NotAppl  1.812566E-14  7.798327E-13  
2.182911E+03  2.627433E-04  1.144736E-02  3.771167E-09  1.000000E+00  1.642515E+00  4.609930E-27  1.331161E-26   5.000000E-01 NotAppl  1.017401E-03  0.000000E+00  
1.363976E+03  1.970548E+02  -1.970415E+02  -5.205184E-05  1.000000E+00  3.640404E-04  1.967973E-23  6.613584E-18   5.000000E-01 NotAppl  7.010164E+00  0.000000E+00  
3.837499E+01  1.700950E-04  1.712995E+02  -1.799234E-04  1.000000E+00  6.078218E-05  1.228717E-32  1.171453E-13   5.000000E-01 NotAppl  2.054579E-07  3.649545E-05  
4.131875E+01  1.079690E+02  3.501449E+02  -2.117871E-03  1.000000E+00  4.184750E+02  2.075166E-30  1.396639E-11   1.628875E-01 NotAppl  3.204061E-05  4.785676E-03  
8.412848E+01  7.506104E+01  4.863667E+01  -2.002956E-05  1.000000E+00  3.461666E-03  7.473543E-25  2.928677E-16   5.000000E-01 NotAppl  4.990808E+00  0.000000E+00  
2.604643E+02  2.846901E-01  4.328123E+02  -8.574829E-03  1.000000E+00  5.126767E-04  9.108505E-24  5.294757E-12   5.000000E-01 NotAppl  1.801076E+01  0.000000E+00  
5.519028E+01  1.352794E-03  -9.467890E-04  -5.397971E-05  1.000000E+00  3.086384E-03  8.754926E-33  5.031246E-15   5.000000E-01 NotAppl  9.987286E-08  1.953275E-06  
9.586107E+01  2.577642E-01  -2.315641E-01  1.559036E-10  1.000000E+00  5.656039E-03  1.189220E-24  1.357811E-26   5.000000E-01 NotAppl  6.774548E+00  0.000000E+00  
1.001151E+03  1.814921E-01  2.370002E-01  -3.167013E-01  1.000000E+00  2.132398E-01  4.446531E-26  4.601603E-10   1.065286E-02 LZ5Tmedian  2.263198E-02  0.000000E+00  
2.441747E+01  1.581864E-04  2.583071E-03  7.747280E-01  1.000000E+00  2.792717E-03  1.269013E-25  5.426551E-06   0.000000E+00 XENON1T_2018  3.467144E+00  2.499207E-01  
1.456094E+03  2.262199E+02  -2.262159E+02  -1.032411E-09  1.000000E+00  2.812614E-04  2.565266E-23  2.277092E-27   5.000000E-01 NotAppl  8.543578E+00  0.000000E+00  
1.674963E+01  4.646081E+02  -4.592636E+02  2.135933E-03  1.000000E+00  5.973044E+00  8.261030E-31  8.789654E-11   8.148014E-03 LZ5Tmedian  3.416531E-05  5.608483E-03  
6.773916E+03  1.439583E-02  3.059810E+02  1.736042E-08  1.000000E+00  2.119918E-04  2.415785E-23  2.817620E-26   5.000000E-01 NotAppl  1.712181E+00  0.000000E+00  
3.414438E+03  3.108751E-01  7.482440E+00  8.589166E+00  1.000000E+00  7.140741E-03  1.697261E-24  2.777299E-08   6.650219E-36 LZ5Tmedian  2.491205E-01  0.000000E+00  
1.776192E+01  1.210705E+01  -1.206505E+01  2.540403E-10  1.000000E+00  6.093615E-02  1.190769E-44  1.105820E-24   5.000000E-01 NotAppl  4.609795E-19  4.485092E-17  
9.189025E+02  1.693556E+02  -1.693285E+02  1.332256E-09  1.000000E+00  5.114933E-04  1.386691E-23  9.700382E-27   5.000000E-01 NotAppl  7.421016E+00  0.000000E+00  
6.362758E+01  1.060508E-02  -4.071583E-03  -3.862865E-01  1.000000E+00  1.020884E-03  1.657694E-23  1.927427E-07   0.000000E+00 XENON1T_2018  1.643992E+02  0.000000E+00  
6.008141E+03  9.971415E-02  -9.958673E-02  8.337044E-09  1.000000E+00  1.144810E+01  6.166727E-28  8.291588E-27   5.000000E-01 NotAppl  4.857365E-05  0.000000E+00  
2.486261E+01  7.762410E+02  -6.273419E+02  2.604941E-05  1.000000E+00  1.114402E+06  1.463491E-34  5.915522E-15   5.000000E-01 NotAppl  3.916794E-09  8.895703E-07  
3.471789E+03  1.541839E-04  2.353727E-01  -2.242589E-09  1.000000E+00  3.949032E+00  1.841776E-27  1.830203E-27   5.000000E-01 NotAppl  2.531985E-04  0.000000E+00  
2.940377E+03  5.186043E+01  -5.184263E+01  1.046601E-03  1.000000E+00  4.294153E-03  1.562212E-24  5.589895E-16   5.000000E-01 NotAppl  2.531590E-01  0.000000E+00  
5.791543E+02  2.135687E+01  -2.135342E+01  1.939662E-03  1.000000E+00  1.997777E-02  3.193129E-25  5.280172E-14   5.000000E-01 NotAppl  2.758356E-01  0.000000E+00  
8.893565E+03  8.781243E+00  -8.559517E+00  1.310989E-08  1.000000E+00  1.334012E-01  4.579848E-26  9.243103E-27   5.000000E-01 NotAppl  2.411862E-03  0.000000E+00  
3.140732E+02  1.158906E+02  -8.703120E+01  -1.766318E-01  1.000000E+00  7.636580E-04  4.459809E-24  1.531344E-09   4.323605E-21 LZ5Tmedian  7.325163E+00  0.000000E+00  
1.100177E+03  4.802139E+02  -4.802132E+02  -1.724331E-03  1.000000E+00  8.735876E-05  8.538716E-23  1.125237E-14   5.000000E-01 NotAppl  3.794901E+01  0.000000E+00  
4.9