MD1           DMP           DM3           l345          ld           Omegah2       sigV          protonSI      PvalDD        expName      CMB_ID        brH_DMDM      
1.994771E+03  2.343250E+01  3.252768E+02  -5.555337E-04  1.000000E+00  1.687582E-04  2.770512E-23  3.470969E-16   5.000000E-01 NotAppl  6.822763E+00  0.000000E+00  
8.184430E+01  1.146418E+02  -1.144019E+02  -1.744685E-08  1.000000E+00  6.611542E-03  4.902932E-25  2.351036E-22   5.000000E-01 NotAppl  3.421316E+00  0.000000E+00  
2.629532E+01  1.243485E-02  -8.208419E-03  -9.663536E-10  1.000000E+00  3.032497E-03  2.096840E-43  7.270179E-24   5.000000E-01 NotAppl  5.274405E-18  1.210135E-15  
3.936856E+01  3.825560E-03  -3.598556E-03  2.845320E-04  1.000000E+00  3.258999E-05  3.272016E-32  2.781293E-13   5.000000E-01 NotAppl  5.325806E-07  8.978551E-05  
9.487057E+01  3.269923E-03  6.451427E-02  2.598004E-03  1.000000E+00  5.532039E-03  1.183063E-24  3.851697E-12   5.000000E-01 NotAppl  6.816882E+00  0.000000E+00  
4.861536E+03  2.546825E-03  4.236245E+01  -1.187852E-02  1.000000E+00  9.825409E-03  4.805518E-25  2.588874E-14   5.000000E-01 NotAppl  4.769741E-02  0.000000E+00  
3.225940E+02  9.276691E+02  -9.182105E+02  1.288206E-07  1.000000E+00  1.050482E-04  4.194135E-23  7.710867E-22   5.000000E-01 NotAppl  6.689350E+01  0.000000E+00  
2.107455E+03  1.903898E-01  -9.663940E-02  2.473418E-09  1.000000E+00  1.526403E+00  4.968748E-27  6.151731E-27   5.000000E-01 NotAppl  1.136776E-03  0.000000E+00  
3.129671E+03  2.025387E+00  3.005783E+02  1.634640E-02  1.000000E+00  2.229703E-04  2.241214E-23  1.200974E-13   5.000000E-01 NotAppl  3.480055E+00  0.000000E+00  
1.223255E+02  2.651727E+00  1.742098E+02  7.642166E-10  1.000000E+00  2.131231E-03  1.940483E-24  1.979367E-25   5.000000E-01 NotAppl  8.432984E+00  0.000000E+00  
2.651695E+02  2.362212E-04  2.320744E-02  9.485305E-06  1.000000E+00  2.982174E-02  2.861698E-25  6.245565E-18   5.000000E-01 NotAppl  5.569664E-01  0.000000E+00  
2.791222E+02  5.646764E+01  -5.646733E+01  3.790364E-01  1.000000E+00  1.977157E-03  3.281593E-24  8.978778E-09   2.520523E-134 LZ5Tmedian  6.133218E+00  0.000000E+00  
1.150141E+02  5.770098E+00  -4.164631E+00  3.694053E-02  1.000000E+00  3.798525E-03  1.387605E-24  5.247717E-10   5.130755E-18 LZ5Tmedian  6.531250E+00  0.000000E+00  
1.252547E+02  2.839779E-03  1.975736E-02  1.853080E-10  1.000000E+00  7.947689E-03  1.004394E-24  1.108697E-26   5.000000E-01 NotAppl  4.318865E+00  0.000000E+00  
8.993088E+01  6.420867E-04  -4.734460E-04  1.145612E-02  1.000000E+00  5.602970E-03  8.410110E-25  8.356873E-11   4.685580E-04 LZ5Tmedian  5.218362E+00  0.000000E+00  
2.696210E+02  8.251361E-01  2.859582E-01  8.278797E+00  1.000000E+00  6.468006E-06  2.127797E-21  4.598271E-06   0.000000E+00 XENON1T_2018  4.892074E+03  0.000000E+00  
9.643818E+02  9.344281E-02  -8.421384E-02  6.049639E-03  1.000000E+00  3.462219E-01  2.341077E-26  1.812350E-13   5.000000E-01 NotAppl  1.194635E-02  0.000000E+00  
2.116422E+03  3.944645E+01  -3.944632E+01  7.866740E-08  1.000000E+00  7.283433E-03  9.052526E-25  6.169269E-24   5.000000E-01 NotAppl  2.053586E-01  0.000000E+00  
3.416434E+02  1.298571E+00  -1.194876E+00  1.464050E-01  1.000000E+00  3.615117E-02  2.467938E-25  8.855931E-10   1.365937E-11 LZ5Tmedian  3.739454E-01  0.000000E+00  
2.561330E+01  3.297798E-02  -2.677742E-02  -7.445383E-03  1.000000E+00  3.156487E-03  1.220525E-29  4.550889E-10   7.532266E-22 LZ5Tmedian  3.160923E-04  5.614897E-02  
3.830925E+02  2.303846E-03  3.364981E-03  -1.133575E-09  1.000000E+00  5.978288E-02  1.424025E-25  4.199850E-26   5.000000E-01 NotAppl  1.889646E-01  0.000000E+00  
2.056909E+01  1.402857E+01  7.026074E+02  3.424109E-09  1.000000E+00  1.638820E+03  2.285177E-42  1.497099E-22   5.000000E-01 NotAppl  7.511022E-17  5.951332E-15  
8.864895E+02  4.136168E-01  -2.673970E-01  5.210596E-07  1.000000E+00  2.920625E-01  2.772886E-26  1.596743E-21   5.000000E-01 NotAppl  1.543259E-02  0.000000E+00  
1.578439E+01  5.837200E-01  3.404406E+00  -6.228089E-02  1.000000E+00  4.293606E-03  6.898217E-28  8.412113E-08   0.000000E+00 XENON1T_2018  3.051694E-02  2.515981E-01  
8.395767E+03  8.440147E-01  -8.425547E-01  -4.124185E+00  1.000000E+00  2.127313E-01  5.233776E-26  1.028213E-09   2.946448E-01 NotAppl  3.124833E-03  0.000000E+00  
6.531838E+01  5.012011E-04  1.265984E+01  2.354064E-05  1.000000E+00  4.572585E-03  9.586660E-33  6.784916E-16   5.000000E-01 NotAppl  9.233319E-08  0.000000E+00  
8.902203E+02  1.391255E+01  -1.389521E+01  3.138128E-06  1.000000E+00  4.595760E-02  1.388926E-25  5.742187E-20   5.000000E-01 NotAppl  7.684680E-02  0.000000E+00  
3.251064E+02  1.243393E+02  -1.243381E+02  -3.378146E-01  1.000000E+00  1.476562E-03  4.428066E-24  5.219054E-09   7.100268E-68 LZ5Tmedian  7.045254E+00  0.000000E+00  
7.293905E+03  6.272777E-03  8.082284E+00  6.579344E-07  1.000000E+00  2.400481E-01  1.806348E-26  3.482397E-23   5.000000E-01 NotAppl  1.187173E-03  0.000000E+00  
3.217827E+03  2.599214E-03  -2.420792E-03  6.299003E-07  1.000000E+00  3.463578E+00  2.125863E-27  1.685309E-22   5.000000E-01 NotAppl  3.157384E-04  0.000000E+00  
6.697873E+03  7.648451E+01  -7.631878E+01  -3.120004E-08  1.000000E+00  2.028058E-03  3.416568E-24  9.311926E-26   5.000000E-01 NotAppl  2.396995E-01  0.000000E+00  
3.367209E+03  1.850229E+00  -3.071968E-02  -2.937801E-10  1.000000E+00  1.461291E+00  4.855756E-27  3.343291E-29   5.000000E-01 NotAppl  6.892441E-04  0.000000E+00  
1.935764E+01  2.012411E-04  3.493217E-03  -5.015983E-10  1.000000E+00  2.116174E-03  4.785532E-44  3.628876E-24   5.000000E-01 NotAppl  1.683087E-18  3.417262E-16  
1.743220E+01  8.952195E-04  1.200145E+00  1.647285E-02  1.000000E+00  1.087895E-03  4.976206E-29  4.827101E-09   3.756233E-126 LZ5Tmedian  1.967428E-03  1.456178E-01  
2.675784E+02  2.489574E-04  2.220230E-04  8.725182E-07  1.000000E+00  3.034063E-02  2.813715E-25  5.187685E-20   5.000000E-01 NotAppl  5.424843E-01  0.000000E+00  
2.725339E+01  3.957957E-02  4.582364E-01  8.443306E-06  1.000000E+00  2.496711E-03  1.647838E-35  5.162860E-16   5.000000E-01 NotAppl  3.980136E-10  9.153618E-08  
6.162273E+01  5.535364E-02  -4.391423E-02  6.339174E-03  1.000000E+00  1.097262E-03  7.572826E-27  5.541191E-11   1.619999E-03 LZ5Tmedian  7.702777E-02  9.222976E-03  
2.455240E+03  5.290748E-04  8.899983E-04  1.952656E-02  1.000000E+00  2.051543E+00  3.662820E-27  2.808885E-13   5.000000E-01 NotAppl  7.169960E-04  0.000000E+00  
9.274328E+01  1.862841E-04  6.987093E+00  -8.668241E-10  1.000000E+00  4.600568E-03  1.060107E-24  4.491807E-25   5.000000E-01 NotAppl  6.271245E+00  0.000000E+00  
1.658436E+01  5.952555E+01  -5.952528E+01  -2.535961E-06  1.000000E+00  7.238286E-02  1.160938E-36  1.263795E-16   5.000000E-01 NotAppl  4.855443E-11  8.861262E-09  
2.447823E+01  3.379150E-04  4.640523E+00  -2.684078E-03  1.000000E+00  1.807129E-03  1.538066E-30  6.480948E-11   1.332943E-03 LZ5Tmedian  4.186181E-05  8.842135E-03  
3.723567E+02  1.811471E-04  5.404330E-01  7.853833E-05  1.000000E+00  5.611354E-02  1.505736E-25  2.136785E-16   5.000000E-01 NotAppl  2.057931E-01  0.000000E+00  
2.796556E+01  8.617511E-04  9.173623E+01  -1.460617E-10  1.000000E+00  2.029006E-03  5.044582E-45  1.466512E-25   5.000000E-01 NotAppl  1.184311E-19  2.725370E-17  
1.549176E+02  2.433928E-02  4.490734E-01  4.710930E-04  1.000000E+00  1.107112E-02  7.299232E-25  4.634560E-14   5.000000E-01 NotAppl  2.523033E+00  0.000000E+00  
5.022682E+03  6.225162E-01  1.885859E+01  4.752538E-07  1.000000E+00  4.500382E-02  1.031875E-25  3.878318E-23   5.000000E-01 NotAppl  9.907227E-03  0.000000E+00  
1.057666E+01  7.145959E-02  1.497697E+00  6.232183E-06  1.000000E+00  6.084077E-04  5.999761E-36  1.857450E-15   5.000000E-01 NotAppl  4.225890E-10  5.456619E-08  
2.104229E+03  1.548885E+01  -1.548436E+01  1.900746E-01  1.000000E+00  3.897727E-02  1.714703E-25  3.644221E-11   5.000000E-01 NotAppl  3.916416E-02  0.000000E+00  
1.141547E+02  1.084145E-01  -1.032585E-01  2.458322E-01  1.000000E+00  3.415289E-03  3.127517E-24  2.360034E-08   0.000000E+00 XENON1T_2018  1.484922E+01  0.000000E+00  
1.338581E+01  3.460223E-01  -2.931947E-01  7.716152E-10  1.000000E+00  4.277472E-03  1.007529E-43  1.791130E-23   5.000000E-01 NotAppl  5.387329E-18  8.305078E-16  
4.010800E+03  1.496324E-03  3.034083E-03  2.131471E-05  1.000000E+00  5.300769E+00  1.369399E-27  1.232662E-19   5.000000E-01 NotAppl  1.625533E-04  0.000000E+00  
1.635640E+03  5.148752E+01  -1.395647E+01  -9.254775E-05  1.000000E+00  2.787494E-03  1.891306E-24  1.443613E-17   5.000000E-01 NotAppl  5.612857E-01  0.000000E+00  
1.562988E+01  1.686342E+00  1.871810E+02  1.160385E-02  1.000000E+00  5.286327E-02  2.387653E-29  2.977881E-09   1.880498E-60 LZ5Tmedian  1.068216E-03  1.104224E-01  
8.629610E+03  6.419814E-02  1.071045E+02  1.464800E-06  1.000000E+00  1.636487E-03  3.063570E-24  1.226687E-22   5.000000E-01 NotAppl  1.698703E-01  0.000000E+00  
6.197062E+03  1.950477E+01  -1.700197E+01  -1.567061E+00  1.000000E+00  3.569796E-02  1.515356E-25  2.750970E-10   5.000000E-01 NotAppl  1.157162E-02  0.000000E+00  
3.114604E+01  2.826681E-03  4.035611E-01  1.177721E-06  1.000000E+00  1.973334E-03  3.677603E-37  7.666460E-18   5.000000E-01 NotAppl  7.685244E-12  1.716150E-09  
3.532890E+01  4.515428E+01  2.891084E+02  -2.741659E-08  1.000000E+00  2.823273E+05  2.405838E-40  3.217619E-21   5.000000E-01 NotAppl  4.390869E-15  8.860467E-13  
1.542895E+01  7.298601E-04  2.938248E+00  -2.277520E-04  1.000000E+00  8.477673E-04  9.162599E-33  1.177100E-12   5.000000E-01 NotAppl  4.158945E-07  7.082143E-05  
7.458432E+02  2.341487E-03  -1.225790E-03  -1.816204E+00  1.000000E+00  7.553403E-03  1.670853E-24  2.760744E-08   5.744662E-159 LZ5Tmedian  1.200714E+00  0.000000E+00  
1.632621E+01  3.834020E+00  -3.803920E+00  2.058353E-08  1.000000E+00  7.456085E-02  7.611914E-41  8.590564E-21   5.000000E-01 NotAppl  3.239584E-15  5.503065E-13  
3.496998E+03  2.560483E+00  -2.514046E+00  1.003142E+00  1.000000E+00  2.591796E-01  3.848928E-26  3.608539E-10   3.578494E-01 NotAppl  5.397136E-03  0.000000E+00  
3.287969E+01  1.019402E-04  8.053019E-05  7.347436E-09  1.000000E+00  1.577164E-03  1.538808E-41  2.673576E-22   5.000000E-01 NotAppl  3.033140E-16  6.558118E-14  
7.206320E+01  2.393586E-03  -1.919340E-03  -2.643975E-05  1.000000E+00  6.394658E-03  9.590199E-34  7.002867E-16   5.000000E-01 NotAppl  8.358100E-09  0.000000E+00  
1.410050E+03  1.240716E+01  2.122279E+02  4.260580E-08  1.000000E+00  4.036187E-04  1.163535E-23  4.140729E-24   5.000000E-01 NotAppl  4.089740E+00  0.000000E+00  
5.852258E+02  8.860572E-04  9.767306E+01  3.053494E-09  1.000000E+00  2.176434E-03  2.200662E-24  1.280947E-25   5.000000E-01 NotAppl  1.904917E+00  0.000000E+00  
8.032367E+02  9.555000E-01  -4.096107E-01  -7.120292E-08  1.000000E+00  2.336105E-01  3.419447E-26  3.646909E-23   5.000000E-01 NotAppl  2.106715E-02  0.000000E+00  
1.180322E+02  8.506983E+00  -8.452259E+00  3.858504E-04  1.000000E+00  5.261839E-03  1.154816E-24  5.429253E-14   5.000000E-01 NotAppl  5.294931E+00  0.000000E+00  
2.229307E+02  1.895128E+02  -1.876457E+02  -1.565453E-07  1.000000E+00  7.096799E-04  7.717004E-24  2.427269E-21   5.000000E-01 NotAppl  1.816898E+01  0.000000E+00  
2.281302E+01  4.132159E+00  -4.009980E+00  -2.105896E-04  1.000000E+00  2.931389E-02  9.083666E-33  4.598214E-13   5.000000E-01 NotAppl  2.667944E-07  5.269003E-05  
8.124743E+02  5.395526E-02  1.904157E+00  -1.465272E-04  1.000000E+00  2.333912E-01  3.386302E-26  1.508770E-16   5.000000E-01 NotAppl  2.062878E-02  0.000000E+00  
7.731614E+03  2.318030E-04  3.593227E+00  6.046402E-04  1.000000E+00  1.101333E+00  3.856879E-27  2.612722E-17   5.000000E-01 NotAppl  2.386739E-04  0.000000E+00  
3.410012E+02  1.165495E-04  6.943681E+00  1.726761E-05  1.000000E+00  3.878895E-02  1.918387E-25  1.236687E-17   5.000000E-01 NotAppl  2.873402E-01  0.000000E+00  
1.106549E+01  2.294245E-02  1.877308E+02  9.418150E-06  1.000000E+00  5.290996E-04  1.399337E-35  3.882731E-15   5.000000E-01 NotAppl  9.346272E-10  1.247037E-07  
2.003729E+03  4.810281E+00  1.684565E+02  -3.926948E-03  1.000000E+00  6.529915E-04  7.431961E-24  1.718583E-14   5.000000E-01 NotAppl  1.822177E+00  0.000000E+00  
1.196612E+01  1.115979E+01  -1.106959E+01  7.449201E-09  1.000000E+00  1.541601E-01  9.036691E-42  2.082832E-21   5.000000E-01 NotAppl  5.505785E-16  5.279916E-14  
1.739069E+02  4.786971E+00  5.575024E+01  -3.638876E-06  1.000000E+00  3.446046E-03  1.209748E-24  2.181712E-18   5.000000E-01 NotAppl  3.661928E+00  0.000000E+00  
1.697892E+03  7.880298E+00  -6.324248E+00  -1.756940E-04  1.000000E+00  1.449633E-01  4.465961E-26  4.821291E-17   5.000000E-01 NotAppl  1.271405E-02  0.000000E+00  
1.832171E+02  7.917534E-01  -3.926061E-01  6.133191E+00  1.000000E+00  1.852450E-06  7.713337E-21  5.569474E-06   0.000000E+00 XENON1T_2018  2.636211E+04  0.000000E+00  
6.496468E+02  3.603081E-03  1.044334E+00  -1.406444E-07  1.000000E+00  1.603042E-01  5.127907E-26  2.195227E-22   5.000000E-01 NotAppl  3.933802E-02  0.000000E+00  
1.364478E+01  7.761480E-04  1.984399E+01  -2.062405E-09  1.000000E+00  6.831078E-04  7.241259E-43  1.231967E-22   5.000000E-01 NotAppl  3.786882E-17  2.662281E-15  
5.393799E+01  1.696592E-02  -1.373478E-02  -7.682584E-04  1.000000E+00  2.786063E-03  1.319982E-30  1.067961E-12   5.000000E-01 NotAppl  1.548053E-05  4.252629E-04  
1.939583E+02  1.600311E-03  9.952934E-03  -1.541396E-10  1.000000E+00  1.677186E-02  5.051983E-25  3.130112E-27   5.000000E-01 NotAppl  1.363023E+00  0.000000E+00  
2.224810E+01  3.585136E+00  -3.547464E+00  -5.162871E-08  1.000000E+00  3.102102E-02  5.388531E-40  2.906843E-20   5.000000E-01 NotAppl  1.625219E-14  3.264551E-12  
1.424726E+01  5.964961E-03  -1.631494E-03  -2.313044E-02  1.000000E+00  1.314278E-03  9.229168E-29  1.422402E-08   8.899189E-221 LZ5Tmedian  4.591670E-03  1.871887E-01  
1.373894E+03  4.810410E-01  2.713531E+02  -1.817944E-10  1.000000E+00  3.078011E-04  1.622404E-23  7.948283E-29   5.000000E-01 NotAppl  5.858252E+00  0.000000E+00  
7.014587E+02  2.714477E+02  -2.714385E+02  2.426051E-03  1.000000E+00  2.531637E-04  2.845206E-23  5.583877E-14   5.000000E-01 NotAppl  2.013838E+01  0.000000E+00  
2.330124E+02  3.892452E-01  -3.884823E-01  7.514702E-10  1.000000E+00  2.317009E-02  3.637811E-25  5.108637E-26   5.000000E-01 NotAppl  8.103698E-01  0.000000E+00  
8.721714E+01  9.041990E-01  8.493622E+02  -1.900695E-05  1.000000E+00  4.423880E-03  7.365038E-25  2.449427E-16   5.000000E-01 NotAppl  4.713386E+00  0.000000E+00  
1.243429E+03  2.253968E+01  -2.244125E+01  -1.797039E-04  1.000000E+00  2.085190E-02  3.071346E-25  9.520341E-17   5.000000E-01 NotAppl  1.203252E-01  0.000000E+00  
1.535657E+02  1.298478E-04  3.130532E-02  2.694646E-04  1.000000E+00  1.111078E-02  7.389557E-25  1.543837E-14   5.000000E-01 NotAppl  2.577460E+00  0.000000E+00  
4.638353E+01  2.208464E-03  -8.733425E-04  -1.802442E-09  1.000000E+00  3.484199E-04  2.348516E-42  7.994695E-24   5.000000E-01 NotAppl  3.221444E-17  3.110453E-15  
3.355444E+03  4.486991E-04  2.530864E-02  -5.527225E+00  1.000000E+00  1.814893E-02  6.717657E-25  1.191620E-08   4.390318E-16 LZ5Tmedian  1.013607E-01  0.000000E+00  
5.282480E+02  2.415041E+02  -2.414393E+02  -1.575658E-10  1.000000E+00  3.418581E-04  2.062448E-23  4.205371E-28   5.000000E-01 NotAppl  1.960833E+01  0.000000E+00  
1.291672E+03  4.520717E-02  -4.403519E-02  -1.846589E-08  1.000000E+00  6.038225E-01  1.309854E-26  9.301520E-25   5.000000E-01 NotAppl  4.948879E-03  0.000000E+00  
2.648027E+03  1.358458E-04  1.280468E-01  -1.379876E-03  1.000000E+00  2.373420E+00  3.140352E-27  1.202579E-15   5.000000E-01 NotAppl  5.689492E-04  0.000000E+00  
1.200766E+01  1.183804E-03  4.128083E+02  4.290977E-02  1.000000E+00  5.481813E-04  3.002397E-28  6.864103E-08   0.000000E+00 LZ5Tmedian  1.821880E-02  2.951909E-01  
1.918681E+03  9.926496E-04  1.312131E-02  -1.331942E-08  1.000000E+00  1.283115E+00  5.961301E-27  2.159791E-25   5.000000E-01 NotAppl  1.501529E-03  0.000000E+00  
1.151312E+01  5.797553E+01  -5.726140E+01  -1.256823E-10  1.000000E+00  3.026109E-01  2.533997E-45  6.396574E-25   5.000000E-01 NotAppl  1.615052E-19  2.217978E-17  
1.108564E+03  1.045689E-01  1.155984E+00  -7.235709E+00  1.000000E+00  1.075328E-03  1.247979E-23  1.950898E-07   0.000000E+00 LZ5Tmedian  6.029664E+00  0.000000E+00  
7.936555E+01  1.862360E-04  9.074902E-02  -1.880003E-03  1.000000E+00  7.020969E-03  1.426871E-30  2.907006E-12   5.000000E-01 NotAppl  1.127734E-05  0.000000E+00  
5.740861E+01  1.973616E-04  3.016936E+02  3.802469E-08  1.000000E+00  3.447695E-03  8.636537E-39  2.303768E-21   5.000000E-01 NotAppl  9.496214E-14  8.165067E-13  
2.078221E+01  5.106931E+01  -5.105822E+01  4.080259E-05  1.000000E+00  3.985529E-02  3.259148E-34  2.082272E-14   5.000000E-01 NotAppl  1.059208E-08  2.243922E-06  
7.282136E+02  9.123188E+02  -9.123035E+02  -2.383299E-04  1.000000E+00  5.405519E-05  1.375652E-22  4.992038E-16   5.000000E-01 NotAppl  9.365918E+01  0.000000E+00  
1.766121E+03  7.988504E-01  5.373457E+01  -6.102448E-04  1.000000E+00  6.013036E-03  7.848245E-25  5.367615E-16   5.000000E-01 NotAppl  2.189609E-01  0.000000E+00  
7.948297E+02  6.054038E+02  -5.986028E+02  -1.827335E-10  1.000000E+00  6.367449E-05  9.625426E-23  2.454222E-28   5.000000E-01 NotAppl  5.984855E+01  0.000000E+00  
1.268655E+01  5.610395E+02  -5.610180E+02  -3.150869E-08  1.000000E+00  1.339893E-01  1.650763E-40  3.320788E-20   5.000000E-01 NotAppl  9.394101E-15  1.389046E-12  
1.328771E+02  3.889869E+02  -3.888781E+02  1.983718E-07  1.000000E+00  1.133025E-03  5.048401E-24  1.125610E-20   5.000000E-01 NotAppl  2.086178E+01  0.000000E+00  
5.609021E+01  4.031215E-01  3.241104E+00  -3.136977E-07  1.000000E+00  3.760736E-03  3.788662E-37  1.644034E-19   5.000000E-01 NotAppl  4.266912E-12  5.688986E-11  
1.132683E+02  1.866149E-01  4.346527E-01  1.099447E-10  1.000000E+00  6.501382E-03  1.139575E-24  4.796561E-27   5.000000E-01 NotAppl  5.442978E+00  0.000000E+00  
5.391832E+03  4.839341E-04  1.108298E-03  9.169779E-07  1.000000E+00  9.402008E+00  7.582662E-28  1.249954E-22   5.000000E-01 NotAppl  6.665013E-05  0.000000E+00  
2.356906E+01  7.954654E+02  -7.954102E+02  -2.843826E+00  1.000000E+00  4.319966E-03  1.183868E-24  7.852286E-05   0.000000E+00 XENON1T_2018  3.353871E+01  5.000895E-01  
6.924055E+02  1.550684E-02  1.173752E-01  7.269670E-02  1.000000E+00  1.757475E-01  4.817157E-26  5.148643E-11   4.813850E-01 NotAppl  3.472813E-02  0.000000E+00  
5.843174E+02  3.086496E-02  -2.805078E-02  -5.916517E-01  1.000000E+00  3.371617E-02  3.329841E-25  4.824456E-09   7.169755E-36 LZ5Tmedian  3.030716E-01  0.000000E+00  
3.062850E+03  5.467992E-04  4.699410E-01  3.551019E-02  1.000000E+00  2.937295E+00  2.482309E-27  5.922051E-13   5.000000E-01 NotAppl  3.883072E-04  0.000000E+00  
3.062185E+01  2.341896E+02  -2.341686E+02  3.155151E-09  1.000000E+00  9.205479E-03  2.585926E-42  5.694891E-23   5.000000E-01 NotAppl  5.503989E-17  1.240012E-14  
1.258274E+02  1.414638E-02  7.893725E+00  -3.900100E-08  1.000000E+00  6.571853E-03  1.034817E-24  4.865351E-22   5.000000E-01 NotAppl  4.423793E+00  0.000000E+00  
6.087807E+03  2.219389E-01  -2.079241E-01  -8.057972E+00  1.000000E+00  2.845654E-02  4.242699E-25  7.541615E-09   4.312253E-06 LZ5Tmedian  3.489434E-02  0.000000E+00  
1.460491E+03  5.177175E-03  5.688268E-01  4.859450E-07  1.000000E+00  7.487086E-01  1.035105E-26  5.014002E-22   5.000000E-01 NotAppl  3.449363E-03  0.000000E+00  
2.040780E+03  5.476555E-03  -4.234344E-03  1.032974E-01  1.000000E+00  1.329904E+00  5.908528E-27  1.145581E-11   5.000000E-01 NotAppl  1.405946E-03  0.000000E+00  
1.340470E+03  1.661507E+00  -1.565799E+00  -1.923520E+00  1.000000E+00  2.370355E-02  4.927440E-25  9.357439E-09   9.088607E-31 LZ5Tmedian  1.921179E-01  0.000000E+00  
3.125746E+01  1.858333E+02  -1.858319E+02  8.242558E-08  1.000000E+00  8.242431E-03  1.809235E-39  3.728134E-20   5.000000E-01 NotAppl  3.766022E-14  8.406498E-12  
2.710380E+02  1.538809E-02  8.806374E-02  -3.391231E-05  1.000000E+00  3.101052E-02  2.747565E-25  7.633301E-17   5.000000E-01 NotAppl  5.226764E-01  0.000000E+00  
4.464910E+03  8.683258E-04  2.756166E+01  1.331193E-10  1.000000E+00  2.250752E-02  2.049758E-25  3.863099E-30   5.000000E-01 NotAppl  2.217481E-02  0.000000E+00  
3.063577E+03  5.959061E+00  -5.956469E+00  9.694960E+00  1.000000E+00  4.512400E-03  2.721545E-24  4.412135E-08   5.480740E-63 LZ5Tmedian  4.443954E-01  0.000000E+00  
2.141483E+02  5.626299E-04  9.312615E-03  -5.419131E-01  1.000000E+00  4.141478E-03  2.802273E-24  3.158369E-08   0.000000E+00 LZ5Tmedian  7.564088E+00  0.000000E+00  
4.771713E+02  2.817408E-01  -2.813193E-01  -1.993491E-10  1.000000E+00  9.028608E-02  9.319863E-26  8.287793E-28   5.000000E-01 NotAppl  9.842396E-02  0.000000E+00  
2.238952E+03  1.369205E+01  -9.488598E+00  7.698958E-02  1.000000E+00  5.326415E-02  1.285809E-25  5.268856E-12   5.000000E-01 NotAppl  2.757015E-02  0.000000E+00  
9.562706E+02  1.307093E+02  -1.307035E+02  -2.392521E-01  1.000000E+00  8.519256E-04  8.194770E-24  2.883921E-10   5.086588E-02 LZ5Tmedian  4.209199E+00  0.000000E+00  
1.308532E+01  7.117982E-03  3.581114E-01  6.497164E-01  1.000000E+00  7.683135E-04  7.064244E-26  1.328237E-05   0.000000E+00 XENON1T_2018  3.879062E+00  2.499116E-01  
7.076684E+03  7.511433E+00  -5.637775E+00  1.428273E-01  1.000000E+00  1.813267E-01  3.770365E-26  1.745060E-12   5.000000E-01 NotAppl  2.504084E-03  0.000000E+00  
1.440148E+03  6.579398E-04  1.791174E-01  -2.614919E-02  1.000000E+00  7.387248E-01  1.060899E-26  1.493996E-12   5.000000E-01 NotAppl  3.587632E-03  0.000000E+00  
2.153017E+01  7.978202E+01  -7.957399E+01  4.690378E-10  1.000000E+00  3.689825E-02  4.376361E-44  2.562790E-24   5.000000E-01 NotAppl  1.368136E-18  2.950863E-16  
4.304395E+02  1.100753E+01  -1.100705E+01  -1.245227E-06  1.000000E+00  3.655684E-02  1.821887E-25  3.992766E-20   5.000000E-01 NotAppl  2.143115E-01  0.000000E+00  
3.175756E+01  4.015752E-01  2.838708E+00  6.951904E-08  1.000000E+00  2.049180E-03  1.313417E-39  2.568055E-20   5.000000E-01 NotAppl  2.687577E-14  5.576325E-12  
2.683271E+02  9.708790E+01  -9.708598E+01  5.438594E+00  1.000000E+00  1.799429E-05  4.209192E-22  2.004068E-06   0.000000E+00 XENON1T_2018  9.411726E+02  0.000000E+00  
3.491645E+03  2.076480E+02  5.133353E+00  5.730634E-09  1.000000E+00  1.170729E-04  3.545890E-23  1.181323E-26   5.000000E-01 NotAppl  4.854500E+00  0.000000E+00  
1.322453E+02  2.624624E-02  -2.442727E-02  1.725205E-07  1.000000E+00  8.670110E-03  9.307480E-25  8.597113E-21   5.000000E-01 NotAppl  3.788073E+00  0.000000E+00  
6.235541E+02  2.408578E-01  1.551257E+00  8.300635E-04  1.000000E+00  1.435265E-01  5.621802E-26  8.314639E-15   5.000000E-01 NotAppl  4.500142E-02  0.000000E+00  
2.086024E+03  1.577050E+00  -1.576896E+00  -3.481713E-03  1.000000E+00  1.078139E+00  6.468478E-27  1.244603E-14   5.000000E-01 NotAppl  1.494140E-03  0.000000E+00  
3.326971E+01  7.035881E+00  -6.959643E+00  -1.005648E-04  1.000000E+00  4.508928E-03  2.933226E-33  4.890192E-14   5.000000E-01 NotAppl  5.708927E-08  7.310717E-06  
3.762976E+01  1.711816E-02  5.002555E-01  8.907863E-02  1.000000E+00  9.580266E-05  2.880686E-27  2.988155E-08   0.000000E+00 XENON1T_2018  4.908163E-02  2.418908E-01  
2.093645E+02  9.503162E-04  1.070363E+02  -2.701232E-02  1.000000E+00  2.553829E-03  1.910604E-24  8.219251E-11   2.505527E-02 LZ5Tmedian  4.726119E+00  0.000000E+00  
9.556645E+02  2.085433E-02  3.295684E-02  -6.243199E-03  1.000000E+00  3.407743E-01  2.380138E-26  1.966294E-13   5.000000E-01 NotAppl  1.225985E-02  0.000000E+00  
1.048170E+03  8.300862E-04  5.056812E+01  2.012136E-09  1.000000E+00  6.945584E-03  6.752374E-25  1.691368E-26   5.000000E-01 NotAppl  3.216869E-01  0.000000E+00  
4.071905E+03  4.967721E+02  -4.965658E+02  -6.713692E-08  1.000000E+00  5.832251E-05  1.286024E-22  1.185905E-24   5.000000E-01 NotAppl  1.495277E+01  0.000000E+00  
1.047487E+02  3.131588E-03  1.758391E-02  -4.403351E-10  1.000000E+00  6.155470E-03  1.213139E-24  9.031570E-26   5.000000E-01 NotAppl  6.285235E+00  0.000000E+00  
8.451949E+02  1.526780E-01  -1.472724E-01  1.988900E-01  1.000000E+00  2.010350E-01  4.507360E-26  2.564435E-10   5.018430E-02 LZ5Tmedian  2.686271E-02  0.000000E+00  
2.023326E+02  1.293537E-04  4.645244E-02  -4.803298E+00  1.000000E+00  6.095491E-06  2.584345E-21  2.787353E-06   0.000000E+00 XENON1T_2018  8.001820E+03  0.000000E+00  
1.836844E+02  1.914781E+01  -1.911007E+01  -8.050045E-02  1.000000E+00  9.581166E-03  6.183954E-25  9.544881E-10   1.095180E-21 LZ5Tmedian  1.781356E+00  0.000000E+00  
5.629702E+01  1.928619E-01  1.366464E+02  8.014961E-07  1.000000E+00  3.556453E-03  2.632006E-36  1.065200E-18   5.000000E-01 NotAppl  2.953008E-11  3.982902E-10  
2.626046E+03  1.460469E+01  4.037340E+02  -7.078075E-05  1.000000E+00  1.220628E-04  4.019705E-23  3.218362E-18   5.000000E-01 NotAppl  7.469887E+00  0.000000E+00  
2.603609E+01  2.269775E-03  1.008541E+01  -5.684117E-02  1.000000E+00  1.945867E-03  7.199676E-28  2.566198E-08   0.000000E+00 XENON1T_2018  1.829425E-02  2.787665E-01  
9.720628E+01  5.618283E-02  3.860446E+01  -6.400718E-09  1.000000E+00  4.226977E-03  1.278808E-24  2.224229E-23   5.000000E-01 NotAppl  7.163605E+00  0.000000E+00  
1.817898E+03  1.066078E+02  -9.542182E+01  3.009775E-08  1.000000E+00  9.626491E-04  6.348969E-24  1.231019E-24   5.000000E-01 NotAppl  1.683723E+00  0.000000E+00  
8.393649E+03  4.261281E+02  -4.256467E+02  -2.197214E-04  1.000000E+00  7.419262E-05  1.019025E-22  2.919940E-18   5.000000E-01 NotAppl  5.689690E+00  0.000000E+00  
2.590854E+03  2.423326E+02  4.009255E+02  3.246013E-04  1.000000E+00  3.078222E-05  1.177364E-22  6.957223E-17   5.000000E-01 NotAppl  2.205461E+01  0.000000E+00  
1.794456E+03  9.623424E-03  6.619401E+02  5.241579E-01  1.000000E+00  6.444556E-05  8.152764E-23  3.833616E-10   1.198760E-01 NotAppl  2.238337E+01  0.000000E+00  
2.309569E+02  4.825744E+02  -4.825698E+02  -1.338845E-08  1.000000E+00  3.805924E-04  1.711511E-23  1.651302E-23   5.000000E-01 NotAppl  3.883248E+01  0.000000E+00  
2.250959E+02  7.947325E-02  2.371946E-02  -1.277276E-07  1.000000E+00  2.185390E-02  3.871554E-25  1.584187E-21   5.000000E-01 NotAppl  8.941168E-01  0.000000E+00  
2.298234E+01  3.615414E+00  -3.614496E+00  -1.253553E-09  1.000000E+00  2.793270E-02  3.231616E-43  1.605216E-23   5.000000E-01 NotAppl  9.415724E-18  1.903433E-15  
3.867214E+03  1.871460E-01  1.581795E-01  -8.168354E-05  1.000000E+00  4.737075E+00  1.525645E-27  1.949671E-18   5.000000E-01 NotAppl  1.879856E-04  0.000000E+00  
4.096381E+01  1.250542E+02  -1.250534E+02  7.638170E+00  1.000000E+00  3.267867E-04  7.668221E-25  1.848779E-04   0.000000E+00 XENON1T_2018  1.195747E+01  4.999999E-01  
4.518575E+01  5.699819E-01  5.658634E+01  -5.419088E-04  1.000000E+00  5.442056E-04  1.882152E-31  7.621981E-13   5.000000E-01 NotAppl  2.645987E-06  2.888846E-04  
3.029304E+03  1.467340E-02  7.611078E+01  1.403889E-01  1.000000E+00  3.111272E-03  1.555853E-24  9.466015E-12   5.000000E-01 NotAppl  2.497595E-01  0.000000E+00  
7.561034E+01  5.403308E-04  1.091633E-04  -3.455129E-09  1.000000E+00  7.006514E-03  8.336990E-42  1.084088E-23   5.000000E-01 NotAppl  6.920678E-17  0.000000E+00  
7.955082E+02  2.059779E-04  2.413399E-01  6.602254E-07  1.000000E+00  2.398839E-01  3.421772E-26  3.198087E-21   5.000000E-01 NotAppl  2.129231E-02  0.000000E+00  
2.675588E+01  6.551656E-01  -6.549072E-01  -1.007724E-03  1.000000E+00  6.342511E-03  2.311732E-31  7.633440E-12   4.283453E-01 NotAppl  5.698676E-06  1.307392E-03  
2.556413E+02  1.336158E-04  1.830119E-03  1.636256E-03  1.000000E+00  2.784181E-02  3.066742E-25  2.003200E-13   5.000000E-01 NotAppl  6.201180E-01  0.000000E+00  
2.118988E+01  3.656917E-04  -1.774882E-04  1.459546E-05  1.000000E+00  2.443084E-03  4.206743E-35  2.562381E-15   5.000000E-01 NotAppl  1.339058E-09  2.862758E-07  
2.323775E+02  1.321984E+02  -1.321981E+02  -6.730863E-10  1.000000E+00  1.226234E-03  5.245324E-24  4.121456E-26   5.000000E-01 NotAppl  1.181822E+01  0.000000E+00  
4.470546E+01  5.728932E-01  -5.720138E-01  -6.513128E-06  1.000000E+00  6.536154E-05  2.598235E-35  1.125234E-16   5.000000E-01 NotAppl  3.702824E-10  4.209199E-08  
1.254836E+01  1.657183E-02  9.076587E+00  -4.028121E-10  1.000000E+00  6.342957E-04  2.687857E-44  5.545909E-24   5.000000E-01 NotAppl  1.549248E-18  1.973321E-16  
4.214599E+02  9.611893E-02  1.164749E+01  -7.895696E-06  1.000000E+00  4.216375E-02  1.551954E-25  1.676064E-18   5.000000E-01 NotAppl  1.867953E-01  0.000000E+00  
2.004134E+03  1.343139E-03  2.121093E+00  4.171892E-02  1.000000E+00  9.427915E-01  7.140363E-27  1.938863E-12   5.000000E-01 NotAppl  1.728185E-03  0.000000E+00  
1.801578E+01  5.989579E-03  4.948654E-01  -1.135816E+00  1.000000E+00  1.282718E-03  2.298499E-25  2.148658E-05   0.000000E+00 XENON1T_2018  8.754648E+00  2.501985E-01  
6.162840E+02  4.413464E+02  -4.413458E+02  -1.009814E-10  1.000000E+00  1.372096E-04  5.295924E-23  1.260416E-28   5.000000E-01 NotAppl  4.288399E+01  0.000000E+00  
2.757039E+02  7.792344E+01  1.065070E+02  -3.415972E-06  1.000000E+00  4.711621E-04  6.810280E-24  7.479007E-19   5.000000E-01 NotAppl  1.274858E+01  0.000000E+00  
2.472782E+03  9.400343E-02  3.290406E-01  6.286207E-06  1.000000E+00  2.037937E+00  3.649132E-27  2.869216E-20   5.000000E-01 NotAppl  7.091220E-04  0.000000E+00  
3.198278E+02  1.983559E-04  1.252872E-03  -1.268025E-03  1.000000E+00  4.246007E-02  2.009746E-25  7.604061E-14   5.000000E-01 NotAppl  3.217319E-01  0.000000E+00  
6.311581E+03  1.417781E-02  -1.405350E-02  -1.026617E-03  1.000000E+00  1.276035E+01  5.536029E-28  1.137550E-16   5.000000E-01 NotAppl  4.148512E-05  0.000000E+00  
2.418333E+03  5.745695E-03  -3.880189E-03  4.493227E-01  1.000000E+00  7.810082E-01  1.219771E-26  1.533894E-10   5.000000E-01 NotAppl  2.522854E-03  0.000000E+00  
4.953069E+01  2.664000E+02  -2.574107E+02  1.230664E-09  1.000000E+00  1.068101E-01  1.594359E-42  3.260472E-24   5.000000E-01 NotAppl  2.043512E-17  8.512308E-16  
7.986360E+02  1.408536E+00  -1.406336E+00  -5.481449E-03  1.000000E+00  2.283361E-01  3.495416E-26  2.186833E-13   5.000000E-01 NotAppl  2.166216E-02  0.000000E+00  
9.682279E+01  2.668741E+01  -2.583044E+01  -2.552642E-06  1.000000E+00  3.381307E-03  1.429759E-24  3.566322E-18   5.000000E-01 NotAppl  8.075598E+00  0.000000E+00  
2.751365E+02  6.346365E+01  4.569153E+01  2.213644E-08  1.000000E+00  8.096158E-04  3.937758E-24  3.154013E-23   5.000000E-01 NotAppl  7.392342E+00  0.000000E+00  
2.160779E+01  1.549679E+00  2.326874E+01  1.891865E-01  1.000000E+00  1.855609E-02  7.133649E-27  4.139372E-07   0.000000E+00 XENON1T_2018  2.223052E-01  2.345034E-01  
5.418970E+01  3.346734E+00  -1.309827E+00  -9.129752E-06  1.000000E+00  5.556775E-03  1.970229E-34  1.493949E-16   5.000000E-01 NotAppl  2.291060E-09  4.871824E-08  
2.460903E+01  1.950295E-04  5.213946E-01  3.689944E-04  1.000000E+00  2.129923E-03  2.916891E-32  1.211768E-12   5.000000E-01 NotAppl  7.893518E-07  1.783192E-04  
2.678003E+03  7.074142E-02  -7.044847E-02  -9.387794E-02  1.000000E+00  2.292938E+00  3.324614E-27  5.440098E-12   5.000000E-01 NotAppl  5.986408E-04  0.000000E+00  
6.085088E+01  1.176892E+01  6.275440E+01  4.501906E-06  1.000000E+00  2.769601E-01  1.093374E-33  2.867488E-17   5.000000E-01 NotAppl  1.132164E-08  6.607616E-09  
7.945589E+03  2.046389E-01  5.809468E+00  -1.453234E-10  1.000000E+00  4.332199E-01  1.013471E-26  1.428091E-30   5.000000E-01 NotAppl  6.106041E-04  0.000000E+00  
1.266095E+01  2.274728E-04  8.187153E+02  6.562788E-01  1.000000E+00  5.963168E-04  7.141277E-26  1.446400E-05   0.000000E+00 XENON1T_2018  4.071521E+00  3.331477E-01  
7.175646E+02  1.158353E-03  8.277200E-03  6.578515E-10  1.000000E+00  1.977083E-01  4.190315E-26  3.919651E-27   5.000000E-01 NotAppl  2.900304E-02  0.000000E+00  
1.188807E+01  3.941394E+01  -3.941272E+01  -1.602214E-10  1.000000E+00  1.545290E-01  4.170189E-45  9.760451E-25   5.000000E-01 NotAppl  2.560290E-19  2.818869E-18  
2.413224E+03  5.575162E-04  2.235725E+01  9.658908E-05  1.000000E+00  3.320830E-02  1.374545E-25  7.118773E-18   5.000000E-01 NotAppl  2.783601E-02  0.000000E+00  
1.896365E+02  2.605496E-02  7.151621E-01  -7.868866E-09  1.000000E+00  1.571931E-02  5.266937E-25  8.543063E-24   5.000000E-01 NotAppl  1.454913E+00  0.000000E+00  
2.209425E+03  1.091908E-01  6.054319E+00  -8.935980E-06  1.000000E+00  3.338556E-01  1.473506E-26  7.292576E-20   5.000000E-01 NotAppl  3.251038E-03  0.000000E+00  
4.847399E+03  6.433889E-04  3.923238E-04  4.056501E-10  1.000000E+00  7.648830E+00  9.379554E-28  3.036030E-29   5.000000E-01 NotAppl  9.184474E-05  0.000000E+00  
3.988743E+01  3.856040E-04  1.873410E-02  -5.480165E-07  1.000000E+00  3.708883E-05  1.256234E-37  1.004640E-18   5.000000E-01 NotAppl  2.012720E-12  3.302698E-10  
4.075468E+02  1.813871E+01  2.319902E+02  -5.241562E-07  1.000000E+00  4.219267E-04  8.786832E-24  7.911540E-21   5.000000E-01 NotAppl  1.101206E+01  0.000000E+00  
9.852989E+03  5.770296E+02  -5.741709E+02  1.010738E-07  1.000000E+00  4.105849E-05  1.853789E-22  4.462126E-25   5.000000E-01 NotAppl  8.802573E+00  0.000000E+00  
2.783766E+03  3.381875E+00  -3.025946E+00  -4.748331E-08  1.000000E+00  6.530480E-01  9.615222E-27  1.286214E-24   5.000000E-01 NotAppl  1.650177E-03  0.000000E+00  
3.420413E+02  8.616881E-02  2.679668E+01  -4.343668E-07  1.000000E+00  1.567149E-02  3.552066E-25  7.776800E-21   5.000000E-01 NotAppl  5.313353E-01  0.000000E+00  
8.759480E+01  3.501331E-04  8.455178E+00  -6.190740E-07  1.000000E+00  4.694879E-03  7.383566E-25  2.575606E-19   5.000000E-01 NotAppl  4.704714E+00  0.000000E+00  
2.059388E+02  9.808945E+02  -8.238179E+02  6.987565E-02  1.000000E+00  1.561372E-04  2.023050E-23  5.689085E-10   5.594629E-12 LZ5Tmedian  5.314216E+01  0.000000E+00  
9.498740E+01  2.986582E-03  1.803395E+02  2.540998E-03  1.000000E+00  3.627851E-03  1.265908E-24  3.675239E-12   5.000000E-01 NotAppl  7.271805E+00  0.000000E+00  
3.312660E+01  2.701079E-03  -1.997253E-03  -2.515515E-08  1.000000E+00  1.477924E-03  1.823543E-40  3.086631E-21   5.000000E-01 NotAppl  3.565588E-15  7.664869E-13  
6.587124E+03  8.238364E-03  3.462619E+02  -4.727638E-04  1.000000E+00  1.672051E-04  3.070228E-23  2.211735E-17   5.000000E-01 NotAppl  2.238651E+00  0.000000E+00  
5.608507E+01  1.110032E-02  8.920732E+01  -5.231626E-07  1.000000E+00  3.253960E-03  1.052156E-36  4.573437E-19   5.000000E-01 NotAppl  1.185089E-11  1.725314E-10  
1.645315E+03  1.464545E-03  9.258065E+01  3.019501E-03  1.000000E+00  2.176453E-03  2.192558E-24  1.518334E-14   5.000000E-01 NotAppl  6.578496E-01  0.000000E+00  
9.614867E+02  5.809804E-04  1.827262E+01  2.251399E-01  1.000000E+00  3.673807E-02  1.589374E-25  2.525538E-10   7.468834E-02 LZ5Tmedian  8.288018E-02  0.000000E+00  
1.234238E+03  9.857847E+00  -9.857534E+00  -4.482817E-06  1.000000E+00  8.879935E-02  7.099796E-26  6.014683E-20   5.000000E-01 NotAppl  2.804818E-02  0.000000E+00  
2.761640E+01  8.992092E-01  -8.957597E-01  -2.635425E-02  1.000000E+00  6.617161E-03  1.623871E-28  4.897208E-09   6.537275E-243 LZ5Tmedian  3.865449E-03  2.059276E-01  
7.638812E+01  1.081111E-04  1.808856E-02  1.665446E-05  1.000000E+00  7.092074E-03  1.710044E-34  2.466707E-16   5.000000E-01 NotAppl  1.404894E-09  0.000000E+00  
1.181549E+01  1.966975E+02  -1.966221E+02  2.715361E-09  1.000000E+00  1.577686E-01  1.194958E-42  2.837380E-22   5.000000E-01 NotAppl  7.388090E-17  1.034542E-14  
1.881696E+03  3.070189E+01  -2.461886E+01  -1.025921E-06  1.000000E+00  1.143674E-02  5.625599E-25  1.333201E-21   5.000000E-01 NotAppl  1.440363E-01  0.000000E+00  
7.108802E+02  4.636911E-02  1.979242E+00  -1.367208E+00  1.000000E+00  1.187435E-02  1.014417E-24  1.725702E-08   1.994474E-104 LZ5Tmedian  7.648274E-01  0.000000E+00  
7.963447E+02  1.640637E+00  -1.635466E+00  -2.124549E-10  1.000000E+00  2.223635E-01  3.573017E-26  3.304540E-28   5.000000E-01 NotAppl  2.220773E-02  0.000000E+00  
1.263871E+01  2.579680E+01  -2.579526E+01  -8.781780E-02  1.000000E+00  1.314779E-01  1.280659E-27  2.598866E-07   0.000000E+00 XENON1T_2018  7.318603E-02  4.037626E-01  
8.777061E+03  2.289200E+00  -6.838018E-01  -2.013139E-07  1.000000E+00  1.717708E+00  4.077150E-27  2.238632E-24   5.000000E-01 NotAppl  2.184704E-04  0.000000E+00  
1.138126E+01  3.782065E+01  -3.781987E+01  -1.487225E-01  1.000000E+00  1.541131E-01  3.531609E-27  9.161777E-07   0.000000E+00 XENON1T_2018  2.281479E-01  4.320198E-01  
4.706325E+02  2.823032E+02  -2.823017E+02  -4.055598E-02  1.000000E+00  2.964255E-04  2.374178E-23  3.528383E-11   4.813759E-01 NotAppl  2.546987E+01  0.000000E+00  
9.457703E+01  5.440218E+00  -5.437033E+00  -9.080479E-03  1.000000E+00  5.116136E-03  1.117310E-24  4.735311E-11   1.520994E-02 LZ5Tmedian  6.462373E+00  0.000000E+00  
6.312799E+01  5.920833E-04  2.731257E-01  -1.164539E-06  1.000000E+00  4.586147E-03  4.876920E-34  1.780142E-18   5.000000E-01 NotAppl  4.837706E-09  0.000000E+00  
1.385463E+03  3.179526E+02  -3.179510E+02  -2.684192E-01  1.000000E+00  1.598917E-04  4.588402E-23  1.703519E-10   2.956083E-01 NotAppl  1.608370E+01  0.000000E+00  
1.288254E+02  1.566187E+00  5.289536E+01  3.562125E-07  1.000000E+00  3.759277E-03  1.349004E-24  3.867373E-20   5.000000E-01 NotAppl  5.585278E+00  0.000000E+00  
1.163830E+03  4.130263E+01  5.048919E+02  7.115543E-05  1.000000E+00  8.077969E-05  4.995633E-23  1.708335E-17   5.000000E-01 NotAppl  2.137762E+01  0.000000E+00  
8.425112E+02  1.042936E+01  6.116602E+01  -1.145126E-05  1.000000E+00  3.399694E-03  1.355318E-24  8.556433E-19   5.000000E-01 NotAppl  8.073158E-01  0.000000E+00  
2.530332E+02  3.013844E-04  3.805674E-02  -5.762120E-04  1.000000E+00  2.732040E-02  3.120736E-25  2.536934E-14   5.000000E-01 NotAppl  6.378231E-01  0.000000E+00  
4.628308E+02  5.675702E-03  5.849703E-02  1.007708E-06  1.000000E+00  8.565275E-02  9.881736E-26  2.254162E-20   5.000000E-01 NotAppl  1.077160E-01  0.000000E+00  
1.565957E+03  1.648895E+02  -1.646583E+02  2.046380E-07  1.000000E+00  4.919156E-04  1.437531E-23  7.713288E-23   5.000000E-01 NotAppl  4.442516E+00  0.000000E+00  
4.556155E+03  3.046963E-02  2.269706E+01  4.615341E+00  1.000000E+00  1.497335E-02  5.704632E-25  4.459484E-09   5.801957E-05 LZ5Tmedian  6.148881E-02  0.000000E+00  
6.333419E+03  9.532059E+00  -9.531904E+00  -3.542899E-08  1.000000E+00  1.115299E-01  5.413660E-26  1.345305E-25   5.000000E-01 NotAppl  4.019782E-03  0.000000E+00  
3.677157E+01  2.060002E-03  1.492144E+00  -9.874118E+00  1.000000E+00  1.935519E-04  1.281434E-25  3.847752E-04   0.000000E+00 XENON1T_2018  2.530874E+00  2.514458E-01  
6.049240E+02  5.917870E+00  6.024704E+02  -1.529965E-04  1.000000E+00  1.320615E-04  3.498648E-23  3.005452E-16   5.000000E-01 NotAppl  2.928703E+01  0.000000E+00  
7.811088E+02  1.607638E+00  -1.607383E+00  -1.937929E-03  1.000000E+00  2.155781E-01  3.692227E-26  2.860129E-14   5.000000E-01 NotAppl  2.341041E-02  0.000000E+00  
1.475253E+02  4.540591E-02  1.219732E+01  5.318793E-08  1.000000E+00  8.044110E-03  8.437314E-25  6.530553E-22   5.000000E-01 NotAppl  3.061562E+00  0.000000E+00  
2.418974E+03  1.884197E+02  -1.873018E+02  -2.491004E-05  1.000000E+00  3.638203E-04  1.934944E-23  4.711867E-19   5.000000E-01 NotAppl  3.827683E+00  0.000000E+00  
3.224116E+01  1.000481E-02  3.129200E-01  3.764288E-09  1.000000E+00  1.697715E-03  3.929323E-42  7.302254E-23   5.000000E-01 NotAppl  7.899394E-17  1.732909E-14  
3.165401E+02  2.058123E+02  -2.025658E+02  -3.532544E-06  1.000000E+00  4.681914E-04  1.172874E-23  6.027722E-19   5.000000E-01 NotAppl  1.908052E+01  0.000000E+00  
1.559330E+01  2.084779E+02  -2.084777E+02  -2.785188E-04  1.000000E+00  8.396029E-02  1.374558E-32  1.723608E-12   5.000000E-01 NotAppl  6.166001E-07  1.073142E-04  
2.853716E+01  3.466117E-02  -3.326163E-02  3.617175E-08  1.000000E+00  2.971942E-03  3.153034E-40  8.633284E-21   5.000000E-01 NotAppl  7.239613E-15  1.662761E-12  
7.378411E+03  9.709435E-03  -3.836142E-03  1.666256E-01  1.000000E+00  1.410878E+01  5.341585E-28  2.181893E-12   5.000000E-01 NotAppl  3.461291E-05  0.000000E+00  
8.889420E+03  1.005844E+00  -1.005505E+00  -2.598686E-01  1.000000E+00  7.918859E+00  5.751646E-28  3.635167E-12   5.000000E-01 NotAppl  3.106050E-05  0.000000E+00  
4.611500E+03  1.335490E+01  -8.985255E+00  -1.238177E-01  1.000000E+00  6.413468E-02  1.042536E-25  3.131692E-12   5.000000E-01 NotAppl  1.069141E-02  0.000000E+00  
6.849562E+03  1.988427E-02  1.124523E+01  -5.432380E-06  1.000000E+00  1.272630E-01  3.468462E-26  2.697434E-21   5.000000E-01 NotAppl  2.430047E-03  0.000000E+00  
8.007671E+02  3.423376E-04  3.442940E-03  -9.160966E-07  1.000000E+00  2.435863E-01  3.375603E-26  6.074959E-21   5.000000E-01 NotAppl  2.086268E-02  0.000000E+00  
2.871846E+02  5.393165E-04  7.099406E-04  -2.475674E-10  1.000000E+00  3.464602E-02  2.464638E-25  3.613402E-27   5.000000E-01 NotAppl  4.413732E-01  0.000000E+00  
3.833621E+02  2.215850E+02  -2.184441E+02  1.192652E-09  1.000000E+00  3.877877E-04  1.493598E-23  4.642324E-26   5.000000E-01 NotAppl  1.986990E+01  0.000000E+00  
2.786341E+03  1.903297E+02  -1.903292E+02  -3.452575E-07  1.000000E+00  3.587899E-04  1.994669E-23  6.787346E-23   5.000000E-01 NotAppl  3.414869E+00  0.000000E+00  
7.640815E+03  1.468852E-02  2.525413E+02  4.288180E-07  1.000000E+00  3.073926E-04  1.666140E-23  1.346067E-23   5.000000E-01 NotAppl  1.045016E+00  0.000000E+00  
2.233122E+03  5.459129E-02  6.790787E+01  3.716317E-03  1.000000E+00  3.910904E-03  1.214072E-24  1.234196E-14   5.000000E-01 NotAppl  2.663233E-01  0.000000E+00  
2.149930E+02  6.296568E+00  -2.834112E+00  9.322869E-08  1.000000E+00  1.224350E-02  4.535117E-25  9.272556E-22   5.000000E-01 NotAppl  1.099307E+00  0.000000E+00  
4.031057E+01  2.037809E+01  -2.036520E+01  -7.592333E-06  1.000000E+00  5.090815E-04  2.481278E-35  1.887361E-16   5.000000E-01 NotAppl  3.938946E-10  1.442417E-08  
2.038158E+03  6.957027E-04  4.121207E+00  1.155304E-06  1.000000E+00  5.555662E-01  9.864618E-27  1.436737E-21   5.000000E-01 NotAppl  2.354711E-03  0.000000E+00  
1.959373E+02  1.253771E+02  -6.878745E+01  -1.290643E-05  1.000000E+00  6.475158E-04  4.925821E-24  2.149364E-17   5.000000E-01 NotAppl  1.324829E+01  0.000000E+00  
3.477920E+03  1.717369E-02  2.261598E+02  6.994282E-04  1.000000E+00  3.844725E-04  1.293097E-23  1.773893E-16   5.000000E-01 NotAppl  1.802938E+00  0.000000E+00  
2.727005E+01  1.013643E+02  -1.013634E+02  1.446822E-05  1.000000E+00  1.582746E-02  4.840829E-35  1.514115E-15   5.000000E-01 NotAppl  1.168518E-09  2.691384E-07  
8.618770E+02  1.170553E-04  2.676912E-03  4.198611E-01  1.000000E+00  1.166887E-01  8.819803E-26  1.098101E-09   3.483944E-06 LZ5Tmedian  5.261648E-02  0.000000E+00  
4.918538E+01  1.872424E+02  -1.872422E+02  2.742266E-10  1.000000E+00  8.255256E-04  7.558366E-44  1.642143E-25   5.000000E-01 NotAppl  9.731469E-19  6.629681E-17  
1.494992E+02  1.077694E+01  -1.077680E+01  -1.089288E-05  1.000000E+00  7.213658E-03  8.496535E-25  2.665484E-17   5.000000E-01 NotAppl  3.053541E+00  0.000000E+00  
7.740405E+01  1.126965E-03  2.876426E+00  7.252813E-09  1.000000E+00  6.284353E-03  2.782180E-41  4.553518E-23   5.000000E-01 NotAppl  2.255330E-16  0.000000E+00  
1.133344E+03  3.475199E-03  1.762977E+02  1.488328E-04  1.000000E+00  6.875751E-04  7.140185E-24  7.889997E-17   5.000000E-01 NotAppl  3.140902E+00  0.000000E+00  
9.266830E+01  3.130638E-04  -1.868712E-04  -2.906798E-08  1.000000E+00  5.591114E-03  1.051012E-24  5.059514E-22   5.000000E-01 NotAppl  6.224767E+00  0.000000E+00  
4.186868E+03  7.664076E+00  -6.357317E+00  -3.043461E-08  1.000000E+00  1.747188E-01  3.633887E-26  2.302886E-25   5.000000E-01 NotAppl  4.109012E-03  0.000000E+00  
1.202880E+02  2.253668E+01  -2.252617E+01  -8.418851E-09  1.000000E+00  4.504943E-03  1.298480E-24  2.486297E-23   5.000000E-01 NotAppl  5.855161E+00  0.000000E+00  
6.821447E+02  8.181976E+02  -7.926487E+02  3.234053E+00  1.000000E+00  2.831959E-05  1.575585E-22  1.050526E-07   0.000000E+00 LZ5Tmedian  1.149455E+02  0.000000E+00  
6.527681E+03  3.334836E-03  2.058957E+02  -6.355817E-06  1.000000E+00  4.563496E-04  1.109094E-23  4.071805E-21   5.000000E-01 NotAppl  8.161723E-01  0.000000E+00  
2.677678E+03  6.025137E-04  8.018088E+00  1.569966E-05  1.000000E+00  2.233268E-01  2.037539E-26  1.521835E-19   5.000000E-01 NotAppl  3.701902E-03  0.000000E+00  
3.498487E+03  4.539779E+00  -3.933880E+00  -1.334502E-07  1.000000E+00  4.401305E-01  1.405019E-26  6.380715E-24   5.000000E-01 NotAppl  1.908118E-03  0.000000E+00  
4.086757E+01  1.086650E-03  3.640819E+00  1.161277E+00  1.000000E+00  1.446520E-04  5.679834E-25  4.293937E-06   0.000000E+00 XENON1T_2018  8.822326E+00  2.534494E-01  
8.339411E+01  3.562061E-01  2.430336E+00  1.440522E-01  1.000000E+00  3.030687E-03  1.843019E-24  1.542308E-08   0.000000E+00 LZ5Tmedian  1.248398