MD1           DMP           DM3           l345          ld           Omegah2       sigV          protonSI      PvalDD        expName      CMB_ID        brH_DMDM      
6.024569E+01  6.875139E-02  -5.325385E-02  -2.921316E-01  1.000000E+00  3.712836E-04  2.488619E-24  1.232338E-07   0.000000E+00 XENON1T_2018  2.609289E+01  2.504313E-01  
4.270242E+02  2.334017E-02  5.293480E+01  -7.720890E+00  1.000000E+00  3.690715E-05  3.028257E-22  1.560235E-06   0.000000E+00 XENON1T_2018  4.281878E+02  0.000000E+00  
1.252873E+02  7.778408E+01  -7.778393E+01  -3.807057E-09  1.000000E+00  2.689239E-03  2.178035E-24  4.677042E-24   5.000000E-01 NotAppl  9.481285E+00  0.000000E+00  
9.792684E+03  1.581088E-04  7.139350E+00  -4.254990E-06  1.000000E+00  3.083665E-01  1.398595E-26  8.007118E-22   5.000000E-01 NotAppl  6.821466E-04  0.000000E+00  
4.060187E+02  1.900977E+00  5.625951E+01  -1.118769E-06  1.000000E+00  5.248704E-03  8.992322E-25  3.632108E-20   5.000000E-01 NotAppl  1.130356E+00  0.000000E+00  
2.098697E+01  4.876052E+00  -4.875821E+00  2.208636E-02  1.000000E+00  3.842501E-02  9.591501E-29  5.982119E-09   9.603943E-219 LZ5Tmedian  3.083540E-03  1.416233E-01  
1.548268E+01  1.163931E+00  -1.152975E+00  -1.115318E-04  1.000000E+00  3.365449E-02  2.199583E-33  2.803380E-13   5.000000E-01 NotAppl  9.944394E-08  1.715048E-05  
4.231237E+03  2.623363E-02  5.630555E+00  1.474019E-08  1.000000E+00  4.478955E-01  9.860402E-27  5.287215E-26   5.000000E-01 NotAppl  1.124355E-03  0.000000E+00  
6.706367E+01  6.329327E-03  -6.068520E-03  1.886732E-06  1.000000E+00  5.505441E-03  2.291957E-35  4.129983E-18   5.000000E-01 NotAppl  2.148928E-10  0.000000E+00  
4.892192E+03  2.926231E-01  1.485474E+00  1.846599E-09  1.000000E+00  3.062518E+00  1.825036E-27  6.176212E-28   5.000000E-01 NotAppl  1.784032E-04  0.000000E+00  
5.084139E+03  8.402743E-04  5.556198E-01  -7.420488E-03  1.000000E+00  7.128861E+00  9.304239E-28  9.223991E-15   5.000000E-01 NotAppl  8.692882E-05  0.000000E+00  
8.239378E+01  1.049618E-03  2.951692E-01  -1.981910E-09  1.000000E+00  5.773222E-03  5.148769E-25  2.992529E-24   5.000000E-01 NotAppl  3.552757E+00  0.000000E+00  
3.013250E+03  4.685154E-02  2.486989E-02  -6.501902E-05  1.000000E+00  3.047693E+00  2.426344E-27  2.052483E-18   5.000000E-01 NotAppl  3.853728E-04  0.000000E+00  
2.465056E+03  4.726460E+01  -4.642099E+01  1.084406E-02  1.000000E+00  5.105373E-03  1.300021E-24  8.592857E-14   5.000000E-01 NotAppl  2.522576E-01  0.000000E+00  
1.343762E+01  2.167396E+02  -2.154352E+02  1.705124E-05  1.000000E+00  3.792317E-01  4.925979E-35  8.679946E-15   5.000000E-01 NotAppl  2.621584E-09  4.048169E-07  
8.762826E+02  2.407847E-02  -1.316971E-02  -7.392505E-08  1.000000E+00  2.890708E-01  2.825445E-26  3.290892E-23   5.000000E-01 NotAppl  1.591388E-02  0.000000E+00  
5.735210E+01  3.328930E+00  -3.328693E+00  8.345960E+00  1.000000E+00  2.553752E-03  1.314127E-24  1.112071E-04   0.000000E+00 XENON1T_2018  1.010074E+01  3.116101E-01  
1.171845E+01  6.781534E+01  -6.781520E+01  -2.526076E-02  1.000000E+00  1.589755E-01  1.030869E-28  2.495749E-08   2.202375E-195 LZ5Tmedian  6.436513E-03  3.208779E-01  
3.334553E+01  4.157263E-03  1.980986E+01  -1.110816E+00  1.000000E+00  1.238323E-03  3.463745E-25  5.938991E-06   0.000000E+00 XENON1T_2018  6.709678E+00  2.810091E-01  
3.045755E+03  2.560485E-01  -2.089976E-01  2.873251E-07  1.000000E+00  3.050565E+00  2.411713E-27  3.921579E-23   5.000000E-01 NotAppl  3.788142E-04  0.000000E+00  
1.741424E+01  2.486918E+00  7.603632E+02  9.610163E-03  1.000000E+00  1.401377E-01  1.693076E-29  1.646285E-09   2.083191E-43 LZ5Tmedian  6.701616E-04  8.076442E-02  
4.578758E+03  5.890743E-02  -5.713317E-02  -2.251210E-10  1.000000E+00  6.830653E+00  1.053164E-27  1.050910E-29   5.000000E-01 NotAppl  1.092732E-04  0.000000E+00  
2.393982E+02  1.167359E-02  2.016242E-02  -1.454041E-05  1.000000E+00  2.464446E-02  3.458000E-25  1.809585E-17   5.000000E-01 NotAppl  7.488519E-01  0.000000E+00  
6.966936E+03  4.736449E+00  1.699327E+01  -4.247982E-07  1.000000E+00  3.913563E-02  1.408139E-25  1.593469E-23   5.000000E-01 NotAppl  9.679539E-03  0.000000E+00  
3.979133E+02  6.853207E-01  7.375307E+02  -6.614857E-10  1.000000E+00  1.973808E-04  2.452419E-23  1.323247E-26   5.000000E-01 NotAppl  3.150554E+01  0.000000E+00  
1.101756E+03  1.252330E-01  2.176542E+00  1.758206E+00  1.000000E+00  1.813009E-02  6.577133E-25  1.166465E-08   3.296065E-46 LZ5Tmedian  3.080223E-01  0.000000E+00  
4.036561E+02  7.609085E-02  -7.573283E-02  -1.397824E+00  1.000000E+00  3.034150E-03  4.215543E-24  5.738111E-08   0.000000E+00 LZ5Tmedian  5.861004E+00  0.000000E+00  
9.695660E+01  8.872949E-04  1.419064E-02  1.522455E-01  1.000000E+00  3.424451E-03  2.849607E-24  1.265029E-08   0.000000E+00 LZ5Tmedian  1.605569E+01  0.000000E+00  
1.904132E+01  4.887365E+02  -4.885460E+02  2.373631E-09  1.000000E+00  5.227714E-02  1.065024E-42  8.399054E-23   5.000000E-01 NotAppl  3.814819E-17  7.667077E-15  
3.305422E+02  3.228745E-03  -1.089770E-03  -1.476028E-06  1.000000E+00  4.517919E-02  1.888708E-25  9.631211E-20   5.000000E-01 NotAppl  2.921586E-01  0.000000E+00  
9.838658E+03  9.347175E-02  1.586671E+00  -3.686606E+00  1.000000E+00  3.634489E-01  2.959008E-26  5.953917E-10   5.000000E-01 NotAppl  1.503040E-03  0.000000E+00  
3.428706E+03  3.251132E+00  -3.192829E+00  -3.682520E-05  1.000000E+00  7.361977E-01  8.107724E-27  5.062042E-19   5.000000E-01 NotAppl  1.124410E-03  0.000000E+00  
4.910556E+02  8.795694E-03  -6.568702E-03  -3.428208E-09  1.000000E+00  9.594808E-02  8.807076E-26  2.311354E-25   5.000000E-01 NotAppl  9.028042E-02  0.000000E+00  
2.135213E+02  6.467432E+02  -6.458085E+02  2.703713E-07  1.000000E+00  3.524027E-04  1.672321E-23  7.909230E-21   5.000000E-01 NotAppl  4.121769E+01  0.000000E+00  
1.484452E+03  7.343630E+01  -7.343607E+01  1.198409E+00  1.000000E+00  1.704345E-03  4.182858E-24  2.949913E-09   2.762693E-09 LZ5Tmedian  1.368977E+00  0.000000E+00  
3.778284E+01  2.374965E-03  4.686332E+02  2.644492E-08  1.000000E+00  9.822580E-05  2.561436E-40  2.611909E-21   5.000000E-01 NotAppl  4.346079E-15  7.957593E-13  
2.270243E+01  7.091678E+01  -6.746307E+01  -1.215235E-09  1.000000E+00  2.820527E-01  3.016853E-43  1.546271E-23   5.000000E-01 NotAppl  8.901567E-18  1.885142E-15  
6.111676E+01  2.117472E-02  -1.071786E-02  -9.450338E-08  1.000000E+00  4.406303E-03  6.821765E-37  1.252390E-20   5.000000E-01 NotAppl  7.032999E-12  2.669099E-12  
4.357056E+01  6.482555E+02  -6.482554E+02  -2.936138E-10  1.000000E+00  5.256489E-05  4.771121E-44  2.409665E-25   5.000000E-01 NotAppl  6.983139E-19  8.831620E-17  
1.445505E+03  1.127852E-03  1.588110E-01  -4.188705E+00  1.000000E+00  5.827547E-03  2.188691E-24  3.804558E-08   4.629103E-114 LZ5Tmedian  7.896403E-01  0.000000E+00  
5.207916E+02  1.845303E-02  6.294102E+01  -2.183057E-10  1.000000E+00  4.725107E-03  1.009929E-24  8.310849E-28   5.000000E-01 NotAppl  9.843170E-01  0.000000E+00  
1.519974E+01  8.841224E+00  -7.759763E+00  -2.060710E-04  1.000000E+00  1.958484E-01  7.467971E-33  9.927868E-13   5.000000E-01 NotAppl  3.449410E-07  4.333388E-05  
5.386223E+01  1.953174E+02  -1.953171E+02  -2.354805E-05  1.000000E+00  2.855813E-03  1.219758E-33  1.006226E-15   5.000000E-01 NotAppl  1.432392E-08  4.019081E-07  
3.772458E+03  5.803046E-04  5.832135E-01  6.897548E-04  1.000000E+00  4.235095E+00  1.640566E-27  1.462175E-16   5.000000E-01 NotAppl  2.074246E-04  0.000000E+00  
5.147851E+03  1.062924E-01  2.540388E+00  -4.450766E-05  1.000000E+00  1.738095E+00  2.729029E-27  3.235399E-19   5.000000E-01 NotAppl  2.543167E-04  0.000000E+00  
7.663539E+01  1.192739E+02  -8.775045E+01  2.405332E-07  1.000000E+00  8.648530E-02  3.431737E-38  5.111389E-20   5.000000E-01 NotAppl  2.787898E-13  0.000000E+00  
2.421334E+01  1.641281E+00  2.172237E+00  -5.212873E-03  1.000000E+00  1.537174E-02  5.761680E-30  2.498808E-10   1.104133E-11 LZ5Tmedian  1.586671E-04  3.394962E-02  
9.485718E+03  5.992438E-01  -5.990916E-01  -6.141232E-07  1.000000E+00  1.307627E+01  4.572883E-28  1.779399E-23   5.000000E-01 NotAppl  2.263071E-05  0.000000E+00  
2.139036E+01  8.766990E+02  -8.459142E+02  1.890498E-01  1.000000E+00  3.311026E-01  7.088080E-27  4.218312E-07   0.000000E+00 XENON1T_2018  2.232971E-01  4.580225E-01  
1.972421E+03  2.959353E-02  -4.255308E-03  -8.295950E-02  1.000000E+00  1.288610E+00  6.040069E-27  7.920049E-12   5.000000E-01 NotAppl  1.485292E-03  0.000000E+00  
4.465726E+01  2.426428E+02  -2.426288E+02  2.352961E+00  1.000000E+00  3.210697E-05  2.501568E-24  1.471793E-05   0.000000E+00 XENON1T_2018  3.568450E+01  5.000279E-01  
4.501468E+03  6.654853E+02  -6.654545E+02  -4.104146E-06  1.000000E+00  3.391320E-05  2.246536E-22  3.613992E-21   5.000000E-01 NotAppl  2.358665E+01  0.000000E+00  
5.691428E+02  2.191364E-02  -2.166879E-02  9.153915E+00  1.000000E+00  2.532648E-04  5.721719E-23  1.218686E-06   0.000000E+00 XENON1T_2018  5.235312E+01  0.000000E+00  
1.038227E+02  1.783402E+00  -1.777852E+00  2.789990E-03  1.000000E+00  5.590692E-03  1.252062E-24  3.692392E-12   5.000000E-01 NotAppl  6.549365E+00  0.000000E+00  
4.093203E+01  7.561691E+02  -7.552821E+02  -4.962523E-06  1.000000E+00  3.046747E-04  1.107697E-35  7.816220E-17   5.000000E-01 NotAppl  1.730560E-10  2.641684E-08  
6.600416E+02  8.237702E+01  7.314292E+00  1.806604E-07  1.000000E+00  6.384876E-04  5.374061E-24  3.506480E-22   5.000000E-01 NotAppl  4.073979E+00  0.000000E+00  
3.727918E+01  6.504574E-01  -6.182066E-02  4.168030E-08  1.000000E+00  1.024787E-04  6.179191E-40  6.667712E-21   5.000000E-01 NotAppl  1.065378E-14  1.974207E-12  
1.117598E+01  3.856764E-01  6.182920E-02  -3.239937E-08  1.000000E+00  2.819228E-03  1.663212E-40  4.506250E-20   5.000000E-01 NotAppl  1.097772E-14  1.474679E-12  
4.120145E+03  1.905454E+00  -1.896838E+00  4.931324E-03  1.000000E+00  1.740536E+00  3.480872E-27  6.246709E-15   5.000000E-01 NotAppl  4.007138E-04  0.000000E+00  
2.798291E+01  3.159786E+00  2.420443E+00  -7.150190E-01  1.000000E+00  1.197292E-02  1.201448E-25  3.509967E-06   0.000000E+00 XENON1T_2018  2.819034E+00  2.618385E-01  
3.192835E+02  1.921977E+02  -1.921887E+02  -1.189050E-06  1.000000E+00  6.229533E-04  1.078952E-23  6.709737E-20   5.000000E-01 NotAppl  1.739370E+01  0.000000E+00  
4.041518E+02  6.122247E-02  -2.043391E-02  -5.735990E+00  1.000000E+00  9.244610E-05  1.574054E-22  9.638074E-07   0.000000E+00 XENON1T_2018  2.327910E+02  0.000000E+00  
3.363257E+01  3.942125E-04  2.714330E-02  7.702690E-04  1.000000E+00  1.252450E-03  1.749456E-31  2.806481E-12   5.000000E-01 NotAppl  3.365412E-06  7.122196E-04  
3.094962E+01  5.016577E+01  -4.455199E+01  -5.564043E-03  1.000000E+00  1.313427E-01  8.144493E-30  1.733238E-10   6.369522E-10 LZ5Tmedian  1.713574E-04  3.490120E-02  
5.721189E+01  6.821270E+00  -6.820677E+00  -6.829907E-08  1.000000E+00  4.820000E-03  2.590704E-38  7.484759E-21   5.000000E-01 NotAppl  2.858430E-13  2.682923E-12  
1.528763E+03  6.547037E-02  -4.706403E-02  7.205937E-02  1.000000E+00  7.947570E-01  9.989598E-27  1.004461E-11   5.000000E-01 NotAppl  3.186503E-03  0.000000E+00  
1.727356E+03  8.104328E-01  6.329096E+01  1.453755E-08  1.000000E+00  4.400697E-03  1.075216E-24  3.187145E-25   5.000000E-01 NotAppl  3.068908E-01  0.000000E+00  
1.859361E+01  2.868738E-04  2.569099E+02  3.085801E-06  1.000000E+00  1.169829E-03  1.784638E-36  1.488818E-16   5.000000E-01 NotAppl  6.563922E-11  1.298607E-08  
1.091269E+02  7.673830E+01  1.740609E+02  -2.268994E-08  1.000000E+00  1.129521E-03  2.606366E-24  2.205005E-22   5.000000E-01 NotAppl  1.293650E+01  0.000000E+00  
3.145929E+02  1.659732E+02  -1.659582E+02  2.420343E-05  1.000000E+00  7.642231E-04  8.742166E-24  2.865622E-17   5.000000E-01 NotAppl  1.431423E+01  0.000000E+00  
1.672821E+01  7.429934E+01  -7.429493E+01  -6.019952E-08  1.000000E+00  7.083912E-02  6.559490E-40  6.999900E-20   5.000000E-01 NotAppl  2.716737E-14  4.989722E-12  
7.876347E+03  1.736033E-03  5.241324E-05  -8.742119E-06  1.000000E+00  1.962839E+01  3.555338E-28  5.259833E-21   5.000000E-01 NotAppl  2.128857E-05  0.000000E+00  
1.055092E+02  4.981567E+01  -4.977297E+01  -7.902253E-06  1.000000E+00  3.302354E-03  1.731606E-24  2.865885E-17   5.000000E-01 NotAppl  8.963287E+00  0.000000E+00  
9.007364E+01  6.632971E+02  -3.827521E+02  1.271011E-02  1.000000E+00  1.750372E-03  1.450417E-24  1.025310E-10   8.318231E-05 LZ5Tmedian  8.983607E+00  0.000000E+00  
1.622379E+02  5.518631E+00  -5.517720E+00  -1.367994E-10  1.000000E+00  9.610364E-03  7.013417E-25  3.555171E-27   5.000000E-01 NotAppl  2.314400E+00  0.000000E+00  
5.928956E+03  1.091124E-03  3.538955E+02  1.680977E-09  1.000000E+00  1.607845E-04  3.183595E-23  3.462737E-28   5.000000E-01 NotAppl  2.583296E+00  0.000000E+00  
4.376924E+02  4.262249E-02  2.179660E+01  -1.186692E-06  1.000000E+00  2.382399E-02  2.318940E-25  3.504340E-20   5.000000E-01 NotAppl  2.690986E-01  0.000000E+00  
4.507691E+01  4.833883E+00  9.172786E+02  1.127729E-07  1.000000E+00  1.279469E-02  8.066425E-39  3.317089E-20   5.000000E-01 NotAppl  1.139724E-13  8.852005E-12  
2.979153E+02  3.268240E-02  1.187071E+02  -1.800544E-02  1.000000E+00  1.899468E-03  2.520788E-24  1.773009E-11   5.000000E-01 NotAppl  4.348212E+00  0.000000E+00  
3.303316E+02  4.532283E+00  4.805935E+01  -5.713776E-03  1.000000E+00  5.578487E-03  8.067173E-25  1.445122E-12   5.000000E-01 NotAppl  1.251854E+00  0.000000E+00  
4.172009E+03  2.149947E-04  1.087171E-03  -5.166413E-03  1.000000E+00  5.719640E+00  1.266086E-27  6.684244E-15   5.000000E-01 NotAppl  1.443907E-04  0.000000E+00  
1.429651E+01  3.549838E+00  -3.549612E+00  1.740529E-01  1.000000E+00  9.375114E-02  5.231713E-27  7.999136E-07   0.000000E+00 XENON1T_2018  2.592723E-01  2.449941E-01  
5.783537E+03  1.264663E+01  6.549996E+01  8.426584E-08  1.000000E+00  3.166717E-03  1.721832E-24  9.153195E-25   5.000000E-01 NotAppl  1.431150E-01  0.000000E+00  
2.447583E+01  7.157393E+01  -7.156660E+01  -5.443800E-03  1.000000E+00  2.378911E-02  6.326160E-30  2.666481E-10   1.485016E-12 LZ5Tmedian  1.720571E-04  3.615362E-02  
1.843055E+03  1.279484E-02  8.640071E+02  1.076656E-07  1.000000E+00  4.278181E-05  1.230146E-22  1.531743E-23   5.000000E-01 NotAppl  3.286131E+01  0.000000E+00  
1.637418E+03  1.676906E-01  -1.674817E-01  -3.505429E-04  1.000000E+00  9.451556E-01  8.189564E-27  2.066517E-16   5.000000E-01 NotAppl  2.426503E-03  0.000000E+00  
2.034954E+03  1.108290E-02  -7.970220E-03  2.092499E-04  1.000000E+00  1.435937E+00  5.302050E-27  4.728328E-17   5.000000E-01 NotAppl  1.257348E-03  0.000000E+00  
1.607608E+02  9.155880E-02  -9.136237E-02  7.067442E+00  1.000000E+00  5.147619E-07  3.279426E-20  9.668504E-06   0.000000E+00 XENON1T_2018  1.279963E+05  0.000000E+00  
1.146380E+03  2.067586E-04  9.921885E-02  1.509454E-02  1.000000E+00  4.798939E-01  1.666201E-26  7.928385E-13   5.000000E-01 NotAppl  7.119113E-03  0.000000E+00  
3.020715E+02  2.983309E-04  1.793327E+01  -1.493912E-05  1.000000E+00  2.052277E-02  3.071082E-25  1.186405E-17   5.000000E-01 NotAppl  5.219073E-01  0.000000E+00  
4.955097E+03  1.154389E+00  7.867165E+00  -9.275798E-03  1.000000E+00  2.059903E-01  2.345247E-26  1.518646E-14   5.000000E-01 NotAppl  2.280332E-03  0.000000E+00  
1.463392E+02  1.474053E+01  -1.315859E+01  -4.473579E-02  1.000000E+00  6.107208E-03  8.082956E-25  4.697006E-10   2.353247E-13 LZ5Tmedian  2.976490E+00  0.000000E+00  
1.753738E+02  5.461964E-04  4.129173E-02  -1.398560E-07  1.000000E+00  1.399811E-02  5.906709E-25  3.167729E-21   5.000000E-01 NotAppl  1.798030E+00  0.000000E+00  
8.784563E+01  1.758770E-04  1.688820E+01  -2.263889E-08  1.000000E+00  4.616072E-03  7.421905E-25  3.424205E-22   5.000000E-01 NotAppl  4.715528E+00  0.000000E+00  
1.032851E+01  3.186281E+00  -3.136799E+00  4.709998E-10  1.000000E+00  2.086603E-01  3.385891E-44  1.111308E-23   5.000000E-01 NotAppl  2.452006E-18  3.067811E-16  
8.780526E+01  2.604503E+02  -2.604491E+02  3.805086E-03  1.000000E+00  4.068526E-03  1.148511E-24  9.682495E-12   4.051103E-01 NotAppl  7.298182E+00  0.000000E+00  
2.104433E+01  1.483200E-02  -1.460581E-02  -1.099106E-09  1.000000E+00  2.556779E-03  2.378142E-43  1.473343E-23   5.000000E-01 NotAppl  7.627352E-18  1.624853E-15  
6.949108E+02  5.063002E-04  9.212687E-03  2.268409E-01  1.000000E+00  1.300203E-01  7.214969E-26  4.976235E-10   8.752384E-04 LZ5Tmedian  5.285031E-02  0.000000E+00  
1.187963E+03  1.436110E+01  -1.428982E+01  8.582382E-04  1.000000E+00  4.670141E-02  1.353202E-25  2.383342E-15   5.000000E-01 NotAppl  5.558888E-02  0.000000E+00  
5.852358E+03  3.719911E-01  8.666843E+01  -8.758675E-06  1.000000E+00  2.440054E-03  2.016222E-24  9.653917E-21   5.000000E-01 NotAppl  1.657813E-01  0.000000E+00  
6.163570E+02  4.591430E-03  1.832568E-02  3.024634E-05  1.000000E+00  1.479971E-01  5.649174E-26  1.130502E-17   5.000000E-01 NotAppl  4.575690E-02  0.000000E+00  
8.118719E+03  2.706153E+02  -2.706149E+02  -1.458164E-09  1.000000E+00  1.774240E-04  4.183249E-23  1.375516E-28   5.000000E-01 NotAppl  2.415701E+00  0.000000E+00  
3.719388E+01  6.289208E+02  -6.288203E+02  -1.565289E-06  1.000000E+00  2.047482E-03  8.671532E-37  9.447683E-18   5.000000E-01 NotAppl  1.498608E-11  2.813301E-09  
7.535694E+03  1.679869E+00  1.582714E+02  1.288239E-10  1.000000E+00  7.507167E-04  6.765267E-24  1.246967E-30   5.000000E-01 NotAppl  4.303331E-01  0.000000E+00  
1.562048E+01  9.697636E-04  7.823530E+02  2.514797E-07  1.000000E+00  8.665689E-04  1.121225E-38  1.400326E-18   5.000000E-01 NotAppl  5.019685E-13  8.747114E-11  
9.511338E+02  2.412557E+01  -2.410554E+01  -5.153118E+00  1.000000E+00  1.289065E-03  6.767948E-24  1.352657E-07   0.000000E+00 LZ5Tmedian  3.918335E+00  0.000000E+00  
1.614123E+01  3.283860E+02  -2.531419E+02  1.470555E-02  1.000000E+00  4.384120E+01  3.871761E-29  4.485509E-09   2.544350E-98 LZ5Tmedian  1.669825E-03  2.298904E-01  
3.216031E+01  1.730656E-03  4.044664E+02  5.020933E-03  1.000000E+00  1.636590E-03  6.966939E-30  1.305782E-10   8.940561E-08 LZ5Tmedian  1.406369E-04  2.825671E-02  
1.974904E+01  1.693094E+01  -1.693066E+01  -3.866117E+00  1.000000E+00  9.628218E-03  5.085341E-25  2.070970E-04   0.000000E+00 XENON1T_2018  1.733959E+01  2.718719E-01  
1.518153E+02  7.277735E-04  3.717087E+00  -2.166939E-06  1.000000E+00  9.693290E-03  7.639704E-25  1.022109E-18   5.000000E-01 NotAppl  2.695009E+00  0.000000E+00  
2.180111E+03  3.583370E+02  -2.628627E+02  -1.110068E+00  1.000000E+00  6.678278E-05  6.305071E-23  1.156412E-09   5.130401E-03 LZ5Tmedian  1.388508E+01  0.000000E+00  
1.391653E+02  1.231562E-01  -1.211643E-01  -2.665550E-05  1.000000E+00  9.393108E-03  8.630686E-25  1.848566E-16   5.000000E-01 NotAppl  3.334599E+00  0.000000E+00  
2.121853E+01  3.785464E-02  -3.757396E-02  1.944685E-06  1.000000E+00  2.771524E-03  7.472680E-37  4.536562E-17   5.000000E-01 NotAppl  2.373646E-11  5.081217E-09  
8.231986E+03  2.514556E+00  -2.158036E+00  2.812434E-05  1.000000E+00  1.463179E+00  4.093975E-27  4.976769E-20   5.000000E-01 NotAppl  2.332709E-04  0.000000E+00  
1.279720E+03  2.076577E+01  4.464562E+02  9.857074E-09  1.000000E+00  1.116309E-04  4.031991E-23  2.701130E-25   5.000000E-01 NotAppl  1.565728E+01  0.000000E+00  
6.269510E+01  3.783652E-02  8.584993E-01  -4.664509E+00  1.000000E+00  8.025810E-07  9.499189E-20  2.896395E-05   0.000000E+00 XENON1T_2018  1.056102E+06  0.000000E+00  
7.883170E+03  9.725166E-03  3.846175E+02  9.620046E-02  1.000000E+00  1.362512E-04  3.806498E-23  6.358123E-13   5.000000E-01 NotAppl  2.313155E+00  0.000000E+00  
2.716657E+02  3.840329E+02  -3.840326E+02  1.771239E-09  1.000000E+00  3.497011E-04  1.906147E-23  2.072495E-25   5.000000E-01 NotAppl  3.643715E+01  0.000000E+00  
5.778720E+01  1.752335E-04  2.985485E+02  -2.087385E-02  1.000000E+00  2.599951E-03  3.019622E-27  6.849976E-10   2.893571E-36 LZ5Tmedian  3.298051E-02  1.385429E-01  
6.150690E+02  1.080340E-03  1.113807E+00  -7.354151E-02  1.000000E+00  1.405348E-01  5.922858E-26  6.711939E-11   3.427932E-01 NotAppl  4.827356E-02  0.000000E+00  
5.850035E+01  1.388524E+02  -1.388445E+02  1.522504E-08  1.000000E+00  5.637126E-03  2.204503E-39  3.554135E-22   5.000000E-01 NotAppl  2.367262E-14  1.165812E-13  
1.790390E+03  2.234245E+01  -2.233550E+01  6.695802E-01  1.000000E+00  1.577672E-02  4.748194E-25  6.284888E-10   3.063731E-02 LZ5Tmedian  1.284736E-01  0.000000E+00  
6.301709E+03  3.095606E-01  -3.003755E-01  1.267225E-10  1.000000E+00  1.119343E+01  6.118889E-28  1.740536E-30   5.000000E-01 NotAppl  4.590002E-05  0.000000E+00  
2.841567E+01  7.513996E+02  -1.723129E+02  -3.714621E+00  1.000000E+00  1.234273E-03  2.481251E-24  9.183641E-05   0.000000E+00 XENON1T_2018  5.729944E+01  9.999431E-01  
4.032035E+03  1.282259E-04  5.461243E-03  5.983602E-04  1.000000E+00  5.355108E+00  1.355050E-27  9.610492E-17   5.000000E-01 NotAppl  1.599894E-04  0.000000E+00  
5.605967E+02  4.603237E-01  -4.601961E-01  -2.921656E-01  1.000000E+00  7.303137E-02  1.329506E-25  1.280470E-09   1.931717E-10 LZ5Tmedian  1.234651E-01  0.000000E+00  
7.275102E+02  3.179941E+00  -3.165583E+00  -3.311609E-06  1.000000E+00  1.635059E-01  4.673012E-26  9.657315E-20   5.000000E-01 NotAppl  3.188208E-02  0.000000E+00  
4.229129E+01  1.835440E-01  -1.787225E-01  -9.203943E-05  1.000000E+00  2.222666E-04  4.221224E-33  2.515816E-14   5.000000E-01 NotAppl  6.373831E-08  8.905995E-06  
1.697551E+02  1.372092E+02  -3.765261E+01  1.372289E-07  1.000000E+00  5.882511E-04  5.236055E-24  3.260348E-21   5.000000E-01 NotAppl  1.664563E+01  0.000000E+00  
1.565893E+03  3.305502E+01  -2.638690E+01  1.206420E-09  1.000000E+00  9.678861E-03  6.504860E-25  2.681089E-27   5.000000E-01 NotAppl  2.011111E-01  0.000000E+00  
1.971445E+02  5.053945E+01  -5.045671E+01  -1.163831E-02  1.000000E+00  4.184547E-03  1.456651E-24  1.725882E-11   4.412388E-01 NotAppl  3.892770E+00  0.000000E+00  
6.904868E+03  1.836184E+02  -1.792604E+02  4.109505E-02  1.000000E+00  3.684655E-04  1.941444E-23  1.518636E-13   5.000000E-01 NotAppl  1.320774E+00  0.000000E+00  
1.827346E+01  4.473280E+01  -4.473162E+01  -1.334140E-07  1.000000E+00  5.668441E-02  3.315536E-39  2.881452E-19   5.000000E-01 NotAppl  1.242878E-13  2.433544E-11  
1.178644E+01  2.360279E+02  -2.357803E+02  6.520940E-02  1.000000E+00  1.698972E-01  6.885044E-28  1.644319E-07   0.000000E+00 XENON1T_2018  4.269130E-02  4.601980E-01  
2.478314E+02  4.986584E-01  -4.036630E-01  1.372362E-01  1.000000E+00  2.059559E-02  4.445622E-25  1.501626E-09   1.005992E-25 LZ5Tmedian  9.397853E-01  0.000000E+00  
4.616861E+01  1.759743E+02  -1.759558E+02  -1.119082E-04  1.000000E+00  1.113146E-04  8.851141E-33  3.111078E-14   5.000000E-01 NotAppl  1.216926E-07  1.206128E-05  
2.157756E+01  2.222491E-03  2.192178E+01  2.613158E-03  1.000000E+00  1.510696E-03  1.359872E-30  7.919693E-11   9.857485E-04 LZ5Tmedian  4.243580E-05  2.458534E-03  
1.838296E+03  1.181384E-04  4.726892E+01  -1.945218E-06  1.000000E+00  7.881515E-03  5.938355E-25  5.026396E-21   5.000000E-01 NotAppl  1.590137E-01  0.000000E+00  
2.887365E+01  1.536137E+02  -1.514892E+02  9.404706E-10  1.000000E+00  3.045132E-02  2.155953E-43  5.699360E-24   5.000000E-01 NotAppl  4.892332E-18  1.095306E-15  
3.540087E+01  2.064282E+01  4.521477E-01  1.000586E-07  1.000000E+00  2.350964E+02  3.216255E-39  4.267981E-20   5.000000E-01 NotAppl  5.848700E-14  1.322767E-12  
2.227931E+01  2.677381E-04  3.355584E+02  1.364599E+00  1.000000E+00  1.520605E-03  3.597288E-25  2.024995E-05   0.000000E+00 XENON1T_2018  1.086484E+01  3.332879E-01  
1.257083E+02  1.057839E-04  2.612828E+00  8.817942E-07  1.000000E+00  7.214905E-03  1.010153E-24  2.491955E-19   5.000000E-01 NotAppl  4.326207E+00  0.000000E+00  
3.071511E+01  1.451322E-02  4.328619E-02  -5.404611E-07  1.000000E+00  2.319231E-03  7.615407E-38  1.660727E-18   5.000000E-01 NotAppl  1.615644E-12  3.633776E-10  
9.422966E+01  1.166614E+01  -4.688872E+00  -5.205509E-02  1.000000E+00  3.818804E-03  8.218715E-25  1.567952E-09   4.380307E-61 LZ5Tmedian  4.772482E+00  0.000000E+00  
7.767403E+03  1.046744E-02  2.869936E+00  -1.337481E-02  1.000000E+00  1.656254E+00  2.566590E-27  1.266485E-14   5.000000E-01 NotAppl  1.579735E-04  0.000000E+00  
4.849861E+01  6.132222E+00  -6.131911E+00  6.855391E-06  1.000000E+00  6.213166E-04  4.326200E-35  1.056084E-16   5.000000E-01 NotAppl  5.650570E-10  2.572867E-08  
1.129238E+01  1.121595E+01  -7.285288E+00  -2.325582E+00  1.000000E+00  5.946990E-03  5.290376E-25  2.274966E-04   0.000000E+00 XENON1T_2018  3.451333E+01  2.591195E-01  
2.257373E+01  1.062384E-04  4.139544E-04  7.941115E+00  1.000000E+00  2.589979E-03  1.314599E-25  6.678815E-04   0.000000E+00 XENON1T_2018  4.082844E+00  2.499992E-01  
1.213138E+01  4.405305E-04  1.572384E-03  2.603819E-08  1.000000E+00  9.642765E-04  1.109721E-40  2.476999E-20   5.000000E-01 NotAppl  6.652319E-15  9.500511E-13  
3.169074E+03  2.502863E-04  3.399405E+00  6.135417E-06  1.000000E+00  9.404734E-01  5.309492E-27  1.649370E-20   5.000000E-01 NotAppl  8.086337E-04  0.000000E+00  
1.483845E+02  3.639929E-01  -3.620452E-01  -5.879965E-02  1.000000E+00  1.080699E-02  7.133413E-25  7.886846E-10   1.123692E-21 LZ5Tmedian  2.589555E+00  0.000000E+00  
2.644080E+03  5.327588E-02  9.932700E-03  1.044507E-07  1.000000E+00  2.370555E+00  3.148511E-27  6.911544E-24   5.000000E-01 NotAppl  5.712850E-04  0.000000E+00  
7.336750E+02  1.646340E-03  1.102605E+02  2.663795E-10  1.000000E+00  1.700137E-03  2.827364E-24  6.141836E-28   5.000000E-01 NotAppl  1.942401E+00  0.000000E+00  
2.394909E+01  2.109604E+02  -2.108905E+02  1.011061E-07  1.000000E+00  2.562508E-02  2.152776E-39  9.610422E-20   5.000000E-01 NotAppl  5.998755E-14  1.349151E-11  
1.203047E+01  2.437398E+01  -2.437386E+01  2.281099E-01  1.000000E+00  1.239178E-01  8.491219E-27  1.932579E-06   0.000000E+00 XENON1T_2018  5.141310E-01  2.321908E-01  
1.514373E+02  2.556310E-04  5.765201E+00  9.690506E-08  1.000000E+00  9.259831E-03  7.754761E-25  2.054548E-21   5.000000E-01 NotAppl  2.741700E+00  0.000000E+00  
3.960135E+03  4.574253E-03  9.562116E-02  -6.714964E-03  1.000000E+00  5.156254E+00  1.406531E-27  1.255461E-14   5.000000E-01 NotAppl  1.691393E-04  0.000000E+00  
1.080788E+01  1.522468E-04  1.206796E-02  -4.604533E-06  1.000000E+00  7.597875E-04  3.309189E-36  9.719067E-16   5.000000E-01 NotAppl  2.271879E-10  2.982932E-08  
5.902357E+03  2.875190E-03  3.561497E-03  -2.776505E+00  1.000000E+00  2.053831E-01  5.454512E-26  9.534868E-10   1.997077E-01 NotAppl  4.620661E-03  0.000000E+00  
1.407874E+03  6.165235E+02  -6.116937E+02  1.156709E-04  1.000000E+00  4.912402E-05  1.410475E-22  3.061652E-17   5.000000E-01 NotAppl  4.863045E+01  0.000000E+00  
1.466315E+01  6.738137E-03  1.182696E-02  -1.169821E-04  1.000000E+00  1.340737E-03  2.381088E-33  3.436263E-13   5.000000E-01 NotAppl  1.146064E-07  1.900122E-05  
4.022160E+02  1.030325E+01  -1.030211E+01  4.685919E-09  1.000000E+00  3.541103E-02  1.897609E-25  6.495757E-25   5.000000E-01 NotAppl  2.395722E-01  0.000000E+00  
2.934261E+03  1.790579E+01  -1.779051E+01  4.635030E-08  1.000000E+00  3.293579E-02  1.906224E-25  1.100998E-24   5.000000E-01 NotAppl  3.095720E-02  0.000000E+00  
2.868603E+02  3.099014E-02  6.774189E-02  -9.512388E-02  1.000000E+00  3.254508E-02  2.652196E-25  5.347030E-10   1.769480E-08 LZ5Tmedian  4.799881E-01  0.000000E+00  
1.073404E+01  2.619991E-02  -2.972637E-03  -6.921231E-02  1.000000E+00  8.780780E-04  7.452649E-28  2.225616E-07   0.000000E+00 XENON1T_2018  5.158742E-02  2.411699E-01  
9.760624E+03  2.236829E-04  1.895685E-01  4.563388E-06  1.000000E+00  2.764148E+01  2.412845E-28  9.271400E-22   5.000000E-01 NotAppl  1.163834E-05  0.000000E+00  
7.989733E+03  4.700848E+02  -2.854500E+02  -1.593734E-01  1.000000E+00  3.874715E-05  1.317978E-22  1.698096E-12   5.000000E-01 NotAppl  7.746477E+00  0.000000E+00  
2.316485E+02  4.031876E-03  5.742839E+01  -1.347948E-02  1.000000E+00  5.337748E-03  9.815848E-25  1.663609E-11   5.000000E-01 NotAppl  2.191556E+00  0.000000E+00  
1.599857E+02  4.464562E+00  -4.463881E+00  2.367000E-08  1.000000E+00  9.746837E-03  7.105838E-25  1.095301E-22   5.000000E-01 NotAppl  2.378141E+00  0.000000E+00  
4.756124E+02  5.227073E-01  6.939035E-02  2.293357E-03  1.000000E+00  8.731851E-02  9.418711E-26  1.104229E-13   5.000000E-01 NotAppl  9.980900E-02  0.000000E+00  
2.479765E+01  2.151333E+00  6.353169E+01  8.469251E-10  1.000000E+00  2.251447E-02  1.544363E-43  6.286078E-24   5.000000E-01 NotAppl  4.141320E-18  9.067922E-16  
9.740037E+02  1.136311E+00  -1.130817E+00  2.597319E-09  1.000000E+00  3.340136E-01  2.369171E-26  3.273649E-26   5.000000E-01 NotAppl  1.196555E-02  0.000000E+00  
6.283196E+01  5.202557E+00  -2.343301E+00  -5.036068E-05  1.000000E+00  1.486796E-02  3.277935E-30  3.361213E-15   5.000000E-01 NotAppl  3.267770E-05  0.000000E+00  
6.800188E+01  2.609978E-04  2.570624E-02  -8.611499E-02  1.000000E+00  5.481889E-03  3.244480E-26  8.363074E-09   0.000000E+00 LZ5Tmedian  2.978879E-01  0.000000E+00  
9.210295E+03  8.692356E+01  3.433592E+01  -7.557701E-06  1.000000E+00  8.277413E-04  8.340556E-24  2.861044E-21   5.000000E-01 NotAppl  4.282029E-01  0.000000E+00  
1.613864E+03  2.801216E-03  -2.443828E-03  -6.807697E-10  1.000000E+00  9.225838E-01  8.412298E-27  8.027467E-28   5.000000E-01 NotAppl  2.529814E-03  0.000000E+00  
1.761105E+03  2.890343E+00  1.213997E+01  -1.147266E+00  1.000000E+00  7.628604E-02  6.763748E-26  1.908179E-09   2.128581E-05 LZ5Tmedian  2.035189E-02  0.000000E+00  
5.713257E+01  1.604459E-02  9.064502E+02  1.144674E+00  1.000000E+00  8.252974E-04  6.273650E-24  2.108341E-06   0.000000E+00 XENON1T_2018  6.947030E+01  3.334797E-01  
1.795372E+03  4.669990E-01  -4.668429E-01  2.464565E+00  1.000000E+00  2.549134E-02  4.696187E-25  8.466689E-09   4.610630E-21 LZ5Tmedian  1.335033E-01  0.000000E+00  
8.005761E+02  2.958570E-01  -2.955593E-01  -1.198972E-07  1.000000E+00  2.420430E-01  3.382969E-26  1.041095E-22   5.000000E-01 NotAppl  2.091332E-02  0.000000E+00  
2.631265E+01  2.050662E+02  -1.045214E+02  -6.840118E-04  1.000000E+00  9.158435E+03  1.051040E-31  3.637662E-12   5.000000E-01 NotAppl  2.639503E-06  6.060311E-04  
1.167706E+02  7.978632E-01  -2.839999E-01  -5.354237E-01  1.000000E+00  3.267089E-03  1.993680E-24  1.068723E-07   0.000000E+00 XENON1T_2018  9.339460E+00  0.000000E+00  
4.973024E+02  1.722380E-04  4.151680E+02  1.626154E-06  1.000000E+00  2.618659E-04  1.902983E-23  5.067896E-20   5.000000E-01 NotAppl  1.945734E+01  0.000000E+00  
6.559480E+01  4.206292E-02  7.547499E+02  -2.566371E-01  1.000000E+00  2.819882E-03  9.427405E-25  7.994712E-08   0.000000E+00 XENON1T_2018  9.052261E+00  0.000000E+00  
5.676825E+02  3.846701E-04  3.807433E+01  -1.495680E-10  1.000000E+00  1.128917E-02  4.285178E-25  3.270703E-28   5.000000E-01 NotAppl  3.820428E-01  0.000000E+00  
2.589730E+01  2.123841E-03  8.480421E-02  -1.249542E-01  1.000000E+00  2.718779E-03  3.465195E-27  1.253585E-07   0.000000E+00 XENON1T_2018  8.864103E-02  2.471626E-01  
1.059936E+01  2.406019E+00  -2.095544E+00  1.616738E-08  1.000000E+00  2.295435E-01  4.041938E-41  1.244784E-20   5.000000E-01 NotAppl  2.839270E-15  3.641168E-13  
6.333076E+02  5.289429E-03  2.147769E+02  -4.341182E+00  1.000000E+00  4.226432E-04  1.563303E-23  2.203230E-07   0.000000E+00 XENON1T_2018  1.383045E+01  0.000000E+00  
7.835176E+01  2.063717E+01  -2.042657E+01  1.699113E-04  1.000000E+00  1.822011E-02  1.334590E-32  2.437702E-14   5.000000E-01 NotAppl  1.059550E-07  0.000000E+00  
4.359615E+01  6.473485E-02  5.653159E-01  3.989742E-02  1.000000E+00  1.381505E-04  8.830343E-28  4.443911E-09   1.625970E-250 LZ5Tmedian  1.288663E-02  2.122282E-01  
2.427395E+02  1.356754E-04  7.474836E-04  -3.519873E-05  1.000000E+00  2.530122E-02  3.370601E-25  1.030737E-16   5.000000E-01 NotAppl  7.194313E-01  0.000000E+00  
5.846860E+02  1.695824E+02  -1.535685E+02  -1.649680E-08  1.000000E+00  3.714333E-04  1.232777E-23  3.745894E-24   5.000000E-01 NotAppl  1.054408E+01  0.000000E+00  
9.025908E+03  3.291000E+00  -3.290464E+00  1.045911E-06  1.000000E+00  8.530443E-01  6.666494E-27  5.709115E-23   5.000000E-01 NotAppl  3.459571E-04  0.000000E+00  
1.853162E+02  8.240449E-03  -5.804035E-03  6.320520E-04  1.000000E+00  1.544989E-02  5.475780E-25  5.778395E-14   5.000000E-01 NotAppl  1.549612E+00  0.000000E+00  
6.254501E+03  2.654936E-03  -1.461510E-03  -1.657362E-03  1.000000E+00  1.254040E+01  5.636653E-28  3.019996E-16   5.000000E-01 NotAppl  4.263002E-05  0.000000E+00  
6.928889E+02  1.193605E-04  6.263471E-01  -1.399959E-01  1.000000E+00  1.608218E-01  5.383349E-26  1.906665E-10   6.683455E-02 LZ5Tmedian  3.913154E-02  0.000000E+00  
1.984469E+02  7.055006E+01  -7.054510E+01  -5.803392E-06  1.000000E+00  2.810853E-03  2.211364E-24  4.233844E-18   5.000000E-01 NotAppl  5.875675E+00  0.000000E+00  
2.621979E+02  2.726001E+00  4.942464E+00  -7.377674E-03  1.000000E+00  1.975289E-02  3.120866E-25  3.866633E-12   5.000000E-01 NotAppl  6.146139E-01  0.000000E+00  
2.494444E+02  1.537080E-02  -8.967279E-03  1.102419E+00  1.000000E+00  2.700979E-03  4.658228E-24  9.561944E-08   0.000000E+00 XENON1T_2018  9.881180E+00  0.000000E+00  
2.387618E+03  1.152877E-03  2.332764E-02  -1.931704E-06  1.000000E+00  1.950444E+00  3.855711E-27  2.909816E-21   5.000000E-01 NotAppl  7.763985E-04  0.000000E+00  
3.825238E+02  1.153019E+00  -9.605984E-01  -1.626585E-07  1.000000E+00  5.711362E-02  1.438384E-25  8.673754E-22   5.000000E-01 NotAppl  1.911713E-01  0.000000E+00  
4.134948E+02  1.064151E-04  6.961082E+01  -1.610532E-05  1.000000E+00  4.034980E-03  1.194746E-24  7.251086E-18   5.000000E-01 NotAppl  1.474280E+00  0.000000E+00  
2.128450E+03  1.290071E+00  -8.123550E-02  -5.057847E-08  1.000000E+00  1.183782E+00  6.225337E-27  2.520939E-24   5.000000E-01 NotAppl  1.410551E-03  0.000000E+00  
1.743167E+02  5.796987E-02  8.035079E-02  4.170681E-02  1.000000E+00  1.305665E-02  6.519978E-25  2.852213E-10   2.710353E-07 LZ5Tmedian  1.999553E+00  0.000000E+00  
4.760668E+03  2.076258E-03  3.516989E+01  4.105735E-02  1.000000E+00  1.402827E-02  3.349642E-25  3.227620E-13   5.000000E-01 NotAppl  3.395920E-02  0.000000E+00  
2.722146E+02  9.195135E+01  -9.161908E+01  2.084626E-03  1.000000E+00  1.826875E-03  3.451762E-24  2.858911E-13   5.000000E-01 NotAppl  6.583460E+00  0.000000E+00  
2.682367E+03  3.818121E-02  -3.804049E-02  6.572726E-07  1.000000E+00  2.438449E+00  3.057644E-27  2.657852E-22   5.000000E-01 NotAppl  5.467205E-04  0.000000E+00  
3.193066E+01  1.522050E+01  -1.522038E+01  6.157688E+00  1.000000E+00  5.335813E-03  3.174524E-25  1.992723E-04   0.000000E+00 XENON1T_2018  6.001495E+00  2.818823E-01  
5.600368E+01  2.043732E+01  -2.041757E+01  -1.286316E-04  1.000000E+00  4.059494E-03  6.209402E-32  2.773006E-14   5.000000E-01 NotAppl  6.977431E-07  1.049476E-05  
3.828112E+02  7.138364E-02  1.995451E-01  -5.175001E-06  1.000000E+00  5.929933E-02  1.426843E-25  8.766114E-19   5.000000E-01 NotAppl  1.894838E-01  0.000000E+00  
1.904862E+02  3.592047E-03  3.939934E-02  1.767165E-02  1.000000E+00  1.596862E-02  5.361925E-25  4.269377E-11   1.238688E-01 NotAppl  1.474725E+00  0.000000E+00  
1.857978E+01  6.027739E-03  -4.892217E-03  -1.341250E-04  1.000000E+00  2.057791E-03  3.370697E-33  2.816909E-13   5.000000E-01 NotAppl  1.240777E-07  2.453314E-05  
6.817238E+01  1.164120E-03  1.666374E-01  -9.519050E-08  1.000000E+00  5.530619E-03  3.719396E-38  1.016658E-20   5.000000E-01 NotAppl  3.407558E-13  0.000000E+00  
1.150366E+01  5.798531E+01  -4.581566E+01  -7.441968E-08  1.000000E+00  3.149166E+04  8.881561E-40  2.246346E-19   5.000000E-01 NotAppl  5.666159E-14  6.069350E-12  
1.080705E+03  3.487476E-01  6.182096E-01  1.145926E-08  1.000000E+00  4.148472E-01  1.898984E-26  5.153984E-25   5.000000E-01 NotAppl  8.621205E-03  0.000000E+00  
4.086509E+01  1.003041E-04  1.348907E-03  1.755199E+00  1.000000E+00  1.290483E-04  1.018434E-24  9.810483E-06   0.000000E+00 XENON1T_2018  1.572571E+01  2.499822E-01  
1.579046E+02  4.404756E+01  -4.404731E+01  1.267278E-07  1.000000E+00  4.201515E-03  1.408139E-24  3.225059E-21   5.000000E-01 NotAppl  4.832162E+00  0.000000E+00  
5.235182E+03  3.425786E-02  5.195023E+02  -1.888819E-09  1.000000E+00  7.861409E-05  6.586322E-23  5.630775E-28   5.000000E-01 NotAppl  6.064831E+00  0.000000E+00  
5.106857E+03  7.225515E+02  -7.225505E+02  -1.841057E-10  1.000000E+00  2.872848E-05  2.666349E-22  5.635728E-30   5.000000E-01 NotAppl  2.462834E+01  0.000000E+00  
9.900301E+03  2.218570E+00  2.798163E+02  -1.882758E-07  1.000000E+00  2.494041E-04  2.087741E-23  1.533322E-24   5.000000E-01 NotAppl  1.007393E+00  0.000000E+00  
5.816812E+02  2.984216E-02  -2.954516E-02  -1.337423E-06  1.000000E+00  1.325119E-01  6.327886E-26  2.488104E-20   5.000000E-01 NotAppl  5.441948E-02  0.000000E+00  
4.914866E+02  7.670932E-02  3.628048E-01  -1.030552E+00  1.000000E+00  8.951284E-03  1.357796E-24  2.084934E-08   1.377345E-180 LZ5Tmedian  1.509133E+00  0.000000E+00  
1.516680E+01  9.822638E-02  -7.433499E-02  -8.799453E-04  1.000000E+00  2.068759E-03  1.360815E-31  1.818059E-11   4.607487E-01 NotAppl  6.301105E-06  1.068976E-03  
3.096819E+02  1.775617E+00  4.746497E+00  -5.532897E-08  1.000000E+00  2.982509E-02  2.288929E-25  1.546540E-22   5.000000E-01 NotAppl  3.789936E-01  0.000000E+00  
8.845004E+03  4.934407E-02  1.094322E-01  -4.106710E-06  1.000000E+00  2.363427E+01  2.902024E-28  9.171118E-22   5.000000E-01 NotAppl  1.545878E-05  0.000000E+00  
9.965221E+03  4.607006E-01  1.197781E+02  -9.118361E-10  1.000000E+00  1.315064E-03  3.857787E-24  3.547589E-29   5.000000E-01 NotAppl  1.849206E-01  0.000000E+00  
9.926485E+02  9.928272E+00  -9.642722E+00  -7.692848E-05  1.000000E+00  8.108168E-02  7.932200E-26  2.762772E-17   5.000000E-01 NotAppl  3.922397E-02  0.000000E+00  
1.652285E+02  6.741478E-04  7.708134E+01  3.991996E-07  1.000000E+00  3.753318E-03  1.441905E-24  2.916167E-20   5.000000E-01 NotAppl  4.588494E+00  0.000000E+00  
7.472807E+01  6.778064E-01  -4.304950E-01  -9.741702E-03  1.000000E+00  8.473118E-03  7.701127E-29  8.827113E-11   1.028795E-04 LZ5Tmedian  6.469357E-04  0.000000E+00  
5.289624E+03  5.418428E-01  -5.416813E-01  1.383500E-05  1.000000E+00  6.974770E+00  9.612681E-28  2.958220E-20   5.000000E-01 NotAppl  8.606632E-05  0.000000E+00  
7.017427E+03  4.576051E-03  7.396276E+01  -2.503018E-03  1.000000E+00  3.351050E-03  1.462187E-24  5.451738E-16   5.000000E-01 NotAppl  9.998405E-02  0.000000E+00  
3.473448E+01  4.510041E-01  6.031842E+00  6.031728E-03  1.000000E+00  7.215579E-04  1.130477E-29  1.611946E-10   1.181115E-09 LZ5Tmedian  2.097697E-04  2.509220E-02  
2.649226E+03  6.946806E-04  6.918465E-05  -2.514968E-07  1.000000E+00  2.381840E+00  3.133516E-27  3.991151E-23   5.000000E-01 NotAppl  5.674359E-04  0.000000E+00  
1.298337E+03  2.009266E+02  -1.995096E+02  -2.526237E-04  1.000000E+00  3.441330E-04  2.022996E-23  1.722672E-16   5.000000E-01 NotAppl  7.581216E+00  0.000000E+00  
1.567351E+02  1.091594E+01  -1.086655E+01  1.523635E-01  1.000000E+00  4.740006E-03  1.347214E-24  4.733399E-09   1.494207E-120 LZ5Tmedian  4.645221E+00  0.000000E+00  
6.625128E+02  3.653205E+02  3.634821E+02  -4.760679E-06  1.000000E+00  3.986670E-05  8.925320E-23  2.416387E-19   5.000000E-01 NotAppl  6.757183E+01  0.000000E+00  
1.440404E+01  1.512392E+02  -1.511976E+02  5.893669E-03  1.000000E+00  1.009629E-01  6.011602E-30  9.036358E-10   3.595663E-15 LZ5Tmedian  2.953400E-04  4.401625E-02  
2.133646E+02  2.032931E-03  4.141526E+01  1.732551E+00  1.000000E+00  4.375005E-04  2.289508E-23  3.252658E-07   0.000000E+00 XENON1T_2018  5.965934E+01  0.000000E+00  
2.211108E+03  1.008486E-02  4.815312E+01  4.256254E+00  1.000000E+00  3.630307E-03  2.226210E-24  1.651879E-08   5.583542E-33 LZ5Tmedian  5.006501E-01  0.000000E+00  
3.661271E+01  3.748619E+00  1.098281E+02  1.536000E-06  1.000000E+00  2.448718E-04  8.083505E-37  9.393168E-18   5.000000E-01 NotAppl  1.420594E-11  2.254874E-09  
1.885090E+02  7.100623E+01  4.779279E+02  1.180660E-07  1.000000E+00  4.169598E-04  7.422273E-24  1.946915E-21   5.000000E-01 NotAppl  2.050573E+01  0.000000E+00  
6.067100E+03  2.072972E-03  -1.107030E-03  9.980709E-04  1.000000E+00  1.182095E+01  5.990079E-28  1.165045E-16   5.000000E-01 NotAppl  4.672182E-05  0.000000E+00  
1.765800E+01  1.391265E-01  -1.196663E-01  6.581248E-09  1.000000E+00  2.912478E-03  7.976175E-42  7.509167E-22   5.000000E-01 NotAppl  3.108235E-16  5.934481E-14  
4.256552E+01  2.219150E-03  7.146702E-05  7.766685E-01  1.000000E+00  2.136397E-04  3.034360E-25  1.768035E-06   0.000000E+00 XENON1T_2018  4.558790E+00  2.499058E-01  
1.390073E+02  5.575622E+00  8.398928E+01  4.722154E-06  1.000000E+00  2.319847E-03  1.635223E-24  5.815043E-18   5.000000E-01 NotAppl  6.243968E+00  0.000000E+00  
9.630153E+02  6.619779E+02  -5.793961E+02  3.021632E-08  1.000000E+00  3.061465E-05  1.263851E-22  4.534440E-24   5.000000E-01 NotAppl  6.445446E+01  0.000000E+00  
5.639335E+02  5.471448E+02  -5.471429E+02  6.547095E-08  1.000000E+00  1.149080E-04  6.309263E-23  6.352423E-23   5.000000E-01 NotAppl  5.603236E+01  0.000000E+00  
9.977843E+02  7.744410E-03  1.609606E-01  -2.251706E-10  1.000000E+00  3.693359E-01  2.186290E-26  2.342201E-28   5.000000E-01 NotAppl  1.077180E-02  0.000000E+00  
6.571488E+02  1.278948E-03  7.509919E-01  2.842109E-05  1.000000E+00  1.651122E-01  4.999046E-26  8.756398E-18   5.000000E-01 NotAppl  3.789538E-02  0.000000E+00  
1.004821E+03  3.722584E-02  1.487971E+00  -5.770280E-05  1.000000E+00  3.526476E-01  2.219074E-26  1.516211E-17   5.000000E-01 NotAppl  1.086001E-02  0.000000E+00  
5.691130E+02  2.811100E-03  1.833410E+01  -8.732397E-04  1.000000E+00  3.532420E-02  1.534035E-25  1.109153E-14   5.000000E-01 NotAppl  1.359367E-01  0.000000E+00  
1.831128E+02  1.567074E-03  7.241343E-02  -3.292349E-06  1.000000E+00  1.509749E-02  5.586233E-25  1.606794E-18   5.000000E-01 NotAppl  1.600787E+00  0.000000E+00  
1.035391E+02  4.638555E+02  3.196741E+02  7.988081E-04  1.000000E+00  8.813582E-04  3.241273E-24  3.043844E-13   5.000000E-01 NotAppl  1.710503E+01  0.000000E+00  
8.197863E+01  9.765061E+01  -9.764768E+01  2.510140E-03  1.000000E+00  6.696671E-03  5.232813E-25  4.850221E-12   5.000000E-01 NotAppl  3.642096E+00  0.000000E+00  
1.574391E+01  1.081363E-02  8.990070E-01  -1.937565E-03  1.000000E+00  9.655957E-04  6.671418E-31  8.183316E-11   2.126288E-02 LZ5Tmedian  2.959096E-05  5.104819E-03  
6.249624E+01  2.959585E+00  -2.865048E+00  8.350349E-09  1.000000E+00  7.609599E-03  6.783220E-34  9.342671E-23   5.000000E-01 NotAppl  6.834653E-09  1.092707E-15  
3.714083E+01  3.093155E-01  -1.572237E-01  1.861909E-10  1.000000E+00  1.411463E-04  1.223370E-44  1.340641E-25   5.000000E-01 NotAppl  2.117569E-19  3.976472E-17  
2.605526E+02  1.678369E-02  4.829592E+02  -6.035696E-02  1.000000E+00  4.885379E-04  9.480848E-24  2.621491E-10   6.869263E-05 LZ5Tmedian  1.874273E+01  0.000000E+00  
2.880807E+01  2.894792E-02  -3.606886E-03  2.507180E-05  1.000000E+00  2.851904E-03  1.528859E-34  4.069163E-15   5.000000E-01 NotAppl  3.478134E-09  7.968238E-07  
2.476905E+02  1.029180E-03  8.699736E+02  7.203937E-05  1.000000E+00  4.062854E-04  1.147577E-23  4.142574E-16   5.000000E-01 NotAppl  2.388265E+01  0.000000E+00  
3.183774E+03  1.645535E-02  1.320029E-02  -3.923342E-06  1.000000E+00  3.392467E+00  2.171895E-27  6.681158E-21   5.000000E-01 NotAppl  3.260942E-04  0.000000E+00  
1.166436E+03  5.074562E-03  4.299292E+00  -5.752243E-03  1.000000E+00  3.129323E-01  2.086645E-26  1.111347E-13   5.000000E-01 NotAppl  8.792853E-03  0.000000E+00  
9.493401E+01  7.943908E+01  6.710517E+02  -8.407634E-03  1.000000E+00  1.667739E-03  1.669116E-24  4.028330E-11   2.869983E-02 LZ5Tmedian  9.632345E+00  0.000000E+00  
3.495551E+01  4.907507E+02  -4.708010E+02  -4.583681E-09  1.000000E+00  2.299955E+02  6.599508E-42  9.189749E-23   5.000000E-01 NotAppl  1.216442E-16  7.007319E-15  
3.579279E+01  6.809956E-01  -6.356355E-01  6.123120E-09  1.000000E+00  3.906119E-04  1.229253E-41  1.562971E-22   5.000000E-01 NotAppl  2.212792E-16  4.361818E-14  
9.905990E+01  2.901350E-02  8.309772E+00  -7.797450E-03  1.000000E+00  4.848011E-03  1.188339E-24  3.175501E-11   6.649962E-02 LZ5Tmedian  6.527884E+00  0.000000E+00  
3.618113E+01  4.170578E+01  -4.170535E+01  2.256858E-01  1.000000E+00  2.793059E-03  1.704194E-26  2.077290E-07   0.000000E+00 XENON1T_2018  3.028471E-01  4.958237E-01  
8.176649E+01  7.226679E-01  -7.073896E-01  -2.890305E-07  1.000000E+00  6.884226E-03  4.443982E-25  6.464858E-20   5.000000E-01 NotAppl  3.103745E+00  0.000000E+00  
1.052571E+01  4.121002E+00  -1.869686E+00  2.349667E-03  1.000000E+00  3.076575E+00  8.508040E-31  2.665329E-10   4.985431E-02 LZ5Tmedian  6.026718E-05  6.891404E-03  
4.811659E+01  1.267182E-01  2.583548E+02  -3.689718E-08  1.000000E+00  1.472492E-03  1.196015E-39  3.108973E-21   5.000000E-01 NotAppl  1.579496E-14  1.240725E-12  
2.491435E+01  1.983527E-04  9.045174E-04  -8.592818E-06  1.000000E+00  2.893236E-03  1.594737E-35  6.409833E-16   5.000000E-01 NotAppl  4.258678E-10  9.672936E-08  
5.396062E+03  1.099129E-04  8.093462E-01  -5.076278E-06  1.000000E+00  6.575087E+00  9.340275E-28  3.824499E-21   5.000000E-01 NotAppl  8.229226E-05  0.000000E+00  
8.641293E+02  3.289665E-02  5.817056E+00  -4.634830E-03  1.000000E+00  1.738590E-01  3.800719E-26  1.331018E-13   5.000000E-01 NotAppl  2.180440E-02  0.000000E+00  
1.018912E+01  1.252879E+00  -1.252516E+00  6.704315E-07  1.000000E+00  1.013662E-01  6.810927E-38  2.312196E-17   5.000000E-01 NotAppl  5.011900E-12  6.319448E-10  
9.225306E+01  1.018137E-03  1.570384E+01  9.862159E-10  1.000000E+00  4.465741E-03  1.017835E-24  5.877878E-25   5.000000E-01 NotAppl  6.064219E+00  0.000000E+00  
1.248936E+03  4.094777E-01  5.669089E+02  1.594807E-05  1.000000E+00  9.596824E-05  5.373254E-23  7.430854E-19   5.000000E-01 NotAppl  2.138969E+01  0.000000E+00  
6.248082E+01  1.850932E-04  -7.765608E-05  -1.863166E-09  1.000000E+00  4.633655E-03  1.349877E-36  4.653541E-24   5.000000E-01 NotAppl  1.360525E-11  1.228530E-16  
3.063831E+03  1.552301E+02  -1.546917E+02  6.846968E-01  1.000000E+00  5.036046E-04  1.411212E-23  2.200289E-10   4.892550E-01 NotAppl  2.192894E+00  0.000000E+00  
1.745276E+03  4.852759E+00  -4.852501E+00  -2.296709E+00  1.000000E+00  3.143467E-02  3.435679E-25  7.789242E-09   5.717827E-20 LZ5Tmedian  1.032049E-01  0.000000E+00  
3.049325E+03  2.286492E-02  1.394458E-02  -1.648884E-05  1.000000E+00  3.121359E+00  2.367455E-27  1.288425E-19   5.000000E-01 NotAppl  3.714463E-04  0.000000E+00  
1.503655E+02  2.698627E+01  -2.698462E+01  4.015309E-06  1.000000E+00  5.412461E-03  1.087579E-24  3.579193E-18   5.000000E-01 NotAppl  3.904856E+00  0.000000E+00  
1.557447E+01  5.579200E+02  -5.574889E+02  -2.251757E-09  1.000000E+00  1.011813E-01  8.981350E-43  1.129321E-22   5.000000E-01 NotAppl  4.033234E-17  7.014325E-15  
3.887215E+02  6.239518E+00  -6.238249E+00  -1.577226E-04  1.000000E+00  4.488747E-02  1.611828E-25  7.891453E-16   5.000000E-01 NotAppl  2.107688E-01  0.000000E+00  
2.853820E+03  6.672356E-04  -2.098659E-04  -1.082721E-05  1.000000E+00  2.748330E+00  2.701336E-27  6.357557E-20   5.000000E-01 NotAppl  4.534899E-04  0.000000E+00  
7.093119E+01  5.223088E+00  1.078353E+01  3.873969E-09  1.000000E+00  2.901169E-02  2.687620E-41  1.552806E-23   5.000000E-01 NotAppl  2.380064E-16  0.000000E+00  
4.729881E+02  3.043330E-04  4.437770E-01  -2.480198E-10  1.000000E+00  8.873834E-02  9.482116E-26  1.306178E-27   5.000000E-01 NotAppl  1.010575E-01  0.000000E+00  
1.650039E+03  9.785912E-04  1.077420E-01  1.498409E-10  1.000000E+00  9.614357E-01  8.052709E-27  3.717418E-29   5.000000E-01 NotAppl  2.367284E-03  0.000000E+00  
1.100819E+02  1.886164E-04  4.619408E+00  -2.718425E-03  1.000000E+00  5.655991E-03  1.173294E-24  3.108999E-12   5.000000E-01 NotAppl  5.767854E+00  0.000000E+00  
7.642672E+03  2.024079E+02  -2.024021E+02  1.122445E-03  1.000000E+00  3.104132E-04  2.356569E-23  9.217998E-17   5.000000E-01 NotAppl  1.446591E+00  0.000000E+00  
1.083379E+01  9.255172E+01  -9.254115E+01  -1.619890E+00  1.000000E+00  1.447568E-02  3.944221E-25  1.197258E-04   0.000000E+00 XENON1T_2018  2.700771E+01  4.999423E-01  
3.145450E+01  1.974045E-03  -8.063612E-04  -1.055527E-06  1.000000E+00  2.118108E-03  2.990709E-37  6.036370E-18   5.000000E-01 NotAppl  6.183498E-12  1.375251E-09  
3.068501E+02  6.250511E-03  8.955342E+02  -3.505871E-06  1.000000E+00  2.732445E-04  1.750315E-23  6.327274E-19   5.000000E-01 NotAppl  2.929700E+01  0.000000E+00  
1.273518E+01  8.166290E-03  2.517292E+01  -3.059477E-05  1.000000E+00  6.282451E-04  1.558424E-34  3.107378E-14   5.000000E-01 NotAppl  8.827385E-09  4.161798E-07  
5.132800E+02  6.679621E+02  -6.679581E+02  1.804188E-07  1.000000E+00  1.041776E-04  6.918427E-23  5.847647E-22   5.000000E-01 NotAppl  6.778414E+01  0.000000E+00  
8.079962E+01  1.850535E+00  2.730140E+01  -6.908887E-02  1.000000E+00  8.751251E-03  9.757104E-26  3.784896E-09   3.119231E-163 LZ5Tmedian  6.953580E-01  0.000000E+00  
2.729327E+03  1.460736E+00  -1.459834E+00  1.935171E-07  1.000000E+00  1.594287E+00  4.211894E-27  2.223989E-23   5.000000E-01 NotAppl  7.389242E-04  0.000000E+00  
2.662229E+03  1.695906E-04  3.583799E+01  -2.656684E-03  1.000000E+00  1.346695E-02  3.448590E-25  4.409443E-15   5.000000E-01 NotAppl  6.317406E-02  0.000000E+00  
1.411180E+03  5.566823E+00  -5.564170E+00  -1.135108E-03  1.000000E+00  2.210178E-01  2.908112E-26  2.934295E-15   5.000000E-01 NotAppl  1.001636E-02  0.000000E+00  
2.322207E+02  4.198483E-03  -3.992838E-03  3.066572E-10  1.000000E+00  2.330792E-02  3.656154E-25  8.566760E-27   5.000000E-01 NotAppl  8.173445E-01  0.000000E+00  
4.845048E+02  1.631557E+00  -1.471181E+00  1.818960E-06  1.000000E+00  8.815929E-02  9.210644E-26  6.688173E-20   5.000000E-01 NotAppl  9.574605E-02  0.000000E+00  
7.373361E+02  9.811151E-03  -9.123383E-03  -1.109847E-09  1.000000E+00  2.082036E-01  3.971961E-26  1.055364E-26   5.000000E-01 NotAppl  2.672998E-02  0.000000E+00  
1.589468E+01  2.262924E-01  6.421406E-01  1.175920E-04  1.000000E+00  1.908085E-03  2.464331E-33  2.957515E-13   5.000000E-01 NotAppl  1.081237E-07  1.906470E-05  
9.036959E+03  2.271372E+00  -2.134551E+00  -5.351632E-03  1.000000E+00  1.739191E+00  3.298229E-27  1.490982E-15   5.000000E-01 NotAppl  1.709941E-04  0.000000E+00  
1.875918E+02  6.067632E+02  -6.067631E+02  -1.722369E-06  1.000000E+00  5.027972E-04  1.251564E-23  4.184954E-19   5.000000E-01 NotAppl  3.536582E+01  0.000000E+00  
1.767936E+02  1.163331E+01  7.161846E+00  -1.421819E-08  1.000000E+00  4.665337E-03  7.595630E-25  3.220306E-23   5.000000E-01 NotAppl  2.290615E+00  0.000000E+00  
1.124290E+02  3.923254E-02  -1.317671E-02  -1.752632E-05  1.000000E+00  6.751774E-03  1.144756E-24  1.237612E-16   5.000000E-01 NotAppl  5.509966E+00  0.000000E+00  
4.452113E+03  1.130439E-03  8.428250E+01  3.437100E-01  1.000000E+00  2.549710E-03  1.935467E-24  2.592167E-11   5.000000E-01 NotAppl  2.100307E-01  0.000000E+00  
2.014022E+02  4.115793E+01  -4.114473E+01  1.139904E-04  1.000000E+00  5.104755E-03  1.197332E-24  1.584715E-15   5.000000E-01 NotAppl  3.126207E+00  0.000000E+00  
1.076263E+02  1.119974E-03  -2.660314E-05  1.292147E-05  1.000000E+00  6.378439E-03  1.191136E-24  7.356891E-17   5.000000E-01 NotAppl  5.998616E+00  0.000000E+00  
7.240034E+02  1.608165E+02  -1.607537E+02  1.240922E-08  1.000000E+00  5.884391E-04  1.194844E-23  1.369476E-24   5.000000E-01 NotAppl  8.183078E+00  0.000000E+00  
1.423542E+01  4.178007E-03  4.259296E+02  -4.255001E-02  1.000000E+00  7.482074E-04  3.122356E-28  4.821364E-08   0.000000E+00 XENON1T_2018  1.554522E-02  2.944150E-01  
3.333222E+01  6.608384E-03  -6.389014E-03  6.247480E-01  1.000000E+00  1.382934E-03  1.131690E-25  1.880138E-06   0.000000E+00 XENON1T_2018  2.191348E+00  2.498707E-01  
6.910478E+03  1.247020E+02  -1.246998E+02  2.552856E-07  1.000000E+00  7.896377E-04  9.021112E-24  5.850744E-24   5.000000E-01 NotAppl  6.132041E-01  0.000000E+00  
7.582711E+02  6.690531E-02  3.279818E+02  9.439369E-07  1.000000E+00  2.755965E-04  1.827534E-23  7.209761E-21   5.000000E-01 NotAppl  1.214069E+01  0.000000E+00  
1.133458E+02  8.319959E-04  2.167967E-03  -7.330654E-05  1.000000E+00  6.848450E-03  1.134454E-24  2.129402E-15   5.000000E-01 NotAppl  5.415015E+00  0.000000E+00  
1.639153E+02  8.386768E+00  -7.670460E+00  -3.454817E-08  1.000000E+00  8.293748E-03  7.144197E-25  2.220168E-22   5.000000E-01 NotAppl  2.334502E+00  0.000000E+00  
2.806766E+02  2.162048E-02  -2.150019E-02  3.034858E-08  1.000000E+00  3.317877E-02  2.573174E-25  5.691053E-23   5.000000E-01 NotAppl  4.719661E-01  0.000000E+00  
2.786432E+02  3.181950E+00  5.809285E+02  -3.427424E-02  1.000000E+00  3.556121E-04  1.199624E-23  7.367474E-11   7.979577E-02 LZ5Tmedian  2.214797E+01  0.000000E+00  
9.219340E+02  2.104357E+02  -1.640259E+02  -1.026806E-08  1.000000E+00  1.923497E-04  2.097046E-23  5.723642E-25   5.000000E-01 NotAppl  1.119012E+01  0.000000E+00  
1.302916E+02  8.524787E-04  9.948423E-01  -2.410072E-08  1.000000E+00  8.089160E-03  9.544408E-25  1.729746E-22   5.000000E-01 NotAppl  3.943386E+00  0.000000E+00  
3.764891E+02  1.699619E+02  -1.699616E+02  -6.408027E-02  1.000000E+00  6.979721E-04  9.725256E-24  1.390709E-10   2.793644E-02 LZ5Tmedian  1.318663E+01  0.000000E+00  
4.193796E+03  1.098999E+01  -1.088041E+01  -1.179479E-05  1.000000E+00  8.425509E-02  7.238769E-26  3.447100E-20   5.000000E-01 NotAppl  8.167965E-03  0.000000E+00  
1.758839E+01  7.405992E+01  4.761602E+01  -1.551779E-04  1.000000E+00  1.368841E+05  4.428568E-33  4.207893E-13   5.000000E-01 NotAppl  1.733395E-07  3.301866E-05  
1.189824E+01  1.451910E+02  -9.291016E+01  1.614391E-07  1.000000E+00  4.391634E+06  4.235166E-39  9.892709E-19   5.000000E-01 NotAppl  2.597590E-13  3.655985E-11  
4.332637E+02  2.652325E+00  -2.651540E+00  -1.032599E+00  1.000000E+00  6.339145E-03  1.749359E-24  2.709128E-08   6.171947E-265 LZ5Tmedian  2.238856E+00  0.000000E+00  
1.354180E+02  1.570273E-04  5.657267E-01  -2.494648E-07  1.000000E+00  8.786159E-03  9.007000E-25  1.712310E-20   5.000000E-01 NotAppl  3.577899E+00  0.000000E+00  
9.204727E+01  9.412773E+00  1.774980E+02  -4.889996E-09  1.000000E+00  2.623495E-03  1.068153E-24  1.451715E-23   5.000000E-01 NotAppl  6.388838E+00  0.000000E+00  
2.135125E+01  5.914267E-01  -5.696093E-01  2.089087E-07  1.000000E+00  8.538087E-03  8.648390E-39  5.170082E-19   5.000000E-01 NotAppl  2.730103E-13  5.847122E-11  
5.955021E+02  2.602185E-01  -2.563386E-01  -2.922586E-05  1.000000E+00  1.378970E-01  6.048618E-26  1.132446E-17   5.000000E-01 NotAppl  5.076917E-02  0.000000E+00  
3.860519E+01  1.236568E+00  -1.155684E+00  -6.305800E-07  1.000000E+00  5.412160E-05  1.530839E-37  1.421512E-18   5.000000E-01 NotAppl  2.538830E-12  4.361586E-10  
9.391298E+02  1.165255E+02  -1.163075E+02  -8.503470E-08  1.000000E+00  9.864943E-04  7.011640E-24  3.780083E-23   5.000000E-01 NotAppl  3.668921E+00  0.000000E+00  
2.951198E+01  4.067225E-04  2.989570E+02  -1.908729E-02  1.000000E+00  2.001576E-03  9.082441E-29  2.245962E-09   7.421929E-117 LZ5Tmedian  2.012457E-03  1.930716E-01  
4.717502E+01  3.308738E-02  9.208483E+00  1.054099E-07  1.000000E+00  9.928568E-04  8.751243E-39  2.641656E-20   5.000000E-01 NotAppl  1.179564E-13  6.289832E-12  
1.158203E+03  1.151902E-04  1.625385E-01  -2.519804E-06  1.000000E+00  4.901633E-01  1.627088E-26  2.163645E-20   5.000000E-01 NotAppl  6.878016E-03  0.000000E+00  
4.626119E+03  1.070037E-01  1.168094E+00  3.971082E-02  1.000000E+00  3.826644E+00  1.596114E-27  3.200637E-13   5.000000E-01 NotAppl  1.648735E-04  0.000000E+00  
1.129718E+02  4.190075E-04  4.806847E+02  -1.568373E-09  1.000000E+00  2.449948E-03  1.946225E-24  9.813260E-25   5.000000E-01 NotAppl  9.188132E+00  0.000000E+00  
4.113257E+02  2.831851E-03  8.579446E-02  6.659163E-04  1.000000E+00  6.836433E-02  1.242046E-25  1.253075E-14   5.000000E-01 NotAppl  1.530470E-01  0.000000E+00  
4.952106E+02  2.800469E+01  1.241679E+01  -2.671998E-09  1.000000E+00  4.189080E-03  9.128212E-25  1.380131E-25   5.000000E-01 NotAppl  9.323521E-01  0.000000E+00  
1.689197E+01  6.169695E-01  -5.253686E-01  -2.404004E-10  1.000000E+00  9.318793E-03  1.049259E-44  1.094788E-24   5.000000E-01 NotAppl  4.296503E-19  7.936544E-17  
1.266961E+01  9.917622E+00  -9.875776E+00  4.459128E-08  1.000000E+00  1.345873E-01  3.304709E-40  6.668462E-20   5.000000E-01 NotAppl  1.883582E-14  2.017131E-12  
2.750053E+03  1.028531E-04  2.175369E-02  -6.369303E-03  1.000000E+00  2.558570E+00  2.909441E-27  2.372403E-14   5.000000E-01 NotAppl  5.071826E-04  0.000000E+00  
6.746018E+03  7.427108E-03  7.365066E+01  -8.337897E-09  1.000000E+00  3.375731E-03  1.449669E-24  6.554147E-27   5.000000E-01 NotAppl  1.031770E-01  0.000000E+00  
3.973356E+01  5.752916E+00  -5.478525E+00  -1.406401E-03  1.000000E+00  6.719784E-04  8.188889E-31  6.668900E-12   4.203674E-01 NotAppl  1.317368E-05  1.491683E-03  
9.610476E+02  9.647654E+02  -9.632664E+02  3.762524E-02  1.000000E+00  3.725547E-05  1.949198E-22  7.060128E-12   5.000000E-01 NotAppl  9.959097E+01  0.000000E+00  
4.554608E+02  2.324268E-03  1.458956E-01  6.793153E-08  1.000000E+00  8.296140E-02  1.019569E-25  1.058568E-22   5.000000E-01 NotAppl  1.130057E-01  0.000000E+00  
2.773474E+01  6.049905E+02  1.004071E+02  -3.180149E-07  1.000000E+00  2.617439E+06  2.373441E-38  7.069472E-19   5.000000E-01 NotAppl  5.628602E-13  1.294992E-10  
1.837331E+02  6.227119E-02  -6.188753E-02  -4.673245E-09  1.000000E+00  1.519683E-02  5.553727E-25  3.214958E-24   5.000000E-01 NotAppl  1.585854E+00  0.000000E+00  
1.191540E+01  5.020846E-02  8.554725E-01  1.660558E-04  1.000000E+00  6.902532E-04  4.483351E-33  1.043697E-12   5.000000E-01 NotAppl  2.745179E-07  3.861350E-05  
8.875416E+03  1.416563E+01  -1.416497E+01  -3.628733E+00  1.000000E+00  6.950506E-02  5.909416E-26  7.110779E-10   4.495634E-01 NotAppl  3.251241E-03  0.000000E+00  
1.089262E+02  3.367031E-02  2.771649E+02  -2.708727E-03  1.000000E+00  2.828961E-03  1.733762E-24  3.154368E-12   5.000000E-01 NotAppl  8.521688E+00  0.000000E+00  
5.872105E+02  4.058837E-02  2.544045E+01  3.331157E-02  1.000000E+00  2.147945E-02  2.410212E-25  1.513984E-11   5.000000E-01 NotAppl  2.073145E-01  0.000000E+00  
1.785984E+03  2.419055E+01  -2.418969E+01  2.557718E-02  1.000000E+00  1.826646E-02  3.529525E-25  9.216764E-13   5.000000E-01 NotAppl  9.530863E-02  0.000000E+00  
2.009878E+02  3.461192E+01  -2.876225E+01  -2.172352E-01  1.000000E+00  5.532106E-03  7.240501E-25  5.779740E-09   1.247287E-117 LZ5Tmedian  1.976441E+00  0.000000E+00  
8.749387E+03  3.764778E+02  -3.764495E+02  3.499220E-06  1.000000E+00  9.404718E-05  8.017079E-23  6.807103E-22   5.000000E-01 NotAppl  4.292358E+00  0.000000E+00  
2.112165E+03  1.996183E+02  -1.702731E+02  3.511984E-02  1.000000E+00  2.515238E-04  2.162439E-23  1.234614E-12   5.000000E-01 NotAppl  4.916761E+00  0.000000E+00  
3.034537E+03  3.684718E-01  3.591792E+02  -2.804396E-09  1.000000E+00  1.636570E-04  3.090937E-23  3.764201E-27   5.000000E-01 NotAppl  4.953212E+00  0.000000E+00  
3.169161E+01  1.586679E-01  -1.170716E-01  -5.692150E-09  1.000000E+00  2.196237E-03  8.781583E-42  1.728937E-22   5.000000E-01 NotAppl  1.798545E-16  3.987924E-14  
5.105886E+03  4.172943E-01  5.551937E+00  -1.872778E-07  1.000000E+00  4.333240E-01  1.055928E-26  5.824489E-24   5.000000E-01 NotAppl  9.957525E-04  0.000000E+00  
1.530505E+01  3.452371E-01  -3.450988E-01  1.033319E-02  1.000000E+00  4.972517E-03  1.881597E-29  2.462217E-09   1.943588E-47 LZ5Tmedian  8.622570E-04  9.171516E-02  
1.162226E+01  2.826170E+01  -2.824226E+01  -1.712760E-02  1.000000E+00  1.618727E-01  4.723917E-29  1.166110E-08   1.099147E-88 LZ5Tmedian  2.977655E-03  9.925999E-02  
1.044719E+02  2.630566E+01  -2.572190E+01  7.720547E-06  1.000000E+00  3.556146E-03  1.477370E-24  2.791574E-17   5.000000E-01 NotAppl  7.704520E+00  0.000000E+00  
4.424470E+03  9.457429E+02  -8.799423E+02  -2.299407E-03  1.000000E+00  1.330051E-05  4.243698E-22  1.174928E-15   5.000000E-01 NotAppl  4.534586E+01  0.000000E+00  
4.357331E+03  3.564878E+01  -3.548508E+01  4.458088E-03  1.000000E+00  8.814587E-03  7.461072E-25  4.555984E-15   5.000000E-01 NotAppl  8.097302E-02  0.000000E+00  
4.087348E+01  3.152911E-01  -2.449624E-01  4.653898E-03  1.000000E+00  1.555389E-04  9.702419E-30  6.894296E-11   1.283929E-04 LZ5Tmedian  1.515016E-04  2.099770E-02  
1.518456E+03  3.911955E+02  -3.911724E+02  5.478305E-01  1.000000E+00  1.045257E-04  7.099915E-23  5.886205E-10   2.138890E-02 LZ5Tmedian  2.264834E+01  0.000000E+00  
1.987393E+03  1.813988E+01  7.198514E+02  -6.528206E-09  1.000000E+00  4.828812E-05  9.969553E-23  4.829349E-26   5.000000E-01 NotAppl  2.465354E+01  0.000000E+00  
3.312169E+03  3.744252E-01  3.147322E+00  -7.146298E-01  1.000000E+00  7.220522E-01  9.380079E-27  2.045305E-10   5.000000E-01 NotAppl  1.443019E-03  0.000000E+00  
2.633002E+01  3.596971E-01  4.255375E+01  -5.808322E-06  1.000000E+00  3.269671E-03  7.582947E-36  2.619493E-16   5.000000E-01 NotAppl  1.902831E-10  4.365887E-08  
1.285448E+01  5.229457E+02  -5.229455E+02  8.682225E-07  1.000000E+00  1.304083E-01  1.258942E-37  2.456771E-17   5.000000E-01 NotAppl  7.055567E-12  1.054070E-09  
4.079321E+03  4.845421E-02  1.846560E-01  9.355482E+00  1.000000E+00  9.840564E-03  1.268269E-24  2.294314E-08   4.611037E-25 LZ5Tmedian  1.560074E-01  0.000000E+00  
2.372378E+03  1.012888E+00  -9.831724E-01  1.369815E-05  1.000000E+00  1.588104E+00  4.511153E-27  1.482422E-19   5.000000E-01 NotAppl  9.138087E-04  0.000000E+00  
1.140557E+02  1.808316E-02  1.017815E+01  1.141820E-02  1.000000E+00  5.387447E-03  1.239304E-24  5.100450E-11   2.032737E-02 LZ5Tmedian  5.869344E+00  0.000000E+00  
6.754281E+01  1.126694E+00  -1.076324E+00  2.888982E+00  1.000000E+00  2.203433E-04  4.369494E-23  9.543437E-06   0.000000E+00 XENON1T_2018  4.065217E+02  0.000000E+00  
1.590974E+01  3.049950E+01  1.642109E+00  3.276998E-01  1.000000E+00  1.327793E-01  1.914480E-26  2.292474E-06   0.000000E+00 XENON1T_2018  8.394190E-01  2.519786E-01  
2.227600E+03  3.707191E-02  -2.839868E-02  1.520885E-05  1.000000E+00  1.707145E+00  4.428266E-27  2.077503E-19   5.000000E-01 NotAppl  9.572571E-04  0.000000E+00  
2.072068E+03  7.414582E-03  -7.062620E-03  -6.087367E-10  1.000000E+00  1.486504E+00  5.114421E-27  3.857286E-28   5.000000E-01 NotAppl  1.190578E-03  0.000000E+00  
4.081794E+02  4.723393E-01  1.535630E+02  -3.389377E-10  1.000000E+00  1.120254E-03  4.278053E-24  3.297633E-27   5.000000E-01 NotAppl  5.352226E+00  0.000000E+00  
8.415157E+03  1.642267E-03  7.526442E-03  1.776007E-03  1.000000E+00  2.231973E+01  3.115376E-28  1.897849E-16   5.000000E-01 NotAppl  1.744654E-05  0.000000E+00  
3.004527E+02  9.112220E+02  -9.112218E+02  6.270237E+00  1.000000E+00  1.614230E-05  4.696415E-22  2.113144E-06   0.000000E+00 XENON1T_2018  9.044188E+02  0.000000E+00  
6.381775E+01  7.154793E-01  1.626860E+02  1.143253E-10  1.000000E+00  5.768335E-03  1.056799E-42  1.678024E-26   5.000000E-01 NotAppl  1.042286E-17  0.000000E+00  
3.228877E+03  6.274352E-01  5.494195E+02  5.098459E-03  1.000000E+00  7.527647E-05  6.851384E-23  1.096438E-14   5.000000E-01 NotAppl  1.030484E+01  0.000000E+00  
6.281013E+01  6.279827E+01  6.514288E+01  1.205385E-05  1.000000E+00  7.466843E+01  2.151888E-31  1.926960E-16   5.000000E-01 NotAppl  2.146335E-06  0.000000E+00  
3.127169E+02  2.268675E-02  -1.977722E-02  3.816382E-02  1.000000E+00  3.973347E-02  2.177253E-25  7.212522E-11   1.088647E-01 NotAppl  3.572972E-01  0.000000E+00  
8.949225E+03  1.592751E+02  -1.592434E+02  -3.654879E-03  1.000000E+00  4.928811E-04  1.471996E-23  7.093317E-16   5.000000E-01 NotAppl  7.703365E-01  0.000000E+00  
1.403897E+02  1.905229E+01  -1.905111E+01  -8.869170E-06  1.000000E+00  5.667872E-03  1.040873E-24  2.010151E-17   5.000000E-01 NotAppl  4.002741E+00  0.000000E+00  
5.572900E+03  1.725871E-01  -1.723365E-01  -8.501335E-03  1.000000E+00  9.731303E+00  7.234318E-28  1.004596E-14   5.000000E-01 NotAppl  6.148982E-05  0.000000E+00  
4.039617E+02  5.907898E-03  -2.923751E-03  -4.953828E-07  1.000000E+00  6.613361E-02  1.285728E-25  7.195709E-21   5.000000E-01 NotAppl  1.614381E-01  0.000000E+00  
3.995254E+02  4.995547E-02  -3.780344E-02  8.518936E-06  1.000000E+00  6.472038E-02  1.313513E-25  2.176587E-18   5.000000E-01 NotAppl  1.668491E-01  0.000000E+00  
3.482721E+01  1.154036E-04  5.229161E-02  2.662439E-05  1.000000E+00  7.585812E-04  2.212676E-34  3.123750E-15   5.000000E-01 NotAppl  4.100676E-09  8.407653E-07  
1.005544E+02  3.124342E+01  2.235132E+02  1.173561E-09  1.000000E+00  1.629537E-03  1.785464E-24  6.975696E-25   5.000000E-01 NotAppl  9.643639E+00  0.000000E+00  
2.096780E+01  1.342722E-01  -1.226962E-01  1.965676E-04  1.000000E+00  3.487190E-03  7.594097E-33  4.747095E-13   5.000000E-01 NotAppl  2.445393E-07  5.196769E-05  
5.528808E+03  8.934660E-04  5.858585E-01  1.635214E-02  1.000000E+00  7.864965E+00  8.301210E-28  3.777272E-14   5.000000E-01 NotAppl  7.129506E-05  0.000000E+00  
6.099805E+02  3.507309E+02  -3.504917E+02  -1.407574E+00  1.000000E+00  2.349543E-04  3.004321E-23  2.500921E-08   2.148191E-175 LZ5Tmedian  2.469290E+01  0.000000E+00  
6.676926E+03  3.429858E-03  -9.992058E-04  -6.006096E-05  1.000000E+00  1.423750E+01  4.946483E-28  3.472804E-19   5.000000E-01 NotAppl  3.501138E-05  0.000000E+00  
3.097586E+01  1.360958E+02  -1.360621E+02  1.804719E-02  1.000000E+00  8.644334E-03  8.577381E-29  1.820333E-09   2.399261E-97 LZ5Tmedian  1.803015E-03  2.231401E-01  
1.348928E+01  4.775805E-03  4.970714E-02  -4.283440E-07  1.000000E+00  1.066419E-03  3.112406E-38  5.436163E-18   5.000000E-01 NotAppl  1.649455E-12  2.559118E-10  
1.403707E+01  4.450042E-04  1.134531E+01  1.405204E-09  1.000000E+00  7.164917E-04  3.390978E-43  5.406737E-23   5.000000E-01 NotAppl  1.716227E-17  2.108334E-15  
8.389159E+02  1.525692E-02  3.219365E-01  1.941661E-09  1.000000E+00  2.649233E-01  3.082963E-26  2.481566E-26   5.000000E-01 NotAppl  1.816216E-02  0.000000E+00  
4.325141E+01  3.950952E-04  5.841487E+00  -6.422083E-07  1.000000E+00  2.896622E-04  2.221855E-37  1.170158E-18   5.000000E-01 NotAppl  3.277257E-12  3.273485E-10  
2.227670E+03  1.253745E-01  3.992906E+01  -1.995093E-04  1.000000E+00  1.087038E-02  4.296164E-25  3.574766E-17   5.000000E-01 NotAppl  9.446632E-02  0.000000E+00  
2.054199E+03  2.277990E-03  2.343860E-01  2.229735E-06  1.000000E+00  1.453351E+00  5.218783E-27  5.266893E-21   5.000000E-01 NotAppl  1.225789E-03  0.000000E+00  
1.610263E+03  2.513155E+01  2.816187E+02  -6.057471E+00  1.000000E+00  2.693680E-04  1.502160E-23  6.384778E-08   1.356390E-171 LZ5Tmedian  4.677681E+00  0.000000E+00  
1.210210E+02  6.833067E-01  2.423209E+02  -6.010656E-10  1.000000E+00  2.300981E-03  2.037393E-24  1.251646E-25   5.000000E-01 NotAppl  8.953047E+00  0.000000E+00  
2.318957E+01  2.746725E-01  1.195430E+00  5.551525E-10  1.000000E+00  2.986433E-03  6.369703E-44  3.091858E-24   5.000000E-01 NotAppl  1.836477E-18  4.055459E-16  
1.523799E+02  1.230371E-03  4.891792E-04  3.748077E-09  1.000000E+00  1.097996E-02  7.478123E-25  3.034702E-24   5.000000E-01 NotAppl  2.629210E+00  0.000000E+00  
8.107868E+02  2.088723E-02  -2.071486E-02  -5.815082E-09  1.000000E+00  2.494012E-01  3.293853E-26  2.386393E-25   5.000000E-01 NotAppl  2.009820E-02  0.000000E+00  
1.749038E+01  4.996651E-03  4.944635E-01  6.490848E-01  1.000000E+00  1.240043E-03  7.705421E-26  7.444908E-06   0.000000E+00 XENON1T_2018  3.032089E+00  2.499296E-01  
8.199984E+01  2.488538E-01  4.079518E+00  -7.687110E-06  1.000000E+00  5.251128E-03  4.731054E-25  4.546337E-17   5.000000E-01 NotAppl  3.289385E+00  0.000000E+00  
1.012806E+01  5.161213E+02  -5.161047E+02  -5.298242E-02  1.000000E+00  2.136952E-01  4.239700E-28  1.461083E-07   0.000000E+00 LZ5Tmedian  3.142450E-02  4.440150E-01  
1.098087E+03  1.955977E-02  8.744152E-01  3.347791E-02  1.000000E+00  4.239327E-01  1.877436E-26  4.257994E-12   5.000000E-01 NotAppl  8.392813E-03  0.000000E+00  
1.470234E+01  1.942451E+01  -1.940461E+01  2.404798E-02  1.000000E+00  9.608126E-02  1.007037E-28  1.444449E-08   7.980052E-246 LZ5Tmedian  4.832284E-03  7.856977E-02  
3.791923E+02  1.204939E-02  4.838757E-02  4.225776E-01  1.000000E+00  2.296093E-02  4.753907E-25  5.959934E-09   7.385336E-67 LZ5Tmedian  6.625491E-01  0.000000E+00  
3.388631E+02  8.793965E+00  8.100772E+02  8.593684E-01  1.000000E+00  1.563283E-04  2.736959E-23  3.102744E-08   0.000000E+00 LZ5Tmedian  4.150360E+01  0.000000E+00  
3.705707E+02  2.349738E-02  5.275337E+01  -4.117872E-10  1.000000E+00  6.297983E-03  7.841951E-25  5.932221E-27   5.000000E-01 NotAppl  1.082223E+00  0.000000E+00  
3.109053E+01  1.175766E+02  -4.106213E+01  -1.578877E-04  1.000000E+00  8.098736E+04  6.594642E-33  1.382855E-13   5.000000E-01 NotAppl  1.380692E-07  3.089931E-05  
3.457039E+02  2.183274E-02  -1.936273E-02  9.567717E-07  1.000000E+00  4.918083E-02  1.733919E-25  3.691776E-20   5.000000E-01 NotAppl  2.559483E-01  0.000000E+00  
8.704992E+01  1.862910E+02  -1.732131E+02  4.109221E-05  1.000000E+00  2.572140E-03  1.036621E-24  1.149388E-15   5.000000E-01 NotAppl  6.644791E+00  0.000000E+00  
8.756912E+01  3.550500E-02  -3.029511E-02  -9.248276E-04  1.000000E+00  5.882667E-03  7.318461E-25  5.751443E-13   5.000000E-01 NotAppl  4.664614E+00  0.000000E+00  
3.333170E+02  7.700162E-01  -5.171667E-01  2.947481E-01  1.000000E+00  2.348817E-02