MD1           DMP           DM3           l345          ld           Omegah2       sigV          protonSI      PvalDD        expName      CMB_ID        brH_DMDM      
1.841189E+02  3.275374E-01  -3.265626E-01  -3.887866E+00  1.000000E+00  7.496504E-06  2.024774E-21  2.215642E-06   0.000000E+00 XENON1T_2018  6.894075E+03  0.000000E+00  
2.230136E+01  1.895615E-01  1.402529E+02  2.097424E-05  1.000000E+00  2.338365E-03  8.904050E-35  4.774431E-15   5.000000E-01 NotAppl  2.680402E-09  5.868830E-07  
1.441102E+01  2.693256E-04  2.050034E-04  4.208057E-01  1.000000E+00  1.302864E-03  3.065784E-26  4.602221E-06   0.000000E+00 XENON1T_2018  1.504615E+00  2.497452E-01  
1.463144E+03  4.121583E+00  1.991692E+01  1.370426E-03  1.000000E+00  2.970680E-02  1.737182E-25  3.972962E-15   5.000000E-01 NotAppl  5.866541E-02  0.000000E+00  
2.506540E+02  3.786818E-04  1.139260E-01  1.471027E-04  1.000000E+00  2.678750E-02  3.177949E-25  1.685739E-15   5.000000E-01 NotAppl  6.559458E-01  0.000000E+00  
4.906026E+02  1.681073E-04  2.716455E+00  -5.902063E-09  1.000000E+00  8.911206E-02  9.038812E-26  6.863720E-25   5.000000E-01 NotAppl  9.276812E-02  0.000000E+00  
6.291725E+03  3.075896E+00  -8.866245E-01  2.535669E+00  1.000000E+00  1.423947E-01  7.533725E-26  6.984247E-10   3.305192E-01 NotAppl  5.827861E-03  0.000000E+00  
3.331299E+02  2.101001E-03  -1.062177E-03  -1.287400E-04  1.000000E+00  4.585291E-02  1.860757E-25  7.210834E-16   5.000000E-01 NotAppl  2.855090E-01  0.000000E+00  
1.824246E+01  5.434478E+00  -5.433850E+00  -1.131947E-06  1.000000E+00  5.683454E-02  2.385509E-37  2.081307E-17   5.000000E-01 NotAppl  8.962862E-12  1.509660E-09  
4.292984E+03  1.462220E+00  -1.459893E+00  -2.111167E-09  1.000000E+00  2.506670E+00  2.457814E-27  1.053100E-27   5.000000E-01 NotAppl  2.715208E-04  0.000000E+00  
1.780277E+03  7.392060E+02  -5.195633E+02  1.726985E-04  1.000000E+00  1.742339E-05  2.195900E-22  4.229451E-17   5.000000E-01 NotAppl  5.955434E+01  0.000000E+00  
1.072167E+01  6.129840E-01  3.938468E+00  -6.471319E-04  1.000000E+00  4.981584E-03  6.511759E-32  1.950065E-11   5.000000E-01 NotAppl  4.513626E-06  5.797252E-04  
5.414213E+02  7.914123E+01  -7.914094E+01  -3.248408E-05  1.000000E+00  2.118760E-03  3.163976E-24  1.699641E-17   5.000000E-01 NotAppl  2.931953E+00  0.000000E+00  
9.873752E+01  8.814887E-02  9.295228E-02  -3.125964E-03  1.000000E+00  5.733867E-03  1.199914E-24  5.137795E-12   5.000000E-01 NotAppl  6.619061E+00  0.000000E+00  
9.173662E+02  5.362476E+01  -5.362198E+01  -8.576940E-09  1.000000E+00  4.147636E-03  1.609873E-24  4.034262E-25   5.000000E-01 NotAppl  8.630285E-01  0.000000E+00  
7.382859E+03  1.778239E+01  -1.777854E+01  -2.773876E-02  1.000000E+00  3.390137E-02  1.855889E-25  6.039385E-14   5.000000E-01 NotAppl  1.179850E-02  0.000000E+00  
6.436158E+01  2.361317E-03  4.024975E+02  -9.279251E-06  1.000000E+00  4.446161E-03  3.461259E-33  1.086467E-16   5.000000E-01 NotAppl  3.365305E-08  0.000000E+00  
5.301906E+03  1.717409E-03  3.336568E+02  2.635717E-08  1.000000E+00  1.805286E-04  2.820415E-23  1.068616E-25   5.000000E-01 NotAppl  2.563898E+00  0.000000E+00  
5.494669E+03  2.877610E-04  6.046605E-04  -3.368257E-03  1.000000E+00  9.752315E+00  7.302534E-28  1.622960E-15   5.000000E-01 NotAppl  6.296955E-05  0.000000E+00  
3.737397E+01  1.168479E+01  -1.165291E+01  2.070486E-10  1.000000E+00  1.943973E-03  1.533114E-44  1.636888E-25   5.000000E-01 NotAppl  2.631506E-19  1.583456E-17  
6.151174E+03  5.095422E+00  3.729562E+02  -1.407347E-08  1.000000E+00  1.411604E-04  3.627843E-23  2.252593E-26   5.000000E-01 NotAppl  2.835812E+00  0.000000E+00  
4.850440E+02  1.424852E-02  -1.168710E-02  -7.540412E-04  1.000000E+00  9.372549E-02  9.019501E-26  1.146736E-14   5.000000E-01 NotAppl  9.364763E-02  0.000000E+00  
1.268681E+01  1.266407E-04  8.732665E-03  -8.051859E-07  1.000000E+00  1.016079E-03  1.078014E-37  2.168477E-17   5.000000E-01 NotAppl  6.134632E-12  9.068177E-10  
3.653430E+03  5.346319E-04  -2.727092E-04  1.847209E-05  1.000000E+00  4.425457E+00  1.649912E-27  1.119359E-19   5.000000E-01 NotAppl  2.153297E-04  0.000000E+00  
1.873865E+03  2.899297E+00  5.652500E+02  8.108230E-06  1.000000E+00  8.038731E-05  6.341327E-23  8.398680E-20   5.000000E-01 NotAppl  1.665455E+01  0.000000E+00  
1.507600E+02  1.164879E-03  -2.095507E-04  1.786010E-04  1.000000E+00  1.077939E-02  7.611561E-25  7.043391E-15   5.000000E-01 NotAppl  2.705669E+00  0.000000E+00  
8.533736E+01  7.347512E-01  9.233281E-01  -2.348906E-06  1.000000E+00  5.460203E-03  6.880110E-25  3.911674E-18   5.000000E-01 NotAppl  4.500999E+00  0.000000E+00  
7.172596E+01  3.082727E+01  3.097413E+02  -8.170400E-02  1.000000E+00  2.860777E-01  9.881055E-27  6.751626E-09   1.568153E-313 LZ5Tmedian  8.591726E-02  0.000000E+00  
1.961779E+01  4.623843E-01  4.625103E+00  3.607455E-09  1.000000E+00  3.560935E-03  2.487973E-42  1.827404E-22   5.000000E-01 NotAppl  8.617258E-17  1.636294E-14  
6.082725E+01  2.853210E+01  -2.852587E+01  -3.021445E-10  1.000000E+00  7.267137E-03  4.788272E-42  1.292655E-25   5.000000E-01 NotAppl  4.959923E-17  2.997469E-17  
1.490968E+03  2.888029E-01  2.132019E+02  1.970161E+00  1.000000E+00  4.183687E-04  1.310582E-23  7.901761E-09   1.492306E-23 LZ5Tmedian  4.355990E+00  0.000000E+00  
1.544101E+01  1.487262E-04  2.074429E+02  1.863806E-08  1.000000E+00  8.455812E-04  6.137570E-41  7.870732E-21   5.000000E-01 NotAppl  2.784275E-15  4.808288E-13  
7.896078E+03  7.107557E-03  7.306927E+02  -2.124693E-05  1.000000E+00  4.038283E-05  1.312041E-22  3.091177E-20   5.000000E-01 NotAppl  7.959889E+00  0.000000E+00  
7.464319E+02  6.434783E-04  1.004506E-02  -1.683425E-10  1.000000E+00  2.131153E-01  3.877176E-26  2.367971E-28   5.000000E-01 NotAppl  2.576355E-02  0.000000E+00  
6.471560E+02  1.353625E+02  -1.229387E+02  1.291850E-06  1.000000E+00  5.758659E-04  8.610663E-24  1.866672E-20   5.000000E-01 NotAppl  6.631898E+00  0.000000E+00  
4.724644E+02  4.141728E-02  9.344369E+01  -3.883748E-03  1.000000E+00  2.430463E-03  1.969886E-24  3.210088E-13   5.000000E-01 NotAppl  2.121876E+00  0.000000E+00  
1.139859E+03  1.464302E-03  5.685902E+00  -6.911509E-03  1.000000E+00  2.413573E-01  2.521935E-26  1.681689E-13   5.000000E-01 NotAppl  1.090129E-02  0.000000E+00  
2.910653E+01  1.006012E-01  -9.494845E-02  7.237550E-10  1.000000E+00  3.078631E-03  1.287277E-43  3.320919E-24   5.000000E-01 NotAppl  2.892409E-18  6.620907E-16  
1.359767E+02  2.075753E-04  5.909143E-01  -5.321207E-02  1.000000E+00  9.290241E-03  7.949517E-25  7.725356E-10   7.410293E-23 LZ5Tmedian  3.155709E+00  0.000000E+00  
4.474843E+02  2.826287E-03  3.620623E-02  4.334131E-05  1.000000E+00  8.034420E-02  1.054953E-25  4.467627E-17   5.000000E-01 NotAppl  1.190909E-01  0.000000E+00  
1.050581E+03  1.130826E+01  -1.130562E+01  -2.186568E-03  1.000000E+00  6.782250E-02  9.355150E-26  1.987991E-14   5.000000E-01 NotAppl  4.362812E-02  0.000000E+00  
2.964146E+02  3.199967E-04  9.541098E+01  -4.409155E-10  1.000000E+00  2.590498E-03  1.879219E-24  1.074250E-26   5.000000E-01 NotAppl  3.257849E+00  0.000000E+00  
3.541776E+02  5.872972E-03  -5.716041E-03  3.137814E+00  1.000000E+00  7.807210E-04  1.752515E-23  3.778726E-07   0.000000E+00 XENON1T_2018  2.609550E+01  0.000000E+00  
4.745052E+03  2.277783E-03  4.895410E-02  -4.153882E-09  1.000000E+00  7.329353E+00  9.795228E-28  3.325863E-27   5.000000E-01 NotAppl  9.801772E-05  0.000000E+00  
3.569815E+03  2.539335E+01  -1.191740E+01  -2.486610E-03  1.000000E+00  1.651360E-02  4.281727E-25  2.126234E-15   5.000000E-01 NotAppl  5.705704E-02  0.000000E+00  
2.810369E+03  3.295878E+01  -2.949380E+01  -8.554040E-04  1.000000E+00  1.025077E-02  6.393555E-25  4.094157E-16   5.000000E-01 NotAppl  1.085164E-01  0.000000E+00  
1.522209E+03  4.336628E+02  -3.923551E+02  3.095609E-03  1.000000E+00  5.794376E-05  8.263535E-23  1.870032E-14   5.000000E-01 NotAppl  2.629561E+01  0.000000E+00  
3.444688E+01  1.116227E-02  3.781305E+00  -8.741964E-08  1.000000E+00  8.721073E-04  2.341567E-39  3.443607E-20   5.000000E-01 NotAppl  4.390685E-14  8.281838E-12  
3.416284E+02  2.322948E-01  1.058031E+02  -1.459848E-05  1.000000E+00  2.117077E-03  2.267868E-24  8.805965E-18   5.000000E-01 NotAppl  3.402386E+00  0.000000E+00  
6.000749E+02  4.977034E-04  9.600470E-02  -6.643148E-10  1.000000E+00  1.405100E-01  5.954045E-26  5.760221E-27   5.000000E-01 NotAppl  4.958122E-02  0.000000E+00  
3.449576E+02  3.392743E-04  9.344213E+01  5.177347E-06  1.000000E+00  2.579782E-03  1.874043E-24  1.085812E-18   5.000000E-01 NotAppl  2.783738E+00  0.000000E+00  
1.520388E+03  1.773576E-04  2.616228E-01  1.576129E-08  1.000000E+00  8.196009E-01  9.491569E-27  4.859593E-25   5.000000E-01 NotAppl  3.034766E-03  0.000000E+00  
1.451223E+03  1.943352E+01  2.889494E+01  -2.093216E-06  1.000000E+00  6.361074E-03  8.384478E-25  9.424898E-21   5.000000E-01 NotAppl  2.845426E-01  0.000000E+00  
2.713727E+03  3.475492E+00  7.238631E+02  3.333298E-07  1.000000E+00  4.779060E-05  1.079837E-22  6.675908E-23   5.000000E-01 NotAppl  1.940060E+01  0.000000E+00  
7.838272E+02  2.380770E-04  3.083399E-01  2.974216E-06  1.000000E+00  2.329649E-01  3.524155E-26  6.689183E-20   5.000000E-01 NotAppl  2.226637E-02  0.000000E+00  
5.243016E+03  1.007355E-04  3.065910E+00  2.619744E-02  1.000000E+00  1.325957E+00  3.466438E-27  1.079950E-13   5.000000E-01 NotAppl  3.175134E-04  0.000000E+00  
1.007032E+02  4.817183E-02  2.443834E-03  -1.337972E-06  1.000000E+00  5.861028E-03  1.228523E-24  9.039711E-19   5.000000E-01 NotAppl  6.634916E+00  0.000000E+00  
3.223142E+03  3.312082E-03  2.184285E+01  1.336091E-07  1.000000E+00  3.497331E-02  1.300962E-25  7.557002E-24   5.000000E-01 NotAppl  1.959705E-02  0.000000E+00  
9.561768E+03  6.021129E+02  -6.021128E+02  5.295875E-02  1.000000E+00  3.831227E-05  2.009886E-22  1.301955E-13   5.000000E-01 NotAppl  9.837564E+00  0.000000E+00  
1.416526E+02  6.466886E-01  -4.202999E-01  1.628673E-10  1.000000E+00  9.236010E-03  8.427818E-25  6.655139E-27   5.000000E-01 NotAppl  3.197195E+00  0.000000E+00  
9.740353E+02  4.060713E+00  -4.054709E+00  1.834747E-03  1.000000E+00  2.184674E-01  3.271437E-26  1.633446E-14   5.000000E-01 NotAppl  1.651112E-02  0.000000E+00  
1.787588E+01  9.996156E-03  1.550886E+00  -4.402893E-03  1.000000E+00  1.156188E-03  3.584404E-30  3.279447E-10   1.035342E-09 LZ5Tmedian  1.377106E-04  2.440607E-02  
6.470728E+03  1.885633E+02  -1.885227E+02  2.373480E-01  1.000000E+00  3.545289E-04  2.051406E-23  5.780273E-12   5.000000E-01 NotAppl  1.490543E+00  0.000000E+00  
1.622840E+03  8.150812E+00  2.757542E+01  3.068315E-06  1.000000E+00  1.378108E-02  3.839447E-25  1.612406E-20   5.000000E-01 NotAppl  1.165423E-01  0.000000E+00  
5.315657E+02  1.037847E-03  1.426383E+01  -2.445450E-02  1.000000E+00  4.667693E-02  1.241837E-25  1.000109E-11   5.000000E-01 NotAppl  1.178218E-01  0.000000E+00  
8.883108E+02  3.728370E-01  -3.695278E-01  -1.924148E-01  1.000000E+00  2.334916E-01  3.766721E-26  2.168290E-10   8.993957E-02 LZ5Tmedian  2.135271E-02  0.000000E+00  
2.615823E+02  2.506461E+02  -2.506451E+02  1.895467E-09  1.000000E+00  5.368341E-04  1.230794E-23  2.564585E-25   5.000000E-01 NotAppl  2.448320E+01  0.000000E+00  
5.038192E+01  4.350559E-02  -4.244307E-02  -1.095540E-05  1.000000E+00  1.745492E-03  1.425458E-34  2.495613E-16   5.000000E-01 NotAppl  1.789261E-09  1.014510E-07  
1.910124E+01  1.596633E+00  1.836281E+02  -5.813248E-09  1.000000E+00  2.755168E-02  6.395676E-42  5.006184E-22   5.000000E-01 NotAppl  2.281813E-16  4.538785E-14  
4.118667E+03  1.474395E+01  6.308785E+01  -8.187146E-01  1.000000E+00  3.300545E-03  1.571736E-24  1.723083E-10   5.000000E-01 NotAppl  1.844121E-01  0.000000E+00  
1.247348E+02  4.177058E-04  9.335221E+00  6.063932E-07  1.000000E+00  6.390347E-03  1.054575E-24  1.197391E-19   5.000000E-01 NotAppl  4.548002E+00  0.000000E+00  
1.301109E+03  4.295331E-04  5.952688E+01  -1.683053E-02  1.000000E+00  5.100976E-03  9.185650E-25  7.613080E-13   5.000000E-01 NotAppl  3.506189E-01  0.000000E+00  
1.546045E+03  1.850295E+01  -1.519283E+01  8.543447E-02  1.000000E+00  2.862351E-02  2.309777E-25  1.379953E-11   5.000000E-01 NotAppl  7.238256E-02  0.000000E+00  
1.480452E+03  8.042101E-03  3.508743E+01  -1.206097E-03  1.000000E+00  1.391735E-02  3.340299E-25  3.004370E-15   5.000000E-01 NotAppl  1.116399E-01  0.000000E+00  
1.334273E+03  1.990330E-02  1.077068E+01  -1.015284E-02  1.000000E+00  1.153408E-01  4.280322E-26  2.631744E-13   5.000000E-01 NotAppl  1.584647E-02  0.000000E+00  
1.033570E+02  4.973246E+00  -2.298251E+00  8.640539E-06  1.000000E+00  3.611153E-03  1.271937E-24  3.574256E-17   5.000000E-01 NotAppl  6.685874E+00  0.000000E+00  
5.713823E+02  1.689088E+02  -1.674838E+02  -5.364598E-04  1.000000E+00  5.473971E-04  1.207812E-23  4.152078E-15   5.000000E-01 NotAppl  1.058068E+01  0.000000E+00  
2.307679E+01  2.553168E+00  -2.492589E+00  1.057868E-09  1.000000E+00  2.468271E-02  2.306634E-43  1.133765E-23   5.000000E-01 NotAppl  6.690864E-18  1.419044E-15  
5.183884E+01  1.444065E+01  -1.443915E+01  5.311546E-02  1.000000E+00  1.873688E-03  4.217551E-27  5.535146E-09   4.621901E-300 LZ5Tmedian  5.139198E-02  4.091476E-01  
1.079762E+02  2.194407E-04  3.295840E-01  -7.006697E-05  1.000000E+00  6.277707E-03  1.188968E-24  2.148854E-15   5.000000E-01 NotAppl  5.967143E+00  0.000000E+00  
1.733961E+02  3.766537E-01  7.219480E+01  3.792168E-04  1.000000E+00  3.867148E-03  1.365978E-24  2.383729E-14   5.000000E-01 NotAppl  4.136784E+00  0.000000E+00  
6.701265E+03  3.207150E-04  1.901130E-03  7.604190E-09  1.000000E+00  1.433873E+01  4.910575E-28  5.525694E-27   5.000000E-01 NotAppl  3.462934E-05  0.000000E+00  
1.713007E+01  1.484495E+00  5.293710E+02  -3.487251E-05  1.000000E+00  2.874372E-02  2.217648E-34  2.240202E-14   5.000000E-01 NotAppl  8.942096E-09  1.656353E-06  
1.704233E+02  1.115706E-01  -1.101011E-01  -1.120963E-06  1.000000E+00  1.328323E-02  6.206746E-25  2.158033E-19   5.000000E-01 NotAppl  1.945598E+00  0.000000E+00  
1.665602E+02  3.515059E+00  2.742186E+01  -7.920713E-05  1.000000E+00  5.375092E-03  8.693171E-25  1.129314E-15   5.000000E-01 NotAppl  2.770491E+00  0.000000E+00  
2.121975E+03  1.654872E-03  4.279732E-03  -2.186411E-02  1.000000E+00  1.550433E+00  4.901581E-27  4.740126E-13   5.000000E-01 NotAppl  1.113914E-03  0.000000E+00  
1.137921E+02  6.911959E+00  1.431129E+02  2.838148E-04  1.000000E+00  1.906124E-03  1.781475E-24  3.166242E-14   5.000000E-01 NotAppl  8.379210E+00  0.000000E+00  
8.968500E+02  3.248790E+01  -2.929146E+01  -4.364853E-09  1.000000E+00  9.843572E-03  6.245455E-25  1.094196E-25   5.000000E-01 NotAppl  3.428246E-01  0.000000E+00  
1.491210E+03  1.649952E+02  -1.649941E+02  2.545816E-09  1.000000E+00  4.960217E-04  1.430873E-23  1.318968E-26   5.000000E-01 NotAppl  4.650148E+00  0.000000E+00  
8.461336E+03  2.640027E-01  -2.546456E-01  2.298689E-02  1.000000E+00  1.864406E+01  3.637183E-28  3.144168E-14   5.000000E-01 NotAppl  2.024551E-05  0.000000E+00  
5.560835E+02  9.829342E+01  -9.829319E+01  -2.770141E-08  1.000000E+00  1.448536E-03  4.688726E-24  1.170288E-23   5.000000E-01 NotAppl  4.225592E+00  0.000000E+00  
5.783441E+03  6.613585E+00  1.147413E+02  7.804481E-08  1.000000E+00  1.300070E-03  3.920380E-24  7.851839E-25   5.000000E-01 NotAppl  3.261999E-01  0.000000E+00  
5.202813E+01  1.721651E+00  -1.383373E+00  6.157105E-02  1.000000E+00  2.367240E-03  5.855712E-27  7.382673E-09   0.000000E+00 LZ5Tmedian  7.129177E-02  2.178890E-01  
1.273977E+02  2.436696E-01  9.118389E+00  5.072722E-04  1.000000E+00  6.398826E-03  1.028614E-24  8.024209E-14   5.000000E-01 NotAppl  4.341525E+00  0.000000E+00  
9.911336E+03  2.086671E-02  -2.075105E-02  2.763247E-08  1.000000E+00  3.064517E+01  2.248254E-28  3.295315E-26   5.000000E-01 NotAppl  1.067116E-05  0.000000E+00  
6.335468E+01  6.632762E+01  9.900305E+01  4.743019E-10  1.000000E+00  5.961905E+01  4.352071E-41  2.931424E-25   5.000000E-01 NotAppl  4.323604E-16  0.000000E+00  
7.099523E+03  5.659577E-01  -4.562601E-01  -6.631608E-09  1.000000E+00  1.041159E+01  6.299986E-28  3.737282E-27   5.000000E-01 NotAppl  4.183484E-05  0.000000E+00  
6.366988E+01  2.209166E+02  -2.206365E+02  1.141102E-01  1.000000E+00  4.858482E-03  1.338293E-24  1.679650E-08   0.000000E+00 XENON1T_2018  1.316236E+01  0.000000E+00  
2.021599E+03  8.033072E-03  2.212535E+00  6.636793E-05  1.000000E+00  9.688200E-01  6.703978E-27  4.820805E-18   5.000000E-01 NotAppl  1.606188E-03  0.000000E+00  
1.856802E+02  2.150407E-04  4.697338E-02  3.276087E-08  1.000000E+00  1.549089E-02  5.452680E-25  1.546202E-22   5.000000E-01 NotAppl  1.539904E+00  0.000000E+00  
5.052352E+01  2.749450E-03  2.529320E+00  -4.255435E-07  1.000000E+00  2.065855E-03  2.196327E-37  3.743904E-19   5.000000E-01 NotAppl  2.757539E-12  1.436001E-10  
1.228355E+03  4.175460E-04  1.460652E-02  -8.647797E-05  1.000000E+00  5.489428E-01  1.447165E-26  2.260242E-17   5.000000E-01 NotAppl  5.758982E-03  0.000000E+00  
1.430653E+01  3.031716E-02  5.164077E-01  5.371275E-02  1.000000E+00  9.347223E-04  4.983156E-28  7.607322E-08   0.000000E+00 XENON1T_2018  2.467440E-02  2.342200E-01  
1.966979E+03  2.615733E+00  4.913670E-01  1.147862E-04  1.000000E+00  5.811234E-01  1.231241E-26  1.524825E-17   5.000000E-01 NotAppl  3.030656E-03  0.000000E+00  
7.622186E+03  3.912334E-02  7.864992E-02  2.600629E-09  1.000000E+00  1.811217E+01  3.842770E-28  4.974549E-28   5.000000E-01 NotAppl  2.378901E-05  0.000000E+00  
2.155969E+01  1.717429E-03  4.064279E+02  7.159157E+00  1.000000E+00  1.461523E-03  2.763247E-25  5.954214E-04   0.000000E+00 XENON1T_2018  8.291719E+00  3.333334E-01  
5.325501E+01  1.565839E-02  1.289737E+00  5.199891E-06  1.000000E+00  2.657837E-03  5.247150E-35  5.021265E-17   5.000000E-01 NotAppl  6.235670E-10  1.989590E-08  
6.781183E+02  1.217435E+00  -1.216220E+00  1.753423E-03  1.000000E+00  1.700283E-01  4.779976E-26  3.125647E-14   5.000000E-01 NotAppl  3.507497E-02  0.000000E+00  
1.002999E+01  1.011954E-02  4.423900E-02  -3.872549E-08  1.000000E+00  6.538105E-04  2.252780E-40  7.955152E-20   5.000000E-01 NotAppl  1.689002E-14  2.114424E-12  
4.699097E+01  8.761654E+01  -8.761544E+01  -4.281134E-02  1.000000E+00  2.387141E-04  1.414145E-27  4.392267E-09   1.241857E-244 LZ5Tmedian  1.913645E-02  3.877525E-01  
5.145003E+01  8.663442E-02  -2.860386E-02  -8.466883E-10  1.000000E+00  2.103874E-03  1.004767E-42  1.428232E-24   5.000000E-01 NotAppl  1.237762E-17  5.812867E-16  
2.701986E+02  2.305063E+01  1.774610E+01  3.219726E+00  1.000000E+00  6.309050E-05  6.060150E-23  6.924596E-07   0.000000E+00 XENON1T_2018  1.262697E+02  0.000000E+00  
9.467528E+03  1.221139E+02  -1.220956E+02  -1.566485E-05  1.000000E+00  8.232249E-04  8.696098E-24  1.162271E-20   5.000000E-01 NotAppl  4.299263E-01  0.000000E+00  
1.335670E+02  6.223688E-01  -2.577223E-01  -7.969277E-02  1.000000E+00  8.917037E-03  7.883212E-25  1.797443E-09   5.226116E-53 LZ5Tmedian  3.204054E+00  0.000000E+00  
4.750255E+02  4.914696E-01  -4.818169E-01  -7.452562E-10  1.000000E+00  8.901812E-02  9.413487E-26  1.169025E-26   5.000000E-01 NotAppl  9.987909E-02  0.000000E+00  
2.575375E+03  2.094133E-02  1.307187E+01  3.833543E-03  1.000000E+00  9.126630E-02  4.951040E-26  9.822803E-15   5.000000E-01 NotAppl  9.374063E-03  0.000000E+00  
1.430688E+01  7.906723E-02  -7.864326E-02  -6.854168E-10  1.000000E+00  1.849788E-03  8.114343E-44  1.238698E-23   5.000000E-01 NotAppl  4.017682E-18  6.532497E-16  
6.144847E+01  3.262810E-01  -3.254168E-01  5.850019E-05  1.000000E+00  4.616059E-03  4.500805E-31  4.746375E-15   5.000000E-01 NotAppl  4.614424E-06  8.921755E-07  
1.191320E+03  1.653651E+00  -1.410360E+00  -1.833265E-01  1.000000E+00  4.274176E-01  1.810548E-26  1.081237E-10   4.072064E-01 NotAppl  7.589199E-03  0.000000E+00  
1.254690E+02  3.778009E-02  -3.766575E-02  -1.533532E-04  1.000000E+00  7.974813E-03  1.001620E-24  7.566369E-15   5.000000E-01 NotAppl  4.299537E+00  0.000000E+00  
3.379475E+01  3.358818E+01  -3.354682E+01  -9.378902E-02  1.000000E+00  4.994457E-03  2.613156E-27  4.120432E-08   0.000000E+00 XENON1T_2018  4.993681E-02  4.779976E-01  
7.905119E+02  1.018384E+01  9.289373E+02  -1.637294E-01  1.000000E+00  6.464689E-05  7.040066E-23  1.992269E-10   8.349512E-02 LZ5Tmedian  4.481992E+01  0.000000E+00  
1.104796E+02  5.024547E+01  -5.022381E+01  -1.256705E+00  1.000000E+00  4.950360E-04  1.192279E-23  6.595404E-07   0.000000E+00 XENON1T_2018  5.877019E+01  0.000000E+00  
1.351255E+03  5.078982E-04  9.728477E-01  2.854816E-03  1.000000E+00  6.291322E-01  1.225185E-26  2.027781E-14   5.000000E-01 NotAppl  4.423024E-03  0.000000E+00  
2.173012E+02  4.754800E+00  3.163933E+01  1.543882E-01  1.000000E+00  4.336478E-03  1.127265E-24  2.487856E-09   1.503279E-47 LZ5Tmedian  2.712248E+00  0.000000E+00  
1.260758E+02  5.531648E-04  1.432246E+00  1.151412E-07  1.000000E+00  7.532552E-03  1.001116E-24  4.223458E-21   5.000000E-01 NotAppl  4.275622E+00  0.000000E+00  
7.031553E+01  1.751801E-01  1.597156E+00  2.414351E-05  1.000000E+00  5.845038E-03  1.224768E-33  6.139568E-16   5.000000E-01 NotAppl  1.094329E-08  0.000000E+00  
1.947298E+02  6.479769E+01  -6.403732E+01  4.982270E-01  1.000000E+00  1.064360E-03  5.637138E-24  3.243802E-08   0.000000E+00 LZ5Tmedian  1.532600E+01  0.000000E+00  
2.299811E+03  8.006401E+02  -8.006389E+02  -3.287187E-06  1.000000E+00  2.913783E-05  2.625460E-22  9.094453E-21   5.000000E-01 NotAppl  5.469524E+01  0.000000E+00  
7.781585E+01  2.647332E-04  1.121402E-03  1.776193E-02  1.000000E+00  7.234330E-03  1.572336E-28  2.701509E-10   1.282967E-12 LZ5Tmedian  1.267686E-03  0.000000E+00  
2.589479E+02  1.024448E-02  -8.246394E-03  -8.358197E-09  1.000000E+00  2.853598E-02  2.990902E-25  5.091132E-24   5.000000E-01 NotAppl  5.967262E-01  0.000000E+00  
2.753247E+03  6.030570E+01  -5.726265E+01  -9.612117E-08  1.000000E+00  3.163285E-03  2.104583E-24  5.390343E-24   5.000000E-01 NotAppl  3.647430E-01  0.000000E+00  
2.685843E+02  2.014171E-03  -1.129971E-03  3.575993E-06  1.000000E+00  3.055460E-02  2.794098E-25  8.647292E-19   5.000000E-01 NotAppl  5.365972E-01  0.000000E+00  
3.375975E+01  7.590858E-03  1.111234E+00  7.418906E-06  1.000000E+00  1.098814E-03  1.632480E-35  2.583636E-16   5.000000E-01 NotAppl  3.123015E-10  6.562890E-08  
2.039876E+02  7.266998E+01  -7.266935E+01  -1.017768E-08  1.000000E+00  2.708963E-03  2.302321E-24  1.230722E-23   5.000000E-01 NotAppl  5.943575E+00  0.000000E+00  
3.267754E+02  2.018546E-02  4.078922E-02  -1.498291E-06  1.000000E+00  4.416417E-02  1.930589E-25  1.015955E-19   5.000000E-01 NotAppl  3.022202E-01  0.000000E+00  
6.227782E+03  3.246903E+01  -3.246884E+01  -2.156141E-10  1.000000E+00  1.056819E-02  6.200188E-25  5.160807E-30   5.000000E-01 NotAppl  4.683177E-02  0.000000E+00  
3.055307E+03  5.497047E-04  -3.226618E-04  -3.831331E+00  1.000000E+00  3.064114E-02  3.899520E-25  6.928596E-09   1.571989E-10 LZ5Tmedian  6.472184E-02  0.000000E+00  
1.542894E+02  1.520676E-01  -1.517572E-01  -1.106481E-04  1.000000E+00  1.116444E-02  7.330828E-25  2.578103E-15   5.000000E-01 NotAppl  2.544707E+00  0.000000E+00  
6.164907E+02  2.269671E+01  -1.801923E+01  -8.968535E-07  1.000000E+00  1.627926E-02  3.501209E-25  9.935193E-21   5.000000E-01 NotAppl  2.834875E-01  0.000000E+00  
1.575216E+02  1.960931E+02  -1.960905E+02  -5.525690E-03  1.000000E+00  1.195317E-03  4.992969E-24  6.162093E-12   5.000000E-01 NotAppl  1.732827E+01  0.000000E+00  
9.732714E+02  1.758583E+01  -1.475396E+01  -4.032270E-05  1.000000E+00  3.088676E-02  2.030141E-25  7.902187E-18   5.000000E-01 NotAppl  1.024318E-01  0.000000E+00  
2.044121E+03  3.960307E-03  -2.892053E-03  -3.676940E+00  1.000000E+00  1.505775E-02  8.153547E-25  1.446681E-08   2.871657E-31 LZ5Tmedian  2.047976E-01  0.000000E+00  
2.036426E+01  4.973545E-02  7.304653E+00  -3.909620E-02  1.000000E+00  1.552780E-03  2.966461E-28  1.991373E-08   0.000000E+00 XENON1T_2018  9.863898E-03  2.544510E-01  
1.003509E+01  4.547610E-01  -4.317297E-01  -5.794839E+00  1.000000E+00  5.878658E-03  1.890134E-25  1.779537E-03   0.000000E+00 XENON1T_2018  1.411560E+01  2.501699E-01  
7.016869E+03  2.028114E-04  1.986093E-02  -9.484501E-09  1.000000E+00  1.567294E+01  4.480120E-28  7.828975E-27   5.000000E-01 NotAppl  3.015384E-05  0.000000E+00  
1.245265E+03  3.020002E-02  2.720546E-01  -1.142705E-06  1.000000E+00  5.607540E-01  1.411084E-26  3.837942E-21   5.000000E-01 NotAppl  5.537377E-03  0.000000E+00  
2.905461E+01  3.931235E-04  1.768738E-01  4.334403E-08  1.000000E+00  2.469625E-03  4.608501E-40  1.195372E-20   5.000000E-01 NotAppl  1.038710E-14  2.375656E-12  
9.219151E+03  2.032378E-03  4.252281E-01  -3.161370E-03  1.000000E+00  1.980839E+01  3.077029E-28  4.996299E-16   5.000000E-01 NotAppl  1.575172E-05  0.000000E+00  
2.416903E+01  1.055529E-03  2.792068E-02  4.446901E-07  1.000000E+00  2.733588E-03  4.188086E-38  1.825145E-18   5.000000E-01 NotAppl  1.154625E-12  2.604985E-10  
5.018858E+03  6.653093E+00  -6.652732E+00  2.230698E-04  1.000000E+00  2.185044E-01  2.698699E-26  8.557484E-18   5.000000E-01 NotAppl  2.537576E-03  0.000000E+00  
3.320083E+03  1.656111E-02  -1.638875E-02  3.746043E-09  1.000000E+00  3.678592E+00  1.997337E-27  5.592959E-27   5.000000E-01 NotAppl  2.873383E-04  0.000000E+00  
6.737395E+01  2.629459E-01  -2.624506E-01  5.961994E-07  1.000000E+00  6.159666E-03  1.997899E-36  4.085241E-19   5.000000E-01 NotAppl  1.864424E-11  0.000000E+00  
2.317635E+02  1.156807E-01  1.684701E+02  -5.023492E-10  1.000000E+00  1.382653E-03  3.453936E-24  2.308205E-26   5.000000E-01 NotAppl  7.694167E+00  0.000000E+00  
1.655845E+01  1.410928E-04  5.330372E+02  7.747878E-07  1.000000E+00  9.556139E-04  1.083163E-37  1.183345E-17   5.000000E-01 NotAppl  4.538304E-12  8.268511E-10  
8.979177E+01  2.769159E-02  -2.734416E-02  6.133573E+00  1.000000E+00  2.085475E-05  6.644130E-22  2.403109E-05   0.000000E+00 XENON1T_2018  4.131843E+03  0.000000E+00  
8.646390E+02  3.626101E+01  -3.625780E+01  -1.421636E-04  1.000000E+00  8.549605E-03  7.649360E-25  1.250748E-16   5.000000E-01 NotAppl  4.360212E-01  0.000000E+00  
5.052408E+03  1.965433E+02  -1.951177E+02  -3.394260E-02  1.000000E+00  3.272135E-04  2.191519E-23  1.954664E-13   5.000000E-01 NotAppl  2.046438E+00  0.000000E+00  
4.063049E+01  8.830921E+02  -8.830588E+02  4.384243E-07  1.000000E+00  4.154167E-04  8.461961E-38  6.193154E-19   5.000000E-01 NotAppl  1.329811E-12  2.086941E-10  
2.828626E+02  2.949887E-03  -2.845471E-03  -1.850061E-05  1.000000E+00  3.367271E-02  2.535853E-25  2.081555E-17   5.000000E-01 NotAppl  4.613701E-01  0.000000E+00  
2.212034E+03  1.359022E-02  1.365796E+02  -3.536538E-02  1.000000E+00  1.026113E-03  4.716594E-24  1.139487E-12   5.000000E-01 NotAppl  1.044819E+00  0.000000E+00  
2.248324E+02  8.871639E-01  -8.859017E-01  1.654556E-03  1.000000E+00  2.124196E-02  3.898442E-25  2.664666E-13   5.000000E-01 NotAppl  9.014705E-01  0.000000E+00  
2.934999E+02  1.602578E-04  2.479218E+01  4.684282E-06  1.000000E+00  1.517929E-02  3.881444E-25  1.237283E-18   5.000000E-01 NotAppl  6.795894E-01  0.000000E+00  
8.990119E+01  1.523755E-02  -1.343965E-02  2.539211E-04  1.000000E+00  5.824185E-03  7.650749E-25  4.108279E-14   5.000000E-01 NotAppl  4.748791E+00  0.000000E+00  
2.467517E+03  4.694807E-03  7.535965E-01  2.560755E-07  1.000000E+00  1.920693E+00  3.766223E-27  4.781975E-23   5.000000E-01 NotAppl  7.338269E-04  0.000000E+00  
1.070161E+03  3.523622E+00  -3.505895E+00  -2.867849E-08  1.000000E+00  2.723084E-01  2.630901E-26  3.293317E-24   5.000000E-01 NotAppl  1.205384E-02  0.000000E+00  
5.858375E+03  1.180215E-04  2.828500E+01  -9.547153E-07  1.000000E+00  2.151907E-02  2.156495E-25  1.144636E-22   5.000000E-01 NotAppl  1.771188E-02  0.000000E+00  
4.534420E+03  1.098713E+01  -1.098574E+01  2.169235E-01  1.000000E+00  7.881340E-02  8.183544E-26  9.947486E-12   5.000000E-01 NotAppl  8.532613E-03  0.000000E+00  
1.210656E+01  5.801792E-04  1.486692E-02  1.795697E-05  1.000000E+00  9.233150E-04  5.273913E-35  1.182831E-14   5.000000E-01 NotAppl  3.169075E-09  4.518823E-07  
9.373041E+03  1.807318E-01  -1.797774E-01  -3.790653E+00  1.000000E+00  2.879101E-01  3.883144E-26  6.945882E-10   4.773363E-01 NotAppl  2.062064E-03  0.000000E+00  
8.713439E+01  6.147176E-03  1.862010E+00  -3.498310E-07  1.000000E+00  5.104507E-03  7.304576E-25  8.313831E-20   5.000000E-01 NotAppl  4.679202E+00  0.000000E+00  
1.201488E+03  9.314900E-03  9.498492E+02  3.345383E-10  1.000000E+00  4.923565E-05  1.066397E-22  3.538283E-28   5.000000E-01 NotAppl  4.418534E+01  0.000000E+00  
8.252274E+01  4.547675E+02  -4.547382E+02  2.182730E+00  1.000000E+00  7.066794E-05  8.860891E-23  3.618085E-06   0.000000E+00 XENON1T_2018  6.113674E+02  0.000000E+00  
1.432980E+01  1.445112E-02  2.925921E+02  -1.262060E-04  1.000000E+00  7.876612E-04  2.752406E-33  4.186358E-13   5.000000E-01 NotAppl  1.359920E-07  2.214493E-05  
4.859082E+03  6.392870E+02  -6.390731E+02  -1.045572E-10  1.000000E+00  3.606691E-05  2.108943E-22  2.004951E-30   5.000000E-01 NotAppl  2.048842E+01  0.000000E+00  
5.160153E+02  2.213336E+02  -2.211708E+02  5.932978E-04  1.000000E+00  3.913016E-04  1.784451E-23  6.255225E-15   5.000000E-01 NotAppl  1.738546E+01  0.000000E+00  
6.839576E+03  2.810056E+01  -2.806478E+01  2.774010E-01  1.000000E+00  1.367465E-02  4.850960E-25  7.054625E-12   5.000000E-01 NotAppl  3.332195E-02  0.000000E+00  
4.281058E+01  1.319637E-03  1.676105E-03  7.340456E-04  1.000000E+00  1.950865E-04  2.798892E-31  1.560963E-12   5.000000E-01 NotAppl  4.172715E-06  5.594984E-04  
4.000120E+01  1.247466E-04  9.020550E-01  6.510954E-06  1.000000E+00  4.782795E-05  1.786949E-35  1.409929E-16   5.000000E-01 NotAppl  2.860217E-10  4.621751E-08  
2.717094E+03  4.600179E+00  -4.582184E+00  -2.012132E-08  1.000000E+00  3.883489E-01  1.544686E-26  2.426488E-25   5.000000E-01 NotAppl  2.715904E-03  0.000000E+00  
2.152581E+03  1.303240E-04  1.519117E-03  -5.215094E-03  1.000000E+00  1.598832E+00  4.741404E-27  2.619272E-14   5.000000E-01 NotAppl  1.061523E-03  0.000000E+00  
6.684080E+01  1.284989E-03  1.870853E-01  2.662353E-02  1.000000E+00  5.256616E-03  5.059249E-27  8.279628E-10   1.099538E-40 LZ5Tmedian  4.731131E-02  0.000000E+00  
1.318677E+01  2.434249E-04  4.316302E+00  -2.145378E-08  1.000000E+00  6.414812E-04  7.751500E-41  1.426277E-20   5.000000E-01 NotAppl  4.216381E-15  6.251676E-13  
9.508051E+01  1.455633E+00  -1.195703E+00  8.777889E-04  1.000000E+00  5.246937E-03  1.186540E-24  4.377084E-13   5.000000E-01 NotAppl  6.821004E+00  0.000000E+00  
4.040541E+03  1.007059E-03  2.096994E-02  1.543004E-10  1.000000E+00  5.376132E+00  1.349468E-27  6.360060E-30   5.000000E-01 NotAppl  1.589898E-04  0.000000E+00  
2.652863E+03  1.607296E-01  7.082479E+01  2.575233E-04  1.000000E+00  3.595690E-03  1.327146E-24  4.173046E-17   5.000000E-01 NotAppl  2.440246E-01  0.000000E+00  
2.719037E+01  1.474608E+01  8.756746E+02  1.432866E-08  1.000000E+00  5.039404E+01  4.736470E-41  1.493856E-21   5.000000E-01 NotAppl  1.146947E-15  7.417913E-14  
2.868362E+02  1.153608E-03  -1.051160E-03  -1.295338E-10  1.000000E+00  3.456722E-02  2.470267E-25  9.916855E-28   5.000000E-01 NotAppl  4.429419E-01  0.000000E+00  
1.361432E+03  3.164053E-02  -3.124636E-02  9.581945E+00  1.000000E+00  1.268742E-03  1.070018E-23  2.249705E-07   0.000000E+00 LZ5Tmedian  3.972975E+00  0.000000E+00  
9.744249E+02  2.622796E+00  -2.473519E+00  8.915932E-05  1.000000E+00  2.795493E-01  2.696227E-26  3.854175E-17   5.000000E-01 NotAppl  1.360694E-02  0.000000E+00  
8.740012E+01  4.462431E+00  -2.231753E+00  -2.497596E-03  1.000000E+00  5.139318E-03  7.409069E-25  4.211328E-12   5.000000E-01 NotAppl  4.731455E+00  0.000000E+00  
1.676791E+03  8.113298E-03  7.601881E+02  7.319062E-06  1.000000E+00  5.413655E-05  9.674808E-23  8.582843E-20   5.000000E-01 NotAppl  2.847329E+01  0.000000E+00  
2.173017E+02  5.159797E+00  -5.159632E+00  -2.797399E-10  1.000000E+00  1.660014E-02  4.316537E-25  8.167791E-27   5.000000E-01 NotAppl  1.034745E+00  0.000000E+00  
6.311627E+02  8.744273E+02  -8.744270E+02  -1.219022E-05  1.000000E+00  6.568235E-05  1.119861E-22  1.749357E-18   5.000000E-01 NotAppl  8.855473E+01  0.000000E+00  
7.763203E+03  6.440332E+02  -6.440311E+02  -6.498368E-01  1.000000E+00  3.422937E-05  2.242977E-22  2.993029E-11   5.000000E-01 NotAppl  1.355229E+01  0.000000E+00  
1.655202E+01  3.401234E-04  1.635802E-01  -4.832655E-07  1.000000E+00  1.314986E-03  4.213550E-38  4.607381E-18   5.000000E-01 NotAppl  1.765544E-12  3.216812E-10  
2.009101E+01  4.166942E-01  -4.148235E-01  -4.657564E-07  1.000000E+00  6.487503E-03  4.186765E-38  2.903885E-18   5.000000E-01 NotAppl  1.412342E-12  2.931613E-10  
6.910401E+02  3.730299E-01  1.933077E+01  3.111042E-07  1.000000E+00  3.503400E-02  1.467005E-25  9.467313E-22   5.000000E-01 NotAppl  1.066819E-01  0.000000E+00  
3.370762E+03  1.681810E-03  -1.254324E-03  -1.774869E+00  1.000000E+00  1.599295E-01  6.974132E-26  1.217393E-09   2.742460E-02 LZ5Tmedian  1.044339E-02  0.000000E+00  
2.415621E+03  4.475155E-01  9.072166E-01  -1.251132E-05  1.000000E+00  1.620522E+00  4.381240E-27  1.192003E-19   5.000000E-01 NotAppl  8.733670E-04  0.000000E+00  
4.440752E+01  7.455579E-03  6.231559E+01  2.977066E-04  1.000000E+00  1.978100E-04  5.281886E-32  2.383154E-13   5.000000E-01 NotAppl  7.579870E-07  8.906074E-05  
1.203673E+02  3.832269E-02  1.392272E+02  -5.584483E-09  1.000000E+00  2.947647E-03  1.783405E-24  1.092512E-23   5.000000E-01 NotAppl  7.902749E+00  0.000000E+00  
4.936015E+01  4.804713E-01  5.615995E+00  -3.496282E-07  1.000000E+00  2.258406E-03  1.257754E-37  2.650125E-19   5.000000E-01 NotAppl  1.618023E-12  8.130551E-11  
8.421105E+01  3.816803E-03  4.242368E+00  1.025521E-04  1.000000E+00  4.905879E-03  6.405023E-25  7.662055E-15   5.000000E-01 NotAppl  4.269186E+00  0.000000E+00  
3.399274E+01  1.042068E-04  6.025954E+02  -2.514674E-02  1.000000E+00  1.081237E-03  1.896005E-28  2.927216E-09   7.127806E-162 LZ5Tmedian  3.600620E-03  2.315322E-01  
3.290945E+01  2.620430E-03  3.842743E-01  -1.765726E-09  1.000000E+00  1.448717E-03  8.898734E-43  1.541242E-23   5.000000E-01 NotAppl  1.749800E-17  3.782713E-15  
3.601955E+01  2.451426E+02  6.685384E+02  5.428380E-03  1.000000E+00  1.473774E+02  9.776557E-30  1.212765E-10   1.689784E-07 LZ5Tmedian  1.745336E-04  3.326485E-02  
4.157764E+03  1.208440E+01  -1.199422E+01  1.062631E-01  1.000000E+00  6.803386E-02  9.277354E-26  2.847475E-12   5.000000E-01 NotAppl  1.056179E-02  0.000000E+00  
2.985239E+02  1.869547E-02  9.967251E-02  -1.126610E-01  1.000000E+00  3.403344E-02  2.564968E-25  6.912505E-10   2.244725E-10 LZ5Tmedian  4.467421E-01  0.000000E+00  
7.255345E+01  7.146714E+00  2.110277E+00  -5.512023E-09  1.000000E+00  4.755546E-02  3.747549E-41  3.001712E-23   5.000000E-01 NotAppl  3.243419E-16  0.000000E+00  
4.953247E+02  2.342596E-02  3.171792E+00  -1.515082E-04  1.000000E+00  8.889825E-02  8.952589E-26  4.435227E-16   5.000000E-01 NotAppl  9.097994E-02  0.000000E+00  
2.714395E+01  1.172257E+00  1.044014E+01  1.930417E-07  1.000000E+00  6.774957E-03  8.584510E-39  2.720821E-19   5.000000E-01 NotAppl  2.082715E-13  2.700172E-11  
3.377956E+01  7.389523E+00  -6.704820E+00  7.636862E-05  1.000000E+00  3.836078E-03  1.731422E-33  2.734418E-14   5.000000E-01 NotAppl  3.315240E-08  3.945878E-06  
4.761884E+02  2.154341E-01  -2.050877E-01  3.431486E-05  1.000000E+00  9.008901E-02  9.354848E-26  2.466068E-17   5.000000E-01 NotAppl  9.900497E-02  0.000000E+00  
1.382334E+03  9.917777E-02  -4.474787E-02  1.716727E-04  1.000000E+00  6.863695E-01  1.145336E-26  7.000434E-17   5.000000E-01 NotAppl  4.037751E-03  0.000000E+00  
1.479917E+01  1.219583E+01  8.875297E+02  1.229077E-06  1.000000E+00  7.774131E+03  2.635659E-37  3.724254E-17   5.000000E-01 NotAppl  1.255215E-11  1.178625E-09  
3.275579E+02  1.096911E-03  1.442919E-01  -3.821696E-09  1.000000E+00  4.429849E-02  1.922026E-25  6.577607E-25   5.000000E-01 NotAppl  3.001319E-01  0.000000E+00  
4.273351E+02  5.822954E-04  -1.274685E-06  -1.186030E-04  1.000000E+00  7.361446E-02  1.153307E-25  3.676204E-16   5.000000E-01 NotAppl  1.365682E-01  0.000000E+00  
9.941776E+02  1.631801E-01  1.814612E+00  9.643895E-10  1.000000E+00  3.339682E-01  2.309697E-26  4.328248E-27   5.000000E-01 NotAppl  1.143154E-02  0.000000E+00  
3.506978E+03  8.734110E-01  1.144112E+02  1.096031E-03  1.000000E+00  1.405390E-03  3.473643E-24  4.282864E-16   5.000000E-01 NotAppl  4.802464E-01  0.000000E+00  
4.242033E+01  1.420763E+02  -1.420736E+02  6.305602E-07  1.000000E+00  1.229615E-04  2.001296E-37  1.173524E-18   5.000000E-01 NotAppl  3.011997E-12  4.172288E-10  
8.131185E+02  1.694272E-02  3.319576E+01  -7.211597E-06  1.000000E+00  1.496646E-02  3.172269E-25  3.648767E-19   5.000000E-01 NotAppl  1.958746E-01  0.000000E+00  
7.785806E+02  9.817090E+00  8.143316E+00  5.734557E-02  1.000000E+00  2.922181E-02  2.002314E-25  2.521075E-11   5.000000E-01 NotAppl  1.283715E-01  0.000000E+00  
3.754937E+01  6.415662E-04  1.387116E-03  6.238067E-02  1.000000E+00  1.129814E-04  1.406015E-27  1.471782E-08   0.000000E+00 XENON1T_2018  2.405875E-02  2.366682E-01  
1.290443E+01  5.883769E-02  3.995179E+02  -8.340152E-08  1.000000E+00  7.771020E-04  1.163205E-39  2.249693E-19   5.000000E-01 NotAppl  6.488303E-14  9.721855E-12  
7.325731E+01  1.925084E-03  5.575318E+02  -1.646317E-02  1.000000E+00  5.648786E-03  2.894570E-28  2.625487E-10   9.809969E-13 LZ5Tmedian  2.481170E-03  0.000000E+00  
1.808811E+01  1.040363E-04  6.558183E-03  6.211168E-06  1.000000E+00  1.883085E-03  7.161659E-36  6.374057E-16   5.000000E-01 NotAppl  2.716487E-10  5.274924E-08  
3.973252E+02  4.442629E+02  3.265800E+02  3.828010E+00  1.000000E+00  2.531102E-05  1.427876E-22  4.444868E-07   0.000000E+00 XENON1T_2018  1.839366E+02  0.000000E+00  
2.898358E+03  3.756183E+01  5.499231E+02  -3.339672E-05  1.000000E+00  6.166652E-05  7.633615E-23  5.861024E-19   5.000000E-01 NotAppl  1.281830E+01  0.000000E+00  
1.418372E+03  2.063832E-04  5.394574E-01  -1.299919E-02  1.000000E+00  7.111137E-01  1.093374E-26  3.808554E-13   5.000000E-01 NotAppl  3.754762E-03  0.000000E+00  
9.530793E+01  7.091553E-02  2.500470E+00  -1.773754E-08  1.000000E+00  4.936213E-03  1.178727E-24  1.778545E-22   5.000000E-01 NotAppl  6.756828E+00  0.000000E+00  
2.058695E+01  8.436093E+01  -7.981606E+01  8.937655E-08  1.000000E+00  1.060798E+00  1.557439E-39  1.018228E-19   5.000000E-01 NotAppl  5.117000E-14  1.011328E-11  
4.017725E+01  7.745325E+00  -6.517335E+00  3.004654E-02  1.000000E+00  5.127266E-04  3.851450E-28  2.975904E-09   1.036529E-168 LZ5Tmedian  6.136278E-03  1.176099E-01  
7.901040E+01  7.678680E-04  1.026749E+00  -5.427444E-08  1.000000E+00  6.536717E-03  1.245990E-39  2.445114E-21   5.000000E-01 NotAppl  9.804936E-15  0.000000E+00  
4.356608E+01  1.144562E+01  2.433593E+01  4.181571E-08  1.000000E+00  3.362411E-01  9.673784E-40  4.888376E-21   5.000000E-01 NotAppl  1.416086E-14  5.955170E-13  
3.200576E+01  1.565002E-01  -1.563380E-01  1.937427E-05  1.000000E+00  2.080025E-03  1.030642E-34  1.963332E-15   5.000000E-01 NotAppl  2.088454E-09  4.603974E-07  
1.579987E+02  6.319896E-03  3.338672E-01  9.039812E-03  1.000000E+00  1.141793E-02  7.195674E-25  1.639010E-11   3.872767E-01 NotAppl  2.437649E+00  0.000000E+00  
7.326083E+01  1.268251E-02  3.731042E+01  -1.011466E-07  1.000000E+00  5.679927E-03  1.091760E-38  9.909287E-21   5.000000E-01 NotAppl  9.286967E-14  0.000000E+00  
7.524585E+01  2.706839E-02  -2.171551E-03  5.318765E-05  1.000000E+00  7.010905E-03  2.099514E-33  2.594447E-15   5.000000E-01 NotAppl  1.751368E-08  0.000000E+00  
3.590340E+02  5.217671E-02  4.220793E+00  -1.161671E-03  1.000000E+00  4.702976E-02  1.666771E-25  5.036756E-14   5.000000E-01 NotAppl  2.366236E-01  0.000000E+00  
2.597522E+03  1.447013E-03  1.008253E-02  -1.379144E-03  1.000000E+00  2.293249E+00  3.259179E-27  1.249343E-15   5.000000E-01 NotAppl  6.021826E-04  0.000000E+00  
1.055624E+03  4.072792E-02  -1.192565E-02  -1.665202E-09  1.000000E+00  4.116245E-01  1.954735E-26  1.141769E-26   5.000000E-01 NotAppl  9.088897E-03  0.000000E+00  
7.441577E+01  3.197485E-02  -3.176726E-02  2.905112E-07  1.000000E+00  6.923052E-03  7.240089E-38  7.917533E-20   5.000000E-01 NotAppl  6.107802E-13  0.000000E+00  
1.562766E+02  1.379822E+00  8.746295E+00  -7.584982E-04  1.000000E+00  7.770769E-03  7.618393E-25  1.180127E-13   5.000000E-01 NotAppl  2.606056E+00  0.000000E+00  
6.843458E+03  1.296004E-03  3.611284E-02  -1.171627E-01  1.000000E+00  1.358096E+01  5.370376E-28  1.257002E-12   5.000000E-01 NotAppl  3.734468E-05  0.000000E+00  
7.194262E+01  7.216119E-04  3.235726E+01  4.646089E-09  1.000000E+00  5.467064E-03  3.042146E-41  2.169809E-23   5.000000E-01 NotAppl  2.636623E-16  0.000000E+00  
2.981587E+01  1.236756E-04  1.046266E+00  -5.974832E-01  1.000000E+00  2.017067E-03  8.963063E-26  2.155544E-06   0.000000E+00 XENON1T_2018  1.962143E+00  2.509732E-01  
1.024709E+02  1.110970E+01  2.027957E+00  -3.955824E+00  1.000000E+00  1.684832E-05  2.196081E-22  7.625062E-06   0.000000E+00 XENON1T_2018  1.173587E+03  0.000000E+00  
6.982337E+02  8.942962E+00  -8.589989E+00  1.667359E-01  1.000000E+00  5.332221E-02  1.421146E-25  2.662461E-10   2.352808E-02 LZ5Tmedian  1.017900E-01  0.000000E+00  
1.847130E+02  2.434782E-02  1.716128E+02  2.662646E-08  1.000000E+00  1.669383E-03  2.887913E-24  1.032359E-22   5.000000E-01 NotAppl  8.113241E+00  0.000000E+00  
9.453114E+02  6.358606E+01  6.340330E+01  2.689571E-01  1.000000E+00  5.631728E-04  6.591560E-24  3.731279E-10   2.028490E-02 LZ5Tmedian  3.468012E+00  0.000000E+00  
1.244293E+03  1.549524E-01  4.432220E+00  -1.211875E-03  1.000000E+00  3.221149E-01  1.975171E-26  4.323518E-15   5.000000E-01 NotAppl  7.794185E-03  0.000000E+00  
4.354673E+03  1.446938E-02  -9.686582E-03  -1.891218E-05  1.000000E+00  6.214356E+00  1.162052E-27  8.209314E-20   5.000000E-01 NotAppl  1.268777E-04  0.000000E+00  
1.394321E+02  5.209048E-04  3.615718E+02  -6.771836E-10  1.000000E+00  1.659370E-03  2.800003E-24  1.188417E-25   5.000000E-01 NotAppl  1.057752E+01  0.000000E+00  
5.392837E+01  1.546932E+02  1.237767E+02  -2.193712E-08  1.000000E+00  1.711569E+03  1.073774E-39  8.710801E-22   5.000000E-01 NotAppl  1.255147E-14  3.475601E-13  
2.133502E+01  6.637894E+00  6.701836E-01  -3.237685E-05  1.000000E+00  1.357022E+00  2.076549E-34  1.243706E-14   5.000000E-01 NotAppl  6.556473E-09  9.305648E-07  
2.586713E+01  2.975207E-02  2.527751E+02  -3.032215E-02  1.000000E+00  2.040391E-03  2.038963E-28  7.399362E-09   0.000000E+00 LZ5Tmedian  5.222898E-03  2.611757E-01  
1.187341E+02  8.197996E-04  4.847074E+01  -7.079056E-08  1.000000E+00  4.488339E-03  1.359007E-24  1.805402E-21   5.000000E-01 NotAppl  6.144893E+00  0.000000E+00  
3.233106E+02  5.758638E-02  4.376629E-01  4.549468E-08  1.000000E+00  4.282519E-02  1.972093E-25  9.573731E-23   5.000000E-01 NotAppl  3.121613E-01  0.000000E+00  
2.326686E+01  1.293021E+00  5.665037E+02  2.429326E-10  1.000000E+00  1.170206E-02  1.222019E-44  5.881018E-25   5.000000E-01 NotAppl  3.513365E-19  7.733730E-17  
9.161746E+03  8.424508E+02  -8.424466E+02  9.271936E-09  1.000000E+00  2.042462E-05  3.817739E-22  4.352599E-27   5.000000E-01 NotAppl  1.951068E+01  0.000000E+00  
9.392553E+02  2.190429E-03  1.875788E+00  -1.466675E-01  1.000000E+00  2.782179E-01  2.918839E-26  1.124238E-10   3.066904E-01 NotAppl  1.550139E-02  0.000000E+00  
9.420484E+01  3.802503E-04  1.697200E+01  -6.495512E-07  1.000000E+00  4.444608E-03  1.154374E-24  2.442686E-19   5.000000E-01 NotAppl  6.700828E+00  0.000000E+00  
9.550886E+01  5.227796E-01  5.516395E+00  9.868913E-07  1.000000E+00  4.467226E-03  1.193065E-24  5.482040E-19   5.000000E-01 NotAppl  6.822544E+00  0.000000E+00  
4.377202E+03  1.113251E+02  1.107883E+01  6.632206E+00  1.000000E+00  3.577751E-04  1.595314E-23  9.990380E-09   1.325328E-10 LZ5Tmedian  1.739718E+00  0.000000E+00  
3.381076E+02  8.491746E-03  4.408474E-01  1.609780E-08  1.000000E+00  4.677484E-02  1.810600E-25  1.093716E-23   5.000000E-01 NotAppl  2.735374E-01  0.000000E+00  
1.643785E+03  2.075511E+02  -2.074679E+02  -4.589667E-08  1.000000E+00  3.219757E-04  2.228544E-23  3.514660E-24   5.000000E-01 NotAppl  6.552262E+00  0.000000E+00  
7.566797E+03  2.375668E+00  -2.368877E+00  3.935716E-01  1.000000E+00  1.101336E+00  6.519014E-27  1.156526E-11   5.000000E-01 NotAppl  4.068892E-04  0.000000E+00  
9.372973E+01  2.926290E+01  -2.677814E+01  1.017290E-09  1.000000E+00  2.875755E-03  1.334293E-24  6.053843E-25   5.000000E-01 NotAppl  7.811772E+00  0.000000E+00  
7.117801E+01  7.572732E-04  -3.604794E-04  -1.544355E-01  1.000000E+00  5.926703E-03  4.021855E-26  2.450293E-08   0.000000E+00 XENON1T_2018  3.551416E-01  0.000000E+00  
5.138984E+02  2.154845E+02  -2.149576E+02  5.586942E-06  1.000000E+00  4.013695E-04  1.708542E-23  5.593666E-19   5.000000E-01 NotAppl  1.671813E+01  0.000000E+00  
5.645297E+01  2.510874E-03  7.220004E+02  -1.038587E-09  1.000000E+00  3.299799E-03  4.638571E-42  1.778537E-24   5.000000E-01 NotAppl  5.168026E-17  6.611932E-16  
1.250030E+01  7.379798E+02  -7.379781E+02  2.706127E-06  1.000000E+00  1.385652E-01  1.211478E-36  2.522039E-16   5.000000E-01 NotAppl  7.014045E-11  1.025236E-08  
4.730064E+01  6.440627E+01  -6.440175E+01  6.016905E-03  1.000000E+00  2.987560E-04  2.891368E-29  8.560666E-11   1.790213E-05 LZ5Tmedian  3.876387E-04  3.166585E-02  
3.349303E+01  6.162787E+02  -6.162727E+02  1.620517E-05  1.000000E+00  5.351058E-03  7.693303E-35  1.252700E-15   5.000000E-01 NotAppl  1.486520E-09  3.168033E-07  
4.273534E+03  6.711498E-01  -6.688859E-01  1.033368E-01  1.000000E+00  3.890844E+00  1.896536E-27  2.546515E-12   5.000000E-01 NotAppl  2.116480E-04  0.000000E+00  
7.690612E+03  6.384173E-04  -3.908930E-04  3.386132E-02  1.000000E+00  1.856799E+01  3.776900E-28  8.283189E-14   5.000000E-01 NotAppl  2.318380E-05  0.000000E+00  
6.861115E+02  4.647528E-04  -3.644916E-04  -1.756693E+00  1.000000E+00  6.718503E-03  1.884179E-24  3.063081E-08   2.522895E-191 LZ5Tmedian  1.479630E+00  0.000000E+00  
7.788004E+03  1.354297E+01  -1.353779E+01  4.812608E-10  1.000000E+00  5.715818E-02  1.085182E-25  1.629919E-29   5.000000E-01 NotAppl  6.535712E-03  0.000000E+00  
7.013826E+02  3.864223E+00  -3.295837E+00  -2.916996E+00  1.000000E+00  2.331559E-03  4.952613E-24  8.074278E-08   0.000000E+00 LZ5Tmedian  3.860638E+00  0.000000E+00  
2.579673E+02  2.450013E-04  5.628640E-02  2.468567E-10  1.000000E+00  2.830444E-02  3.012291E-25  4.475632E-27   5.000000E-01 NotAppl  6.033738E-01  0.000000E+00  
7.248889E+02  1.058236E+02  -1.058234E+02  5.438603E-09  1.000000E+00  1.221737E-03  5.634002E-24  2.623948E-25   5.000000E-01 NotAppl  3.853730E+00  0.000000E+00  
1.001437E+03  1.324435E-03  9.270361E+02  -3.546645E-02  1.000000E+00  5.883401E-05  8.868456E-23  5.767554E-12   5.000000E-01 NotAppl  4.429845E+01  0.000000E+00  
1.077443E+02  5.190956E+01  -5.189502E+01  9.512531E-07  1.000000E+00  3.269899E-03  1.763063E-24  3.978203E-19   5.000000E-01 NotAppl  8.934604E+00  0.000000E+00  
2.656004E+02  1.061567E-04  1.252699E-02  -1.829474E-10  1.000000E+00  2.991837E-02  2.852977E-25  2.315669E-27   5.000000E-01 NotAppl  5.543290E-01  0.000000E+00  
2.701775E+03  2.303149E+02  1.209504E+02  -9.828973E-10  1.000000E+00  6.402946E-05  5.784064E-23  5.857382E-28   5.000000E-01 NotAppl  1.032969E+01  0.000000E+00  
2.435492E+02  7.006535E-04  -4.640400E-04  2.131894E-09  1.000000E+00  2.545790E-02  3.350087E-25  3.755455E-25   5.000000E-01 NotAppl  7.125698E-01  0.000000E+00  
5.005298E+01  1.194507E-01  -9.896572E-02  -1.778043E-01  1.000000E+00  1.626469E-03  3.581319E-26  6.661975E-08   0.000000E+00 XENON1T_2018  4.541731E-01  2.488937E-01  
1.633521E+01  9.368075E+02  -5.997313E+02  3.601580E-06  1.000000E+00  4.902101E+06  2.330795E-36  2.627187E-16   5.000000E-01 NotAppl  9.916933E-11  1.789015E-08  
5.268751E+03  2.494220E+02  -2.494218E+02  -3.155215E-05  1.000000E+00  2.088895E-04  3.502732E-23  1.551032E-19   5.000000E-01 NotAppl  3.134672E+00  0.000000E+00  
1.119516E+01  6.156943E+00  -6.149704E+00  4.700912E-05  1.000000E+00  1.756897E-01  3.503967E-34  9.454648E-14   5.000000E-01 NotAppl  2.308068E-08  2.822744E-06  
5.442858E+02  5.898765E+00  -4.380724E+00  1.053049E-06  1.000000E+00  7.567113E-02  9.295730E-26  1.766964E-20   5.000000E-01 NotAppl  8.565465E-02  0.000000E+00  
6.423199E+03  5.182719E+02  -5.145546E+02  -4.722519E-03  1.000000E+00  5.080059E-05  1.461597E-22  2.322901E-15   5.000000E-01 NotAppl  1.069936E+01  0.000000E+00  
2.086400E+02  8.545841E+00  -8.544834E+00  -6.087973E-04  1.000000E+00  1.356271E-02  4.893949E-25  4.204741E-14   5.000000E-01 NotAppl  1.224680E+00  0.000000E+00  
1.488604E+01  5.852094E+02  -5.851935E+02  4.040876E-01  1.000000E+00  6.434280E-02  2.853820E-26  3.979063E-06   0.000000E+00 XENON1T_2018  1.349660E+00  4.988953E-01  
2.908838E+03  1.106579E+00  5.154927E-01  1.657592E-02  1.000000E+00  1.700479E+00  4.224093E-27  1.433278E-13   5.000000E-01 NotAppl  6.969927E-04  0.000000E+00  
6.983104E+02  6.610562E+02  -6.610004E+02  -2.416460E-01  1.000000E+00  7.928537E-05  9.294494E-23  5.590966E-10   3.809122E-04 LZ5Tmedian  6.609684E+01  0.000000E+00  
8.633831E+02  6.369333E-03  2.545963E+00  -5.035098E-03  1.000000E+00  2.493177E-01  3.075711E-26  1.573614E-13   5.000000E-01 NotAppl  1.760653E-02  0.000000E+00  
8.011156E+03  1.900722E-01  5.931185E+00  -4.088530E-09  1.000000E+00  4.183521E-01  1.047645E-26  1.111427E-27   5.000000E-01 NotAppl  6.259856E-04  0.000000E+00  
9.647656E+01  2.589776E-04  4.730176E-03  4.867991E-07  1.000000E+00  5.666104E-03  1.198955E-24  1.306560E-19   5.000000E-01 NotAppl  6.782226E+00  0.000000E+00  
6.392159E+03  1.617979E-03  1.612788E+01  -3.879090E-04  1.000000E+00  6.368423E-02  7.061147E-26  1.582771E-17   5.000000E-01 NotAppl  5.307241E-03  0.000000E+00  
8.725078E+03  1.546978E-03  4.559468E+02  -3.352613E-08  1.000000E+00  9.819815E-05  5.325097E-23  6.284141E-26   5.000000E-01 NotAppl  2.919985E+00  0.000000E+00  
4.665719E+02  7.352130E+01  -7.351490E+01  1.055547E-07  1.000000E+00  2.444356E-03  2.711283E-24  2.432871E-22   5.000000E-01 NotAppl  2.935185E+00  0.000000E+00  
6.260201E+02  4.034995E-04  2.529638E+00  3.540561E-02  1.000000E+00  1.371016E-01  5.874148E-26  1.500587E-11   5.000000E-01 NotAppl  4.689536E-02  0.000000E+00  
4.120402E+01  4.758874E-04  6.492994E+00  2.579399E-05  1.000000E+00  2.003532E-04  3.052702E-34  2.083428E-15   5.000000E-01 NotAppl  4.726557E-09  5.259551E-07  
8.411740E+01  4.273469E-01  -8.961580E-02  -2.272033E-03  1.000000E+00  6.093838E-03  6.217754E-25  3.769425E-12   5.000000E-01 NotAppl  4.151660E+00  0.000000E+00  
6.280504E+03  1.213100E-02  1.007125E-01  3.002522E-04  1.000000E+00  1.250721E+01  5.625894E-28  9.828389E-18   5.000000E-01 NotAppl  4.237421E-05  0.000000E+00  
1.071187E+01  1.590007E-02  8.070176E-01  2.283456E-10  1.000000E+00  5.016893E-04  8.104178E-45  2.432355E-24   5.000000E-01 NotAppl  5.622516E-19  7.333956E-17  
4.912575E+03  1.892227E+00  -1.892104E+00  6.704806E-03  1.000000E+00  1.924141E+00  3.072338E-27  8.074892E-15   5.000000E-01 NotAppl  2.956723E-04  0.000000E+00  
1.047208E+01  4.087326E-03  -3.798464E-03  1.644250E-10  1.000000E+00  7.794961E-04  4.155675E-45  1.318294E-24   5.000000E-01 NotAppl  2.961438E-19  3.807300E-17  
8.673351E+03  8.280231E+00  -8.276768E+00  2.027736E-04  1.000000E+00  1.475413E-01  4.075940E-26  2.326702E-18   5.000000E-01 NotAppl  2.201538E-03  0.000000E+00  
4.169487E+02  5.001070E-03  1.367129E-01  1.371642E-06  1.000000E+00  7.010284E-02  1.209770E-25  5.170752E-20   5.000000E-01 NotAppl  1.469654E-01  0.000000E+00  
9.617886E+01  5.999234E-01  -5.970652E-01  -5.107714E-01  1.000000E+00  3.803731E-03  1.733961E-24  1.447551E-07   0.000000E+00 XENON1T_2018  9.959454E+00  0.000000E+00  
7.291031E+01  2.616321E+00  1.333488E+02  -6.188418E-03  1.000000E+00  1.311561E-02  4.385896E-29  3.745881E-11   1.913014E-02 LZ5Tmedian  3.777339E-04  0.000000E+00  
2.993539E+03  7.773431E-02  -4.400310E-02  -5.415146E-05  1.000000E+00  3.007703E+00  2.459487E-27  1.442849E-18   5.000000E-01 NotAppl  3.932553E-04  0.000000E+00  
2.019078E+02  2.064259E+02  -1.889635E+02  1.233765E-04  1.000000E+00  4.426151E-04  7.594524E-24  1.846923E-15   5.000000E-01 NotAppl  1.984315E+01  0.000000E+00  
3.540569E+03  1.984685E+01  1.417116E-01  2.026944E-10  1.000000E+00  2.118094E-02  3.402619E-25  1.437075E-29   5.000000E-01 NotAppl  4.592071E-02  0.000000E+00  
3.011345E+03  7.943642E+01  3.479707E+02  -9.830855E-06  1.000000E+00  9.525003E-05  4.624402E-23  4.698296E-20   5.000000E-01 NotAppl  7.456672E+00  0.000000E+00  
4.752251E+01  3.232935E-03  6.219338E-01  -1.431097E-06  1.000000E+00  8.849613E-04  1.677786E-36  4.796893E-18   5.000000E-01 NotAppl  2.238097E-11  1.892968E-09  
2.845888E+02  1.237036E-04  4.658756E+01  -1.604117E-04  1.000000E+00  7.211926E-03  7.264329E-25  1.545526E-15   5.000000E-01 NotAppl  1.312887E+00  0.000000E+00  
1.287983E+01  1.852080E+01  -1.491200E+01  -9.223526E-07  1.000000E+00  5.678078E+00  1.