MD1 	 MD2	 DMP 	 DM2 	 Br(h+->e-nu) 	 Br(h+->mu-nu) 	 Br(h+->tau-nu) 	 Br(h+->W+h1) 	 Br(W+->e-nu) 	Br(W+->mu-nu) 	 Br(W+->tau-nu)
1.000000e+00 	7.000000e+00 	5.000000e+00 	1.000000e+00 	1.362030e-01 	1.358544e-01 	7.053562e-02 	0.000000e+00 	1.054481e-01 	1.054478e-01 	1.053708e-01 
1.000000e+00 	1.600000e+01 	5.000000e+00 	1.000000e+01 	1.362045e-01 	1.358559e-01 	7.053636e-02 	0.000000e+00 	1.057034e-01 	1.057031e-01 	1.056259e-01 
1.000000e+00 	1.060000e+02 	5.000000e+00 	1.000000e+02 	1.362045e-01 	1.358559e-01 	7.053636e-02 	0.000000e+00 	1.081884e-01 	1.081881e-01 	1.081091e-01 
1.000000e+00 	2.200000e+01 	2.000000e+01 	1.000000e+00 	1.130133e-01 	1.129919e-01 	1.075447e-01 	0.000000e+00 	1.069488e-01 	1.069485e-01 	1.068704e-01 
1.000000e+00 	3.100000e+01 	2.000000e+01 	1.000000e+01 	1.130133e-01 	1.129919e-01 	1.075447e-01 	0.000000e+00 	1.074365e-01 	1.074362e-01 	1.073577e-01 
1.000000e+00 	1.210000e+02 	2.000000e+01 	1.000000e+02 	1.130133e-01 	1.129919e-01 	1.075447e-01 	0.000000e+00 	1.087014e-01 	1.087010e-01 	1.086216e-01 
1.000000e+00 	4.200000e+01 	4.000000e+01 	1.000000e+00 	1.115834e-01 	1.115783e-01 	1.101322e-01 	0.000000e+00 	1.099077e-01 	1.099074e-01 	1.098271e-01 
1.000000e+00 	5.100000e+01 	4.000000e+01 	1.000000e+01 	1.115834e-01 	1.115783e-01 	1.101322e-01 	0.000000e+00 	1.099077e-01 	1.099074e-01 	1.098271e-01 
1.000000e+00 	1.410000e+02 	4.000000e+01 	1.000000e+02 	1.115834e-01 	1.115783e-01 	1.101322e-01 	0.000000e+00 	1.099077e-01 	1.099074e-01 	1.098271e-01 
1.000000e+00 	6.200000e+01 	6.000000e+01 	1.000000e+00 	1.112969e-01 	1.112950e-01 	1.106523e-01 	0.000000e+00 	1.109090e-01 	1.109086e-01 	1.108276e-01 
1.000000e+00 	7.100000e+01 	6.000000e+01 	1.000000e+01 	1.112969e-01 	1.112950e-01 	1.106523e-01 	0.000000e+00 	1.109090e-01 	1.109086e-01 	1.108276e-01 
1.000000e+00 	1.610000e+02 	6.000000e+01 	1.000000e+02 	1.112969e-01 	1.112950e-01 	1.106523e-01 	0.000000e+00 	1.109090e-01 	1.109086e-01 	1.108276e-01 
1.000000e+00 	8.200000e+01 	8.000000e+01 	1.000000e+00 	1.109557e-01 	1.109331e-01 	1.110899e-01 	0.000000e+00 	1.111432e-01 	1.111428e-01 	1.110616e-01 
1.000000e+00 	9.100000e+01 	8.000000e+01 	1.000000e+01 	1.109557e-01 	1.109331e-01 	1.110899e-01 	0.000000e+00 	1.111432e-01 	1.111428e-01 	1.110616e-01 
1.000000e+00 	1.810000e+02 	8.000000e+01 	1.000000e+02 	1.109557e-01 	1.109331e-01 	1.110899e-01 	0.000000e+00 	1.111432e-01 	1.111428e-01 	1.110616e-01 
1.000000e+00 	1.220000e+02 	1.200000e+02 	1.000000e+00 	0.000000e+00 	0.000000e+00 	0.000000e+00 	9.999996e-01 	1.111432e-01 	1.111428e-01 	1.110616e-01 
1.000000e+00 	1.310000e+02 	1.200000e+02 	1.000000e+01 	0.000000e+00 	0.000000e+00 	0.000000e+00 	9.999996e-01 	1.111432e-01 	1.111428e-01 	1.110616e-01 
1.000000e+00 	2.210000e+02 	1.200000e+02 	1.000000e+02 	0.000000e+00 	0.000000e+00 	0.000000e+00 	9.999996e-01 	1.111432e-01 	1.111428e-01 	1.110616e-01 
1.000000e+01 	1.600000e+01 	5.000000e+00 	1.000000e+00 	1.340012e-01 	1.337000e-01 	7.299976e-02 	0.000000e+00 	1.063028e-01 	1.063024e-01 	1.062248e-01 
1.000000e+01 	2.500000e+01 	5.000000e+00 	1.000000e+01 	1.340012e-01 	1.337000e-01 	7.299976e-02 	0.000000e+00 	1.067217e-01 	1.067214e-01 	1.066434e-01 
1.000000e+01 	1.150000e+02 	5.000000e+00 	1.000000e+02 	1.340012e-01 	1.337000e-01 	7.299976e-02 	0.000000e+00 	1.085684e-01 	1.085681e-01 	1.084888e-01 
1.000000e+01 	3.100000e+01 	2.000000e+01 	1.000000e+00 	1.126806e-01 	1.126631e-01 	1.081262e-01 	0.000000e+00 	1.085224e-01 	1.085220e-01 	1.084428e-01 
1.000000e+01 	4.000000e+01 	2.000000e+01 	1.000000e+01 	1.126806e-01 	1.126631e-01 	1.081262e-01 	0.000000e+00 	1.089958e-01 	1.089955e-01 	1.089158e-01 
1.000000e+01 	1.300000e+02 	2.000000e+01 	1.000000e+02 	1.126806e-01 	1.126631e-01 	1.081262e-01 	0.000000e+00 	1.093416e-01 	1.093413e-01 	1.092614e-01 
1.000000e+01 	5.100000e+01 	4.000000e+01 	1.000000e+00 	1.115038e-01 	1.114995e-01 	1.102818e-01 	0.000000e+00 	1.105523e-01 	1.105520e-01 	1.104712e-01 
1.000000e+01 	6.000000e+01 	4.000000e+01 	1.000000e+01 	1.115038e-01 	1.114995e-01 	1.102818e-01 	0.000000e+00 	1.105523e-01 	1.105520e-01 	1.104712e-01 
1.000000e+01 	1.500000e+02 	4.000000e+01 	1.000000e+02 	1.115038e-01 	1.114995e-01 	1.102818e-01 	0.000000e+00 	1.105523e-01 	1.105520e-01 	1.104712e-01 
1.000000e+01 	7.100000e+01 	6.000000e+01 	1.000000e+00 	1.112658e-01 	1.112641e-01 	1.107159e-01 	0.000000e+00 	1.111423e-01 	1.111420e-01 	1.110608e-01 
1.000000e+01 	8.000000e+01 	6.000000e+01 	1.000000e+01 	1.112658e-01 	1.112641e-01 	1.107159e-01 	0.000000e+00 	1.111423e-01 	1.111420e-01 	1.110608e-01 
1.000000e+01 	1.700000e+02 	6.000000e+01 	1.000000e+02 	1.112658e-01 	1.112641e-01 	1.107159e-01 	0.000000e+00 	1.111423e-01 	1.111420e-01 	1.110608e-01 
1.000000e+01 	9.100000e+01 	8.000000e+01 	1.000000e+00 	1.111529e-01 	1.111437e-01 	1.108881e-01 	0.000000e+00 	1.111432e-01 	1.111428e-01 	1.110616e-01 
1.000000e+01 	1.000000e+02 	8.000000e+01 	1.000000e+01 	1.111529e-01 	1.111437e-01 	1.108881e-01 	0.000000e+00 	1.111432e-01 	1.111428e-01 	1.110616e-01 
1.000000e+01 	1.900000e+02 	8.000000e+01 	1.000000e+02 	1.111529e-01 	1.111437e-01 	1.108881e-01 	0.000000e+00 	1.111432e-01 	1.111428e-01 	1.110616e-01 
1.000000e+01 	1.310000e+02 	1.200000e+02 	1.000000e+00 	0.000000e+00 	0.000000e+00 	0.000000e+00 	9.999998e-01 	1.111432e-01 	1.111428e-01 	1.110616e-01 
1.000000e+01 	1.400000e+02 	1.200000e+02 	1.000000e+01 	0.000000e+00 	0.000000e+00 	0.000000e+00 	9.999998e-01 	1.111432e-01 	1.111428e-01 	1.110616e-01 
1.000000e+01 	2.300000e+02 	1.200000e+02 	1.000000e+02 	0.000000e+00 	0.000000e+00 	0.000000e+00 	9.999998e-01 	1.111432e-01 	1.111428e-01 	1.110616e-01 
2.000000e+01 	2.600000e+01 	5.000000e+00 	1.000000e+00 	1.339028e-01 	1.336038e-01 	7.310179e-02 	0.000000e+00 	1.080585e-01 	1.080582e-01 	1.079792e-01 
2.000000e+01 	3.500000e+01 	5.000000e+00 	1.000000e+01 	1.339028e-01 	1.336038e-01 	7.310179e-02 	0.000000e+00 	1.085683e-01 	1.085679e-01 	1.084886e-01 
2.000000e+01 	1.250000e+02 	5.000000e+00 	1.000000e+02 	1.339028e-01 	1.336038e-01 	7.310179e-02 	0.000000e+00 	1.094234e-01 	1.094230e-01 	1.093431e-01 
2.000000e+01 	4.100000e+01 	2.000000e+01 	1.000000e+00 	1.126254e-01 	1.126086e-01 	1.082196e-01 	0.000000e+00 	1.103223e-01 	1.103219e-01 	1.102414e-01 
2.000000e+01 	5.000000e+01 	2.000000e+01 	1.000000e+01 	1.126254e-01 	1.126086e-01 	1.082196e-01 	0.000000e+00 	1.103223e-01 	1.103219e-01 	1.102414e-01 
2.000000e+01 	1.400000e+02 	2.000000e+01 	1.000000e+02 	1.126254e-01 	1.126086e-01 	1.082196e-01 	0.000000e+00 	1.103223e-01 	1.103219e-01 	1.102414e-01 
2.000000e+01 	6.100000e+01 	4.000000e+01 	1.000000e+00 	1.114807e-01 	1.114767e-01 	1.103255e-01 	0.000000e+00 	1.111413e-01 	1.111409e-01 	1.110598e-01 
2.000000e+01 	7.000000e+01 	4.000000e+01 	1.000000e+01 	1.114807e-01 	1.114767e-01 	1.103255e-01 	0.000000e+00 	1.111413e-01 	1.111409e-01 	1.110598e-01 
2.000000e+01 	1.600000e+02 	4.000000e+01 	1.000000e+02 	1.114807e-01 	1.114767e-01 	1.103255e-01 	0.000000e+00 	1.111413e-01 	1.111409e-01 	1.110598e-01 
2.000000e+01 	8.100000e+01 	6.000000e+01 	1.000000e+00 	1.112544e-01 	1.112528e-01 	1.107410e-01 	0.000000e+00 	1.111432e-01 	1.111428e-01 	1.110616e-01 
2.000000e+01 	9.000000e+01 	6.000000e+01 	1.000000e+01 	1.112544e-01 	1.112528e-01 	1.107410e-01 	0.000000e+00 	1.111432e-01 	1.111428e-01 	1.110616e-01 
2.000000e+01 	1.800000e+02 	6.000000e+01 	1.000000e+02 	1.112544e-01 	1.112528e-01 	1.107410e-01 	0.000000e+00 	1.111432e-01 	1.111428e-01 	1.110616e-01 
2.000000e+01 	1.010000e+02 	8.000000e+01 	1.000000e+00 	1.111437e-01 	1.111357e-01 	1.109128e-01 	0.000000e+00 	1.111432e-01 	1.111428e-01 	1.110616e-01 
2.000000e+01 	1.100000e+02 	8.000000e+01 	1.000000e+01 	1.111437e-01 	1.111357e-01 	1.109128e-01 	0.000000e+00 	1.111432e-01 	1.111428e-01 	1.110616e-01 
2.000000e+01 	2.000000e+02 	8.000000e+01 	1.000000e+02 	1.111437e-01 	1.111357e-01 	1.109128e-01 	0.000000e+00 	1.111432e-01 	1.111428e-01 	1.110616e-01 
2.000000e+01 	1.410000e+02 	1.200000e+02 	1.000000e+00 	0.000000e+00 	0.000000e+00 	0.000000e+00 	1.000000e+00 	1.111432e-01 	1.111428e-01 	1.110616e-01 
2.000000e+01 	1.500000e+02 	1.200000e+02 	1.000000e+01 	0.000000e+00 	0.000000e+00 	0.000000e+00 	1.000000e+00 	1.111432e-01 	1.111428e-01 	1.110616e-01 
2.000000e+01 	2.400000e+02 	1.200000e+02 	1.000000e+02 	0.000000e+00 	0.000000e+00 	0.000000e+00 	1.000000e+00 	1.111432e-01 	1.111428e-01 	1.110616e-01 
3.000000e+01 	3.600000e+01 	5.000000e+00 	1.000000e+00 	1.338797e-01 	1.335812e-01 	7.312469e-02 	0.000000e+00 	1.102075e-01 	1.102072e-01 	1.101267e-01 
3.000000e+01 	4.500000e+01 	5.000000e+00 	1.000000e+01 	1.338797e-01 	1.335812e-01 	7.312469e-02 	0.000000e+00 	1.105186e-01 	1.105182e-01 	1.104375e-01 
3.000000e+01 	1.350000e+02 	5.000000e+00 	1.000000e+02 	1.338797e-01 	1.335812e-01 	7.312469e-02 	0.000000e+00 	1.105214e-01 	1.105210e-01 	1.104403e-01 
3.000000e+01 	5.100000e+01 	2.000000e+01 	1.000000e+00 	1.126074e-01 	1.125908e-01 	1.082489e-01 	0.000000e+00 	1.111405e-01 	1.111402e-01 	1.110590e-01 
3.000000e+01 	6.000000e+01 	2.000000e+01 	1.000000e+01 	1.126074e-01 	1.125908e-01 	1.082489e-01 	0.000000e+00 	1.111405e-01 	1.111402e-01 	1.110590e-01 
3.000000e+01 	1.500000e+02 	2.000000e+01 	1.000000e+02 	1.126074e-01 	1.125908e-01 	1.082489e-01 	0.000000e+00 	1.111405e-01 	1.111402e-01 	1.110590e-01 
3.000000e+01 	7.100000e+01 	4.000000e+01 	1.000000e+00 	1.114713e-01 	1.114673e-01 	1.103428e-01 	0.000000e+00 	1.111432e-01 	1.111428e-01 	1.110616e-01 
3.000000e+01 	8.000000e+01 	4.000000e+01 	1.000000e+01 	1.114713e-01 	1.114673e-01 	1.103428e-01 	0.000000e+00 	1.111432e-01 	1.111428e-01 	1.110616e-01 
3.000000e+01 	1.700000e+02 	4.000000e+01 	1.000000e+02 	1.114713e-01 	1.114673e-01 	1.103428e-01 	0.000000e+00 	1.111432e-01 	1.111428e-01 	1.110616e-01 
3.000000e+01 	9.100000e+01 	6.000000e+01 	1.000000e+00 	1.112492e-01 	1.112476e-01 	1.107525e-01 	0.000000e+00 	1.111432e-01 	1.111428e-01 	1.110616e-01 
3.000000e+01 	1.000000e+02 	6.000000e+01 	1.000000e+01 	1.112492e-01 	1.112476e-01 	1.107525e-01 	0.000000e+00 	1.111432e-01 	1.111428e-01 	1.110616e-01 
3.000000e+01 	1.900000e+02 	6.000000e+01 	1.000000e+02 	1.112492e-01 	1.112476e-01 	1.107525e-01 	0.000000e+00 	1.111432e-01 	1.111428e-01 	1.110616e-01 
3.000000e+01 	1.110000e+02 	8.000000e+01 	1.000000e+00 	1.111400e-01 	1.111325e-01 	1.109247e-01 	0.000000e+00 	1.111432e-01 	1.111428e-01 	1.110616e-01 
3.000000e+01 	1.200000e+02 	8.000000e+01 	1.000000e+01 	1.111400e-01 	1.111325e-01 	1.109247e-01 	0.000000e+00 	1.111432e-01 	1.111428e-01 	1.110616e-01 
3.000000e+01 	2.100000e+02 	8.000000e+01 	1.000000e+02 	1.111400e-01 	1.111325e-01 	1.109247e-01 	0.000000e+00 	1.111432e-01 	1.111428e-01 	1.110616e-01 
3.000000e+01 	1.510000e+02 	1.200000e+02 	1.000000e+00 	0.000000e+00 	0.000000e+00 	0.000000e+00 	1.000000e+00 	1.111432e-01 	1.111428e-01 	1.110616e-01 
3.000000e+01 	1.600000e+02 	1.200000e+02 	1.000000e+01 	0.000000e+00 	0.000000e+00 	0.000000e+00 	1.000000e+00 	1.111432e-01 	1.111428e-01 	1.110616e-01 
3.000000e+01 	2.500000e+02 	1.200000e+02 	1.000000e+02 	0.000000e+00 	0.000000e+00 	0.000000e+00 	1.000000e+00 	1.111432e-01 	1.111428e-01 	1.110616e-01 
4.000000e+01 	4.600000e+01 	5.000000e+00 	1.000000e+00 	1.338707e-01 	1.335723e-01 	7.313323e-02 	0.000000e+00 	1.111432e-01 	1.111428e-01 	1.110616e-01 
4.000000e+01 	5.500000e+01 	5.000000e+00 	1.000000e+01 	1.338707e-01 	1.335723e-01 	7.313323e-02 	0.000000e+00 	1.111432e-01 	1.111428e-01 	1.110616e-01 
4.000000e+01 	1.450000e+02 	5.000000e+00 	1.000000e+02 	1.338707e-01 	1.335723e-01 	7.313323e-02 	0.000000e+00 	1.111432e-01 	1.111428e-01 	1.110616e-01 
4.000000e+01 	6.100000e+01 	2.000000e+01 	1.000000e+00 	1.125991e-01 	1.125826e-01 	1.082618e-01 	0.000000e+00 	1.111432e-01 	1.111428e-01 	1.110616e-01 
4.000000e+01 	7.000000e+01 	2.000000e+01 	1.000000e+01 	1.125991e-01 	1.125826e-01 	1.082618e-01 	0.000000e+00 	1.111432e-01 	1.111428e-01 	1.110616e-01 
4.000000e+01 	1.600000e+02 	2.000000e+01 	1.000000e+02 	1.125991e-01 	1.125826e-01 	1.082618e-01 	0.000000e+00 	1.111432e-01 	1.111428e-01 	1.110616e-01 
4.000000e+01 	8.100000e+01 	4.000000e+01 	1.000000e+00 	1.114664e-01 	1.114624e-01 	1.103514e-01 	0.000000e+00 	1.111432e-01 	1.111428e-01 	1.110616e-01 
4.000000e+01 	9.000000e+01 	4.000000e+01 	1.000000e+01 	1.114664e-01 	1.114624e-01 	1.103514e-01 	0.000000e+00 	1.111432e-01 	1.111428e-01 	1.110616e-01 
4.000000e+01 	1.800000e+02 	4.000000e+01 	1.000000e+02 	1.114664e-01 	1.114624e-01 	1.103514e-01 	0.000000e+00 	1.111432e-01 	1.111428e-01 	1.110616e-01 
4.000000e+01 	1.010000e+02 	6.000000e+01 	1.000000e+00 	1.112463e-01 	1.112447e-01 	1.107587e-01 	0.000000e+00 	1.111432e-01 	1.111428e-01 	1.110616e-01 
4.000000e+01 	1.100000e+02 	6.000000e+01 	1.000000e+01 	1.112463e-01 	1.112447e-01 	1.107587e-01 	0.000000e+00 	1.111432e-01 	1.111428e-01 	1.110616e-01 
4.000000e+01 	2.000000e+02 	6.000000e+01 	1.000000e+02 	1.112463e-01 	1.112447e-01 	1.107587e-01 	0.000000e+00 	1.111432e-01 	1.111428e-01 	1.110616e-01 
4.000000e+01 	1.210000e+02 	8.000000e+01 	1.000000e+00 	1.111380e-01 	1.111307e-01 	1.109314e-01 	0.000000e+00 	1.111432e-01 	1.111428e-01 	1.110616e-01 
4.000000e+01 	1.300000e+02 	8.000000e+01 	1.000000e+01 	1.111380e-01 	1.111307e-01 	1.109314e-01 	0.000000e+00 	1.111432e-01 	1.111428e-01 	1.110616e-01 
4.000000e+01 	2.200000e+02 	8.000000e+01 	1.000000e+02 	1.111380e-01 	1.111307e-01 	1.109314e-01 	0.000000e+00 	1.111432e-01 	1.111428e-01 	1.110616e-01 
4.000000e+01 	1.610000e+02 	1.200000e+02 	1.000000e+00 	0.000000e+00 	0.000000e+00 	0.000000e+00 	1.000000e+00 	1.111432e-01 	1.111428e-01 	1.110616e-01 
4.000000e+01 	1.700000e+02 	1.200000e+02 	1.000000e+01 	0.000000e+00 	0.000000e+00 	0.000000e+00 	1.000000e+00 	1.111432e-01 	1.111428e-01 	1.110616e-01 
4.000000e+01 	2.600000e+02 	1.200000e+02 	1.000000e+02 	0.000000e+00 	0.000000e+00 	0.000000e+00 	1.000000e+00 	1.111432e-01 	1.111428e-01 	1.110616e-01 
5.000000e+01 	5.600000e+01 	5.000000e+00 	1.000000e+00 	1.338661e-01 	1.335679e-01 	7.313728e-02 	0.000000e+00 	1.111432e-01 	1.111428e-01 	1.110616e-01 
5.000000e+01 	6.500000e+01 	5.000000e+00 	1.000000e+01 	1.338661e-01 	1.335679e-01 	7.313728e-02 	0.000000e+00 	1.111432e-01 	1.111428e-01 	1.110616e-01 
5.000000e+01 	1.550000e+02 	5.000000e+00 	1.000000e+02 	1.338661e-01 	1.335679e-01 	7.313728e-02 	0.000000e+00 	1.111432e-01 	1.111428e-01 	1.110616e-01 
5.000000e+01 	7.100000e+01 	2.000000e+01 	1.000000e+00 	1.125945e-01 	1.125780e-01 	1.082685e-01 	0.000000e+00 	1.111432e-01 	1.111428e-01 	1.110616e-01 
5.000000e+01 	8.000000e+01 	2.000000e+01 	1.000000e+01 	1.125945e-01 	1.125780e-01 	1.082685e-01 	0.000000e+00 	1.111432e-01 	1.111428e-01 	1.110616e-01 
5.000000e+01 	1.700000e+02 	2.000000e+01 	1.000000e+02 	1.125945e-01 	1.125780e-01 	1.082685e-01 	0.000000e+00 	1.111432e-01 	1.111428e-01 	1.110616e-01 
5.000000e+01 	9.100000e+01 	4.000000e+01 	1.000000e+00 	1.114634e-01 	1.114595e-01 	1.103563e-01 	0.000000e+00 	1.111432e-01 	1.111428e-01 	1.110616e-01 
5.000000e+01 	1.000000e+02 	4.000000e+01 	1.000000e+01 	1.114634e-01 	1.114595e-01 	1.103563e-01 	0.000000e+00 	1.111432e-01 	1.111428e-01 	1.110616e-01 
5.000000e+01 	1.900000e+02 	4.000000e+01 	1.000000e+02 	1.114634e-01 	1.114595e-01 	1.103563e-01 	0.000000e+00 	1.111432e-01 	1.111428e-01 	1.110616e-01 
5.000000e+01 	1.110000e+02 	6.000000e+01 	1.000000e+00 	1.112444e-01 	1.112429e-01 	1.107625e-01 	0.000000e+00 	1.111432e-01 	1.111428e-01 	1.110616e-01 
5.000000e+01 	1.200000e+02 	6.000000e+01 	1.000000e+01 	1.112444e-01 	1.112429e-01 	1.107625e-01 	0.000000e+00 	1.111432e-01 	1.111428e-01 	1.110616e-01 
5.000000e+01 	2.100000e+02 	6.000000e+01 	1.000000e+02 	1.112444e-01 	1.112429e-01 	1.107625e-01 	0.000000e+00 	1.111432e-01 	1.111428e-01 	1.110616e-01 
5.000000e+01 	1.310000e+02 	8.000000e+01 	1.000000e+00 	1.111366e-01 	1.111296e-01 	1.109355e-01 	0.000000e+00 	1.111432e-01 	1.111428e-01 	1.110616e-01 
5.000000e+01 	1.400000e+02 	8.000000e+01 	1.000000e+01 	1.111366e-01 	1.111296e-01 	1.109355e-01 	0.000000e+00 	1.111432e-01 	1.111428e-01 	1.110616e-01 
5.000000e+01 	2.300000e+02 	8.000000e+01 	1.000000e+02 	1.111366e-01 	1.111296e-01 	1.109355e-01 	0.000000e+00 	1.111432e-01 	1.111428e-01 	1.110616e-01 
5.000000e+01 	1.710000e+02 	1.200000e+02 	1.000000e+00 	0.000000e+00 	0.000000e+00 	0.000000e+00 	9.999999e-01 	1.111432e-01 	1.111428e-01 	1.110616e-01 
5.000000e+01 	1.800000e+02 	1.200000e+02 	1.000000e+01 	0.000000e+00 	0.000000e+00 	0.000000e+00 	9.999999e-01 	1.111432e-01 	1.111428e-01 	1.110616e-01 
5.000000e+01 	2.700000e+02 	1.200000e+02 	1.000000e+02 	0.000000e+00 	0.000000e+00 	0.000000e+00 	9.999999e-01 	1.111432e-01 	1.111428e-01 	1.110616e-01 
6.000000e+01 	6.600000e+01 	5.000000e+00 	1.000000e+00 	1.338634e-01 	1.335652e-01 	7.313946e-02 	0.000000e+00 	1.111432e-01 	1.111428e-01 	1.110616e-01 
6.000000e+01 	7.500000e+01 	5.000000e+00 	1.000000e+01 	1.338634e-01 	1.335652e-01 	7.313946e-02 	0.000000e+00 	1.111432e-01 	1.111428e-01 	1.110616e-01 
6.000000e+01 	1.650000e+02 	5.000000e+00 	1.000000e+02 	1.338634e-01 	1.335652e-01 	7.313946e-02 	0.000000e+00 	1.111432e-01 	1.111428e-01 	1.110616e-01 
6.000000e+01 	8.100000e+01 	2.000000e+01 	1.000000e+00 	1.125917e-01 	1.125752e-01 	1.082724e-01 	0.000000e+00 	1.111432e-01 	1.111428e-01 	1.110616e-01 
6.000000e+01 	9.000000e+01 	2.000000e+01 	1.000000e+01 	1.125917e-01 	1.125752e-01 	1.082724e-01 	0.000000e+00 	1.111432e-01 	1.111428e-01 	1.110616e-01 
6.000000e+01 	1.800000e+02 	2.000000e+01 	1.000000e+02 	1.125917e-01 	1.125752e-01 	1.082724e-01 	0.000000e+00 	1.111432e-01 	1.111428e-01 	1.110616e-01 
6.000000e+01 	1.010000e+02 	4.000000e+01 	1.000000e+00 	1.114614e-01 	1.114576e-01 	1.103594e-01 	0.000000e+00 	1.111432e-01 	1.111428e-01 	1.110616e-01 
6.000000e+01 	1.100000e+02 	4.000000e+01 	1.000000e+01 	1.114614e-01 	1.114576e-01 	1.103594e-01 	0.000000e+00 	1.111432e-01 	1.111428e-01 	1.110616e-01 
6.000000e+01 	2.000000e+02 	4.000000e+01 	1.000000e+02 	1.114614e-01 	1.114576e-01 	1.103594e-01 	0.000000e+00 	1.111432e-01 	1.111428e-01 	1.110616e-01 
6.000000e+01 	1.210000e+02 	6.000000e+01 	1.000000e+00 	1.112431e-01 	1.112416e-01 	1.107649e-01 	0.000000e+00 	1.111432e-01 	1.111428e-01 	1.110616e-01 
6.000000e+01 	1.300000e+02 	6.000000e+01 	1.000000e+01 	1.112431e-01 	1.112416e-01 	1.107649e-01 	0.000000e+00 	1.111432e-01 	1.111428e-01 	1.110616e-01 
6.000000e+01 	2.200000e+02 	6.000000e+01 	1.000000e+02 	1.112431e-01 	1.112416e-01 	1.107649e-01 	0.000000e+00 	1.111432e-01 	1.111428e-01 	1.110616e-01 
6.000000e+01 	1.410000e+02 	8.000000e+01 	1.000000e+00 	1.111357e-01 	1.111287e-01 	1.109381e-01 	0.000000e+00 	1.111432e-01 	1.111428e-01 	1.110616e-01 
6.000000e+01 	1.500000e+02 	8.000000e+01 	1.000000e+01 	1.111357e-01 	1.111287e-01 	1.109381e-01 	0.000000e+00 	1.111432e-01 	1.111428e-01 	1.110616e-01 
6.000000e+01 	2.400000e+02 	8.000000e+01 	1.000000e+02 	1.111357e-01 	1.111287e-01 	1.109381e-01 	0.000000e+00 	1.111432e-01 	1.111428e-01 	1.110616e-01 
6.000000e+01 	1.810000e+02 	1.200000e+02 	1.000000e+00 	0.000000e+00 	0.000000e+00 	0.000000e+00 	1.000000e+00 	1.111432e-01 	1.111428e-01 	1.110616e-01 
6.000000e+01 	1.900000e+02 	1.200000e+02 	1.000000e+01 	0.000000e+00 	0.000000e+00 	0.000000e+00 	1.000000e+00 	1.111432e-01 	1.111428e-01 	1.110616e-01 
6.000000e+01 	2.800000e+02 	1.200000e+02 	1.000000e+02 	0.000000e+00 	0.000000e+00 	0.000000e+00 	1.000000e+00 	1.111432e-01 	1.111428e-01 	1.110616e-01 
7.000000e+01 	7.600000e+01 	5.000000e+00 	1.000000e+00 	1.338617e-01 	1.335635e-01 	7.314077e-02 	0.000000e+00 	1.111432e-01 	1.111428e-01 	1.110616e-01 
7.000000e+01 	8.500000e+01 	5.000000e+00 	1.000000e+01 	1.338617e-01 	1.335635e-01 	7.314077e-02 	0.000000e+00 	1.111432e-01 	1.111428e-01 	1.110616e-01 
7.000000e+01 	1.750000e+02 	5.000000e+00 	1.000000e+02 	1.338617e-01 	1.335635e-01 	7.314077e-02 	0.000000e+00 	1.111432e-01 	1.111428e-01 	1.110616e-01 
7.000000e+01 	9.100000e+01 	2.000000e+01 	1.000000e+00 	1.125898e-01 	1.125733e-01 	1.082749e-01 	0.000000e+00 	1.111432e-01 	1.111428e-01 	1.110616e-01 
7.000000e+01 	1.000000e+02 	2.000000e+01 	1.000000e+01 	1.125898e-01 	1.125733e-01 	1.082749e-01 	0.000000e+00 	1.111432e-01 	1.111428e-01 	1.110616e-01 
7.000000e+01 	1.900000e+02 	2.000000e+01 	1.000000e+02 	1.125898e-01 	1.125733e-01 	1.082749e-01 	0.000000e+00 	1.111432e-01 	1.111428e-01 	1.110616e-01 
7.000000e+01 	1.110000e+02 	4.000000e+01 	1.000000e+00 	1.114601e-01 	1.114562e-01 	1.103613e-01 	0.000000e+00 	1.111432e-01 	1.111428e-01 	1.110616e-01 
7.000000e+01 	1.200000e+02 	4.000000e+01 	1.000000e+01 	1.114601e-01 	1.114562e-01 	1.103613e-01 	0.000000e+00 	1.111432e-01 	1.111428e-01 	1.110616e-01 
7.000000e+01 	2.100000e+02 	4.000000e+01 	1.000000e+02 	1.114601e-01 	1.114562e-01 	1.103613e-01 	0.000000e+00 	1.111432e-01 	1.111428e-01 	1.110616e-01 
7.000000e+01 	1.310000e+02 	6.000000e+01 	1.000000e+00 	1.112422e-01 	1.112407e-01 	1.107665e-01 	0.000000e+00 	1.111432e-01 	1.111428e-01 	1.110616e-01 
7.000000e+01 	1.400000e+02 	6.000000e+01 	1.000000e+01 	1.112422e-01 	1.112407e-01 	1.107665e-01 	0.000000e+00 	1.111432e-01 	1.111428e-01 	1.110616e-01 
7.000000e+01 	2.300000e+02 	6.000000e+01 	1.000000e+02 	1.112422e-01 	1.112407e-01 	1.107665e-01 	0.000000e+00 	1.111432e-01 	1.111428e-01 	1.110616e-01 
7.000000e+01 	1.510000e+02 	8.000000e+01 	1.000000e+00 	1.111349e-01 	1.111281e-01 	1.109399e-01 	0.000000e+00 	1.111432e-01 	1.111428e-01 	1.110616e-01 
7.000000e+01 	1.600000e+02 	8.000000e+01 	1.000000e+01 	1.111349e-01 	1.111281e-01 	1.109399e-01 	0.000000e+00 	1.111432e-01 	1.111428e-01 	1.110616e-01 
7.000000e+01 	2.500000e+02 	8.000000e+01 	1.000000e+02 	1.111349e-01 	1.111281e-01 	1.109399e-01 	0.000000e+00 	1.111432e-01 	1.111428e-01 	1.110616e-01 
7.000000e+01 	1.910000e+02 	1.200000e+02 	1.000000e+00 	0.000000e+00 	0.000000e+00 	0.000000e+00 	9.999999e-01 	1.111432e-01 	1.111428e-01 	1.110616e-01 
7.000000e+01 	2.000000e+02 	1.200000e+02 	1.000000e+01 	0.000000e+00 	0.000000e+00 	0.000000e+00 	9.999999e-01 	1.111432e-01 	1.111428e-01 	1.110616e-01 
7.000000e+01 	2.900000e+02 	1.200000e+02 	1.000000e+02 	0.000000e+00 	0.000000e+00 	0.000000e+00 	9.999999e-01 	1.111432e-01 	1.111428e-01 	1.110616e-01 
8.000000e+01 	8.600000e+01 	5.000000e+00 	1.000000e+00 	1.338605e-01 	1.335624e-01 	7.314159e-02 	0.000000e+00 	1.111432e-01 	1.111428e-01 	1.110616e-01 
8.000000e+01 	9.500000e+01 	5.000000e+00 	1.000000e+01 	1.338605e-01 	1.335624e-01 	7.314159e-02 	0.000000e+00 	1.111432e-01 	1.111428e-01 	1.110616e-01 
8.000000e+01 	1.850000e+02 	5.000000e+00 	1.000000e+02 	1.338605e-01 	1.335624e-01 	7.314159e-02 	0.000000e+00 	1.111432e-01 	1.111428e-01 	1.110616e-01 
8.000000e+01 	1.010000e+02 	2.000000e+01 	1.000000e+00 	1.125884e-01 	1.125720e-01 	1.082765e-01 	0.000000e+00 	1.111432e-01 	1.111428e-01 	1.110616e-01 
8.000000e+01 	1.100000e+02 	2.000000e+01 	1.000000e+01 	1.125884e-01 	1.125720e-01 	1.082765e-01 	0.000000e+00 	1.111432e-01 	1.111428e-01 	1.110616e-01 
8.000000e+01 	2.000000e+02 	2.000000e+01 	1.000000e+02 	1.125884e-01 	1.125720e-01 	1.082765e-01 	0.000000e+00 	1.111432e-01 	1.111428e-01 	1.110616e-01 
8.000000e+01 	1.210000e+02 	4.000000e+01 	1.000000e+00 	1.114591e-01 	1.114552e-01 	1.103627e-01 	0.000000e+00 	1.111432e-01 	1.111428e-01 	1.110616e-01 
8.000000e+01 	1.300000e+02 	4.000000e+01 	1.000000e+01 	1.114591e-01 	1.114552e-01 	1.103627e-01 	0.000000e+00 	1.111432e-01 	1.111428e-01 	1.110616e-01 
8.000000e+01 	2.200000e+02 	4.000000e+01 	1.000000e+02 	1.114591e-01 	1.114552e-01 	1.103627e-01 	0.000000e+00 	1.111432e-01 	1.111428e-01 	1.110616e-01 
8.000000e+01 	1.410000e+02 	6.000000e+01 	1.000000e+00 	1.112414e-01 	1.112399e-01 	1.107677e-01 	0.000000e+00 	1.111432e-01 	1.111428e-01 	1.110616e-01 
8.000000e+01 	1.500000e+02 	6.000000e+01 	1.000000e+01 	1.112414e-01 	1.112399e-01 	1.107677e-01 	0.000000e+00 	1.111432e-01 	1.111428e-01 	1.110616e-01 
8.000000e+01 	2.400000e+02 	6.000000e+01 	1.000000e+02 	1.112414e-01 	1.112399e-01 	1.107677e-01 	0.000000e+00 	1.111432e-01 	1.111428e-01 	1.110616e-01 
8.000000e+01 	1.610000e+02 	8.000000e+01 	1.000000e+00 	1.111343e-01 	1.111275e-01 	1.109412e-01 	0.000000e+00 	1.111432e-01 	1.111428e-01 	1.110616e-01 
8.000000e+01 	1.700000e+02 	8.000000e+01 	1.000000e+01 	1.111343e-01 	1.111275e-01 	1.109412e-01 	0.000000e+00 	1.111432e-01 	1.111428e-01 	1.110616e-01 
8.000000e+01 	2.600000e+02 	8.000000e+01 	1.000000e+02 	1.111343e-01 	1.111275e-01 	1.109412e-01 	0.000000e+00 	1.111432e-01 	1.111428e-01 	1.110616e-01 
8.000000e+01 	2.010000e+02 	1.200000e+02 	1.000000e+00 	0.000000e+00 	0.000000e+00 	0.000000e+00 	1.000000e+00 	1.111432e-01 	1.111428e-01 	1.110616e-01 
8.000000e+01 	2.100000e+02 	1.200000e+02 	1.000000e+01 	0.000000e+00 	0.000000e+00 	0.000000e+00 	1.000000e+00 	1.111432e-01 	1.111428e-01 	1.110616e-01 
8.000000e+01 	3.000000e+02 	1.200000e+02 	1.000000e+02 	0.000000e+00 	0.000000e+00 	0.000000e+00 	1.000000e+00 	1.111432e-01 	1.111428e-01 	1.110616e-01 
