MD1           DMP           DM3           l345          ld           Omegah2       sigV          protonSI      PvalDD        expName      CMB_ID        brH_DMDM      
3.745286E+02  2.060556E-03  1.365551E+02  1.544432E-06  1.000000E+00  1.403732E-03  3.436032E-24  8.165283E-20   5.000000E-01 NotAppl  4.694767E+00  0.000000E+00  
1.493539E+01  1.368568E-04  1.550763E-03  -6.880198E-09  1.000000E+00  1.379869E-03  8.281535E-42  1.145974E-21   5.000000E-01 NotAppl  3.901673E-16  6.565960E-14  
1.152057E+03  2.792281E-04  1.720564E+01  -2.859599E-06  1.000000E+00  5.053042E-02  9.504817E-26  2.816940E-20   5.000000E-01 NotAppl  4.099068E-02  0.000000E+00  
3.072719E+03  3.336064E+02  -3.335964E+02  4.772904E-02  1.000000E+00  1.248537E-04  5.887293E-23  1.062889E-12   5.000000E-01 NotAppl  9.120608E+00  0.000000E+00  
1.488653E+02  4.619329E-02  3.727708E+00  -1.114628E-02  1.000000E+00  9.439407E-03  7.681696E-25  2.815355E-11   1.795914E-01 NotAppl  2.765850E+00  0.000000E+00  
7.059566E+01  9.136768E-04  1.099641E+02  -3.245458E-01  1.000000E+00  3.873786E-03  2.058206E-25  1.100430E-07   0.000000E+00 XENON1T_2018  1.833985E+00  0.000000E+00  
1.245570E+02  2.080175E+00  1.814139E+01  -2.128688E-06  1.000000E+00  4.450463E-03  1.135699E-24  1.479863E-18   5.000000E-01 NotAppl  4.897173E+00  0.000000E+00  
7.672826E+03  2.351391E-01  4.836031E-01  4.473163E-02  1.000000E+00  1.068804E+01  6.120208E-28  1.452318E-13   5.000000E-01 NotAppl  3.780606E-05  0.000000E+00  
1.145070E+02  3.229477E+02  -3.228510E+02  3.796156E-06  1.000000E+00  1.610418E-03  3.466655E-24  5.592242E-18   5.000000E-01 NotAppl  1.663347E+01  0.000000E+00  
2.911841E+03  4.145883E-04  1.947778E+02  5.841519E-09  1.000000E+00  5.150169E-04  9.570958E-24  1.776317E-26   5.000000E-01 NotAppl  1.599901E+00  0.000000E+00  
1.872383E+01  2.073136E-04  3.441647E-03  -4.765464E-05  1.000000E+00  2.007624E-03  4.266812E-34  3.501432E-14   5.000000E-01 NotAppl  1.557167E-08  3.094930E-06  
7.681520E+02  2.115781E+02  -2.114246E+02  -1.044463E-03  1.000000E+00  3.642452E-04  1.953667E-23  8.596774E-15   5.000000E-01 NotAppl  1.258409E+01  0.000000E+00  
4.925034E+01  5.640804E-04  6.147142E+02  -5.698905E-10  1.000000E+00  1.739598E-03  3.293106E-43  7.073063E-25   5.000000E-01 NotAppl  4.246146E-18  2.856241E-16  
2.196318E+03  5.038054E+02  -5.038045E+02  3.886084E+00  1.000000E+00  5.685842E-05  1.323606E-22  1.395998E-08   3.633997E-28 LZ5Tmedian  2.891612E+01  0.000000E+00  
2.726199E+03  4.328996E+01  5.320953E+02  -7.436153E-04  1.000000E+00  6.325984E-05  7.287789E-23  3.291580E-16   5.000000E-01 NotAppl  1.302796E+01  0.000000E+00  
2.436194E+03  1.215564E-03  7.281561E-01  -1.962606E-02  1.000000E+00  1.898886E+00  3.816377E-27  2.882946E-13   5.000000E-01 NotAppl  7.533458E-04  0.000000E+00  
1.216168E+03  6.293619E+01  -6.293487E+01  1.040139E-07  1.000000E+00  3.041820E-03  2.221464E-24  3.337044E-23   5.000000E-01 NotAppl  8.904327E-01  0.000000E+00  
3.349087E+03  2.259887E-01  -2.246233E-01  1.048424E-10  1.000000E+00  3.663151E+00  1.993011E-27  4.306459E-30   5.000000E-01 NotAppl  2.841646E-04  0.000000E+00  
1.369307E+02  2.476433E-04  1.101940E+00  -2.221336E-04  1.000000E+00  8.754159E-03  8.871466E-25  1.327095E-14   5.000000E-01 NotAppl  3.484073E+00  0.000000E+00  
1.410254E+01  7.912615E-02  1.161330E+02  -1.156236E-05  1.000000E+00  9.526236E-04  2.299073E-35  3.626959E-15   5.000000E-01 NotAppl  1.157373E-09  1.860396E-07  
4.214977E+03  7.006328E+02  -7.006327E+02  9.929265E-04  1.000000E+00  3.125047E-05  2.442276E-22  2.418006E-16   5.000000E-01 NotAppl  2.741515E+01  0.000000E+00  
9.115035E+02  3.438757E-03  1.993426E+02  1.219078E-05  1.000000E+00  5.799752E-04  8.522252E-24  8.257484E-19   5.000000E-01 NotAppl  4.688358E+00  0.000000E+00  
9.585383E+03  6.173402E+02  -6.173400E+02  -3.367358E-03  1.000000E+00  3.654763E-05  2.109103E-22  5.237501E-16   5.000000E-01 NotAppl  1.029749E+01  0.000000E+00  
1.099844E+01  7.073904E-01  -7.072239E-01  1.021931E-03  1.000000E+00  1.807169E-02  1.643091E-31  4.626200E-11   5.000000E-01 NotAppl  1.105298E-05  1.454169E-03  
1.893688E+03  4.861552E-03  4.226288E+02  -1.486970E-01  1.000000E+00  1.340975E-04  3.797809E-23  2.764712E-11   5.000000E-01 NotAppl  9.867406E+00  0.000000E+00  
2.146670E+02  8.911050E+02  -8.625927E+02  -1.058999E-10  1.000000E+00  1.763115E-04  1.795547E-23  1.200234E-27   5.000000E-01 NotAppl  4.549124E+01  0.000000E+00  
1.299060E+01  1.320761E+00  -1.320268E+00  6.438269E+00  1.000000E+00  2.436733E-02  1.718327E-25  1.323129E-03   0.000000E+00 XENON1T_2018  9.407149E+00  2.505569E-01  
2.816609E+03  1.960315E-03  1.316794E+02  -1.492124E-09  1.000000E+00  1.088522E-03  4.467050E-24  1.240116E-27   5.000000E-01 NotAppl  7.725776E-01  0.000000E+00  
2.518682E+02  7.567716E+01  -7.561943E+01  2.435775E-07  1.000000E+00  2.501779E-03  2.532487E-24  4.576406E-21   5.000000E-01 NotAppl  5.238733E+00  0.000000E+00  
2.636054E+02  4.133893E+00  1.371556E+02  5.969763E+00  1.000000E+00  1.086861E-05  6.610287E-22  2.504066E-06   0.000000E+00 XENON1T_2018  1.524718E+03  0.000000E+00  
1.117733E+03  2.015956E-01  -2.013362E-01  4.903016E-08  1.000000E+00  4.573012E-01  1.747696E-26  8.808440E-24   5.000000E-01 NotAppl  7.662425E-03  0.000000E+00  
2.239750E+03  1.619959E+00  -1.619823E+00  1.148807E-04  1.000000E+00  1.160461E+00  5.929087E-27  1.172280E-17   5.000000E-01 NotAppl  1.273180E-03  0.000000E+00  
3.313503E+02  1.244746E-03  9.276455E-03  -7.380639E-01  1.000000E+00  6.690522E-03  1.792673E-24  2.396120E-08   1.918694E-303 LZ5Tmedian  3.025641E+00  0.000000E+00  
4.482967E+02  2.202565E+00  -2.162366E+00  -2.861377E-07  1.000000E+00  7.442189E-02  1.081561E-25  1.940044E-21   5.000000E-01 NotAppl  1.218729E-01  0.000000E+00  
9.947606E+01  7.318891E-01  -1.931207E-01  -4.800382E-04  1.000000E+00  5.352330E-03  1.229839E-24  1.193236E-13   5.000000E-01 NotAppl  6.729994E+00  0.000000E+00  
1.399826E+02  6.718497E+00  -6.709312E+00  7.272923E-06  1.000000E+00  7.174275E-03  8.974163E-25  1.359771E-17   5.000000E-01 NotAppl  3.450483E+00  0.000000E+00  
5.597423E+01  2.251010E-01  -2.248461E-01  -1.640450E-01  1.000000E+00  3.128736E-03  1.002373E-25  4.514893E-08   0.000000E+00 XENON1T_2018  1.125759E+00  2.496891E-01  
7.530261E+02  4.044324E-01  -4.042507E-01  -3.283725E+00  1.000000E+00  2.306040E-03  5.669321E-24  8.849664E-08   0.000000E+00 LZ5Tmedian  4.084927E+00  0.000000E+00  
1.436491E+01  6.989583E-03  4.858950E-01  9.602592E-03  1.000000E+00  8.719531E-04  1.594594E-29  2.411814E-09   5.731723E-39 LZ5Tmedian  7.856422E-04  8.398413E-02  
1.234987E+02  9.960092E+01  -3.466585E+01  1.080480E-02  1.000000E+00  9.980444E-04  3.027311E-24  3.879967E-11   6.228883E-02 LZ5Tmedian  1.330678E+01  0.000000E+00  
8.104600E+02  2.848429E-02  3.277809E-01  -4.524863E-01  1.000000E+00  9.499503E-02  1.096535E-25  1.446102E-09   2.305441E-08 LZ5Tmedian  7.027460E-02  0.000000E+00  
4.592320E+03  1.375151E+00  -1.373351E+00  9.214894E-05  1.000000E+00  2.836244E+00  2.161940E-27  1.749345E-18   5.000000E-01 NotAppl  2.230198E-04  0.000000E+00  
3.954825E+01  1.382211E-02  4.162877E-01  6.633123E-10  1.000000E+00  3.365694E-05  1.799304E-43  1.497614E-24   5.000000E-01 NotAppl  2.914694E-18  4.859390E-16  
3.400354E+02  5.788400E-04  2.097024E+02  -7.703464E-06  1.000000E+00  8.044497E-04  6.002297E-24  2.475648E-18   5.000000E-01 NotAppl  9.049643E+00  0.000000E+00  
1.722581E+02  2.688694E-01  -2.488437E-01  -4.138613E-10  1.000000E+00  1.344384E-02  6.097814E-25  2.877747E-26   5.000000E-01 NotAppl  1.890653E+00  0.000000E+00  
3.120578E+02  2.621253E-03  7.595071E+01  -2.532970E-08  1.000000E+00  3.602797E-03  1.361534E-24  3.190948E-23   5.000000E-01 NotAppl  2.239608E+00  0.000000E+00  
3.840633E+02  2.945108E-02  -1.413010E-02  -9.486982E-01  1.000000E+00  5.909772E-03  2.082819E-24  2.926443E-08   1.813221E-321 LZ5Tmedian  3.018212E+00  0.000000E+00  
2.717500E+01  3.447402E-02  3.889171E-01  -3.061543E-10  1.000000E+00  2.524812E-03  2.161280E-44  6.827709E-25   5.000000E-01 NotAppl  5.236939E-19  1.204730E-16  
2.620120E+02  2.262812E+02  -2.259041E+02  1.780393E-10  1.000000E+00  5.803008E-04  1.105583E-23  2.255081E-27   5.000000E-01 NotAppl  2.195384E+01  0.000000E+00  
1.979694E+03  1.442680E-02  -1.293986E-02  -1.131938E-08  1.000000E+00  1.362248E+00  5.600995E-27  1.463467E-25   5.000000E-01 NotAppl  1.366244E-03  0.000000E+00  
1.452249E+01  4.497227E+01  -3.390858E+01  3.525046E-03  1.000000E+00  5.571129E+02  2.155763E-30  3.180467E-10   6.196526E-06 LZ5Tmedian  1.049137E-04  1.282628E-03  
1.396105E+02  3.069036E-03  7.926009E-03  -1.172779E-10  1.000000E+00  9.473442E-03  8.584916E-25  3.555084E-27   5.000000E-01 NotAppl  3.306088E+00  0.000000E+00  
1.853208E+03  4.645136E+00  -4.470310E+00  5.397394E-07  1.000000E+00  3.324110E-01  1.908545E-26  3.806607E-22   5.000000E-01 NotAppl  4.968463E-03  0.000000E+00  
2.060541E+02  3.360363E-02  9.402859E+01  1.116958E-02  1.000000E+00  2.893752E-03  1.762672E-24  1.451999E-11   5.000000E-01 NotAppl  4.432587E+00  0.000000E+00  
1.013830E+03  4.030960E-04  1.259833E+00  -1.225899E-09  1.000000E+00  3.646417E-01  2.161186E-26  6.719921E-27   5.000000E-01 NotAppl  1.047851E-02  0.000000E+00  
1.510373E+01  1.064183E-02  1.151072E+02  -1.028486E-08  1.000000E+00  8.501373E-04  1.856727E-41  2.504331E-21   5.000000E-01 NotAppl  8.638501E-16  1.466204E-13  
2.333298E+02  5.960445E+01  -5.947590E+01  -1.414645E-03  1.000000E+00  3.451448E-03  1.795638E-24  1.805367E-13   5.000000E-01 NotAppl  4.023665E+00  0.000000E+00  
4.153624E+02  6.035310E+02  -6.033659E+02  6.257557E-06  1.000000E+00  1.435488E-04  4.866627E-23  1.084599E-18   5.000000E-01 NotAppl  5.950650E+01  0.000000E+00  
2.580015E+02  4.419386E-02  3.515311E-01  -7.322475E-04  1.000000E+00  2.804465E-02  3.012451E-25  3.936974E-14   5.000000E-01 NotAppl  6.033216E-01  0.000000E+00  
5.244287E+02  6.277348E-03  1.615988E-01  6.889451E-04  1.000000E+00  1.085379E-01  7.750877E-26  8.160246E-15   5.000000E-01 NotAppl  7.421030E-02  0.000000E+00  
2.361697E+01  3.050924E+02  -3.050917E+02  1.463269E-04  1.000000E+00  2.687333E-02  4.471710E-33  2.070431E-13   5.000000E-01 NotAppl  1.264051E-07  2.832445E-05  
1.458621E+01  1.646957E-01  -1.586937E-01  1.788511E-04  1.000000E+00  2.598322E-03  5.556984E-33  8.116502E-13   5.000000E-01 NotAppl  2.690134E-07  4.441228E-05  
5.197947E+01  1.995953E-02  4.204813E+00  1.230587E-08  1.000000E+00  2.475743E-03  2.319866E-40  2.954700E-22   5.000000E-01 NotAppl  2.817804E-15  1.042837E-13  
3.197456E+02  8.265199E-02  -6.375869E-02  -1.285740E-08  1.000000E+00  4.234963E-02  2.012209E-25  7.822137E-24   5.000000E-01 NotAppl  3.222129E-01  0.000000E+00  
6.072111E+02  1.108760E+02  -1.070113E+02  2.347004E-01  1.000000E+00  9.054030E-04  6.638458E-24  7.018184E-10   1.192558E-05 LZ5Tmedian  5.461323E+00  0.000000E+00  
7.589070E+01  5.863160E-04  9.195625E-03  1.172399E-02  1.000000E+00  7.026022E-03  9.169782E-29  1.238805E-10   2.871367E-06 LZ5Tmedian  7.583205E-04  0.000000E+00  
2.757746E+03  3.878199E+01  -3.876921E+01  3.494352E-01  1.000000E+00  7.063218E-03  9.663031E-25  7.100158E-11   5.000000E-01 NotAppl  1.672295E-01  0.000000E+00  
1.549173E+02  2.269641E-02  3.707206E+00  -4.562498E-05  1.000000E+00  1.002821E-02  7.392303E-25  4.347126E-16   5.000000E-01 NotAppl  2.554131E+00  0.000000E+00  
1.744967E+03  4.681942E-03  7.084430E+00  1.108226E-10  1.000000E+00  2.430866E-01  2.071276E-26  1.814399E-29   5.000000E-01 NotAppl  5.816546E-03  0.000000E+00  
3.670754E+01  4.295404E+02  -3.502948E+02  1.294788E-07  1.000000E+00  5.353613E+05  5.773514E-39  6.639649E-20   5.000000E-01 NotAppl  1.011782E-13  1.938779E-11  
2.950228E+01  1.029602E-02  7.577282E-02  5.545598E-06  1.000000E+00  2.555262E-03  7.664261E-36  1.897140E-16   5.000000E-01 NotAppl  1.698864E-10  3.872615E-08  
9.240494E+01  1.057982E-03  2.556922E+01  -2.044748E-06  1.000000E+00  4.377513E-03  1.035368E-24  2.518210E-18   5.000000E-01 NotAppl  6.153710E+00  0.000000E+00  
6.270074E+01  1.286189E+00  -1.165125E+00  6.128020E-04  1.000000E+00  6.424332E-03  1.329908E-27  4.998117E-13   5.000000E-01 NotAppl  1.328585E-02  0.000000E+00  
1.676730E+02  8.929867E+01  6.221431E+02  1.202079E-08  1.000000E+00  4.498653E-04  6.770559E-24  2.565811E-23   5.000000E-01 NotAppl  2.134862E+01  0.000000E+00  
7.008022E+03  6.597403E+02  -6.597244E+02  3.841832E-05  1.000000E+00  3.283440E-05  2.335833E-22  1.287856E-19   5.000000E-01 NotAppl  1.565358E+01  0.000000E+00  
1.002501E+03  1.622360E+01  -1.534023E+01  -1.300599E-06  1.000000E+00  3.641943E-02  1.736373E-25  7.739305E-21   5.000000E-01 NotAppl  8.496330E-02  0.000000E+00  
1.294553E+01  8.544141E-04  3.553285E+02  1.867416E-07  1.000000E+00  6.234406E-04  5.837764E-39  1.120801E-18   5.000000E-01 NotAppl  3.244994E-13  4.873319E-11  
2.995226E+01  6.658744E-04  5.683834E+02  -8.180901E-04  1.000000E+00  1.973866E-03  1.695412E-31  4.004001E-12   5.000000E-01 NotAppl  3.696585E-06  8.369873E-04  
2.483175E+01  5.449461E+02  2.394390E+02  2.274422E-03  1.000000E+00  1.108160E+03  1.114748E-30  4.520928E-11   9.209896E-03 LZ5Tmedian  2.984995E-05  6.737401E-03  
7.766364E+02  2.570436E+00  -2.473986E+00  -1.783487E-05  1.000000E+00  1.947729E-01  3.975756E-26  2.451003E-18   5.000000E-01 NotAppl  2.535558E-02  0.000000E+00  
2.449888E+02  1.665924E-01  -1.643026E-01  4.809754E-05  1.000000E+00  2.561491E-02  3.315503E-25  1.888572E-16   5.000000E-01 NotAppl  7.008888E-01  0.000000E+00  
2.003016E+03  4.240120E+01  -4.237910E+01  -2.855441E-03  1.000000E+00  6.355418E-03  1.041812E-24  9.093290E-15   5.000000E-01 NotAppl  2.500800E-01  0.000000E+00  
5.925392E+02  2.902319E-02  -2.879500E-02  4.421871E-07  1.000000E+00  1.372688E-01  6.102820E-26  2.618926E-21   5.000000E-01 NotAppl  5.148924E-02  0.000000E+00  
2.908967E+01  1.357787E-04  3.161808E+02  -3.587210E-05  1.000000E+00  2.018709E-03  3.160430E-34  8.167667E-15   5.000000E-01 NotAppl  7.105742E-09  1.626897E-06  
3.091681E+01  4.354826E-03  -2.832436E-03  1.478500E-05  1.000000E+00  2.299825E-03  5.743904E-35  1.226459E-15   5.000000E-01 NotAppl  1.208418E-09  2.713731E-07  
1.123814E+01  1.120238E-04  5.742438E-02  3.406559E-09  1.000000E+00  7.332735E-04  1.843059E-42  4.927738E-22   5.000000E-01 NotAppl  1.208797E-16  1.630643E-14  
5.229501E+01  2.383319E-04  2.005385E+00  2.570465E-10  1.000000E+00  2.468334E-03  1.069862E-43  1.273368E-25   5.000000E-01 NotAppl  1.295743E-18  4.981354E-17  
2.406980E+02  1.917099E-01  2.356433E+00  -5.698615E-07  1.000000E+00  2.294151E-02  3.457925E-25  2.748825E-20   5.000000E-01 NotAppl  7.445806E-01  0.000000E+00  
2.643879E+02  1.267285E+02  -1.267284E+02  -8.225568E-09  1.000000E+00  1.209207E-03  5.385338E-24  4.725268E-24   5.000000E-01 NotAppl  1.059012E+01  0.000000E+00  
3.963170E+01  1.098369E-01  7.221331E+01  -2.705251E-09  1.000000E+00  3.509832E-05  3.009395E-42  2.480376E-23   5.000000E-01 NotAppl  4.864120E-17  8.081873E-15  
7.057447E+01  7.047275E-02  -6.997991E-02  -5.650628E-07  1.000000E+00  6.333393E-03  6.264109E-37  3.337875E-19   5.000000E-01 NotAppl  5.576132E-12  0.000000E+00  
3.873232E+03  5.697069E-03  1.144871E-02  4.171481E-10  1.000000E+00  4.954428E+00  1.468341E-27  5.068494E-29   5.000000E-01 NotAppl  1.805903E-04  0.000000E+00  
1.743469E+03  1.126296E-03  -9.926027E-04  6.112939E-07  1.000000E+00  1.068986E+00  7.213551E-27  5.529677E-22   5.000000E-01 NotAppl  2.004197E-03  0.000000E+00  
1.372652E+01  4.124119E+00  -4.049658E+00  -4.546428E-09  1.000000E+00  1.130214E-01  3.525424E-42  5.916350E-22   5.000000E-01 NotAppl  1.830489E-16  2.732835E-14  
2.035721E+03  2.935304E-03  7.012209E+01  8.355079E-09  1.000000E+00  3.684908E-03  1.286773E-24  7.532573E-26   5.000000E-01 NotAppl  3.103946E-01  0.000000E+00  
4.979944E+02  8.307113E-02  1.495120E+00  1.375137E-06  1.000000E+00  9.517109E-02  8.648648E-26  3.613773E-20   5.000000E-01 NotAppl  8.738025E-02  0.000000E+00  
1.118839E+01  3.054447E-03  1.521147E-02  1.366891E-10  1.000000E+00  8.169353E-04  2.961759E-45  8.003212E-25   5.000000E-01 NotAppl  1.952305E-19  2.625787E-17  
1.468157E+02  3.445608E+00  6.698983E+02  3.562352E-05  1.000000E+00  1.083243E-03  3.495326E-24  2.958626E-16   5.000000E-01 NotAppl  1.247568E+01  0.000000E+00  
4.439754E+02  2.367403E-04  2.467338E+00  2.104813E-10  1.000000E+00  7.459780E-02  1.089723E-25  1.070755E-27   5.000000E-01 NotAppl  1.240445E-01  0.000000E+00  
3.331125E+03  5.837191E-02  3.827523E+00  -4.337279E+00  1.000000E+00  3.057049E-02  3.822414E-25  7.447096E-09   2.149842E-10 LZ5Tmedian  5.830707E-02  0.000000E+00  
1.268863E+03  1.617189E-04  4.245509E-03  -6.356947E-10  1.000000E+00  5.838496E-01  1.356880E-26  1.143149E-27   5.000000E-01 NotAppl  5.221279E-03  0.000000E+00  
7.454391E+01  6.420206E-01  2.985512E+02  5.130345E-06  1.000000E+00  7.315958E-03  2.206624E-35  2.460544E-17   5.000000E-01 NotAppl  1.858265E-10  0.000000E+00  
1.064930E+03  1.274063E+01  -1.186727E+01  6.011233E-08  1.000000E+00  5.587526E-02  1.135215E-25  1.461472E-23   5.000000E-01 NotAppl  5.220262E-02  0.000000E+00  
1.026097E+01  5.955858E+00  -2.870543E+00  -1.826888E-05  1.000000E+00  1.004990E+01  5.076402E-35  1.693485E-14   5.000000E-01 NotAppl  3.704747E-09  4.323293E-07  
1.786343E+02  2.957812E+02  -2.556482E+02  8.366500E-06  1.000000E+00  3.702917E-04  8.339433E-24  1.091633E-17   5.000000E-01 NotAppl  2.543566E+01  0.000000E+00  
3.965022E+01  9.981493E-01  -9.978479E-01  3.113252E-07  1.000000E+00  7.938041E-05  3.990500E-38  3.281849E-19   5.000000E-01 NotAppl  6.446733E-13  1.053137E-10  
8.745422E+01  1.547312E-03  1.661045E-04  1.216776E-06  1.000000E+00  5.818966E-03  7.360820E-25  9.982627E-19   5.000000E-01 NotAppl  4.697823E+00  0.000000E+00  
3.096679E+03  6.519301E+01  1.240066E+02  1.135438E-07  1.000000E+00  4.222360E-04  1.154106E-23  5.920844E-24   5.000000E-01 NotAppl  1.803518E+00  0.000000E+00  
1.085959E+01  2.920455E+00  -2.248727E+00  -1.144307E-06  1.000000E+00  3.324778E-01  2.048315E-37  5.946736E-17   5.000000E-01 NotAppl  1.398373E-11  1.810955E-09  
1.786652E+01  1.210860E-04  3.634445E-01  6.216525E-02  1.000000E+00  1.333016E-03  7.144592E-28  6.544471E-08   0.000000E+00 XENON1T_2018  2.747780E-02  2.379970E-01  
1.675983E+03  4.957809E-04  5.397041E-02  1.829077E-04  1.000000E+00  9.911745E-01  7.804212E-27  5.365510E-17   5.000000E-01 NotAppl  2.257827E-03  0.000000E+00  
2.306990E+01  2.109964E+02  -2.097606E+02  9.185356E-06  1.000000E+00  5.116508E-02  1.738670E-35  8.552894E-16   5.000000E-01 NotAppl  5.044809E-10  1.114520E-07  
3.008828E+01  9.814378E-04  1.720005E-01  2.207360E-10  1.000000E+00  2.315718E-03  1.240523E-44  2.888374E-25   5.000000E-01 NotAppl  2.688168E-19  6.099459E-17  
1.662759E+02  2.825529E-01  -2.821233E-01  1.003547E-10  1.000000E+00  1.264524E-02  6.477036E-25  1.819205E-27   5.000000E-01 NotAppl  2.082262E+00  0.000000E+00  
1.117663E+02  8.020131E+02  -4.236800E+02  4.668576E-10  1.000000E+00  6.729756E-04  4.318874E-24  8.888710E-26   5.000000E-01 NotAppl  2.106856E+01  0.000000E+00  
2.284648E+02  8.127398E-01  3.514248E+01  2.970753E-09  1.000000E+00  8.341554E-03  6.646951E-25  8.312885E-25   5.000000E-01 NotAppl  1.507155E+00  0.000000E+00  
1.653698E+02  2.424882E-03  3.120298E+00  1.177210E+00  1.000000E+00  6.307808E-04  1.839997E-23  2.531509E-07   0.000000E+00 XENON1T_2018  6.423885E+01  0.000000E+00  
1.118445E+02  6.690699E+00  4.934217E+02  -5.759844E-03  1.000000E+00  1.710964E-03  1.919547E-24  1.351029E-11   3.505032E-01 NotAppl  9.167181E+00  0.000000E+00  
4.039309E+01  1.382641E+01  6.617854E+01  -5.843303E-10  1.000000E+00  4.875270E-01  1.478418E-43  1.113308E-24   5.000000E-01 NotAppl  2.342156E-18  9.722837E-17  
1.422861E+02  6.348436E-02  -6.085281E-02  1.036316E+00  1.000000E+00  5.056656E-04  2.642488E-23  2.669939E-07   0.000000E+00 XENON1T_2018  1.096288E+02  0.000000E+00  
1.928087E+03  1.921603E-04  1.506320E-04  -1.302489E-09  1.000000E+00  1.295197E+00  5.903444E-27  2.044843E-27   5.000000E-01 NotAppl  1.479539E-03  0.000000E+00  
6.615145E+01  3.501136E+02  -3.467961E+02  -1.840108E-01  1.000000E+00  9.464903E-03  3.447854E-25  4.039784E-08   0.000000E+00 XENON1T_2018  3.259542E+00  0.000000E+00  
3.271813E+03  6.056062E+00  -6.055875E+00  -6.368389E-04  1.000000E+00  2.502132E-01  2.364647E-26  1.665289E-16   5.000000E-01 NotAppl  3.437385E-03  0.000000E+00  
6.544784E+03  1.228579E+00  2.709087E+00  5.509519E-05  1.000000E+00  9.939764E-01  5.591480E-27  3.043424E-19   5.000000E-01 NotAppl  4.083763E-04  0.000000E+00  
5.006493E+03  6.462031E+00  9.994926E-01  -1.135249E-04  1.000000E+00  1.794359E-01  4.051721E-26  2.227538E-18   5.000000E-01 NotAppl  3.850639E-03  0.000000E+00  
7.710565E+02  3.986149E-04  3.181212E+02  -1.553780E-09  1.000000E+00  2.866434E-04  1.756426E-23  1.887907E-26   5.000000E-01 NotAppl  1.147025E+01  0.000000E+00  
1.011956E+02  5.658664E-03  1.622149E-03  2.074863E-10  1.000000E+00  5.922111E-03  1.227735E-24  2.152271E-26   5.000000E-01 NotAppl  6.596372E+00  0.000000E+00  
9.836607E+01  5.654841E-03  8.447970E-01  1.380280E-09  1.000000E+00  5.441576E-03  1.223083E-24  1.009482E-24   5.000000E-01 NotAppl  6.774238E+00  0.000000E+00  
1.990500E+03  7.326180E-01  2.610983E-01  5.097434E-05  1.000000E+00  1.219361E+00  6.125731E-27  2.935113E-18   5.000000E-01 NotAppl  1.486771E-03  0.000000E+00  
8.775333E+01  2.191166E-01  5.373506E+02  -1.238917E-04  1.000000E+00  4.297309E-03  7.411789E-25  1.027707E-14   5.000000E-01 NotAppl  4.714087E+00  0.000000E+00  
6.971875E+02  2.585215E-04  6.767534E-02  -8.411848E-06  1.000000E+00  1.870770E-01  4.434990E-26  6.797332E-19   5.000000E-01 NotAppl  3.162434E-02  0.000000E+00  
2.285612E+03  2.670003E+02  -2.670001E+02  -1.960901E+00  1.000000E+00  2.142555E-04  3.375435E-23  3.277310E-09   6.436104E-07 LZ5Tmedian  7.079376E+00  0.000000E+00  
6.450509E+03  9.431988E-03  -9.288543E-03  5.767390E-07  1.000000E+00  1.331305E+01  5.300017E-28  3.434768E-23   5.000000E-01 NotAppl  3.884817E-05  0.000000E+00  
2.010536E+02  1.283534E+00  -1.273422E+00  -1.789984E-06  1.000000E+00  1.698101E-02  4.767598E-25  3.921526E-19   5.000000E-01 NotAppl  1.238905E+00  0.000000E+00  
7.958601E+03  1.517249E-01  1.044142E+01  -4.505263E+00  1.000000E+00  1.087916E-01  5.978946E-26  1.367775E-09   1.800195E-01 NotAppl  3.787107E-03  0.000000E+00  
5.595219E+03  2.044210E-03  1.003890E+00  -4.292379E-08  1.000000E+00  5.897296E+00  9.774512E-28  2.540293E-25   5.000000E-01 NotAppl  8.314140E-05  0.000000E+00  
3.715427E+02  9.691254E+00  -9.679000E+00  -9.186793E-04  1.000000E+00  3.318235E-02  2.039717E-25  2.936775E-14   5.000000E-01 NotAppl  2.796253E-01  0.000000E+00  
1.755642E+01  7.586220E-02  3.862806E+02  5.378546E-04  1.000000E+00  1.319101E-03  5.317261E-32  5.073582E-12   5.000000E-01 NotAppl  2.085548E-06  3.960063E-04  
3.406715E+03  8.378042E+02  -8.376237E+02  2.566296E-09  1.000000E+00  2.391670E-05  3.208633E-22  2.490867E-27   5.000000E-01 NotAppl  4.473498E+01  0.000000E+00  
7.551640E+01  3.618489E-04  -2.145217E-04  3.916468E-02  1.000000E+00  6.957441E-03  1.087799E-27  1.396459E-09   2.144295E-63 LZ5Tmedian  9.040217E-03  0.000000E+00  
3.058220E+01  1.998198E+01  4.800972E+01  1.243938E-03  1.000000E+00  4.195029E+02  4.013600E-31  8.875287E-12   3.403550E-01 NotAppl  8.555066E-06  3.026269E-04  
4.195012E+01  2.064103E+01  -1.574888E+01  -2.729106E-04  1.000000E+00  5.138164E-04  3.613167E-32  2.248685E-13   5.000000E-01 NotAppl  5.501054E-07  6.575324E-05  
9.174168E+02  4.662215E+02  -4.662108E+02  -1.022848E-07  1.000000E+00  9.978330E-05  7.434539E-23  5.736839E-23   5.000000E-01 NotAppl  3.985254E+01  0.000000E+00  
1.421606E+03  1.270642E+00  1.943813E+01  7.524634E-04  1.000000E+00  3.830412E-02  1.258439E-25  1.270227E-15   5.000000E-01 NotAppl  4.379914E-02  0.000000E+00  
8.583229E+02  4.903088E+02  -4.372516E+02  -5.180893E-09  1.000000E+00  5.148562E-05  7.755507E-23  1.686184E-25   5.000000E-01 NotAppl  4.454872E+01  0.000000E+00  
2.308052E+02  3.130946E-02  -3.065091E-02  3.005943E-05  1.000000E+00  2.303439E-02  3.697588E-25  8.335113E-17   5.000000E-01 NotAppl  8.318997E-01  0.000000E+00  
3.714510E+03  1.305734E-01  -1.290935E-01  9.190242E-10  1.000000E+00  4.529973E+00  1.606281E-27  2.678742E-28   5.000000E-01 NotAppl  2.061149E-04  0.000000E+00  
4.246997E+03  5.449560E-02  -5.438939E-02  1.376527E+00  1.000000E+00  3.968405E-01  2.705414E-26  4.576229E-10   3.417471E-01 NotAppl  3.192389E-03  0.000000E+00  
2.652232E+01  3.086069E-03  -2.810711E-03  -1.571283E+00  1.000000E+00  2.656661E-03  4.791686E-25  1.889035E-05   0.000000E+00 XENON1T_2018  1.194841E+01  2.499846E-01  
7.067553E+03  7.705116E-01  -7.692592E-01  -4.695790E+00  1.000000E+00  1.146292E-01  9.959398E-26  1.891229E-09   6.930005E-02 LZ5Tmedian  7.064264E-03  0.000000E+00  
1.591714E+02  5.561044E-03  -4.865783E-03  5.790029E-01  1.000000E+00  3.153633E-03  3.720834E-24  6.622793E-08   0.000000E+00 XENON1T_2018  1.260907E+01  0.000000E+00  
2.924405E+02  4.125682E-03  4.338921E+01  -1.006672E-01  1.000000E+00  8.573855E-03  5.783416E-25  5.756723E-10   6.388199E-09 LZ5Tmedian  1.021142E+00  0.000000E+00  
6.083503E+02  9.281029E-02  -9.036620E-02  8.719626E-06  1.000000E+00  1.442108E-01  5.796713E-26  9.650032E-19   5.000000E-01 NotAppl  4.759158E-02  0.000000E+00  
7.846969E+02  1.829735E+01  8.900523E+02  -2.251772E-10  1.000000E+00  6.186553E-05  6.862886E-23  3.825574E-28   5.000000E-01 NotAppl  4.401927E+01  0.000000E+00  
7.509891E+02  2.981572E+02  -2.981562E+02  7.569055E-01  1.000000E+00  1.895199E-04  3.842602E-23  4.728025E-09   1.209751E-27 LZ5Tmedian  2.534530E+01  0.000000E+00  
6.804272E+01  4.394875E-01  9.611932E+00  -1.217749E-07  1.000000E+00  5.869037E-03  6.386264E-38  1.670288E-20   5.000000E-01 NotAppl  5.899952E-13  0.000000E+00  
2.265095E+02  3.326861E+00  -3.258091E+00  8.047845E-04  1.000000E+00  1.927465E-02  3.921161E-25  6.209062E-14   5.000000E-01 NotAppl  8.999047E-01  0.000000E+00  
5.650029E+01  4.676215E-03  7.790278E-02  7.688377E-06  1.000000E+00  3.367032E-03  2.580228E-34  9.729825E-17   5.000000E-01 NotAppl  2.884167E-09  3.609649E-08  
2.156339E+01  1.442681E+00  -1.441177E+00  8.892457E-02  1.000000E+00  2.122149E-02  1.574375E-27  9.183206E-08   0.000000E+00 XENON1T_2018  4.916818E-02  2.395457E-01  
7.501640E+01  2.623505E+02  -2.482767E+02  -1.084058E+00  1.000000E+00  3.190187E-03  9.067252E-25  1.084520E-06   0.000000E+00 XENON1T_2018  7.585226E+00  0.000000E+00  
8.780193E+02  1.266751E-03  8.578363E-01  -3.428940E-10  1.000000E+00  2.846189E-01  2.835309E-26  7.051750E-28   5.000000E-01 NotAppl  1.593890E-02  0.000000E+00  
1.063572E+03  2.309934E+00  -2.309830E+00  1.427785E-08  1.000000E+00  3.356057E-01  2.239963E-26  8.266476E-25   5.000000E-01 NotAppl  1.033158E-02  0.000000E+00  
2.437122E+01  8.072320E-02  8.271701E+00  7.293402E-04  1.000000E+00  2.105097E-03  1.132485E-31  4.827769E-12   5.000000E-01 NotAppl  3.096908E-06  5.167422E-04  
6.312921E+03  5.857610E+01  -5.856415E+01  1.897114E-07  1.000000E+00  3.389495E-03  2.008452E-24  3.882866E-24   5.000000E-01 NotAppl  1.496308E-01  0.000000E+00  
7.697220E+02  1.258091E+02  -1.257367E+02  -4.750710E-05  1.000000E+00  8.899094E-04  7.810234E-24  1.771147E-17   5.000000E-01 NotAppl  5.020260E+00  0.000000E+00  
5.161106E+02  3.107576E-02  -1.748928E-02  -5.298364E-10  1.000000E+00  1.054843E-01  7.993724E-26  4.986746E-27   5.000000E-01 NotAppl  7.781449E-02  0.000000E+00  
1.855227E+02  7.682399E+02  -7.682396E+02  -6.408796E-06  1.000000E+00  4.841778E-04  1.253998E-23  5.927383E-18   5.000000E-01 NotAppl  3.689610E+01  0.000000E+00  
8.957082E+01  3.026334E-02  5.865384E+00  -5.140092E-02  1.000000E+00  5.616441E-03  4.645533E-25  1.696216E-09   1.695163E-68 LZ5Tmedian  2.894634E+00  0.000000E+00  
5.186483E+02  1.068510E-02  -1.020636E-02  2.158436E-03  1.000000E+00  1.064655E-01  7.920671E-26  8.193239E-14   5.000000E-01 NotAppl  7.671248E-02  0.000000E+00  
4.940161E+03  4.440204E-03  7.525395E-02  4.430979E-02  1.000000E+00  7.747851E+00  9.308480E-28  3.486737E-13   5.000000E-01 NotAppl  8.953115E-05  0.000000E+00  
1.572312E+01  3.333733E-04  7.906276E-01  -3.242083E-01  1.000000E+00  9.334343E-04  1.866957E-26  2.297249E-06   0.000000E+00 XENON1T_2018  8.294269E-01  2.501230E-01  
1.056803E+03  4.274457E-04  1.646875E+01  4.214085E-04  1.000000E+00  5.341930E-02  9.152093E-26  7.295588E-16   5.000000E-01 NotAppl  4.309729E-02  0.000000E+00  
6.806857E+03  6.031192E-04  1.718688E+01  -2.554419E-07  1.000000E+00  5.644058E-02  8.005112E-26  6.040506E-24   5.000000E-01 NotAppl  5.644984E-03  0.000000E+00  
1.253115E+01  7.094082E+02  -7.094081E+02  1.456492E+00  1.000000E+00  1.594945E-02  3.422901E-25  7.270426E-05   0.000000E+00 XENON1T_2018  1.976056E+01  4.999159E-01  
6.804533E+02  4.274473E+02  -4.099145E+02  1.785927E-08  1.000000E+00  8.768855E-05  5.468854E-23  3.219906E-24   5.000000E-01 NotAppl  3.995178E+01  0.000000E+00  
8.501171E+02  1.205088E+00  -7.259433E-01  6.145344E+00  1.000000E+00  1.190036E-03  1.094528E-23  2.419402E-07   0.000000E+00 XENON1T_2018  6.528495E+00  0.000000E+00  
5.670202E+03  1.094772E+00  -1.012515E+00  -1.644520E-08  1.000000E+00  4.443222E+00  1.395345E-27  3.629232E-26   5.000000E-01 NotAppl  1.162278E-04  0.000000E+00  
5.241877E+03  2.009746E-01  7.789423E+01  9.540049E-06  1.000000E+00  3.004421E-03  1.623238E-24  1.432778E-20   5.000000E-01 NotAppl  1.492792E-01  0.000000E+00  
7.979990E+01  1.675365E-02  -1.634697E-02  3.973890E-10  1.000000E+00  7.014201E-03  6.029125E-44  1.284451E-25   5.000000E-01 NotAppl  4.695962E-19  0.000000E+00  
4.383906E+02  5.983214E-03  8.087645E-02  -7.631806E-07  1.000000E+00  7.720636E-02  1.097831E-25  1.444670E-20   5.000000E-01 NotAppl  1.266011E-01  0.000000E+00  
8.031844E+01  3.452038E-04  2.734438E+02  2.165261E-03  1.000000E+00  5.339732E-03  1.677382E-30  3.763211E-12   5.000000E-01 NotAppl  1.297790E-05  0.000000E+00  
9.508502E+03  4.330068E-02  -3.961326E-02  -1.556122E-08  1.000000E+00  2.814372E+01  2.451036E-28  1.136857E-26   5.000000E-01 NotAppl  1.213167E-05  0.000000E+00  
5.373054E+01  3.964039E+02  -3.964031E+02  7.134822E-01  1.000000E+00  1.740058E-03  1.082785E-24  9.283665E-07   0.000000E+00 XENON1T_2018  1.270583E+01  4.993366E-01  
1.664043E+01  1.828461E-04  7.315062E-03  -2.524315E-10  1.000000E+00  1.634806E-03  1.151531E-44  1.243807E-24   5.000000E-01 NotAppl  4.797861E-19  8.773763E-17  
2.070093E+02  1.964747E+00  -1.960737E+00  7.294564E-09  1.000000E+00  1.737548E-02  4.545841E-25  6.134446E-24   5.000000E-01 NotAppl  1.145871E+00  0.000000E+00  
3.025836E+02  2.115491E-03  1.317336E-02  -7.528099E-08  1.000000E+00  3.822345E-02  2.233551E-25  3.002251E-22   5.000000E-01 NotAppl  3.788020E-01  0.000000E+00  
8.730755E+01  3.999404E-04  5.394133E-02  1.759018E-05  1.000000E+00  5.766369E-03  7.336768E-25  2.093428E-16   5.000000E-01 NotAppl  4.690422E+00  0.000000E+00  
7.727168E+01  7.968225E+02  -7.968210E+02  -1.107271E-08  1.000000E+00  1.930013E-02  6.608770E-41  1.065027E-22   5.000000E-01 NotAppl  5.323569E-16  0.000000E+00  
2.009514E+02  2.857257E-02  1.377893E+01  1.634027E-10  1.000000E+00  1.297519E-02  5.305463E-25  3.271350E-27   5.000000E-01 NotAppl  1.377793E+00  0.000000E+00  
3.323632E+03  2.598326E+02  -2.541378E+02  -5.309405E-04  1.000000E+00  1.886616E-04  3.681754E-23  1.121074E-16   5.000000E-01 NotAppl  5.264335E+00  0.000000E+00  
5.972789E+01  6.633649E-02  -6.618032E-02  -4.399134E-10  1.000000E+00  4.205376E-03  3.759534E-42  2.844137E-25   5.000000E-01 NotAppl  3.968607E-17  8.141122E-17  
1.046241E+01  7.555060E+02  -7.520033E+02  3.067398E-05  1.000000E+00  1.440724E+01  1.445572E-34  4.596221E-14   5.000000E-01 NotAppl  1.031264E-08  1.309583E-06  
7.203801E+01  2.666807E-02  4.375504E+01  -1.349336E-08  1.000000E+00  5.550089E-03  2.511791E-40  1.825205E-22   5.000000E-01 NotAppl  2.189864E-15  0.000000E+00  
7.767436E+02  5.744134E+02  -3.805234E+02  -2.458369E-01  1.000000E+00  3.946454E-05  9.376061E-23  4.655601E-10   2.729543E-03 LZ5Tmedian  5.978713E+01  0.000000E+00  
1.461735E+01  3.497340E+00  -3.098211E+00  -4.820459E-06  1.000000E+00  1.150261E-01  4.039331E-36  5.871148E-16   5.000000E-01 NotAppl  1.951214E-10  3.097670E-08  
9.997629E+01  1.974568E+01  -1.964603E+01  6.442583E-09  1.000000E+00  3.989530E-03  1.405110E-24  2.127305E-23   5.000000E-01 NotAppl  7.666585E+00  0.000000E+00  
1.729156E+01  9.564847E-02  1.705191E+00  -2.276807E-04  1.000000E+00  1.379675E-03  9.481497E-33  9.371993E-13   5.000000E-01 NotAppl  3.782959E-07  7.076317E-05  
1.777051E+02  4.419027E-03  9.666601E-02  1.189574E-04  1.000000E+00  1.429952E-02  5.775163E-25  2.230562E-15   5.000000E-01 NotAppl  1.734368E+00  0.000000E+00  
8.659452E+02  1.859313E-01  9.997401E+00  2.101134E+00  1.000000E+00  6.903584E-03  1.624274E-24  2.723717E-08   1.777799E-135 LZ5Tmedian  9.682645E-01  0.000000E+00  
2.052748E+03  2.099114E-01  -2.070345E-01  1.306927E-05  1.000000E+00  1.449205E+00  5.237026E-27  1.812073E-19   5.000000E-01 NotAppl  1.230876E-03  0.000000E+00  
3.164747E+01  2.884942E-04  3.336205E+01  -6.690084E-03  1.000000E+00  1.743133E-03  1.210864E-29  2.395061E-10   1.444734E-13 LZ5Tmedian  2.483727E-04  4.730928E-02  
4.406467E+02  1.598890E+01  -1.595105E+01  8.373918E+00  1.000000E+00  6.941016E-05  1.279691E-22  1.721118E-06   0.000000E+00 XENON1T_2018  1.618886E+02  0.000000E+00  
5.324192E+01  1.014615E+01  -1.014535E+01  -5.650656E-08  1.000000E+00  2.542067E-03  6.178938E-39  5.932533E-21   5.000000E-01 NotAppl  7.319953E-14  2.389500E-12  
7.421639E+03  3.011197E-01  -1.532145E-01  -3.270522E-06  1.000000E+00  1.501441E+01  4.598803E-28  8.306739E-22   5.000000E-01 NotAppl  2.923082E-05  0.000000E+00  
5.934451E+03  6.529025E-02  7.793242E-02  -1.073419E-09  1.000000E+00  1.114624E+01  6.341124E-28  1.410049E-28   5.000000E-01 NotAppl  5.058489E-05  0.000000E+00  
5.819186E+03  5.759950E+00  1.703842E+01  3.866696E-05  1.000000E+00  3.536975E-02  1.600401E-25  1.903373E-19   5.000000E-01 NotAppl  1.319894E-02  0.000000E+00  
6.960343E+03  3.558393E-02  8.046690E-01  -4.498605E-06  1.000000E+00  8.843411E+00  6.466117E-28  1.790480E-21   5.000000E-01 NotAppl  4.408455E-05  0.000000E+00  
2.753233E+02  2.300664E-01  4.633645E+01  1.320372E-04  1.000000E+00  7.088118E-03  7.387311E-25  1.120564E-15   5.000000E-01 NotAppl  1.381249E+00  0.000000E+00  
4.005764E+03  5.992268E-04  9.455258E+02  2.217149E-03  1.000000E+00  2.808257E-05  1.888691E-22  1.337164E-15   5.000000E-01 NotAppl  2.281258E+01  0.000000E+00  
1.320482E+03  2.264726E-04  5.560218E-02  2.031516E-10  1.000000E+00  6.296522E-01  1.253671E-26  1.076274E-28   5.000000E-01 NotAppl  4.632255E-03  0.000000E+00  
9.215905E+01  4.406066E+00  -4.369302E+00  2.643220E-02  1.000000E+00  4.493046E-03  1.259709E-24  4.231074E-10   2.770278E-17 LZ5Tmedian  7.524025E+00  0.000000E+00  
5.781673E+01  8.797123E-03  2.534667E-02  -1.372844E-08  1.000000E+00  3.683012E-03  1.321881E-39  2.959876E-22   5.000000E-01 NotAppl  1.436586E-14  1.022492E-13  
1.870493E+01  1.321983E+00  -1.321707E+00  7.189122E-04  1.000000E+00  2.794501E-02  9.707084E-32  7.984825E-12   5.000000E-01 NotAppl  3.544904E-06  6.920653E-04  
1.355571E+02  4.882454E-01  -4.006984E-01  1.622604E-01  1.000000E+00  5.914399E-03  1.593688E-24  7.228937E-09   2.348384E-208 LZ5Tmedian  6.350910E+00  0.000000E+00  
1.265978E+02  1.313304E-03  9.988837E-04  9.622058E-02  1.000000E+00  6.510937E-03  1.422530E-24  2.924581E-09   9.781366E-90 LZ5Tmedian  6.060342E+00  0.000000E+00  
7.085431E+02  3.808763E-02  1.341379E-01  3.659897E-09  1.000000E+00  1.926402E-01  4.297393E-26  1.244964E-25   5.000000E-01 NotAppl  3.013586E-02  0.000000E+00  
3.271203E+03  4.069680E-03  7.529927E-01  1.092299E-02  1.000000E+00  3.111643E+00  2.235154E-27  4.900928E-14   5.000000E-01 NotAppl  3.268861E-04  0.000000E+00  
3.676529E+03  1.178492E-01  -1.116854E-01  4.627765E-02  1.000000E+00  4.328672E+00  1.702668E-27  6.936030E-13   5.000000E-01 NotAppl  2.210630E-04  0.000000E+00  
4.996238E+03  7.739314E+00  1.869498E+01  -7.846410E-06  1.000000E+00  2.615309E-02  2.238968E-25  1.068551E-20   5.000000E-01 NotAppl  2.154072E-02  0.000000E+00  
6.868232E+02  2.114851E+00  9.500761E+02  2.344931E-09  1.000000E+00  8.104367E-05  6.137986E-23  5.446378E-26   5.000000E-01 NotAppl  4.512593E+01  0.000000E+00  
2.007755E+02  3.474130E-03  9.973581E-01  5.378750E-05  1.000000E+00  1.732995E-02  4.766722E-25  3.551002E-16   5.000000E-01 NotAppl  1.240344E+00  0.000000E+00  
7.593755E+03  8.817569E-03  3.006088E+01  6.511285E-09  1.000000E+00  1.922375E-02  2.435991E-25  3.142649E-27   5.000000E-01 NotAppl  1.537421E-02  0.000000E+00  
2.256407E+01  5.464824E+02  -2.694511E+02  -6.536798E-02  1.000000E+00  2.371953E+00  8.700893E-28  4.529401E-08   0.000000E+00 XENON1T_2018  2.584388E-02  8.506063E-01  
1.695153E+01  5.429870E-04  3.490682E-03  2.928679E-04  1.000000E+00  1.706176E-03  1.558959E-32  1.613435E-12   5.000000E-01 NotAppl  6.358271E-07  1.178714E-04  
2.884486E+02  3.389758E+01  3.166215E+02  2.738635E-01  1.000000E+00  2.807386E-04  1.160471E-23  4.382188E-09   6.300062E-64 LZ5Tmedian  2.072258E+01  0.000000E+00  
1.209079E+03  1.743170E+00  -1.585774E+00  -2.073564E-10  1.000000E+00  4.533227E-01  1.673338E-26  1.342100E-28   5.000000E-01 NotAppl  6.766141E-03  0.000000E+00  
5.582851E+03  4.178613E+01  -4.178564E+01  2.141225E-08  1.000000E+00  6.494133E-03  1.024277E-24  6.349923E-26   5.000000E-01 NotAppl  8.643691E-02  0.000000E+00  
1.320268E+01  8.298979E+02  -8.287818E+02  -3.969465E-08  1.000000E+00  3.228980E-01  2.654635E-40  4.871072E-20   5.000000E-01 NotAppl  1.442285E-14  2.197259E-12  
7.559950E+02  4.211580E-04  1.073520E-02  -9.343469E-06  1.000000E+00  2.183388E-01  3.781132E-26  7.107525E-19   5.000000E-01 NotAppl  2.479767E-02  0.000000E+00  
2.842954E+02  3.341160E-01  1.379159E+02  7.987749E-08  1.000000E+00  1.542207E-03  3.095866E-24  3.840347E-22   5.000000E-01 NotAppl  5.600239E+00  0.000000E+00  
8.354585E+02  7.021259E-03  -2.046956E-03  1.154662E-04  1.000000E+00  2.640325E-01  3.104598E-26  8.850188E-17   5.000000E-01 NotAppl  1.836725E-02  0.000000E+00  
4.370058E+03  1.678202E+02  -7.740416E+01  -1.425127E-04  1.000000E+00  2.937138E-04  1.816219E-23  4.628238E-18   5.000000E-01 NotAppl  1.970373E+00  0.000000E+00  
3.853137E+02  6.751765E-03  9.714403E-02  8.411748E+00  1.000000E+00  5.936281E-05  2.521992E-22  2.285428E-06   0.000000E+00 XENON1T_2018  3.824959E+02  0.000000E+00  
5.001496E+01  1.369028E+00  -8.866966E-01  8.617106E-09  1.000000E+00  1.638636E-03  8.363031E-41  1.567161E-22   5.000000E-01 NotAppl  1.061166E-15  6.123533E-14  
1.475958E+01  2.886715E-03  9.886255E-02  9.283737E-06  1.000000E+00  1.156440E-03  1.502549E-35  2.136183E-15   5.000000E-01 NotAppl  7.175691E-10  1.196305E-07  
4.860711E+01  7.044312E-04  4.196655E+00  -4.763629E-09  1.000000E+00  1.526643E-03  2.117545E-41  5.076130E-23   5.000000E-01 NotAppl  2.767342E-16  1.755040E-14  
1.621134E+03  9.882994E-04  1.234321E+01  -3.292493E-09  1.000000E+00  9.600341E-02  4.913979E-26  1.860611E-26   5.000000E-01 NotAppl  1.492637E-02  0.000000E+00  
8.317653E+02  2.464738E-01  2.842105E+00  1.271246E-09  1.000000E+00  2.227395E-01  3.395977E-26  1.082504E-26   5.000000E-01 NotAppl  2.020883E-02  0.000000E+00  
3.069933E+01  2.580354E-04  1.241352E-01  -1.711151E-03  1.000000E+00  2.217433E-03  7.629143E-31  1.666473E-11   1.316463E-01 NotAppl  1.619458E-05  3.594596E-03  
2.638230E+03  1.008494E-04  5.490307E+01  1.658218E+00  1.000000E+00  4.944001E-03  1.165961E-24  1.749825E-09   1.362406E-03 LZ5Tmedian  2.163138E-01  0.000000E+00  
1.123089E+03  5.322955E-04  2.817318E-01  -2.847384E+00  1.000000E+00  7.424553E-03  1.703076E-24  2.941897E-08   2.812879E-113 LZ5Tmedian  7.980327E-01  0.000000E+00  
2.135262E+02  1.582210E-04  1.076420E-01  -4.426416E-10  1.000000E+00  1.991895E-02  4.258509E-25  2.119812E-26   5.000000E-01 NotAppl  1.039096E+00  0.000000E+00  
2.124758E+01  7.512023E+00  -4.981780E-01  -2.237779E-05  1.000000E+00  2.003840E+00  9.901195E-35  5.990576E-15   5.000000E-01 NotAppl  3.142317E-09  4.223236E-07  
1.268670E+01  8.969993E+02  -8.932218E+02  -2.896201E-06  1.000000E+00  7.201655E+00  1.394707E-36  2.805611E-16   5.000000E-01 NotAppl  7.936839E-11  1.151236E-08  
6.394690E+01  1.937077E-01  -7.394875E-02  1.277635E-07  1.000000E+00  5.218543E-03  1.092703E-36  2.087058E-20   5.000000E-01 NotAppl  1.069549E-11  0.000000E+00  
8.348449E+01  9.989270E-04  1.458582E+02  1.539126E+00  1.000000E+00  1.777219E-04  5.041128E-23  1.756772E-06   0.000000E+00 XENON1T_2018  3.413136E+02  0.000000E+00  
