MD1           DMP           DM3           l345          ld           Omegah2       sigV          protonSI      PvalDD        expName      CMB_ID        brH_DMDM      
3.744072E+02  6.157399E-02  -3.646143E-02  1.062016E-08  1.000000E+00  5.717187E-02  1.488380E-25  3.863529E-24   5.000000E-01 NotAppl  2.022631E-01  0.000000E+00  
1.709823E+03  1.446746E+01  -1.446694E+01  -1.405626E-04  1.000000E+00  4.806452E-02  1.297243E-25  3.042214E-17   5.000000E-01 NotAppl  3.663843E-02  0.000000E+00  
1.440245E+02  4.270429E+02  -4.054091E+02  -8.469100E-10  1.000000E+00  4.808380E-04  6.308668E-24  1.739312E-25   5.000000E-01 NotAppl  2.398851E+01  0.000000E+00  
8.972621E+02  2.162521E+02  -2.162473E+02  1.850099E-06  1.000000E+00  3.377690E-04  2.125953E-23  1.963988E-20   5.000000E-01 NotAppl  1.166234E+01  0.000000E+00  
4.550363E+03  6.608835E-03  -5.917368E-03  1.585313E-03  1.000000E+00  6.766333E+00  1.064352E-27  5.275099E-16   5.000000E-01 NotAppl  1.111354E-04  0.000000E+00  
2.312384E+01  1.253912E+00  3.760210E+02  1.708822E-03  1.000000E+00  1.130232E-02  6.025604E-31  2.946264E-11   5.954348E-02 LZ5Tmedian  1.743997E-05  3.723640E-03  
5.123811E+03  2.022005E-04  1.715536E-03  5.580943E+00  1.000000E+00  4.129765E-02  2.878874E-25  5.135779E-09   4.575346E-05 LZ5Tmedian  2.813010E-02  0.000000E+00  
9.478493E+03  6.316914E+00  -6.316792E+00  3.453524E-04  1.000000E+00  2.485277E-01  2.380628E-26  5.635842E-18   5.000000E-01 NotAppl  1.175555E-03  0.000000E+00  
4.093851E+03  1.745903E-04  2.560104E-04  3.794182E-05  1.000000E+00  5.515151E+00  1.314471E-27  3.746414E-19   5.000000E-01 NotAppl  1.528174E-04  0.000000E+00  
1.431600E+02  1.227323E-02  1.342420E+00  9.191217E-05  1.000000E+00  9.346591E-03  8.302953E-25  2.074012E-15   5.000000E-01 NotAppl  3.114613E+00  0.000000E+00  
2.988743E+02  1.786050E-03  3.763764E+01  9.260118E-07  1.000000E+00  9.668750E-03  5.559121E-25  4.658846E-20   5.000000E-01 NotAppl  9.554095E-01  0.000000E+00  
7.732458E+02  7.793645E+02  -7.793642E+02  1.051109E-07  1.000000E+00  5.934016E-05  1.255727E-22  8.589756E-23   5.000000E-01 NotAppl  8.033353E+01  0.000000E+00  
2.562439E+03  3.642331E-04  1.271774E+02  -4.339223E-09  1.000000E+00  1.166797E-03  4.154929E-24  1.271486E-26   5.000000E-01 NotAppl  7.916113E-01  0.000000E+00  
2.819129E+03  3.343440E-02  1.283959E+00  5.273187E-05  1.000000E+00  2.047543E+00  3.237757E-27  1.546026E-18   5.000000E-01 NotAppl  5.516669E-04  0.000000E+00  
2.647463E+03  3.179926E-01  -3.047332E-01  8.091338E-06  1.000000E+00  2.317461E+00  3.197604E-27  4.136782E-20   5.000000E-01 NotAppl  5.793854E-04  0.000000E+00  
1.063376E+01  3.661170E-01  -3.603703E-01  -2.879605E-09  1.000000E+00  4.688509E-03  1.284285E-42  3.923986E-22   5.000000E-01 NotAppl  8.988657E-17  1.166976E-14  
1.528559E+03  3.416289E-04  -5.790519E-05  5.161559E-10  1.000000E+00  8.319250E-01  9.371965E-27  5.154789E-28   5.000000E-01 NotAppl  2.979983E-03  0.000000E+00  
1.560073E+01  2.708053E-04  4.655299E+01  2.370124E-03  1.000000E+00  8.615467E-04  9.955564E-31  1.246980E-10   3.244255E-03 LZ5Tmedian  4.463516E-05  2.285908E-03  
8.689464E+03  3.375278E-03  1.959742E-01  2.153366E-10  1.000000E+00  2.226360E+01  3.028754E-28  2.617094E-30   5.000000E-01 NotAppl  1.642928E-05  0.000000E+00  
8.348902E+03  3.898771E+02  -3.371778E+02  4.436107E+00  1.000000E+00  7.274061E-05  9.019687E-23  1.203228E-09   2.374028E-01 NotAppl  5.064801E+00  0.000000E+00  
8.980979E+02  1.559412E-03  1.090152E-02  -7.102294E-03  1.000000E+00  3.028603E-01  2.691749E-26  2.888820E-13   5.000000E-01 NotAppl  1.478183E-02  0.000000E+00  
4.677047E+01  6.844803E-02  8.085162E+00  -1.535832E-05  1.000000E+00  8.499225E-04  1.776957E-34  5.707145E-16   5.000000E-01 NotAppl  2.416573E-09  1.447042E-07  
6.096994E+01  2.302678E-01  1.109332E+01  1.937475E+00  1.000000E+00  1.427182E-04  5.540949E-23  5.289914E-06   0.000000E+00 XENON1T_2018  5.625142E+02  3.511512E-01  
7.666868E+03  1.378552E+00  1.793400E+01  2.518967E-01  1.000000E+00  4.620718E-02  1.080346E-25  4.612777E-12   5.000000E-01 NotAppl  6.750410E-03  0.000000E+00  
4.359959E+01  1.425846E+00  3.147880E+02  -2.503036E-03  1.000000E+00  5.878031E-04  3.476456E-30  1.748800E-11   1.039971E-01 NotAppl  5.073133E-05  6.330731E-03  
3.589323E+01  3.616116E-02  -1.224013E-02  1.167578E-09  1.000000E+00  4.007528E-04  4.493226E-43  5.650750E-24   5.000000E-01 NotAppl  8.050681E-18  1.594136E-15  
1.405391E+03  5.424497E+00  -5.422102E+00  2.213088E-03  1.000000E+00  2.271634E-01  2.848099E-26  1.124781E-14   5.000000E-01 NotAppl  9.851597E-03  0.000000E+00  
2.955769E+02  2.010029E-03  8.377935E+02  2.321728E-10  1.000000E+00  2.988948E-04  1.593718E-23  2.995963E-27   5.000000E-01 NotAppl  2.771017E+01  0.000000E+00  
6.014760E+03  5.646692E-04  -3.116008E-04  -3.079645E-06  1.000000E+00  1.162409E+01  6.094522E-28  1.128934E-21   5.000000E-01 NotAppl  4.795386E-05  0.000000E+00  
1.156522E+01  4.570133E+01  -4.543565E+01  3.419769E-10  1.000000E+00  1.846658E-01  1.879495E-44  4.693966E-24   5.000000E-01 NotAppl  1.191763E-18  1.158631E-17  
4.963505E+03  8.679310E+00  -8.666105E+00  4.168549E-07  1.000000E+00  1.322821E-01  4.530543E-26  3.056516E-23   5.000000E-01 NotAppl  4.307925E-03  0.000000E+00  
1.055249E+01  7.719573E+01  -7.719512E+01  1.141378E-02  1.000000E+00  1.991821E-01  2.010099E-29  6.258053E-09   1.139170E-31 LZ5Tmedian  1.419600E-03  1.342320E-01  
1.145871E+01  1.216032E-02  4.686611E+02  9.893091E-03  1.000000E+00  5.344968E-04  1.567094E-29  4.000419E-09   3.449863E-29 LZ5Tmedian  1.004531E-03  9.727279E-02  
2.639019E+01  2.691767E-04  4.355761E-01  2.376374E-01  1.000000E+00  2.320771E-03  1.271979E-26  4.364585E-07   0.000000E+00 XENON1T_2018  3.187703E-01  2.489587E-01  
4.328376E+02  4.647439E-03  7.246141E+02  9.796715E-09  1.000000E+00  1.812265E-04  2.734806E-23  2.443440E-24   5.000000E-01 NotAppl  3.223274E+01  0.000000E+00  
3.715110E+01  1.580749E-03  1.927402E-01  -6.477810E-03  1.000000E+00  1.562627E-04  1.481653E-29  1.621840E-10   7.890254E-10 LZ5Tmedian  2.563872E-04  4.066017E-02  
2.861235E+01  2.268664E+01  -2.268395E+01  1.608138E+00  1.000000E+00  5.970882E-03  5.523507E-25  1.697350E-05   0.000000E+00 XENON1T_2018  1.260060E+01  2.953299E-01  
1.005400E+02  1.158688E-01  1.098935E+00  -5.007462E-02  1.000000E+00  6.237303E-03  8.972302E-25  1.270396E-09   2.741289E-47 LZ5Tmedian  4.852464E+00  0.000000E+00  
4.726950E+01  3.929204E-03  2.993660E+02  -1.249440E-08  1.000000E+00  1.007547E-03  1.242619E-40  3.696361E-22   5.000000E-01 NotAppl  1.671440E-15  1.458859E-13  
5.905448E+02  1.098577E-03  -9.258126E-04  4.014111E-02  1.000000E+00  1.341953E-01  6.292351E-26  2.173116E-11   5.000000E-01 NotAppl  5.334205E-02  0.000000E+00  
3.214217E+02  9.160646E-04  1.234071E+00  2.963516E-02  1.000000E+00  4.098464E-02  2.057233E-25  4.111353E-11   2.918942E-01 NotAppl  3.279186E-01  0.000000E+00  
2.846692E+01  3.685270E-02  -3.640705E-02  4.351214E-10  1.000000E+00  2.995077E-03  4.551794E-44  1.255520E-24   5.000000E-01 NotAppl  1.047957E-18  2.407644E-16  
1.645234E+03  2.112585E-04  1.418910E+02  -2.820404E-01  1.000000E+00  9.904928E-04  4.802762E-24  1.324840E-10   4.497144E-01 NotAppl  1.441229E+00  0.000000E+00  
4.466447E+01  1.356141E-02  4.423697E+00  4.232407E-07  1.000000E+00  1.932225E-04  1.093008E-37  4.760466E-19   5.000000E-01 NotAppl  1.559164E-12  1.519518E-10  
1.939186E+01  2.399221E-02  6.710854E-01  3.396109E-02  1.000000E+00  1.516276E-03  2.195244E-28  1.657622E-08   0.000000E+00 XENON1T_2018  7.705789E-03  2.130431E-01  
4.934670E+02  2.376776E-03  1.715630E+01  -8.049945E-03  1.000000E+00  3.509683E-02  1.616660E-25  1.261731E-12   5.000000E-01 NotAppl  1.656845E-01  0.000000E+00  
9.965860E+01  1.225510E-04  9.595220E-05  -1.795549E-08  1.000000E+00  5.829461E-03  1.226751E-24  1.663173E-22   5.000000E-01 NotAppl  6.699667E+00  0.000000E+00  
4.223228E+01  3.055967E-04  7.829898E+01  -3.299257E+00  1.000000E+00  3.173061E-04  1.494013E-24  3.241881E-05   0.000000E+00 XENON1T_2018  2.180577E+01  3.333244E-01  
3.558336E+01  7.694401E-03  8.704797E+00  -1.412811E-01  1.000000E+00  5.143348E-04  6.472358E-27  8.420693E-08   0.000000E+00 XENON1T_2018  1.172250E-01  2.750317E-01  
3.085013E+02  1.571342E-02  -1.045438E-02  -2.369727E-05  1.000000E+00  3.964868E-02  2.153194E-25  2.859231E-17   5.000000E-01 NotAppl  3.578802E-01  0.000000E+00  
1.416871E+01  4.130730E+01  -4.130694E+01  3.030009E-02  1.000000E+00  1.045784E-01  1.581071E-28  2.467775E-08   0.000000E+00 LZ5Tmedian  7.916261E-03  5.058632E-02  
4.225627E+03  6.641163E-04  2.203980E-03  7.336756E+00  1.000000E+00  1.685689E-02  7.268730E-25  1.313416E-08   3.543521E-14 LZ5Tmedian  8.633470E-02  0.000000E+00  
3.216274E+02  7.265482E+00  1.796113E+02  2.031720E-02  1.000000E+00  8.037754E-04  5.073882E-24  1.929872E-11   5.000000E-01 NotAppl  8.095515E+00  0.000000E+00  
9.587121E+02  3.504248E-04  1.009948E+00  -2.430542E-06  1.000000E+00  3.333929E-01  2.393650E-26  2.960857E-20   5.000000E-01 NotAppl  1.229129E-02  0.000000E+00  
7.363619E+03  6.434516E-02  -5.901670E-02  -2.542740E+00  1.000000E+00  3.780086E-01  2.905419E-26  5.101813E-10   5.000000E-01 NotAppl  1.967079E-03  0.000000E+00  
1.165342E+02  2.504100E+00  -2.502723E+00  -2.454199E-05  1.000000E+00  6.299091E-03  1.117120E-24  2.254723E-16   5.000000E-01 NotAppl  5.184393E+00  0.000000E+00  
7.525852E+01  1.995249E+01  -1.994121E+01  1.104250E-08  1.000000E+00  1.969315E-02  9.028410E-41  1.117914E-22   5.000000E-01 NotAppl  7.471488E-16  0.000000E+00  
7.300583E+02  1.120965E-03  -8.077500E-04  1.325258E-06  1.000000E+00  2.043133E-01  4.050283E-26  1.535596E-20   5.000000E-01 NotAppl  2.753797E-02  0.000000E+00  
3.171299E+02  1.048703E-01  1.165819E+00  -2.799698E-08  1.000000E+00  4.042114E-02  2.051730E-25  3.771769E-23   5.000000E-01 NotAppl  3.313653E-01  0.000000E+00  
7.766291E+03  3.824099E+02  -3.787213E+02  2.417558E-01  1.000000E+00  8.980937E-05  8.239824E-23  4.139094E-12   5.000000E-01 NotAppl  4.976636E+00  0.000000E+00  
6.931921E+03  7.259957E-02  -7.207671E-02  2.755753E-08  1.000000E+00  1.517218E+01  4.620568E-28  6.774826E-26   5.000000E-01 NotAppl  3.148387E-05  0.000000E+00  
2.489103E+02  4.812358E-04  2.404479E-02  3.174342E-01  1.000000E+00  1.332435E-02  7.981563E-25  7.962829E-09   9.629408E-133 LZ5Tmedian  1.704705E+00  0.000000E+00  
9.762451E+02  1.595779E-03  2.139358E-02  -2.148477E-08  1.000000E+00  3.548958E-01  2.281879E-26  2.229487E-24   5.000000E-01 NotAppl  1.149821E-02  0.000000E+00  
7.095698E+01  8.116193E-01  -7.810403E-01  2.159023E-10  1.000000E+00  8.104751E-03  8.294707E-44  4.819446E-26   5.000000E-01 NotAppl  7.292008E-19  0.000000E+00  
1.394944E+03  4.547103E-01  -4.511682E-01  2.745287E-10  1.000000E+00  6.862793E-01  1.136464E-26  1.757317E-28   5.000000E-01 NotAppl  3.969162E-03  0.000000E+00  
2.324448E+01  5.213140E-03  1.946730E+01  4.296561E-09  1.000000E+00  1.706876E-03  3.820446E-42  1.843180E-22   5.000000E-01 NotAppl  1.099541E-16  8.157727E-15  
6.044837E+01  1.094275E+00  3.970576E+02  -1.362122E-10  1.000000E+00  3.269494E-03  6.507732E-43  2.660869E-26   5.000000E-01 NotAppl  6.785278E-18  6.666322E-18  
1.618594E+01  4.223273E+00  -4.221347E+00  -7.949359E+00  1.000000E+00  3.006213E-02  1.224189E-25  1.303522E-03   0.000000E+00 XENON1T_2018  5.352721E+00  2.528737E-01  
1.411472E+03  1.855562E-03  1.840037E+00  -2.978190E-03  1.000000E+00  6.155945E-01  1.186989E-26  2.019069E-14   5.000000E-01 NotAppl  4.101409E-03  0.000000E+00  
3.624136E+02  1.921834E-03  6.611666E-04  5.291067E-05  1.000000E+00  5.379809E-02  1.584136E-25  1.025045E-16   5.000000E-01 NotAppl  2.226783E-01  0.000000E+00  
1.449572E+01  1.720832E-02  -1.709407E-02  4.312927E-05  1.000000E+00  1.447968E-03  3.225477E-34  4.778552E-14   5.000000E-01 NotAppl  1.573119E-08  2.584612E-06  
1.813866E+02  7.591814E-04  9.276036E+00  6.387497E-08  1.000000E+00  1.194382E-02  5.993541E-25  6.166526E-22   5.000000E-01 NotAppl  1.733199E+00  0.000000E+00  
7.429779E+01  3.029568E-01  3.652738E+01  5.524647E-07  1.000000E+00  6.484219E-03  2.674864E-37  2.872638E-19   5.000000E-01 NotAppl  2.260160E-12  0.000000E+00  
5.048985E+03  5.663508E-03  -4.379703E-03  -2.385386E-09  1.000000E+00  8.277112E+00  8.646479E-28  9.667096E-28   5.000000E-01 NotAppl  8.123798E-05  0.000000E+00  
2.255119E+03  4.762181E-03  7.175667E-02  -9.443006E-05  1.000000E+00  1.746985E+00  4.321970E-27  7.811025E-18   5.000000E-01 NotAppl  9.226284E-04  0.000000E+00  
1.887929E+02  3.030000E-01  4.045823E+02  3.171593E-01  1.000000E+00  7.223127E-04  7.523515E-24  1.400595E-08   1.019131E-300 LZ5Tmedian  2.071898E+01  0.000000E+00  
1.838761E+01  5.165876E+02  -5.165811E+02  -9.406578E-08  1.000000E+00  5.574498E-02  1.651848E-39  1.414678E-19   5.000000E-01 NotAppl  6.148923E-14  1.208363E-11  
2.511071E+01  1.010106E-03  2.491009E-01  1.972073E-08  1.000000E+00  2.405099E-03  8.444520E-41  3.323083E-21   5.000000E-01 NotAppl  2.235729E-15  5.086017E-13  
2.000558E+02  2.375907E-01  -2.008920E-01  5.766546E-09  1.000000E+00  1.756546E-02  4.787228E-25  4.111648E-24   5.000000E-01 NotAppl  1.250418E+00  0.000000E+00  
3.610823E+02  4.002364E-03  -2.636687E-03  1.015690E-08  1.000000E+00  5.342401E-02  1.595322E-25  3.805834E-24   5.000000E-01 NotAppl  2.250613E-01  0.000000E+00  
2.788024E+01  7.824880E+00  -7.820099E+00  1.350448E-07  1.000000E+00  1.434080E-02  4.300406E-39  1.261398E-19   5.000000E-01 NotAppl  1.012989E-13  1.391829E-11  
1.805028E+01  2.281535E+02  -2.281530E+02  -9.649911E-02  1.000000E+00  5.753883E-02  1.727411E-27  1.545025E-07   0.000000E+00 XENON1T_2018  6.567486E-02  4.811197E-01  
4.022181E+02  1.268409E+01  2.879109E+02  -1.203334E-10  1.000000E+00  3.599628E-04  1.086756E-23  4.283505E-28   5.000000E-01 NotAppl  1.380725E+01  0.000000E+00  
2.942527E+03  1.466111E+00  5.852542E+02  -8.939177E-03  1.000000E+00  6.815077E-05  7.557143E-23  4.071832E-14   5.000000E-01 NotAppl  1.249778E+01  0.000000E+00  
3.796191E+03  3.725542E-02  5.862418E-02  -5.029319E-02  1.000000E+00  4.700817E+00  1.555548E-27  7.675161E-13   5.000000E-01 NotAppl  1.955450E-04  0.000000E+00  
2.213537E+01  1.095797E-02  4.466997E-02  2.506688E-03  1.000000E+00  2.497235E-03  1.266989E-30  6.922757E-11   1.896494E-03 LZ5Tmedian  3.842549E-05  8.114837E-03  
2.867477E+01  2.936528E-04  7.438279E-03  4.093208E-02  1.000000E+00  2.770294E-03  4.056648E-28  1.094807E-08   0.000000E+00 LZ5Tmedian  9.264883E-03  2.236590E-01  
2.247185E+02  2.101621E-02  1.280206E-01  -2.746357E-06  1.000000E+00  2.184526E-02  3.883146E-25  7.349268E-19   5.000000E-01 NotAppl  8.983637E-01  0.000000E+00  
1.124937E+01  1.165756E-01  2.989328E+02  3.684491E+00  1.000000E+00  7.539718E-04  6.384638E-25  5.753328E-04   0.000000E+00 XENON1T_2018  4.192582E+01  3.333937E-01  
2.471261E+02  1.444812E+00  7.502525E+00  -7.941878E-06  1.000000E+00  1.852768E-02  3.527800E-25  5.058321E-18   5.000000E-01 NotAppl  7.388511E-01  0.000000E+00  
8.159080E+02  3.621120E+00  2.606102E+01  -1.566925E-08  1.000000E+00  1.845578E-02  2.685354E-25  1.710574E-24   5.000000E-01 NotAppl  1.650950E-01  0.000000E+00  
3.178660E+03  6.871528E-02  2.260701E+01  4.112657E-05  1.000000E+00  3.262082E-02  1.400139E-25  7.365555E-19   5.000000E-01 NotAppl  2.139254E-02  0.000000E+00  
4.041570E+03  2.184010E+01  -2.112645E+01  8.428035E-09  1.000000E+00  2.276267E-02  2.816094E-25  1.897496E-26   5.000000E-01 NotAppl  3.299384E-02  0.000000E+00  
1.009807E+02  3.493661E-04  8.297718E-02  6.707461E-01  1.000000E+00  9.220317E-04  1.365448E-23  2.259057E-07   0.000000E+00 XENON1T_2018  7.384494E+01  0.000000E+00  
1.830443E+01  3.123992E+02  -2.734464E+02  -2.313322E-04  1.000000E+00  6.984241E+04  9.974625E-33  8.633927E-13   5.000000E-01 NotAppl  3.733399E-07  1.083949E-05  
8.372889E+03  2.845610E+02  -2.843488E+02  8.886136E-07  1.000000E+00  1.610244E-04  4.622486E-23  4.799973E-23   5.000000E-01 NotAppl  2.587430E+00  0.000000E+00  
6.657249E+01  4.021537E-02  -3.917554E-02  -3.277845E-10  1.000000E+00  5.507973E-03  8.746389E-43  1.265385E-25   5.000000E-01 NotAppl  8.212097E-18  0.000000E+00  
2.074434E+03  2.032292E-04  2.095533E-01  6.168919E-01  1.000000E+00  3.748983E-01  2.715869E-26  3.951778E-10   1.506055E-01 NotAppl  6.613758E-03  0.000000E+00  
4.447981E+02  8.048303E-01  6.822162E-01  2.378931E-05  1.000000E+00  7.432595E-02  1.079449E-25  1.362655E-17   5.000000E-01 NotAppl  1.226295E-01  0.000000E+00  
7.378597E+02  1.208328E-04  1.891026E-02  -3.665816E-10  1.000000E+00  2.084763E-01  3.966429E-26  1.149696E-27   5.000000E-01 NotAppl  2.667318E-02  0.000000E+00  
1.010245E+01  4.047618E+01  1.189337E+02  5.063877E-09  1.000000E+00  3.359374E+06  3.867536E-42  1.341289E-21   5.000000E-01 NotAppl  2.875169E-16  2.829726E-15  
7.686286E+01  3.590636E-04  5.836174E+02  1.043698E-05  1.000000E+00  6.070717E-03  6.243615E-35  9.565528E-17   5.000000E-01 NotAppl  5.097378E-10  0.000000E+00  
6.002232E+03  1.740166E-04  4.032662E+00  -2.839975E-02  1.000000E+00  8.737065E-01  4.855531E-27  9.641319E-14   5.000000E-01 NotAppl  3.883435E-04  0.000000E+00  
4.877387E+03  7.014984E-04  1.411313E-02  5.222543E-09  1.000000E+00  7.739896E+00  9.265299E-28  4.971204E-27   5.000000E-01 NotAppl  9.015958E-05  0.000000E+00  
2.007141E+03  4.630483E+01  -4.630331E+01  -4.993230E-02  1.000000E+00  5.426335E-03  1.220722E-24  2.768964E-12   5.000000E-01 NotAppl  2.924104E-01  0.000000E+00  
1.020944E+02  2.259739E+01  -2.259694E+01  -2.736109E-01  1.000000E+00  1.515956E-02  2.453951E-25  3.675472E-08   0.000000E+00 XENON1T_2018  1.316074E+00  0.000000E+00  
1.760505E+01  9.809472E-04  3.872858E+02  2.541137E-04  1.000000E+00  1.067660E-03  1.187973E-32  1.126261E-12   5.000000E-01 NotAppl  4.645044E-07  8.848153E-05  
7.973731E+01  7.246400E-02  -7.127475E-02  -3.087982E-07  1.000000E+00  7.187502E-03  3.669693E-38  7.768397E-20   5.000000E-01 NotAppl  2.860565E-13  0.000000E+00  
5.212948E+03  1.116059E-04  3.025794E-01  1.207177E-01  1.000000E+00  7.209173E+00  1.022136E-27  2.320095E-12   5.000000E-01 NotAppl  9.376988E-05  0.000000E+00  
2.301145E+01  1.300586E+01  -1.300564E+01  -5.614707E-08  1.000000E+00  2.925366E-02  6.487756E-40  3.212142E-20   5.000000E-01 NotAppl  1.886275E-14  1.610020E-12  
1.463890E+03  2.014019E+02  -2.014016E+02  1.960936E+00  1.000000E+00  2.834876E-04  2.548580E-23  8.126034E-09   1.244526E-24 LZ5Tmedian  8.450177E+00  0.000000E+00  
7.007135E+03  4.624649E+00  9.063792E+01  1.241722E-10  1.000000E+00  2.095938E-03  2.430594E-24  1.347297E-30   5.000000E-01 NotAppl  1.664311E-01  0.000000E+00  
9.612903E+02  1.930010E+00  5.705836E-01  2.605612E-06  1.000000E+00  2.761281E-01  2.742969E-26  3.384149E-20   5.000000E-01 NotAppl  1.405606E-02  0.000000E+00  
2.117769E+01  5.838704E+00  2.966014E+02  1.002573E-01  1.000000E+00  5.527217E-01  1.984567E-27  1.210437E-07   0.000000E+00 XENON1T_2018  6.321589E-02  2.962535E-01  
4.579363E+03  1.043457E+01  -1.040266E+01  2.102907E-04  1.000000E+00  9.298632E-02  6.521098E-26  9.162841E-18   5.000000E-01 NotAppl  6.728749E-03  0.000000E+00  
1.210847E+03  1.347530E-03  -1.205966E-03  -1.818725E-09  1.000000E+00  5.341895E-01  1.488984E-26  1.029431E-26   5.000000E-01 NotAppl  6.013282E-03  0.000000E+00  
2.681090E+03  2.936024E-03  -2.503005E-03  -3.030163E-09  1.000000E+00  2.437226E+00  3.059674E-27  5.654540E-27   5.000000E-01 NotAppl  5.473500E-04  0.000000E+00  
4.324244E+02  2.509192E+02  -2.509099E+02  5.811993E-10  1.000000E+00  3.615456E-04  1.927299E-23  8.616659E-27   5.000000E-01 NotAppl  2.259160E+01  0.000000E+00  
2.869735E+03  3.516085E+00  -3.515669E+00  1.825779E-09  1.000000E+00  6.051383E-01  9.959703E-27  1.787469E-27   5.000000E-01 NotAppl  1.656716E-03  0.000000E+00  
1.364804E+02  1.959097E-04  3.640907E-03  2.085049E-09  1.000000E+00  9.127831E-03  8.883955E-25  1.177168E-24   5.000000E-01 NotAppl  3.501163E+00  0.000000E+00  
2.944378E+02  3.499494E+01  -3.499369E+01  -1.097749E-02  1.000000E+00  7.595090E-03  8.165013E-25  6.750742E-12   5.000000E-01 NotAppl  1.431309E+00  0.000000E+00  
2.972223E+01  3.310685E-02  -1.494505E-02  2.462224E-07  1.000000E+00  2.687559E-03  1.522912E-38  3.684059E-19   5.000000E-01 NotAppl  3.348477E-13  7.618008E-11  
8.324356E+02  1.290675E-01  -1.287523E-01  6.923499E-07  1.000000E+00  2.618145E-01  3.128084E-26  3.205595E-21   5.000000E-01 NotAppl  1.857543E-02  0.000000E+00  
1.012287E+03  4.595499E-02  -3.926048E-02  -5.678232E-03  1.000000E+00  3.801443E-01  2.123760E-26  1.446202E-13   5.000000E-01 NotAppl  1.030975E-02  0.000000E+00  
1.578192E+03  5.839282E+01  -5.839266E+01  -3.063067E-06  1.000000E+00  3.471017E-03  1.942101E-24  1.700938E-20   5.000000E-01 NotAppl  5.953921E-01  0.000000E+00  
2.077724E+02  9.273743E-01  -8.820962E-01  2.749060E-09  1.000000E+00  1.828879E-02  4.488092E-25  8.647093E-25   5.000000E-01 NotAppl  1.126886E+00  0.000000E+00  
6.725985E+03  1.653966E-04  5.973030E+00  -1.424153E-09  1.000000E+00  4.237442E-01  1.011427E-26  1.924026E-28   5.000000E-01 NotAppl  7.214811E-04  0.000000E+00  
3.876784E+02  1.071855E-03  3.012079E-02  2.219220E-08  1.000000E+00  6.113565E-02  1.391837E-25  1.570934E-23   5.000000E-01 NotAppl  1.824226E-01  0.000000E+00  
2.198809E+03  1.011344E+01  1.166987E+01  1.307250E-06  1.000000E+00  3.258054E-02  1.913811E-25  1.576069E-21   5.000000E-01 NotAppl  4.235475E-02  0.000000E+00  
1.844768E+02  3.946573E-03  4.665548E-01  5.087731E-01  1.000000E+00  4.869119E-03  2.324994E-24  3.779120E-08   0.000000E+00 XENON1T_2018  6.661871E+00  0.000000E+00  
1.146418E+03  7.675625E-04  5.116599E-04  -4.609025E-02  1.000000E+00  4.739162E-01  1.696860E-26  7.391513E-12   5.000000E-01 NotAppl  7.259337E-03  0.000000E+00  
4.181321E+01  4.345446E+01  2.339430E+02  -5.478124E-02  1.000000E+00  1.363574E+00  1.440901E-27  9.120941E-09   0.000000E+00 LZ5Tmedian  2.201527E-02  7.611583E-01  
3.200723E+03  4.411279E-03  1.563562E+00  1.803886E-08  1.000000E+00  2.180722E+00  2.812451E-27  1.397217E-25   5.000000E-01 NotAppl  4.216304E-04  0.000000E+00  
7.040510E+01  8.448608E-01  -8.418529E-01  -9.246070E-05  1.000000E+00  8.060143E-03  1.753684E-32  8.980945E-15   5.000000E-01 NotAppl  1.554152E-07  0.000000E+00  
2.092772E+02  7.438506E-04  1.141276E-01  -4.083899E+00  1.000000E+00  1.287191E-05  1.191827E-21  1.880311E-06   0.000000E+00 XENON1T_2018  3.557049E+03  0.000000E+00  
1.878031E+03  1.919616E-04  9.641098E+02  3.382931E-02  1.000000E+00  3.612311E-05  1.462867E-22  1.455391E-12   5.000000E-01 NotAppl  3.833252E+01  0.000000E+00  
8.983399E+03  1.303923E-03  1.098785E+01  -3.708255E-04  1.000000E+00  1.344907E-01  3.284319E-26  7.245716E-18   5.000000E-01 NotAppl  1.748236E-03  0.000000E+00  
1.913499E+01  1.871147E+02  -1.870939E+02  2.847391E-05  1.000000E+00  5.012597E-02  1.535376E-34  1.196813E-14   5.000000E-01 NotAppl  5.467234E-09  1.102851E-06  
4.984592E+03  1.391641E-04  1.817922E+00  -2.369919E-05  1.000000E+00  2.855000E+00  1.779377E-27  9.794461E-20   5.000000E-01 NotAppl  1.707930E-04  0.000000E+00  
2.052816E+01  1.656092E+02  -1.656091E+02  -2.378482E-05  1.000000E+00  4.131978E-02  1.101630E-34  7.252574E-15   5.000000E-01 NotAppl  3.630857E-09  7.635002E-07  
3.105923E+02  1.762342E+01  9.131765E+01  -1.691173E-09  1.000000E+00  1.430671E-03  2.466931E-24  1.436223E-25   5.000000E-01 NotAppl  4.079117E+00  0.000000E+00  
4.776341E+02  9.196487E+01  -8.803877E+01  -2.221714E-06  1.000000E+00  1.406040E-03  4.039578E-24  1.027364E-19   5.000000E-01 NotAppl  4.267511E+00  0.000000E+00  
1.080105E+02  5.519844E+01  -5.516183E+01  -6.767325E-02  1.000000E+00  4.472595E-03  1.228197E-24  2.003236E-09   3.800992E-70 LZ5Tmedian  6.207816E+00  0.000000E+00  
1.673130E+01  1.045552E-02  1.273665E-01  3.492916E+00  1.000000E+00  1.393457E-03  4.857484E-25  2.355710E-04   0.000000E+00 XENON1T_2018  2.022628E+01  2.500354E-01  
1.256388E+01  1.841609E-02  1.485834E+01  6.396958E-08  1.000000E+00  6.403151E-04  6.781616E-40  1.395262E-19   5.000000E-01 NotAppl  3.902397E-14  3.745816E-12  
6.566322E+01  2.393814E+02  -2.393790E+02  -3.875044E-08  1.000000E+00  1.108302E-02  2.051483E-38  1.818834E-21   5.000000E-01 NotAppl  1.964796E-13  0.000000E+00  
9.001729E+02  3.138211E+01  -3.083556E+01  -3.474903E-01  1.000000E+00  1.409309E-02  4.140113E-25  6.882752E-10   5.281538E-04 LZ5Tmedian  2.277816E-01  0.000000E+00  
1.200244E+03  2.136448E+01  -1.998651E+01  5.074035E-07  1.000000E+00  2.271777E-02  2.789629E-25  8.157626E-22   5.000000E-01 NotAppl  1.133746E-01  0.000000E+00  
2.135844E+02  6.899320E+00  6.496552E+02  2.437791E-02  1.000000E+00  4.618901E-04  8.021747E-24  6.426036E-11   5.903312E-02 LZ5Tmedian  1.941288E+01  0.000000E+00  
5.063066E+02  7.112870E+00  1.367690E+01  4.696228E-10  1.000000E+00  2.317620E-02  2.235815E-25  4.074403E-27   5.000000E-01 NotAppl  2.232668E-01  0.000000E+00  
1.303720E+02  2.728015E+00  -2.538642E+00  -2.256292E-08  1.000000E+00  7.234811E-03  9.658926E-25  1.514133E-22   5.000000E-01 NotAppl  3.990217E+00  0.000000E+00  
2.100296E+03  2.133329E-03  -1.835797E-03  4.362918E-04  1.000000E+00  1.525525E+00  4.978365E-27  1.927374E-16   5.000000E-01 NotAppl  1.142961E-03  0.000000E+00  
8.458863E+03  2.770551E+01  -2.608826E+01  6.561350E-02  1.000000E+00  1.461601E-02  4.567968E-25  2.563241E-13   5.000000E-01 NotAppl  2.530759E-02  0.000000E+00  
4.924080E+02  6.105100E+02  -6.103725E+02  -3.330222E-10  1.000000E+00  1.173330E-04  6.076562E-23  2.168850E-27   5.000000E-01 NotAppl  6.217755E+01  0.000000E+00  
7.494148E+01  2.516302E-01  -2.474506E-01  -2.107265E-08  1.000000E+00  7.646136E-03  3.471714E-40  4.106361E-22   5.000000E-01 NotAppl  2.884969E-15  0.000000E+00  
1.970244E+02  2.134753E-02  2.210533E+01  -9.148319E-06  1.000000E+00  1.056293E-02  6.150413E-25  1.067717E-17   5.000000E-01 NotAppl  1.628734E+00  0.000000E+00  
2.725321E+02  6.602114E+00  -6.601856E+00  -1.025618E-01  1.000000E+00  2.454660E-02  2.832508E-25  6.903655E-10   3.108706E-11 LZ5Tmedian  5.418155E-01  0.000000E+00  
7.963450E+03  3.583431E+02  -2.315016E+02  -7.950440E-05  1.000000E+00  7.315425E-05  7.676170E-23  4.254212E-19   5.000000E-01 NotAppl  4.525580E+00  0.000000E+00  
6.078861E+01  4.297213E-03  5.075861E-03  -1.830430E-07  1.000000E+00  4.305371E-03  1.680219E-36  4.750312E-20   5.000000E-01 NotAppl  1.741855E-11  1.112312E-11  
4.500214E+03  1.193798E-02  9.428016E+00  -9.170715E-03  1.000000E+00  1.752160E-01  2.494937E-26  1.805486E-14   5.000000E-01 NotAppl  2.676028E-03  0.000000E+00  
3.052694E+03  1.478006E-04  5.556188E-02  -1.407833E-01  1.000000E+00  2.723417E+00  2.858781E-27  9.371400E-12   5.000000E-01 NotAppl  4.527557E-04  0.000000E+00  
2.905704E+01  1.043231E-02  -9.603554E-03  -1.327837E-04  1.000000E+00  2.780972E-03  4.325414E-33  1.121659E-13   5.000000E-01 NotAppl  9.748159E-08  2.229667E-05  
6.701808E+02  3.570862E+02  -3.570834E+02  3.542746E-04  1.000000E+00  1.725678E-04  4.206756E-23  1.307061E-15   5.000000E-01 NotAppl  3.122049E+01  0.000000E+00  
2.445433E+03  3.601039E-02  7.631175E+02  -2.942634E-01  1.000000E+00  4.634267E-05  1.127925E-22  6.431241E-11   5.000000E-01 NotAppl  2.254416E+01  0.000000E+00  
1.271421E+02  1.510766E+00  -1.504939E+00  1.119013E-04  1.000000E+00  7.548101E-03  9.926748E-25  3.920836E-15   5.000000E-01 NotAppl  4.205361E+00  0.000000E+00  
1.623336E+01  2.769635E+01  -2.769010E+01  1.156247E-08  1.000000E+00  7.621042E-02  2.397756E-41  2.741716E-21   5.000000E-01 NotAppl  1.027472E-15  2.438738E-14  
2.890314E+01  3.735706E-02  -2.998668E-02  -6.784559E-09  1.000000E+00  2.902819E-03  1.123212E-41  2.959933E-22   5.000000E-01 NotAppl  2.543215E-16  5.829774E-14  
1.569256E+02  5.394509E+00  -5.312061E+00  2.142050E-03  1.000000E+00  8.987407E-03  7.443268E-25  9.332307E-13   5.000000E-01 NotAppl  2.541501E+00  0.000000E+00  
3.338573E+03  6.342560E+01  -6.342102E+01  3.692607E-06  1.000000E+00  2.913182E-03  2.331744E-24  5.373345E-21   5.000000E-01 NotAppl  3.318846E-01  0.000000E+00  
2.566806E+02  1.685797E+02  -1.677585E+02  4.868297E-03  1.000000E+00  7.959696E-04  7.717392E-24  1.758600E-12   5.000000E-01 NotAppl  1.565906E+01  0.000000E+00  
6.920036E+02  2.005048E+02  -2.004401E+02  1.603934E-07  1.000000E+00  4.118050E-04  1.723060E-23  2.509295E-22   5.000000E-01 NotAppl  1.236903E+01  0.000000E+00  
5.021078E+01  4.879747E-04  7.834480E+01  -4.439350E-04  1.000000E+00  2.021239E-03  2.282903E-31  4.126399E-13   5.000000E-01 NotAppl  2.875826E-06  1.675524E-04  
3.157102E+02  3.990043E-01  4.262777E+02  1.399824E-03  1.000000E+00  3.996092E-04  1.191778E-23  9.516113E-14   5.000000E-01 NotAppl  1.937821E+01  0.000000E+00  
4.489463E+02  1.016001E-03  7.385988E-01  -3.933100E-09  1.000000E+00  7.989058E-02  1.050450E-25  3.654642E-25   5.000000E-01 NotAppl  1.181840E-01  0.000000E+00  
6.764968E+02  2.048921E+01  6.186980E+02  -7.413092E-09  1.000000E+00  9.815433E-05  4.130606E-23  5.614231E-25   5.000000E-01 NotAppl  3.083829E+01  0.000000E+00  
3.691928E+01  3.888295E+02  -3.888293E+02  3.070222E-02  1.000000E+00  2.262139E-03  3.284766E-28  3.689893E-09   1.211896E-207 LZ5Tmedian  5.721459E-03  3.424468E-01  
7.445509E+02  6.819499E+02  -6.065592E+02  9.617432E-09  1.000000E+00  3.565238E-05  1.061128E-22  7.768797E-25   5.000000E-01 NotAppl  7.060675E+01  0.000000E+00  
6.342725E+03  9.646070E-03  8.531577E-02  -7.776004E-05  1.000000E+00  1.278734E+01  5.505824E-28  6.461343E-19   5.000000E-01 NotAppl  4.105635E-05  0.000000E+00  
4.179489E+02  3.203575E-04  -1.597653E-04  -2.638718E-08  1.000000E+00  7.056340E-02  1.203940E-25  1.904273E-23   5.000000E-01 NotAppl  1.458935E-01  0.000000E+00  
1.011457E+03  4.911596E-02  2.346173E+00  1.889254E-08  1.000000E+00  3.305640E-01  2.283548E-26  1.603654E-24   5.000000E-01 NotAppl  1.110791E-02  0.000000E+00  
7.830814E+03  3.141897E-04  2.023660E+01  1.244044E+00  1.000000E+00  3.721747E-02  1.422357E-25  1.077766E-10   5.000000E-01 NotAppl  8.716364E-03  0.000000E+00  
9.434049E+03  5.664471E-03  1.669028E-02  2.777049E-04  1.000000E+00  2.785677E+01  2.480192E-28  3.679132E-18   5.000000E-01 NotAppl  1.237430E-05  0.000000E+00  
4.262198E+01  8.381034E-02  7.282176E+01  -1.316188E-01  1.000000E+00  3.323584E-04  8.861911E-27  5.063890E-08   0.000000E+00 XENON1T_2018  1.324325E-01  3.284688E-01  
2.929290E+02  1.096716E-02  -3.694084E-03  3.290496E-08  1.000000E+00  3.596005E-02  2.374518E-25  6.129674E-23   5.000000E-01 NotAppl  4.165385E-01  0.000000E+00  
2.750652E+01  1.136005E+02  4.845234E+02  -9.473843E-04  1.000000E+00  4.964920E+03  2.091086E-31  6.379701E-12   4.846716E-01 NotAppl  5.004331E-06  1.150282E-03  
3.114066E+02  6.936265E-04  6.293680E-01  6.690996E-05  1.000000E+00  3.986200E-02  2.118284E-25  2.236139E-16   5.000000E-01 NotAppl  3.486592E-01  0.000000E+00  
2.890466E+03  1.368735E-03  1.188497E-02  -4.681365E-06  1.000000E+00  2.816580E+00  2.633485E-27  1.158034E-20   5.000000E-01 NotAppl  4.363879E-04  0.000000E+00  
5.174926E+03  2.349989E-03  3.184337E+02  1.479560E-02  1.000000E+00  1.974477E-04  2.573311E-23  3.537461E-14   5.000000E-01 NotAppl  2.397509E+00  0.000000E+00  
4.560399E+01  4.745464E+02  -4.580985E+02  -6.354079E+00  1.000000E+00  8.622773E-04  3.514299E-24  1.028427E-04   0.000000E+00 XENON1T_2018  4.893508E+01  8.535890E-01  
1.765350E+01  6.374861E+01  -6.319983E+01  6.658502E-10  1.000000E+00  7.803367E-02  8.163590E-44  7.690411E-24   5.000000E-01 NotAppl  3.180807E-18  6.074058E-16  
1.359718E+01  2.362035E+00  -2.355356E+00  7.268936E-04  1.000000E+00  1.091613E-01  8.985368E-32  1.540984E-11   5.000000E-01 NotAppl  4.717004E-06  7.164834E-04  
1.291107E+03  1.565067E-02  -1.532298E-02  -2.827800E-07  1.000000E+00  6.034341E-01  1.310872E-26  2.183226E-22   5.000000E-01 NotAppl  4.954954E-03  0.000000E+00  
3.156070E+02  1.080584E+01  3.912307E+01  5.825108E-03  1.000000E+00  4.796339E-03  8.346209E-25  1.648964E-12   5.000000E-01 NotAppl  1.357291E+00  0.000000E+00  
1.085409E+03  3.264847E-04  3.112278E+01  -3.482104E-03  1.000000E+00  1.725784E-02  2.711532E-25  4.716982E-14   5.000000E-01 NotAppl  1.245455E-01  0.000000E+00  
5.569957E+01  3.755732E-01  7.755216E+01  5.162061E-01  1.000000E+00  2.210600E-03  9.129718E-25  4.515699E-07   0.000000E+00 XENON1T_2018  1.032079E+01  3.374188E-01  
8.559013E+01  1.731528E+01  -1.712333E+01  -2.340446E-07  1.000000E+00  6.018549E-03  7.549524E-25  3.860083E-20   5.000000E-01 NotAppl  4.923679E+00  0.000000E+00  
8.837126E+03  3.280031E-03  2.294397E+00  -9.793087E-07  1.000000E+00  2.507109E+00  1.707865E-27  5.224677E-23   5.000000E-01 NotAppl  9.221327E-05  0.000000E+00  
1.936574E+03  1.232252E+01  1.192399E+01  2.176183E-01  1.000000E+00  2.192547E-02  2.997997E-25  5.657411E-11   5.000000E-01 NotAppl  7.552082E-02  0.000000E+00  
2.814214E+01  1.385424E-01  3.812801E+02  3.930619E-02  1.000000E+00  2.438382E-03  3.674599E-28  1.048589E-08   0.000000E+00 LZ5Tmedian  8.576903E-03  2.831033E-01  
4.625104E+02  9.152256E-01  1.617201E+00  1.156565E-10  1.000000E+00  7.726086E-02  1.014536E-25  2.973534E-28   5.000000E-01 NotAppl  1.106912E-01  0.000000E+00  
3.586060E+02  2.498991E-01  -2.497293E-01  -2.002377E-06  1.000000E+00  5.240823E-02  1.617469E-25  1.500157E-19   5.000000E-01 NotAppl  2.298242E-01  0.000000E+00  
1.296843E+02  2.288655E+01  -2.285730E+01  -6.150578E-08  1.000000E+00  4.858166E-03  1.205304E-24  1.137402E-21   5.000000E-01 NotAppl  5.030121E+00  0.000000E+00  
4.266173E+01  6.267239E+00  2.262609E+01  5.094946E-08  1.000000E+00  2.228367E-02  1.332222E-39  7.573624E-21   5.000000E-01 NotAppl  1.993352E-14  1.611919E-12  
6.160006E+01  2.999506E-01  -2.403511E-01  -3.269668E-03  1.000000E+00  2.906454E-03  1.915238E-27  1.475268E-11   1.806909E-01 NotAppl  1.948697E-02  2.565955E-03  
2.723664E+02  2.880942E-03  2.209509E-02  3.593450E-01  1.000000E+00  1.415159E-02  7.641037E-25  8.485391E-09   5.987351E-130 LZ5Tmedian  1.491400E+00  0.000000E+00  
7.231116E+03  3.551047E-03  6.556709E-02  -1.382888E-01  1.000000E+00  1.465935E+01  5.003317E-28  1.565724E-12   5.000000E-01 NotAppl  3.298140E-05  0.000000E+00  
7.505924E+01  1.385517E-02  -1.373801E-02  1.423614E-05  1.000000E+00  6.970610E-03  1.552686E-34  1.868146E-16   5.000000E-01 NotAppl  1.288178E-09  0.000000E+00  
5.558762E+03  9.455914E-03  4.446563E+00  -3.501570E-09  1.000000E+00  7.143828E-01  6.071389E-27  1.713165E-27   5.000000E-01 NotAppl  5.250095E-04  0.000000E+00  
3.017533E+02  3.376553E-01  1.130893E+02  -3.566627E-02  1.000000E+00  2.020014E-03  2.332959E-24  6.776963E-11   1.157946E-01 NotAppl  3.972155E+00  0.000000E+00  
1.647256E+01  3.766860E-02  3.063344E+02  6.745415E-09  1.000000E+00  1.072072E-03  8.196965E-42  9.062941E-22   5.000000E-01 NotAppl  3.454704E-16  6.269695E-14  
4.752926E+02  1.835411E+02  -1.835374E+02  -9.111904E-03  1.000000E+00  5.438796E-04  1.276098E-23  1.745547E-12   5.000000E-01 NotAppl  1.354931E+01  0.000000E+00  
4.758948E+02  6.727015E+02  -6.710759E+02  -1.964301E-02  1.000000E+00  1.048099E-04  6.314158E-23  8.091050E-12   5.000000E-01 NotAppl  6.695602E+01  0.000000E+00  
6.371983E+01  5.028314E+01  -5.028250E+01  -3.699012E-03  1.000000E+00  9.474387E-03  1.292604E-27  1.762162E-11   1.341083E-01 NotAppl  1.270192E-02  0.000000E+00  
1.099159E+02  3.780552E-02  9.285197E+00  1.154827E-01  1.000000E+00  3.735681E-03  2.087516E-24  5.628116E-09   4.595455E-193 LZ5Tmedian  1.028050E+01  0.000000E+00  
1.276085E+03  7.527554E+01  8.149507E+00  -8.814138E-07  1.000000E+00  8.229243E-04  4.902839E-24  2.172346E-21   5.000000E-01 NotAppl  1.883800E+00  0.000000E+00  
4.249804E+03  9.815426E+02  -9.805028E+02  -3.544675E-10  1.000000E+00  1.715921E-05  4.476107E-22  3.031511E-29   5.000000E-01 NotAppl  4.982595E+01  0.000000E+00  
1.284376E+03  1.499470E+00  -1.403082E+00  3.809652E-10  1.000000E+00  5.212035E-01  1.457578E-26  4.004967E-28   5.000000E-01 NotAppl  5.537619E-03  0.000000E+00  
4.166400E+02  1.213489E-01  2.437722E+01  1.964212E-01  1.000000E+00  1.521982E-02  4.234419E-25  1.061958E-09   1.748178E-11 LZ5Tmedian  5.217921E-01  0.000000E+00  
2.760640E+01  6.110864E+00  -6.004473E+00  -1.514176E-10  1.000000E+00  1.476199E-02  5.358977E-45  1.617775E-25   5.000000E-01 NotAppl  1.277461E-19  2.109335E-17  
7.579818E+01  9.818928E-04  4.179384E+02  1.562967E+00  1.000000E+00  9.754717E-04  1.648041E-24  2.207162E-06   0.000000E+00 XENON1T_2018  1.358777E+01  0.000000E+00  
1.930276E+02  1.894886E-01  2.904307E-02  -1.832340E+00  1.000000E+00  1.195672E-04  1.151398E-22  4.467109E-07   0.000000E+00 XENON1T_2018  3.684813E+02  0.000000E+00  
6.624600E+03  3.443521E-04  2.503105E-02  2.006262E-03  1.000000E+00  1.401106E+01  5.027410E-28  3.937438E-16   5.000000E-01 NotAppl  3.586933E-05  0.000000E+00  
1.423782E+02  6.674118E+02  -6.673731E+02  5.246753E-05  1.000000E+00  8.813655E-04  6.600412E-24  6.834737E-16   5.000000E-01 NotAppl  2.542565E+01  0.000000E+00  
2.621195E+02  2.215873E+02  -2.178359E+02  -7.793702E+00  1.000000E+00  1.686472E-06  3.530031E-21  4.317651E-06   0.000000E+00 XENON1T_2018  8.422965E+03  0.000000E+00  
6.070040E+02  1.711585E-04  5.336948E-02  -6.235596E-09  1.000000E+00  1.437062E-01  5.821229E-26  4.957421E-25   5.000000E-01 NotAppl  4.790258E-02  0.000000E+00  
1.702778E+02  3.163447E-02  1.580325E+02  -4.202944E-07  1.000000E+00  1.942138E-03  2.508467E-24  3.039087E-20   5.000000E-01 NotAppl  7.692704E+00  0.000000E+00  
2.407174E+02  4.518542E+00  -9.096444E-01  -6.304067E-05  1.000000E+00  1.668255E-02  3.621022E-25  3.363399E-16   5.000000E-01 NotAppl  7.799047E-01  0.000000E+00  
7.588102E+01  3.946362E+01  -3.927257E+01  -1.095959E-04  1.000000E+00  2.011309E-02  8.023600E-33  1.082814E-14   5.000000E-01 NotAppl  6.634739E-08  0.000000E+00  
5.877229E+01  1.349076E-03  1.963146E-03  5.987746E-09  1.000000E+00  3.892206E-03  3.909584E-40  5.445457E-23   5.000000E-01 NotAppl  4.196021E-15  1.742261E-14  
3.094006E+02  5.983049E-02  -5.229177E-03  8.603244E-01  1.000000E+00  5.921122E-03  2.052114E-24  3.746177E-08   0.000000E+00 LZ5Tmedian  3.516536E+00  0.000000E+00  
6.056519E+01  8.342047E-03  6.749386E+02  2.491223E-05  1.000000E+00  3.933191E-03  2.443342E-32  8.865524E-16   5.000000E-01 NotAppl  2.542570E-07  2.188747E-07  
4.822098E+01  1.029917E+01  4.481860E+00  -2.564663E-09  1.000000E+00  1.953030E-01  5.851038E-42  1.495457E-23   5.000000E-01 NotAppl  7.688674E-17  2.480519E-15  
4.080684E+03  2.360248E-03  1.963349E-01  -3.194644E-09  1.000000E+00  5.399822E+00  1.333646E-27  2.673473E-27   5.000000E-01 NotAppl  1.555752E-04  0.000000E+00  
7.283580E+02  2.183761E-01  -1.139636E-01  -1.877303E-03  1.000000E+00  2.024776E-01  4.071264E-26  3.096092E-14   5.000000E-01 NotAppl  2.774753E-02  0.000000E+00  
7.912787E+01  1.541843E+01  -1.517248E+01  -2.181100E+00  1.000000E+00  3.839041E-04  1.991567E-24  3.936783E-06   0.000000E+00 XENON1T_2018  1.586406E+01  0.000000E+00  
4.673694E+02  9.005495E+02  -8.748775E+02  2.328497E-06  1.000000E+00  5.191663E-05  7.631484E-23  1.179772E-19   5.000000E-01 NotAppl  8.247315E+01  0.000000E+00  
3.047243E+02  2.492106E-02  -2.368161E-02  1.353887E+00  1.000000E+00  2.804150E-03  4.550902E-24  9.571316E-08   0.000000E+00 XENON1T_2018  7.857855E+00  0.000000E+00  
2.573675E+01  2.581458E-04  1.642029E+02  -4.126876E-03  1.000000E+00  1.914262E-03  3.762978E-30  1.384678E-10   3.500560E-07 LZ5Tmedian  9.684814E-05  2.078787E-02  
8.546851E+03  4.852271E+02  -7.604984E+00  1.459334E-02  1.000000E+00  2.296524E-05  1.895574E-22  1.241610E-14   5.000000E-01 NotAppl  1.045982E+01  0.000000E+00  
1.811894E+01  1.048269E-03  1.637435E-04  1.747129E-04  1.000000E+00  1.926691E-03  5.669809E-33  5.026197E-13   5.000000E-01 NotAppl  2.145573E-07  4.172325E-05  
1.304411E+03  6.260666E-03  6.326709E+00  -1.277276E-04  1.000000E+00  2.398745E-01  2.361852E-26  4.362033E-17   5.000000E-01 NotAppl  8.908936E-03  0.000000E+00  
3.499108E+03  4.792873E-04  1.178769E-04  -1.081207E-08  1.000000E+00  4.071533E+00  1.798386E-27  4.186910E-26   5.000000E-01 NotAppl  2.452371E-04  0.000000E+00  
7.636198E+02  3.455763E-01  -3.453731E-01  -1.318121E-07  1.000000E+00  2.209165E-01  3.714932E-26  1.385829E-22   5.000000E-01 NotAppl  2.411243E-02  0.000000E+00  
1.056614E+01  8.115178E+02  -8.115140E+02  -3.476162E-01  1.000000E+00  1.223607E-01  1.865680E-26  5.790045E-06   0.000000E+00 XENON1T_2018  1.315413E+00  4.985417E-01  
6.311051E+03  5.261733E-04  1.023266E-01  -1.153100E-01  1.000000E+00  1.167644E+01  6.225564E-28  1.435365E-12   5.000000E-01 NotAppl  4.698255E-05  0.000000E+00  
1.341244E+03  1.138002E-04  3.953462E+01  2.881227E-02  1.000000E+00  1.099822E-02  4.278108E-25  2.097041E-12   5.000000E-01 NotAppl  1.582519E-01  0.000000E+00  
