MD1           DMP           DM3           l345          ld           Omegah2       sigV          protonSI      PvalDD        expName      CMB_ID        brH_DMDM      
3.907866E+02  1.083664E+00  2.882501E+01  -3.121070E-09  1.000000E+00  1.449235E-02  3.585169E-25  3.056840E-25   5.000000E-01 NotAppl  4.679987E-01  0.000000E+00  
3.019798E+01  9.456811E+02  -9.237557E+02  -1.557325E-01  1.000000E+00  3.642390E-01  6.199596E-27  1.427134E-07   0.000000E+00 XENON1T_2018  1.339690E-01  7.914752E-01  
2.287560E+01  1.882948E-02  1.610502E+02  -4.848437E-06  1.000000E+00  1.722922E-03  4.822055E-36  2.423946E-16   5.000000E-01 NotAppl  1.412067E-10  3.124897E-08  
3.315726E+01  1.538670E-01  -1.311455E-01  -3.951557E-07  1.000000E+00  1.518316E-03  4.506026E-38  7.602433E-19   5.000000E-01 NotAppl  8.801920E-13  1.890171E-10  
4.024587E+02  1.941075E-03  1.335515E+00  -1.014064E-01  1.000000E+00  6.021013E-02  1.411858E-25  3.038328E-10   6.565237E-04 LZ5Tmedian  1.795618E-01  0.000000E+00  
2.222468E+02  8.945849E-02  7.996489E+01  1.011942E-10  1.000000E+00  3.482310E-03  1.458487E-24  1.020669E-27   5.000000E-01 NotAppl  3.394939E+00  0.000000E+00  
4.284364E+03  8.545044E+00  -8.544834E+00  3.105175E+00  1.000000E+00  3.688750E-02  2.786512E-25  2.287563E-09   4.890596E-03 LZ5Tmedian  3.163757E-02  0.000000E+00  
7.265418E+03  1.408398E+01  -1.408355E+01  -2.337555E+00  1.000000E+00  6.813829E-02  6.415800E-26  4.430873E-10   5.000000E-01 NotAppl  4.246577E-03  0.000000E+00  
3.771588E+02  3.168159E-03  1.125327E-01  -4.063885E-05  1.000000E+00  5.793670E-02  1.467611E-25  5.573020E-17   5.000000E-01 NotAppl  1.979330E-01  0.000000E+00  
7.202439E+03  7.444509E-01  -7.355760E-01  9.539795E-09  1.000000E+00  8.144218E+00  7.525089E-28  7.511195E-27   5.000000E-01 NotAppl  4.920563E-05  0.000000E+00  
4.646017E+02  6.263236E-01  -6.256968E-01  -7.640402E-01  1.000000E+00  1.361740E-02  8.509634E-25  1.285747E-08   6.844512E-118 LZ5Tmedian  9.976654E-01  0.000000E+00  
3.231661E+02  1.393516E-02  -1.381188E-02  4.550606E-08  1.000000E+00  4.328714E-02  1.971603E-25  9.587292E-23   5.000000E-01 NotAppl  3.122278E-01  0.000000E+00  
7.318144E+01  4.328206E+00  2.240540E+01  1.834391E-04  1.000000E+00  2.207701E-02  3.647906E-32  3.266524E-14   5.000000E-01 NotAppl  3.106753E-07  0.000000E+00  
1.376317E+01  1.069896E-03  1.378884E-01  -1.675006E+00  1.000000E+00  9.314805E-04  4.043656E-25  7.988254E-05   0.000000E+00 XENON1T_2018  2.093809E+01  2.500268E-01  
1.267322E+02  1.536334E+01  3.003055E+00  -1.167654E-10  1.000000E+00  2.581216E-03  1.230788E-24  4.297455E-27   5.000000E-01 NotAppl  5.229896E+00  0.000000E+00  
3.547864E+03  2.272395E+01  2.433653E+02  3.029314E-09  1.000000E+00  2.749056E-04  1.801667E-23  3.195348E-27   5.000000E-01 NotAppl  2.460771E+00  0.000000E+00  
1.197257E+02  3.624073E-02  2.614892E+00  -7.617154E-03  1.000000E+00  6.740894E-03  1.044442E-24  2.054964E-11   2.212312E-01 NotAppl  4.711190E+00  0.000000E+00  
9.734323E+02  1.151766E-03  2.134238E-02  4.129489E-06  1.000000E+00  3.529573E-01  2.294948E-26  8.285033E-20   5.000000E-01 NotAppl  1.159848E-02  0.000000E+00  
1.023350E+03  5.977798E+01  -5.956509E+01  1.302114E-08  1.000000E+00  3.359899E-03  1.993161E-24  7.438159E-25   5.000000E-01 NotAppl  9.545182E-01  0.000000E+00  
9.414910E+03  1.467978E-02  -3.282806E-03  -3.671917E+00  1.000000E+00  3.009505E-01  3.715517E-26  6.458843E-10   5.000000E-01 NotAppl  1.960836E-03  0.000000E+00  
3.868741E+01  2.122521E+01  3.947965E+00  1.147728E-05  1.000000E+00  7.282852E+01  5.096395E-35  4.688892E-16   5.000000E-01 NotAppl  8.448119E-10  2.872701E-08  
8.352227E+03  2.358910E+02  -9.089231E+01  8.813346E-08  1.000000E+00  1.558556E-04  3.753012E-23  4.745400E-25   5.000000E-01 NotAppl  2.112692E+00  0.000000E+00  
5.275716E+03  7.882970E-04  4.643420E+02  9.424586E-02  1.000000E+00  9.677278E-05  5.329153E-23  1.380133E-12   5.000000E-01 NotAppl  4.868899E+00  0.000000E+00  
3.721665E+03  7.772634E-04  5.251635E-03  4.825339E-09  1.000000E+00  4.586492E+00  1.590074E-27  7.355884E-27   5.000000E-01 NotAppl  2.036432E-04  0.000000E+00  
6.800209E+01  2.956405E-04  1.318680E-02  -3.505198E+00  1.000000E+00  1.297477E-04  5.574528E-23  1.385577E-05   0.000000E+00 XENON1T_2018  4.934958E+02  0.000000E+00  
1.220015E+02  1.823350E-03  2.599180E-02  -2.962977E-04  1.000000E+00  7.631753E-03  1.038819E-24  2.991648E-14   5.000000E-01 NotAppl  4.594195E+00  0.000000E+00  
4.341208E+01  5.593897E-04  6.307641E-03  3.653402E-08  1.000000E+00  1.475777E-04  7.288616E-40  3.758464E-21   5.000000E-01 NotAppl  1.068421E-14  1.371613E-12  
5.082431E+02  7.370323E+02  -6.668693E+02  -1.049437E-02  1.000000E+00  4.836269E-05  7.522663E-23  2.018781E-12   5.000000E-01 NotAppl  7.447958E+01  0.000000E+00  
7.538341E+01  3.454044E+01  -3.406464E+01  1.102825E-08  1.000000E+00  2.042904E-02  8.817403E-41  1.111260E-22   5.000000E-01 NotAppl  7.340024E-16  0.000000E+00  
1.962537E+03  8.104790E-04  1.669741E+02  2.969960E+00  1.000000E+00  6.054022E-04  9.364250E-24  1.025516E-08   2.848162E-23 LZ5Tmedian  2.350718E+00  0.000000E+00  
1.707358E+02  1.778057E+02  -1.778050E+02  -8.378067E-09  1.000000E+00  1.159603E-03  5.199342E-24  1.200971E-23   5.000000E-01 NotAppl  1.662372E+01  0.000000E+00  
1.468488E+02  2.397739E-03  2.141362E+02  2.687631E-02  1.000000E+00  1.829565E-03  2.708204E-24  1.683274E-10   3.076454E-05 LZ5Tmedian  9.689567E+00  0.000000E+00  
8.534015E+01  2.647654E+00  -2.636973E+00  -1.584573E-08  1.000000E+00  6.773832E-03  6.955155E-25  1.780028E-22   5.000000E-01 NotAppl  4.549878E+00  0.000000E+00  
6.275901E+01  8.544671E+01  -8.544661E+01  1.054582E-01  1.000000E+00  1.231782E-03  2.363027E-23  1.477419E-08   0.000000E+00 XENON1T_2018  2.359053E+02  0.000000E+00  
2.189151E+02  5.032494E+00  7.374975E+02  1.249856E-05  1.000000E+00  4.529544E-04  8.551598E-24  1.605951E-17   5.000000E-01 NotAppl  2.018002E+01  0.000000E+00  
4.125762E+02  1.408920E+00  -1.192719E+00  -2.808584E-07  1.000000E+00  6.531510E-02  1.248370E-25  2.215212E-21   5.000000E-01 NotAppl  1.533468E-01  0.000000E+00  
8.431821E+03  8.089256E+02  -6.431579E+02  2.222058E-10  1.000000E+00  1.475387E-05  3.578115E-22  2.948424E-30   5.000000E-01 NotAppl  1.989523E+01  0.000000E+00  
2.707072E+03  5.297273E+00  -5.156850E+00  -3.239725E-04  1.000000E+00  3.091488E-01  1.952297E-26  6.337961E-17   5.000000E-01 NotAppl  3.444934E-03  0.000000E+00  
2.476701E+02  4.108435E+02  -4.107289E+02  1.012902E-01  1.000000E+00  3.507429E-04  1.867802E-23  8.191030E-10   2.270625E-14 LZ5Tmedian  3.937029E+01  0.000000E+00  
1.162315E+03  2.642259E+00  -2.640876E+00  2.329290E+00  1.000000E+00  1.128091E-02  1.057867E-24  1.835520E-08   1.331425E-68 LZ5Tmedian  4.671214E-01  0.000000E+00  
3.355249E+01  9.898895E-03  5.713789E-02  -5.409513E+00  1.000000E+00  1.235416E-03  3.242751E-25  1.390893E-04   0.000000E+00 XENON1T_2018  6.478228E+00  2.500681E-01  
7.406944E+01  1.134434E-04  4.727980E-01  4.516020E+00  1.000000E+00  1.898839E-04  1.866203E-23  1.931587E-05   0.000000E+00 XENON1T_2018  1.583556E+02  0.000000E+00  
3.125820E+02  1.011953E-02  4.312599E-02  -2.992235E-07  1.000000E+00  4.061582E-02  2.100405E-25  4.437706E-21   5.000000E-01 NotAppl  3.443623E-01  0.000000E+00  
1.037886E+01  2.117374E-01  -2.069535E-01  9.111913E-06  1.000000E+00  2.290489E-03  1.270415E-35  4.119890E-15   5.000000E-01 NotAppl  9.149066E-10  1.169444E-07  
3.144517E+03  8.132909E-04  3.178058E-01  7.349185E-02  1.000000E+00  3.050707E+00  2.446550E-27  2.404275E-12   5.000000E-01 NotAppl  3.734313E-04  0.000000E+00  
2.643655E+03  9.743743E+02  -6.471818E+02  4.171488E-03  1.000000E+00  9.521609E-06  4.061744E-22  1.102749E-14   5.000000E-01 NotAppl  7.346842E+01  0.000000E+00  
2.166389E+01  2.248415E+02  -1.273714E+02  -4.798027E-01  1.000000E+00  5.647541E-02  4.593088E-26  2.648591E-06   0.000000E+00 XENON1T_2018  1.427029E+00  9.967695E-01  
2.243591E+03  2.480033E+01  -2.479989E+01  -1.704555E-04  1.000000E+00  1.763671E-02  3.630382E-25  2.571834E-17   5.000000E-01 NotAppl  7.757614E-02  0.000000E+00  
1.011657E+02  5.305108E-01  8.631207E+02  2.553319E-10  1.000000E+00  2.922778E-03  1.555482E-24  3.261300E-26   5.000000E-01 NotAppl  8.304502E+00  0.000000E+00  
1.143667E+01  1.990676E+00  1.994472E+02  -1.044921E-03  1.000000E+00  2.824870E-01  1.746847E-31  4.479722E-11   4.828639E-01 NotAppl  1.122286E-05  1.529217E-03  
3.674101E+02  3.084626E-01  7.549280E-01  1.434141E-04  1.000000E+00  5.317065E-02  1.549382E-25  7.322651E-16   5.000000E-01 NotAppl  2.147228E-01  0.000000E+00  
1.372272E+03  3.717645E+00  -3.714532E+00  -5.695047E-06  1.000000E+00  3.441471E-01  1.973221E-26  7.819664E-20   5.000000E-01 NotAppl  6.999117E-03  0.000000E+00  
7.993273E+03  1.652533E-04  2.819153E+01  2.080401E-01  1.000000E+00  2.156064E-02  2.201896E-25  2.890903E-12   5.000000E-01 NotAppl  1.319403E-02  0.000000E+00  
6.988294E+01  1.383779E-01  7.950839E+00  -6.512562E-07  1.000000E+00  5.507127E-03  1.004370E-36  4.523907E-19   5.000000E-01 NotAppl  9.030494E-12  0.000000E+00  
1.579295E+01  9.961815E+01  -9.961803E+01  3.814605E-09  1.000000E+00  8.145939E-02  2.588209E-42  3.152287E-22   5.000000E-01 NotAppl  1.144294E-16  2.011800E-14  
8.584230E+01  2.201746E+02  5.515943E+02  -3.403958E+00  1.000000E+00  1.979551E-05  1.785150E-22  8.116140E-06   0.000000E+00 XENON1T_2018  1.162305E+03  0.000000E+00  
5.536957E+03  1.089328E+01  -1.088994E+01  1.752530E-05  1.000000E+00  8.606360E-02  7.066682E-26  4.325737E-20   5.000000E-01 NotAppl  6.013297E-03  0.000000E+00  
3.408442E+03  3.595578E-03  6.015212E-02  1.270784E-05  1.000000E+00  3.866194E+00  1.896276E-27  6.101227E-20   5.000000E-01 NotAppl  2.655987E-04  0.000000E+00  
4.699430E+02  3.036075E-02  -3.019219E-02  -3.658313E-08  1.000000E+00  8.821828E-02  9.593008E-26  2.879587E-23   5.000000E-01 NotAppl  1.029262E-01  0.000000E+00  
2.402280E+02  9.888884E+00  -9.861320E+00  -2.618096E-07  1.000000E+00  1.641139E-02  4.010792E-25  5.825303E-21   5.000000E-01 NotAppl  8.665904E-01  0.000000E+00  
1.299495E+02  1.454064E+01  -1.450590E+01  1.416749E+00  1.000000E+00  5.522682E-05  1.256695E-22  6.009646E-07   0.000000E+00 XENON1T_2018  5.912178E+02  0.000000E+00  
5.738137E+01  1.633679E+02  -1.139146E+02  4.094809E-01  1.000000E+00  5.756700E-04  9.910580E-25  2.674207E-07   0.000000E+00 XENON1T_2018  1.090024E+01  9.895794E-01  
7.204339E+02  1.072553E+02  -1.072551E+02  2.430559E-07  1.000000E+00  1.194006E-03  5.768096E-24  5.307177E-22   5.000000E-01 NotAppl  3.970739E+00  0.000000E+00  
1.425075E+01  8.959314E+01  -8.951692E+01  4.173662E-07  1.000000E+00  1.040131E-01  3.005089E-38  4.628900E-18   5.000000E-01 NotAppl  1.494650E-12  2.423585E-10  
2.909984E+03  5.692631E-01  -2.173295E-01  -2.836941E-08  1.000000E+00  2.602174E+00  2.823339E-27  4.194958E-25   5.000000E-01 NotAppl  4.645889E-04  0.000000E+00  
1.573998E+03  2.840350E-02  6.350864E-01  -1.510380E-06  1.000000E+00  8.562277E-01  8.962266E-27  4.158187E-21   5.000000E-01 NotAppl  2.765888E-03  0.000000E+00  
6.191225E+01  3.746275E+01  -3.745966E+01  -1.387128E+00  1.000000E+00  1.503223E-05  3.830793E-22  2.627945E-06   0.000000E+00 XENON1T_2018  3.901678E+03  4.999935E-01  
4.967223E+01  1.062451E+02  -1.062436E+02  1.178279E-09  1.000000E+00  9.913463E-04  1.490123E-42  2.971474E-24   5.000000E-01 NotAppl  1.904286E-17  1.203994E-15  
2.036183E+03  2.118201E+01  -1.780515E+01  6.356254E-05  1.000000E+00  2.394201E-02  2.701301E-25  4.357579E-18   5.000000E-01 NotAppl  6.377764E-02  0.000000E+00  
1.958448E+03  2.453346E-04  4.747449E+01  -1.061838E-08  1.000000E+00  7.815793E-03  5.991540E-25  1.316445E-25   5.000000E-01 NotAppl  1.503669E-01  0.000000E+00  
7.916165E+02  6.174648E-04  5.981731E-03  1.111842E-01  1.000000E+00  2.156002E-01  3.972610E-26  9.160987E-11   3.197664E-01 NotAppl  2.504534E-02  0.000000E+00  
3.930848E+02  8.051523E+01  -8.051510E+01  -3.207227E-07  1.000000E+00  2.142977E-03  3.076634E-24  3.189392E-21   5.000000E-01 NotAppl  3.986819E+00  0.000000E+00  
1.387216E+01  2.329883E-02  6.094635E+02  -4.834702E-01  1.000000E+00  7.672500E-04  3.999177E-26  6.551950E-06   0.000000E+00 XENON1T_2018  2.051648E+00  3.330329E-01  
3.231353E+03  7.200081E-02  1.137885E-01  1.233025E-04  1.000000E+00  3.464214E+00  2.120693E-27  6.402829E-18   5.000000E-01 NotAppl  3.136467E-04  0.000000E+00  
2.256314E+02  2.315598E-03  7.803062E-01  -2.627994E-01  1.000000E+00  1.306261E-02  7.297945E-25  6.673779E-09   5.127727E-122 LZ5Tmedian  1.777816E+00  0.000000E+00  
9.751452E+01  4.682250E-04  2.142331E+01  -2.509618E-08  1.000000E+00  4.452610E-03  1.258975E-24  3.397184E-22   5.000000E-01 NotAppl  7.031797E+00  0.000000E+00  
1.402849E+02  3.617129E+02  -3.590569E+02  1.924235E-01  1.000000E+00  5.421113E-04  8.205257E-24  9.476412E-09   5.188856E-265 LZ5Tmedian  3.206453E+01  0.000000E+00  
3.215001E+02  1.305249E+01  1.561182E+01  7.158699E-04  1.000000E+00  8.168104E-03  4.945492E-25  2.397847E-14   5.000000E-01 NotAppl  7.891220E-01  0.000000E+00  
4.899618E+02  9.226161E+01  -9.226148E+01  -2.673045E-07  1.000000E+00  1.648632E-03  4.080650E-24  1.411645E-21   5.000000E-01 NotAppl  4.197485E+00  0.000000E+00  
2.899602E+01  1.649761E-03  -1.492266E-03  -1.913963E-09  1.000000E+00  2.750787E-03  8.967732E-43  2.340375E-23   5.000000E-01 NotAppl  2.023385E-17  4.635548E-15  
1.080113E+03  1.632734E-03  1.326776E-03  8.864005E-01  1.000000E+00  6.226704E-02  1.823638E-25  3.087278E-09   5.291342E-13 LZ5Tmedian  8.724416E-02  0.000000E+00  
1.670958E+01  7.694033E-04  3.902167E+00  1.500771E-05  1.000000E+00  9.741638E-04  4.075439E-35  4.360147E-15   5.000000E-01 NotAppl  1.690087E-09  2.999772E-07  
6.518884E+03  3.592562E+02  -3.587770E+02  4.890956E-02  1.000000E+00  1.033222E-04  7.214750E-23  2.417808E-13   5.000000E-01 NotAppl  5.202929E+00  0.000000E+00  
6.473321E+02  5.832984E-01  2.117609E+02  4.054336E+00  1.000000E+00  2.946749E-04  2.544793E-23  1.837562E-07   0.000000E+00 XENON1T_2018  1.994632E+01  0.000000E+00  
6.473100E+03  3.298564E+01  -3.267854E+01  3.301409E-06  1.000000E+00  1.029002E-02  6.399585E-25  1.117513E-21   5.000000E-01 NotAppl  4.648203E-02  0.000000E+00  
3.056963E+01  2.015201E+01  -1.537619E+01  -9.628912E-08  1.000000E+00  9.434750E-02  2.403709E-39  5.322316E-20   5.000000E-01 NotAppl  5.125834E-14  1.820494E-12  
8.021773E+02  3.175315E-02  3.394575E+01  8.733312E-07  1.000000E+00  1.434982E-02  3.308603E-25  5.501208E-21   5.000000E-01 NotAppl  2.071545E-01  0.000000E+00  
1.948317E+03  1.133540E-01  8.205701E+00  1.924836E-08  1.000000E+00  1.974290E-01  2.439096E-26  4.371843E-25   5.000000E-01 NotAppl  6.129689E-03  0.000000E+00  
1.091652E+02  7.141553E+00  4.865476E+02  4.040518E-09  1.000000E+00  1.726906E-03  1.880039E-24  6.987224E-24   5.000000E-01 NotAppl  9.221467E+00  0.000000E+00  
2.946436E+02  2.776457E-01  5.630873E+01  -1.450280E-01  1.000000E+00  6.005522E-03  7.759766E-25  1.176597E-09   2.347003E-17 LZ5Tmedian  1.363323E+00  0.000000E+00  
3.949006E+03  5.375051E-02  3.415319E+00  -5.314405E-01  1.000000E+00  9.763425E-01  5.252905E-27  7.908810E-11   5.000000E-01 NotAppl  6.633584E-04  0.000000E+00  
6.787958E+02  1.235962E-04  2.139155E+02  -2.680797E-04  1.000000E+00  5.608088E-04  8.817401E-24  7.291352E-16   5.000000E-01 NotAppl  6.560283E+00  0.000000E+00  
2.562261E+03  2.375671E+02  -2.375602E+02  3.272333E-05  1.000000E+00  2.385086E-04  3.029480E-23  7.232100E-19   5.000000E-01 NotAppl  5.650256E+00  0.000000E+00  
4.006456E+01  1.132229E+02  -1.129264E+02  -3.414816E-01  1.000000E+00  5.529144E-04  4.936268E-26  3.865850E-07   0.000000E+00 XENON1T_2018  7.872469E-01  5.005268E-01  
2.269586E+01  8.379234E-04  1.969622E+00  -9.605880E-08  1.000000E+00  1.655791E-03  1.884783E-39  9.667022E-20   5.000000E-01 NotAppl  5.562758E-14  1.211985E-11  
1.370740E+01  7.420482E-03  2.252483E+02  -9.555537E-04  1.000000E+00  7.106199E-04  1.556657E-31  2.620733E-11   4.369003E-01 NotAppl  8.097682E-06  1.267753E-03  
3.852083E+01  6.850810E-03  2.058616E+00  -2.370142E-05  1.000000E+00  5.181981E-05  2.151418E-34  2.017205E-15   5.000000E-01 NotAppl  3.576315E-09  6.114632E-07  
3.163096E+01  3.740476E+01  -3.588231E+01  -2.050564E-10  1.000000E+00  1.235276E-02  1.136682E-44  2.252471E-25   5.000000E-01 NotAppl  2.335774E-19  5.112709E-17  
3.483613E+02  5.710330E+02  -5.549940E+02  2.281210E-01  1.000000E+00  1.010707E-04  3.963117E-23  2.066054E-09   1.328205E-25 LZ5Tmedian  5.830705E+01  0.000000E+00  
1.894246E+02  2.358924E+00  1.572551E+02  -1.608193E+00  1.000000E+00  9.325403E-05  7.878526E-23  3.576522E-07   0.000000E+00 XENON1T_2018  2.582617E+02  0.000000E+00  
1.177075E+02  1.031094E-04  3.164773E+02  -5.514738E-07  1.000000E+00  2.390246E-03  2.025919E-24  1.115333E-19   5.000000E-01 NotAppl  9.166104E+00  0.000000E+00  
1.347544E+03  7.396235E-02  2.163122E-01  2.023231E-02  1.000000E+00  6.470261E-01  1.218276E-26  1.024217E-12   5.000000E-01 NotAppl  4.410323E-03  0.000000E+00  
4.440447E+03  2.332476E+01  -2.332396E+01  2.747863E-03  1.000000E+00  1.989759E-02  3.209489E-25  1.665658E-15   5.000000E-01 NotAppl  3.416852E-02  0.000000E+00  
2.110408E+01  2.905052E-03  -2.736381E-03  3.187264E-03  1.000000E+00  2.459072E-03  2.002392E-30  1.231929E-10   2.968806E-05 LZ5Tmedian  6.398319E-05  1.295004E-02  
4.184514E+02  9.355650E+02  -9.348728E+02  -1.939949E-05  1.000000E+00  1.037579E-04  6.559612E-23  1.026730E-17   5.000000E-01 NotAppl  7.958902E+01  0.000000E+00  
6.154234E+01  3.252103E-03  8.823767E+00  6.915423E-05  1.000000E+00  4.062813E-03  7.572329E-31  6.611989E-15   5.000000E-01 NotAppl  7.712262E-06  1.191270E-06  
1.369580E+03  1.314289E+02  5.566232E+02  -1.545672E-02  1.000000E+00  4.205402E-05  8.431785E-23  5.783197E-13   5.000000E-01 NotAppl  3.047471E+01  0.000000E+00  
4.793245E+01  6.288080E-04  4.301483E-03  1.362021E-09  1.000000E+00  8.856576E-04  1.594235E-42  4.269634E-24   5.000000E-01 NotAppl  2.113762E-17  1.700568E-15  
6.157854E+03  1.557509E-02  -1.542422E-02  1.036565E-04  1.000000E+00  1.216263E+01  5.816268E-28  1.219296E-18   5.000000E-01 NotAppl  4.468827E-05  0.000000E+00  
7.155151E+01  1.037965E+02  -7.996323E+00  3.858735E-02  1.000000E+00  5.985230E-01  2.294405E-27  1.513462E-09   5.998458E-71 LZ5Tmedian  2.013517E-02  0.000000E+00  
8.355288E+01  8.829497E-04  1.332685E-03  -2.003976E-04  1.000000E+00  5.936858E-03  6.028252E-25  2.973196E-14   5.000000E-01 NotAppl  4.068552E+00  0.000000E+00  
1.432967E+03  4.775258E+02  -4.775179E+02  6.478200E-06  1.000000E+00  7.907168E-05  9.457769E-23  9.263370E-20   5.000000E-01 NotAppl  3.202149E+01  0.000000E+00  
2.480326E+02  3.293049E-01  1.839770E+01  8.073901E-05  1.000000E+00  1.526265E-02  4.150565E-25  5.188830E-16   5.000000E-01 NotAppl  8.653520E-01  0.000000E+00  
2.879854E+02  1.437832E+02  -1.397749E+02  -1.139674E-01  1.000000E+00  8.347633E-04  6.088862E-24  7.614003E-10   1.005000E-11 LZ5Tmedian  1.094815E+01  0.000000E+00  
6.479722E+03  8.546132E-03  -6.762517E-03  -1.103835E-02  1.000000E+00  1.342338E+01  5.256502E-28  1.246695E-14   5.000000E-01 NotAppl  3.835618E-05  0.000000E+00  
3.015989E+03  1.393420E+00  3.839350E+02  2.448530E-03  1.000000E+00  1.437646E-04  3.516104E-23  2.905404E-15   5.000000E-01 NotAppl  5.669938E+00  0.000000E+00  
5.338642E+02  3.181570E+00  7.551719E+01  -1.908540E-08  1.000000E+00  3.086669E-03  1.495231E-24  6.038109E-24   5.000000E-01 NotAppl  1.421239E+00  0.000000E+00  
1.296914E+03  4.200510E-03  6.817831E-01  -1.768590E-10  1.000000E+00  5.955868E-01  1.312185E-26  8.462301E-29   5.000000E-01 NotAppl  4.939739E-03  0.000000E+00  
1.135665E+02  1.096145E+02  -9.807873E+01  -8.895759E-09  1.000000E+00  1.243069E-03  2.487973E-24  3.123250E-23   5.000000E-01 NotAppl  1.198793E+01  0.000000E+00  
3.336134E+01  4.928170E-02  -4.835344E-02  -1.740831E-05  1.000000E+00  1.398852E-03  8.825850E-35  1.457216E-15   5.000000E-01 NotAppl  1.712688E-09  3.660533E-07  
1.579559E+02  1.509795E+00  -3.219220E-01  6.986914E-04  1.000000E+00  9.772553E-03  7.142649E-25  9.796595E-14   5.000000E-01 NotAppl  2.420404E+00  0.000000E+00  
2.175316E+02  5.325397E-03  6.270037E+02  4.959177E-02  1.000000E+00  5.660060E-04  8.312357E-24  2.561377E-10   1.527811E-05 LZ5Tmedian  1.974486E+01  0.000000E+00  
2.432998E+03  5.396591E+02  -4.856624E+02  -1.120072E+00  1.000000E+00  3.785618E-05  1.332570E-22  9.415068E-10   2.131115E-02 LZ5Tmedian  2.620759E+01  0.000000E+00  
1.007822E+02  1.085436E-02  2.416724E-01  1.059479E-04  1.000000E+00  5.790759E-03  1.229714E-24  5.659092E-15   5.000000E-01 NotAppl  6.635664E+00  0.000000E+00  
2.396116E+03  3.763832E+01  -3.763791E+01  3.850860E-08  1.000000E+00  7.954814E-03  8.263335E-25  1.148041E-24   5.000000E-01 NotAppl  1.650644E-01  0.000000E+00  
3.099968E+02  3.652984E-04  2.635563E+02  5.374088E-09  1.000000E+00  6.562291E-04  7.325408E-24  1.456001E-24   5.000000E-01 NotAppl  1.213449E+01  0.000000E+00  
1.759169E+03  5.385802E+02  -5.252554E+02  -5.329589E-10  1.000000E+00  5.075355E-05  1.240948E-22  4.127272E-28   5.000000E-01 NotAppl  3.403169E+01  0.000000E+00  
9.242853E+01  2.353369E+01  -2.343530E+01  -1.328742E-02  1.000000E+00  4.642600E-03  1.079131E-24  1.062836E-10   7.074942E-05 LZ5Tmedian  6.425324E+00  0.000000E+00  
4.329526E+03  3.327093E-03  2.176784E-01  1.340958E-05  1.000000E+00  6.020731E+00  1.188666E-27  4.176084E-20   5.000000E-01 NotAppl  1.305731E-04  0.000000E+00  
4.703492E+01  7.316465E-04  1.319134E-03  5.332122E-05  1.000000E+00  5.589234E-04  2.204693E-33  6.800558E-15   5.000000E-01 NotAppl  2.972646E-08  2.674436E-06  
3.533480E+01  3.159820E-03  6.687297E+00  -1.421910E+00  1.000000E+00  5.646967E-04  5.764602E-25  8.651764E-06   0.000000E+00 XENON1T_2018  1.047698E+01  2.580287E-01  
9.914090E+02  5.212688E+00  -6.770700E-01  6.972174E-06  1.000000E+00  1.627375E-01  4.356603E-26  2.275175E-19   5.000000E-01 NotAppl  2.163788E-02  0.000000E+00  
4.774261E+01  1.620616E-01  -3.819429E-02  -7.688848E-08  1.000000E+00  8.231545E-04  4.968156E-39  1.371691E-20   5.000000E-01 NotAppl  6.614253E-14  5.446273E-12  
1.002326E+02  7.960377E+02  -7.960367E+02  -6.850157E+00  1.000000E+00  1.059660E-05  7.019446E-22  2.392387E-05   0.000000E+00 XENON1T_2018  3.835676E+03  0.000000E+00  
7.868256E+03  5.431216E+00  -5.170881E+00  -1.738784E-05  1.000000E+00  3.357024E-01  1.778720E-26  2.085146E-20   5.000000E-01 NotAppl  1.060343E-03  0.000000E+00  
7.191178E+02  7.731892E-02  2.614262E+01  1.509211E-10  1.000000E+00  2.224880E-02  2.197756E-25  2.053829E-28   5.000000E-01 NotAppl  1.537027E-01  0.000000E+00  
2.189889E+01  1.270985E-03  -1.078050E-03  3.770706E-07  1.000000E+00  2.563692E-03  2.851697E-38  1.600699E-18   5.000000E-01 NotAppl  8.756455E-13  1.902249E-10  
2.218370E+02  3.290129E+02  -2.663096E+02  -8.226352E-02  1.000000E+00  2.650506E-04  1.230760E-23  6.770628E-10   3.157318E-13 LZ5Tmedian  2.911800E+01  0.000000E+00  
7.565469E+02  1.129188E+02  -1.059314E+02  8.677906E-01  1.000000E+00  6.531639E-04  8.834398E-24  6.121877E-09   2.508759E-35 LZ5Tmedian  5.794012E+00  0.000000E+00  
9.629515E+03  1.060575E-03  1.771017E-02  9.264298E-10  1.000000E+00  2.899761E+01  2.379960E-28  3.927126E-29   5.000000E-01 NotAppl  1.163063E-05  0.000000E+00  
4.026122E+01  2.795641E+01  -2.795630E+01  -4.176432E-05  1.000000E+00  5.263744E-04  7.483145E-34  5.725285E-15   5.000000E-01 NotAppl  1.189504E-08  1.906513E-06  
1.734986E+01  2.042027E+00  -1.881682E+00  1.375758E-05  1.000000E+00  5.301799E-02  3.465597E-35  3.398929E-15   5.000000E-01 NotAppl  1.377489E-09  2.551332E-07  
4.729023E+01  1.152848E-02  4.484149E-03  3.239044E+00  1.000000E+00  6.113410E-04  1.298326E-24  2.481930E-05   0.000000E+00 XENON1T_2018  1.665102E+01  2.500574E-01  
7.663743E+03  1.573229E+00  -1.270079E+00  -3.454800E+00  1.000000E+00  2.802775E-01  3.801236E-26  8.684068E-10   3.228770E-01 NotAppl  2.513866E-03  0.000000E+00  
1.805916E+03  2.518526E+01  -2.518409E+01  -5.234563E-09  1.000000E+00  1.710742E-02  3.752195E-25  3.774081E-26   5.000000E-01 NotAppl  1.001730E-01  0.000000E+00  
7.572157E+01  5.865951E+00  2.328233E+01  -1.069597E+00  1.000000E+00  3.240475E-03  7.872745E-25  1.035792E-06   0.000000E+00 XENON1T_2018  6.546139E+00  0.000000E+00  
1.622966E+03  1.688322E+02  -1.688315E+02  1.975447E+00  1.000000E+00  3.814974E-04  1.881406E-23  6.682469E-09   1.801373E-18 LZ5Tmedian  5.610987E+00  0.000000E+00  
3.330390E+03  1.023313E+02  -1.023311E+02  -8.284602E-05  1.000000E+00  1.162698E-03  5.994991E-24  2.718256E-18   5.000000E-01 NotAppl  8.554228E-01  0.000000E+00  
5.535012E+02  5.222944E-01  9.570580E+00  1.618234E-05  1.000000E+00  6.596748E-02  9.709765E-26  4.031855E-18   5.000000E-01 NotAppl  8.821657E-02  0.000000E+00  
6.688659E+03  2.735120E-01  -2.716800E-01  -4.638649E-10  1.000000E+00  1.273682E+01  5.371052E-28  2.064878E-29   5.000000E-01 NotAppl  3.793145E-05  0.000000E+00  
3.606372E+01  1.839506E+02  -1.832673E+02  -2.393722E-09  1.000000E+00  3.071471E-03  1.905517E-42  2.352354E-23   5.000000E-01 NotAppl  3.402551E-17  6.664653E-15  
1.986990E+01  1.376820E+00  -1.248894E+00  3.719149E+00  1.000000E+00  8.902419E-03  4.701059E-25  1.893191E-04   0.000000E+00 XENON1T_2018  1.620991E+01  2.509222E-01  
1.072564E+03  5.578625E-04  7.562678E-02  -1.317050E-07  1.000000E+00  4.241457E-01  1.894065E-26  6.914129E-23   5.000000E-01 NotAppl  8.663941E-03  0.000000E+00  
2.547211E+02  5.122589E-03  2.402175E-01  -1.228083E-10  1.000000E+00  2.752325E-02  3.085152E-25  1.136803E-27   5.000000E-01 NotAppl  6.261892E-01  0.000000E+00  
9.886039E+01  1.339229E-01  9.802494E-01  -4.229631E-01  1.000000E+00  4.488082E-03  1.007387E-24  9.382240E-08   0.000000E+00 XENON1T_2018  5.636565E+00  0.000000E+00  
2.213366E+01  5.301602E-04  1.235246E-02  2.279866E+00  1.000000E+00  2.319899E-03  6.240082E-25  5.727497E-05   0.000000E+00 XENON1T_2018  1.903383E+01  2.499951E-01  
6.787202E+03  3.389240E-04  2.685021E+01  -1.289967E-04  1.000000E+00  2.386712E-02  1.944005E-25  1.549524E-18   5.000000E-01 NotAppl  1.375009E-02  0.000000E+00  
1.684314E+02  6.499880E+01  -3.340843E+01  9.526617E-07  1.000000E+00  1.410648E-03  2.163992E-24  1.596683E-19   5.000000E-01 NotAppl  6.948326E+00  0.000000E+00  
2.343910E+02  1.156153E+02  -1.156028E+02  7.523654E-05  1.000000E+00  1.445622E-03  4.434970E-24  5.059299E-16   5.000000E-01 NotAppl  9.900839E+00  0.000000E+00  
8.852722E+02  1.638650E-03  7.401767E+02  -3.565349E-04  1.000000E+00  8.402071E-05  6.162497E-23  7.496922E-16   5.000000E-01 NotAppl  3.493440E+01  0.000000E+00  
1.119486E+01  2.126647E+00  3.563577E+01  -1.516712E-05  1.000000E+00  5.030132E-01  3.647511E-35  9.842619E-15   5.000000E-01 NotAppl  2.403142E-09  5.103376E-08  
7.035549E+03  3.866507E-01  -3.854854E-01  -1.920953E+00  1.000000E+00  6.297920E-01  1.685744E-26  3.194223E-10   5.000000E-01 NotAppl  1.200762E-03  0.000000E+00  
6.865135E+01  2.044130E-03  5.201768E-01  8.774940E-07  1.000000E+00  5.433225E-03  2.670209E-36  8.516618E-19   5.000000E-01 NotAppl  2.444635E-11  0.000000E+00  
5.699043E+03  2.799305E+02  -2.798931E+02  -2.013236E-04  1.000000E+00  1.672327E-04  4.404206E-23  5.383299E-18   5.000000E-01 NotAppl  3.639700E+00  0.000000E+00  
2.158602E+03  4.865909E+01  9.752875E+01  -8.604462E-10  1.000000E+00  7.000256E-04  6.752430E-24  7.089831E-28   5.000000E-01 NotAppl  1.527206E+00  0.000000E+00  
3.300354E+01  1.102354E-03  1.962841E+00  -2.123712E-09  1.000000E+00  1.360149E-03  1.292640E-42  2.216668E-23   5.000000E-01 NotAppl  2.533971E-17  5.340025E-15  
1.108231E+03  8.030981E+00  -8.003055E+00  -3.674112E-01  1.000000E+00  1.428858E-01  3.679194E-26  5.033190E-10   1.119043E-02 LZ5Tmedian  1.706723E-02  0.000000E+00  
1.122223E+03  3.938481E-03  4.509087E-02  -3.232072E-08  1.000000E+00  4.623128E-01  1.731422E-26  3.796477E-24   5.000000E-01 NotAppl  7.559930E-03  0.000000E+00  
5.980818E+01  5.036120E+00  8.391751E+00  6.105647E-04  1.000000E+00  2.302454E-02  7.670197E-30  5.463727E-13   5.000000E-01 NotAppl  8.084927E-05  1.545911E-04  
8.776744E+03  5.568176E-01  -3.991869E-01  1.956864E-08  1.000000E+00  1.360867E+01  4.762175E-28  2.115370E-26   5.000000E-01 NotAppl  2.550883E-05  0.000000E+00  
7.742858E+01  2.808800E+02  -8.655209E+01  -3.542862E+00  1.000000E+00  2.195325E-04  6.614517E-24  1.085829E-05   0.000000E+00 XENON1T_2018  5.359913E+01  0.000000E+00  
2.305831E+02  1.248069E-04  1.806916E-04  4.591825E-07  1.000000E+00  2.300499E-02  3.703694E-25  1.948845E-20   5.000000E-01 NotAppl  8.341108E-01  0.000000E+00  
3.484607E+01  1.928188E-02  3.180072E+00  4.235753E-02  1.000000E+00  7.141566E-04  5.605992E-28  7.897704E-09   0.000000E+00 LZ5Tmedian  1.036623E-02  2.073734E-01  
3.143072E+01  2.601193E-02  6.376964E+01  4.429896E+00  1.000000E+00  1.651780E-03  7.322447E-25  1.064853E-04   0.000000E+00 XENON1T_2018  1.456882E+01  3.333847E-01  
1.460727E+03  2.928799E+00  -2.480769E+00  1.888422E-02  1.000000E+00  4.458252E-01  1.610221E-26  7.569468E-13   5.000000E-01 NotAppl  5.358976E-03  0.000000E+00  
2.404506E+01  2.729056E+00  1.126361E+02  -1.857175E-06  1.000000E+00  4.299770E-02  7.281645E-37  3.216558E-17   5.000000E-01 NotAppl  2.020393E-11  4.299446E-09  
1.806542E+02  9.314768E-03  7.487378E+02  5.450440E+00  1.000000E+00  2.329266E-06  5.212006E-21  4.527346E-06   0.000000E+00 XENON1T_2018  1.803379E+04  0.000000E+00  
7.483887E+01  1.160703E-03  5.738322E-02  -4.088687E-04  1.000000E+00  6.795679E-03  1.330505E-31  1.550252E-13   5.000000E-01 NotAppl  1.107196E-06  0.000000E+00  
4.979386E+03  2.209477E-01  2.742908E+00  -7.834468E-07  1.000000E+00  1.461210E+00  3.288673E-27  1.072643E-22   5.000000E-01 NotAppl  3.171355E-04  0.000000E+00  
1.195509E+03  1.012022E-03  1.680779E-01  -2.054862E-05  1.000000E+00  5.205091E-01  1.527994E-26  1.348730E-18   5.000000E-01 NotAppl  6.252385E-03  0.000000E+00  
2.222852E+02  7.831188E+01  -7.831152E+01  7.308698E-02  1.000000E+00  2.140294E-03  2.962877E-24  5.322288E-10   1.555327E-10 LZ5Tmedian  6.994970E+00  0.000000E+00  
2.662821E+01  2.256454E+02  -2.245490E+02  1.739066E-04  1.000000E+00  2.556127E-02  6.857946E-33  2.295445E-13   5.000000E-01 NotAppl  1.701113E-07  3.885219E-05  
8.075884E+02  1.005140E+01  -1.002504E+01  1.037329E-03  1.000000E+00  7.122738E-02  9.177789E-26  7.655429E-15   5.000000E-01 NotAppl  5.617420E-02  0.000000E+00  
1.116489E+03  2.202868E+01  -2.162407E+01  -2.097505E-01  1.000000E+00  2.495247E-02  2.341991E-25  1.615716E-10   2.389146E-01 NotAppl  1.027935E-01  0.000000E+00  
1.395010E+03  2.894968E+00  -2.824534E+00  9.794493E-08  1.000000E+00  4.345277E-01  1.617128E-26  2.236667E-23   5.000000E-01 NotAppl  5.642045E-03  0.000000E+00  
7.008823E+03  5.845217E-03  -5.429966E-03  3.829770E-09  1.000000E+00  1.564401E+01  4.489514E-28  1.279571E-27   5.000000E-01 NotAppl  3.025208E-05  0.000000E+00  
6.792814E+03  4.032015E-04  1.025541E+02  -3.604662E-07  1.000000E+00  1.773181E-03  2.797984E-24  1.207927E-23   5.000000E-01 NotAppl  1.977471E-01  0.000000E+00  
4.980076E+02  2.344812E-01  2.318669E+00  3.582474E-08  1.000000E+00  9.140080E-02  8.765928E-26  2.452516E-23   5.000000E-01 NotAppl  8.857509E-02  0.000000E+00  
4.771472E+02  3.915613E-02  -2.385468E-02  8.918922E-01  1.000000E+00  1.283103E-02  9.377355E-25  1.659123E-08   4.815550E-148 LZ5Tmedian  1.036413E+00  0.000000E+00  
3.296541E+01  2.258874E-02  7.251412E+00  6.977984E-01  1.000000E+00  1.409225E-03  1.385928E-25  2.398764E-06   0.000000E+00 XENON1T_2018  2.715111E+00  2.531911E-01  
9.409975E+01  3.722244E-02  2.909517E-01  1.179744E-10  1.000000E+00  5.441553E-03  1.134196E-24  8.076251E-27   5.000000E-01 NotAppl  6.594979E+00  0.000000E+00  
1.135869E+03  2.777059E+00  -2.776843E+00  1.299808E-02  1.000000E+00  3.346067E-01  2.202385E-26  5.990541E-13   5.000000E-01 NotAppl  9.492707E-03  0.000000E+00  
6.455629E+01  6.631807E-01  1.400935E+01  8.337822E-10  1.000000E+00  5.784380E-03  2.283926E-41  8.718021E-25   5.000000E-01 NotAppl  2.213715E-16  0.000000E+00  
7.143350E+01  7.972789E+01  -5.663528E+01  -3.838256E-01  1.000000E+00  1.429817E-02  2.334593E-25  1.502497E-07   0.000000E+00 XENON1T_2018  2.052629E+00  0.000000E+00  
1.137808E+03  3.078930E+01  -2.735999E+01  -6.135232E-05  1.000000E+00  1.115170E-02  5.612726E-25  1.330020E-17   5.000000E-01 NotAppl  2.410056E-01  0.000000E+00  
6.900884E+01  5.862124E+01  -5.862073E+01  2.616955E-04  1.000000E+00  1.402446E-02  2.110419E-31  7.494889E-14   5.000000E-01 NotAppl  1.921494E-06  0.000000E+00  
2.675178E+03  7.404276E+01  -7.156625E+01  -2.272984E-02  1.000000E+00  2.137224E-03  3.139629E-24  3.195994E-13   5.000000E-01 NotAppl  5.603398E-01  0.000000E+00  
2.285148E+01  2.002143E+01  1.496566E+02  5.170899E-03  1.000000E+00  2.619289E+02  5.481734E-30  2.762959E-10   4.757900E-12 LZ5Tmedian  1.607101E-04  5.695111E-03  
7.637305E+02  1.016698E+02  -1.016623E+02  4.892106E-05  1.000000E+00  1.302746E-03  5.278948E-24  1.908368E-17   5.000000E-01 NotAppl  3.420773E+00  0.000000E+00  
1.251329E+01  3.536421E-01  -3.531242E-01  -1.174566E-03  1.000000E+00  4.684781E-03  2.283155E-31  4.741557E-11   3.341741E-01 NotAppl  1.320282E-05  1.919350E-03  
2.453882E+01  4.274893E-04  9.124441E+01  -2.847504E-03  1.000000E+00  1.812079E-03  1.733820E-30  7.257908E-11   5.911766E-04 LZ5Tmedian  4.702303E-05  1.032265E-02  
1.704975E+03  6.295442E+01  -6.278312E+01  3.010252E-01  1.000000E+00  2.805277E-03  2.452384E-24  1.403362E-10   4.417399E-01 NotAppl  6.946448E-01  0.000000E+00  
2.140184E+02  2.598856E+00  1.727199E+02  4.382884E-02  1.000000E+00  1.234447E-03  3.567056E-24  2.068538E-10   1.126131E-04 LZ5Tmedian  8.621365E+00  0.000000E+00  
2.956995E+03  5.012546E-01  7.553497E+01  -3.384384E-03  1.000000E+00  3.152489E-03  1.522810E-24  5.778539E-15   5.000000E-01 NotAppl  2.505669E-01  0.000000E+00  
1.205355E+02  2.295894E+01  -1.966297E+01  -1.947653E-04  1.000000E+00  3.100829E-03  1.315062E-24  1.325075E-14   5.000000E-01 NotAppl  5.915208E+00  0.000000E+00  
2.546349E+03  1.899283E+01  1.616245E+02  -1.218313E-08  1.000000E+00  5.805965E-04  8.406879E-24  1.015256E-25   5.000000E-01 NotAppl  1.611230E+00  0.000000E+00  
3.542423E+03  1.638233E-04  1.029905E+01  1.293840E-05  1.000000E+00  1.460007E-01  3.031251E-26  5.847413E-20   5.000000E-01 NotAppl  4.144302E-03  0.000000E+00  
2.931855E+02  8.860795E-02  1.490791E+02  4.300159E-10  1.000000E+00  1.379292E-03  3.481691E-24  1.044975E-26   5.000000E-01 NotAppl  6.103768E+00  0.000000E+00  
5.248686E+03  2.582309E+00  -2.578129E+00  1.991498E-07  1.000000E+00  1.214266E+00  4.736678E-27  6.227178E-24   5.000000E-01 NotAppl  4.259416E-04  0.000000E+00  
3.475302E+03  2.563017E-01  -1.793014E-01  -1.076836E+00  1.000000E+00  4.427614E-01  2.373603E-26  4.211199E-10   2.991733E-01 NotAppl  3.447396E-03  0.000000E+00  
4.336295E+01  2.921980E-02  -2.878668E-02  -1.029903E-07  1.000000E+00  1.491699E-04  5.768151E-39  2.993706E-20   5.000000E-01 NotAppl  8.465413E-14  1.091140E-11  
6.872757E+01  1.615221E+02  4.072472E+02  -5.697906E-01  1.000000E+00  3.420569E-03  1.097110E-24  3.582824E-07   0.000000E+00 XENON1T_2018  1.003112E+01  0.000000E+00  
3.453274E+03  1.304548E-04  3.315618E-03  -4.591764E-09  1.000000E+00  3.969183E+00  1.846357E-27  7.756840E-27   5.000000E-01 NotAppl  2.551882E-04  0.000000E+00  
1.151389E+02  1.739870E-02  2.138433E-01  3.616944E-04  1.000000E+00  6.904936E-03  1.118406E-24  5.019745E-14   5.000000E-01 NotAppl  5.252874E+00  0.000000E+00  
4.467317E+02  6.061116E-04  2.297245E+02  -9.393208E-02  1.000000E+00  6.130774E-04  7.843285E-24  2.105699E-10   1.015224E-02 LZ5Tmedian  8.950608E+00  0.000000E+00  
8.551052E+02  5.289150E+01  3.547415E+01  -2.417501E-08  1.000000E+00  1.096797E-03  3.448814E-24  3.699646E-24   5.000000E-01 NotAppl  2.008891E+00  0.000000E+00  
5.043354E+02  2.594905E-03  1.117424E-02  9.228106E-05  1.000000E+00  1.009532E-01  8.361328E-26  1.585829E-16   5.000000E-01 NotAppl  8.336833E-02  0.000000E+00  
2.812772E+01  2.549498E-03  1.918593E+02  2.638342E-07  1.000000E+00  2.038602E-03  1.654710E-38  4.729293E-19   5.000000E-01 NotAppl  3.860115E-13  8.879359E-11  
2.809403E+02  2.134418E+00  -5.432705E-01  -3.114980E-04  1.000000E+00  2.827721E-02  2.616374E-25  5.983997E-15   5.000000E-01 NotAppl  4.794697E-01  0.000000E+00  
1.691366E+02  9.474298E+02  -9.407350E+02  2.816776E-10  1.000000E+00  3.504841E-04  1.051951E-23  1.384051E-26   5.000000E-01 NotAppl  3.400473E+01  0.000000E+00  
3.480874E+01  1.067323E+01  3.619761E+02  9.911404E-05  1.000000E+00  3.008288E-02  3.063624E-33  4.333660E-14   5.000000E-01 NotAppl  5.671871E-08  4.340787E-06  
4.449949E+02  2.745961E+00  -2.732317E+00  -6.183280E-02  1.000000E+00  7.255012E-02  1.085390E-25  9.197443E-11   1.336558E-01 NotAppl  1.236547E-01  0.000000E+00  
3.548213E+01  2.314484E-02  -2.290430E-02  -2.101452E-03  1.000000E+00  5.293848E-04  1.424729E-30  1.873833E-11   9.054746E-02 LZ5Tmedian  2.588528E-05  5.090175E-03  
2.704954E+01  5.318787E-04  5.400290E+00  -6.056787E-01  1.000000E+00  1.959533E-03  8.394073E-26  2.697373E-06   0.000000E+00 XENON1T_2018  2.045899E+00  2.553535E-01  
1.351893E+02  2.553049E+02  -2.552771E+02  4.221686E-01  1.000000E+00  5.673418E-04  1.092440E-23  4.920855E-08   0.000000E+00 XENON1T_2018  4.427547E+01  0.000000E+00  
4.002604E+03  2.166755E-03  6.871312E-03  1.321884E-03  1.000000E+00  5.279527E+00  1.375091E-27  4.760785E-16   5.000000E-01 NotAppl  1.635688E-04  0.000000E+00  
4.050637E+02  1.484076E+02  -1.437779E+02  -7.890508E-01  1.000000E+00  9.445851E-04  5.645121E-24  1.815434E-08   1.026259E-189 LZ5Tmedian  7.218098E+00  0.000000E+00  
4.265107E+03  1.619811E+01  2.760946E+02  -6.600605E-08  1.000000E+00  2.317695E-04  2.167316E-23  1.043151E-24   5.000000E-01 NotAppl  2.455927E+00  0.000000E+00  
1.595455E+01  2.465970E+00  -2.464598E+00  -1.930084E-05  1.000000E+00  7.402546E-02  6.646390E-35  7.908062E-15   5.000000E-01 NotAppl  2.904673E-09  5.031618E-07  
4.358566E+03  2.385506E-01  7.482235E-01  4.778258E-05  1.000000E+00  4.513562E+00  1.456590E-27  5.230867E-19   5.000000E-01 NotAppl  1.593423E-04  0.000000E+00  
1.670548E+02  1.096637E+02  -1.096615E+02  2.060748E-05  1.000000E+00  1.831927E-03  3.275178E-24  7.597951E-17   5.000000E-01 NotAppl  1.068804E+01  0.000000E+00  
1.097445E+02  1.005356E+00  -2.120642E-02  -5.317169E-10  1.000000E+00  5.601994E-03  1.182998E-24  1.196959E-25   5.000000E-01 NotAppl  5.837944E+00  0.000000E+00  
2.096513E+03  4.223182E+01  -4.223048E+01  -1.013075E-08  1.000000E+00  6.394513E-03  1.035374E-24  1.043012E-25   5.000000E-01 NotAppl  2.371643E-01  0.000000E+00  
2.060667E+02  3.720321E-01  5.556720E+02  4.312170E-04  1.000000E+00  6.582084E-04  6.891042E-24  2.163863E-14   5.000000E-01 NotAppl  1.729412E+01  0.000000E+00  
4.331123E+01  1.380538E-01  -1.318430E-01  2.359947E-05  1.000000E+00  1.450480E-04  3.015456E-34  1.575708E-15   5.000000E-01 NotAppl  4.441427E-09  5.733385E-07  
8.296103E+01  7.485053E+01  3.173462E+02  2.517048E-09  1.000000E+00  3.889361E-03  6.324974E-25  4.759353E-24   5.000000E-01 NotAppl  4.319709E+00  0.000000E+00  
2.014940E+02  2.371775E+02  -2.364532E+02  1.191201E-04  1.000000E+00  7.016281E-04  8.472712E-24  1.728937E-15   5.000000E-01 NotAppl  2.219247E+01  0.000000E+00  
4.545362E+02  5.746610E-03  2.136537E-02  1.293866E-04  1.000000E+00  8.278689E-02  1.023454E-25  3.856205E-16   5.000000E-01 NotAppl  1.136748E-01  0.000000E+00  
1.715621E+02  3.039957E+00  -3.004220E+00  -1.949015E-04  1.000000E+00  1.169095E-02  6.239373E-25  6.435427E-15   5.000000E-01 NotAppl  1.943349E+00  0.000000E+00  
6.278802E+01  6.353019E+02  -1.483975E+02  1.770633E-07  1.000000E+00  6.063331E+01  5.384870E-35  4.160927E-20   5.000000E-01 NotAppl  5.373134E-10  0.000000E+00  
3.430716E+03  3.125228E-04  2.679611E-03  -1.157644E-02  1.000000E+00  3.915542E+00  1.873259E-27  4.996522E-14   5.000000E-01 NotAppl  2.606619E-04  0.000000E+00  
1.694862E+02  1.395722E-04  4.339812E+00  6.868379E-05  1.000000E+00  1.163944E-02  6.381216E-25  8.193927E-16   5.000000E-01 NotAppl  2.010485E+00  0.000000E+00  
3.531313E+01  1.123708E+01  -9.099643E+00  -2.895637E-10  1.000000E+00  6.317512E-03  2.681823E-44  3.592442E-25   5.000000E-01 NotAppl  4.897312E-19  3.397929E-17  
3.228343E+02  4.472162E+01  1.324502E+02  -1.194789E+00  1.000000E+00  6.834902E-04  4.691870E-24  6.622978E-08   0.000000E+00 XENON1T_2018  8.435560E+00  0.000000E+00  
3.588033E+01  2.725945E-01  5.176942E+00  -8.731816E-07  1.000000E+00  3.650921E-04  2.511312E-37  3.162717E-18   5.000000E-01 NotAppl  4.501330E-12  7.299737E-10  
8.880506E+02  3.834522E+01  -3.807293E+01  3.277324E-05  1.000000E+00  7.671146E-03  8.499965E-25  6.294172E-18   5.000000E-01 NotAppl  4.713007E-01  0.000000E+00  
4.330314E+01  9.076963E+02  -9.076962E+02  -6.251918E-08  1.000000E+00  6.323465E-05  2.114548E-39  1.106274E-20   5.000000E-01 NotAppl  3.108260E-14  4.027195E-12  
1.452849E+01  4.972149E+01  -4.965586E+01  4.208125E-01  1.000000E+00  6.459621E-02  3.072322E-26  4.528790E-06   0.000000E+00 XENON1T_2018  1.494292E+00  4.989756E-01  
1.576734E+03  1.077435E+00  2.381295E+01  1.333025E-05  1.000000E+00  2.721580E-02  1.739626E-25  3.227529E-19   5.000000E-01 NotAppl  5.447488E-02  0.000000E+00  
7.256693E+01  1.040409E-03  1.300027E-02  4.473491E-08  1.000000E+00  6.456218E-03  2.461651E-39  1.976402E-21   5.000000E-01 NotAppl  2.130299E-14  0.000000E+00  
6.931853E+03  4.960033E-02  1.021726E+02  1.210202E-09  1.000000E+00  1.785747E-03  2.780856E-24  1.306875E-28   5.000000E-01 NotAppl  1.925362E-01  0.000000E+00  
3.348667E+02  7.676424E+01  -7.675689E+01  1.883874E-06  1.000000E+00  2.365850E-03  2.749368E-24  1.527702E-19   5.000000E-01 NotAppl  4.214699E+00  0.000000E+00  
4.698093E+03  9.312248E+02  -9.232921E+02  -7.024557E-02  1.000000E+00  1.768575E-05  4.169619E-22  9.705608E-13   5.000000E-01 NotAppl  4.191662E+01  0.000000E+00  
3.080219E+03  1.114975E+02  -1.112535E+02  -1.846457E-09  1.000000E+00  9.870861E-04  7.076665E-24  1.582848E-27   5.000000E-01 NotAppl  1.093612E+00  0.000000E+00  
3.580016E+03  1.009799E+01  -1.009649E+01  2.178878E-09  1.000000E+00  9.787957E-02  6.174891E-26  1.623126E-27   5.000000E-01 NotAppl  8.185879E-03  0.000000E+00  
1.242487E+03  2.771668E+02  -2.771667E+02  1.362970E-01  1.000000E+00  2.012546E-04  3.624801E-23  5.485065E-11   5.000000E-01 NotAppl  1.420942E+01  0.000000E+00  
9.876406E+02  7.190681E-02  -7.136544E-02  -2.307122E-03  1.000000E+00  3.626759E-01  2.230021E-26  2.510705E-14   5.000000E-01 NotAppl  1.110343E-02  0.000000E+00  
2.028914E+01  5.676867E-02  1.963074E+00  -4.348953E-10  1.000000E+00  1.594076E-03  3.665069E-44  2.482421E-24   5.000000E-01 NotAppl  1.223014E-18  2.526298E-16  
1.518153E+02  7.352478E-04  1.346231E-02  -9.842698E-05  1.000000E+00  1.090740E-02  7.521855E-25  2.108785E-15   5.000000E-01 NotAppl  2.654687E+00  0.000000E+00  
6.322914E+03  5.059998E+00  -5.499219E-01  1.988142E+00  1.000000E+00  1.186402E-01  8.394728E-26  4.250748E-10   5.000000E-01 NotAppl  6.381927E-03  0.000000E+00  
1.878904E+01  3.436642E-01  -3.372321E-01  1.696435E-07  1.000000E+00  5.415663E-03  5.413896E-39  4.406409E-19   5.000000E-01 NotAppl  1.967216E-13  3.918642E-11  
2.079183E+02  8.281877E-03  8.942409E-02  -8.169475E-06  1.000000E+00  1.897704E-02  4.466804E-25  7.625451E-18   5.000000E-01 NotAppl  1.120665E+00  0.000000E+00  
1.439356E+02  1.303193E-01  -1.294235E-01  -2.937644E-01  1.000000E+00  4.862313E-03  1.972243E-24  2.095333E-08   0.000000E+00 LZ5Tmedian  8.087187E+00  0.000000E+00  
5.317031E+01  1.218891E-01  -5.678383E-02  -4.458358E-01  1.000000E+00  2.375049E-03  3.789939E-25  3.703259E-07   0.000000E+00 XENON1T_2018  4.518215E+00  2.508500E-01  
1.536555E+01  5.368118E-04  1.260815E-02  -9.113551E-02  1.000000E+00  1.410054E-03  1.465289E-27  1.900305E-07   0.000000E+00 XENON1T_2018  6.682660E-02  2.447074E-01  
5.815658E+02  1.249405E+02  -1.249385E+02  9.942318E-10  1.000000E+00  9.516462E-04  7.242395E-24  1.375567E-26   5.000000E-01 NotAppl  6.229364E+00  0.000000E+00  
1.626791E+01  4.522896E+02  -4.484251E+02  -3.078407E-09  1.000000E+00  2.199608E+00  1.700690E-42  1.935229E-22   5.000000E-01 NotAppl  7.269976E-17  1.267938E-14  
1.204607E+01  2.860967E+02  -2.860963E+02  2.014572E-01  1.000000E+00  1.286143E-01  6.625614E-27  1.503511E-06   0.000000E+00 XENON1T_2018  4.005414E-01  4.956445E-01  
6.869030E+03  4.326127E-03  4.013403E-03  6.434685E-10  1.000000E+00  1.504320E+01  4.674078E-28  3.762805E-29   5.000000E-01 NotAppl  3.214506E-05  0.000000E+00  
1.170977E+02  3.565627E-02  5.560098E+00  -1.936320E-01  1.000000E+00  7.074162E-03  6.396233E-25  1.389739E-08   0.000000E+00 LZ5Tmedian  2.967209E+00  0.000000E+00  
9.334248E+02  1.938359E-04  6.122613E-04  -1.213817E-02  1.000000E+00  3.256726E-01  2.496279E-26  7.798628E-13   5.000000E-01 NotAppl  1.317498E-02  0.000000E+00  
3.576774E+03  3.762930E-01  7.324789E+01  -3.637479E-02  1.000000E+00  3.363571E-03  1.429409E-24  4.531850E-13   5.000000E-01 NotAppl  1.936925E-01  0.000000E+00  
2.369099E+01  5.981274E-01  -5.977547E-01  6.043038E+00  1.000000E+00  6.633529E-03  2.225246E-25  3.509009E-04   0.000000E+00 XENON1T_2018  6.047059E+00  2.504965E-01  
2.158445E+03  2.810337E+00  -2.618468E+00  1.932726E-07  1.000000E+00  6.994934E-01  9.378418E-27  3.577586E-23   5.000000E-01 NotAppl  2.089550E-03  0.000000E+00  
8.097583E+03  1.085107E+00  -1.083564E+00  7.573600E-04  1.000000E+00  5.563740E+00  1.033610E-27  3.731709E-17   5.000000E-01 NotAppl  5.995498E-05  0.000000E+00  
7.012811E+03  2.841430E+00  3.919648E+02  -1.088953E-06  1.000000E+00  1.296873E-04  3.976522E-23  1.033252E-22   5.000000E-01 NotAppl  2.720951E+00  0.000000E+00  
3.542410E+01  3.056584E-02  -3.033268E-02  1.953631E-09  1.000000E+00  5.480327E-04  1.227684E-42  1.624877E-23   5.000000E-01 NotAppl  2.230737E-17  4.491594E-15  
7.420331E+01  6.440620E-02  -5.996125E-02  -1.256421E-09  1.000000E+00  6.980497E-03  1.407530E-42  1.489604E-24   5.000000E-01 NotAppl  1.190850E-17  0.000000E+00  
1.366638E+02  1.481125E-02  1.343977E+00  9.364462E-05  1.000000E+00  8.629898E-03  8.915496E-25  2.367968E-15   5.000000E-01 NotAppl  3.508226E+00  0.000000E+00  
4.453885E+03  6.790601E-04  7.548068E-02  -1.822629E-10  1.000000E+00  6.475235E+00  1.112372E-27  7.291554E-30   5.000000E-01 NotAppl  1.187083E-04  0.000000E+00  
9.328768E+01  8.983945E-03  -6.429202E-04  1.823414E+00  1.000000E+00  1.731554E-04  7.718151E-23  1.963904E-06   0.000000E+00 XENON1T_2018  4.558085E+02  0.000000E+00  
1.259501E+03  1.222043E-04  3.354349E-04  -8.546391E-09  1.000000E+00  5.756952E-01  1.376976E-26  2.097608E-25   5.000000E-01 NotAppl  5.339130E-03  0.000000E+00  
5.823814E+02  9.214763E-03  1.215747E+01  8.904465E-07  1.000000E+00  5.883043E-02  1.023310E-25  1.100217E-20   5.000000E-01 NotAppl  8.833824E-02  0.000000E+00  
8.415791E+02  1.463903E-04  5.812718E-02  -2.068823E-05  1.000000E+00  2.676424E-01  3.060300E-26  2.799079E-18   5.000000E-01 NotAppl  1.796953E-02  0.000000E+00  
6.705855E+03  1.476232E+01  -1.476136E+01  -1.343812E-02  1.000000E+00  4.835494E-02  1.284200E-25  1.723287E-14   5.000000E-01 NotAppl  8.998682E-03  0.000000E+00  
1.221730E+02  1.538531E+00  -1.533587E+00  3.985170E-08  1.000000E+00  7.088613E-03  1.047168E-24  5.396310E-22   5.000000E-01 NotAppl  4.625105E+00  0.000000E+00  
5.486568E+01  4.612887E+01  -4.612641E+01  1.958890E-06  1.000000E+00  3.398554E-03  1.062496E-35  6.705930E-18   5.000000E-01 NotAppl  1.219792E-10  2.625882E-09  
2.533029E+03  9.060354E+02  -9.060349E+02  -4.149287E-05  1.000000E+00  2.309897E-05  3.329472E-22  1.190264E-18   5.000000E-01 NotAppl  6.282817E+01  0.000000E+00  
1.811546E+03  2.630746E-02  1.814989E+00  -9.636493E-06  1.000000E+00  9.141784E-01  7.600731E-27  1.270962E-19   5.000000E-01 NotAppl  2.034868E-03  0.000000E+00  
8.425049E+03  1.672330E-04  2.185445E-03  -1.025468E-07  1.000000E+00  2.237520E+01  3.107513E-28  6.312226E-25   5.000000E-01 NotAppl  1.738178E-05  0.000000E+00  
1.762390E+02  3.553828E-04  3.225258E-03  -1.100058E-01  1.000000E+00  1.362917E-02  5.928687E-25  1.940155E-09   5.873560E-45 LZ5Tmedian  1.822669E+00  0.000000E+00  
2.412799E+02  2.574172E-02  3.854141E+02  8.779818E-10  1.000000E+00  6.227914E-04  7.537180E-24  6.492763E-26   5.000000E-01 NotAppl  1.611105E+01  0.000000E+00  
4.789115E+02  2.823738E-02  7.322655E-02  1.719385E+00  1.000000E+00  4.336151E-03  2.955446E-24  6.119580E-08   0.000000E+00 LZ5Tmedian  3.222692E+00  0.000000E+00  
1.441193E+03  1.469163E+02  -1.469154E+02  -8.236845E-09  1.000000E+00  6.163621E-04  1.144736E-23  1.480177E-25   5.000000E-01 NotAppl  3.853123E+00  0.000000E+00  
2.115433E+01  9.285557E+02  -9.196821E+02  9.076594E-01  1.000000E+00  1.711144E-02  1.618909E-25  9.943045E-06   0.000000E+00 XENON1T_2018  5.162459E+00  5.089012E-01  
2.527998E+03  1.246436E-03  8.380569E+00  -1.692139E-08  1.000000E+00  2.045701E-01  2.234413E-26  1.987591E-25   5.000000E-01 NotAppl  4.305487E-03  0.000000E+00  
3.487735E+03  1.706169E-03  -1.314295E-03  2.224143E-08  1.000000E+00  4.046012E+00  1.810114E-27  1.783516E-25   5.000000E-01 NotAppl  2.476555E-04  0.000000E+00  
5.673987E+01  5.456061E-01  -5.402461E-01  7.226473E-02  1.000000E+00  3.251321E-03  2.462633E-26  8.521970E-09   0.000000E+00 LZ5Tmedian  2.730210E-01  2.303829E-01  
7.987252E+02  1.123608E+02  -1.118793E+02  1.484302E-02  1.000000E+00  1.060120E-03  6.426514E-24  1.603136E-12   5.000000E-01 NotAppl  3.975829E+00  0.000000E+00  
1.071317E+02  4.012177E+02  -3.909865E+02  -8.491896E-09  1.000000E+00  9.813792E-04  3.087540E-24  3.207601E-23   5.000000E-01 NotAppl  1.582819E+01  0.000000E+00  
1.074474E+02  5.307200E-04  6.456294E-02  -1.675307E-06  1.000000E+00  6.337498E-03  1.192853E-24  1.240909E-18   5.000000E-01 NotAppl  6.017698E+00  0.000000E+00  
1.249085E+01  9.676611E-04  1.124125E+01  -1.969543E-09  1.000000E+00  5.862101E-04  6.415659E-43  1.337934E-22   5.000000E-01 NotAppl  3.716990E-17  4.326604E-15  
1.044103E+03  5.056434E+00  3.199847E+02  -1.237423E-04  1.000000E+00  2.364051E-04  2.052662E-23  6.447743E-17   5.000000E-01 NotAppl  9.823042E+00  0.000000E+00  
2.766346E+03  4.146653E-02  -4.102434E-02  -1.450186E-10  1.000000E+00  2.587163E+00  2.875476E-27  1.215122E-29   5.000000E-01 NotAppl  4.982384E-04  0.000000E+00  
8.361218E+02  2.307209E-03  2.519912E+01  1.021152E-04  1.000000E+00  2.450773E-02  1.967542E-25  6.910660E-17   5.000000E-01 NotAppl  1.179574E-01  0.000000E+00  
1.076805E+02  4.254588E-02  1.612008E+02  1.395158E-07  1.000000E+00  3.163642E-03  1.636362E-24  8.567790E-21   5.000000E-01 NotAppl  8.158037E+00  0.000000E+00  
1.247351E+03  9.894265E-02  2.578137E+02  -2.444904E-02  1.000000E+00  3.461636E-04  1.442658E-23  1.750936E-12   5.000000E-01 NotAppl  5.750244E+00  0.000000E+00  
3.194730E+02  2.454231E-02  -2.251086E-02  1.616392E-10  1.000000E+00  4.235006E-02  2.015177E-25  1.238426E-27   5.000000E-01 NotAppl  3.229745E-01  0.000000E+00  
8.350309E+02  1.340722E-04  1.521663E+01  1.314318E-05  1.000000E+00  5.609866E-02  9.233765E-26  1.147882E-18   5.000000E-01 NotAppl  5.527041E-02  0.000000E+00  
5.325756E+03  4.763068E-04  1.749076E+00  -9.045960E-09  1.000000E+00  3.133691E+00  1.603581E-27  1.247296E-26   5.000000E-01 NotAppl  1.439521E-04  0.000000E+00  
7.153032E+01  9.353209E-04  7.683869E-03  -3.155040E-02  1.000000E+00  6.271474E-03  1.542257E-27  1.012405E-09   1.041940E-47 LZ5Tmedian  1.344428E-02  0.000000E+00  
1.320317E+03  1.660446E+01  4.093292E+00  -7.784363E-02  1.000000E+00  2.289607E-02  2.607874E-25  1.580625E-11   5.000000E-01 NotAppl  9.690419E-02  0.000000E+00  
8.744144E+03  2.321429E-01  -2.303544E-01  -7.057074E-04  1.000000E+00  2.094200E+01  3.200074E-28  2.772031E-17   5.000000E-01 NotAppl  1.722990E-05  0.000000E+00  
1.689760E+01  2.925269E-02  -2.219083E-02  -1.785998E-10  1.000000E+00  1.922952E-03  5.791875E-45  6.038552E-25   5.000000E-01 NotAppl  2.371705E-19  4.386746E-17  
3.575673E+03  2.133978E+01  -2.129028E+01  -5.276953E-10  1.000000E+00  2.358310E-02  2.689651E-25  9.542486E-29   5.000000E-01 NotAppl  3.569468E-02  0.000000E+00  
1.613297E+03  2.863329E-02  4.327478E+02  5.039900E-05  1.000000E+00  1.340954E-04  3.816848E-23  4.402916E-18   5.000000E-01 NotAppl  1.168581E+01  0.000000E+00  
2.222076E+03  1.917043E-02  1.539434E+00  1.849036E-04  1.000000E+00  1.332458E+00  5.107044E-27  3.086287E-17   5.000000E-01 NotAppl  1.109281E-03  0.000000E+00  
9.304330E+01  1.897458E+02  -1.636114E+01  -3.286296E-04  1.000000E+00  1.536188E-03  1.761561E-24  6.413538E-14   5.000000E-01 NotAppl  1.043248E+01  0.000000E+00  
6.402029E+03  3.075622E+02  -3.070729E+02  5.578512E+00  1.000000E+00  1.291580E-04  5.794587E-23  3.263124E-09   6.198145E-03 LZ5Tmedian  4.256914E+00  0.000000E+00  
1.286742E+03  3.323078E-04  3.062626E-03  -3.022256E-02  1.000000E+00  5.955761E-01  1.332131E-26  2.511100E-12   5.000000E-01 NotAppl  5.056038E-03  0.000000E+00  
3.355335E+01  2.710793E-02  1.126267E+02  2.054221E-02  1.000000E+00  1.242415E-03  1.239784E-28  2.005622E-09   1.087149E-110 LZ5Tmedian  2.391044E-03  2.008830E-01  
8.074450E+03  2.047450E+00  -2.043795E+00  -1.339131E-01  1.000000E+00  2.200318E+00  2.292286E-27  1.173471E-12   5.000000E-01 NotAppl  1.334565E-04  0.000000E+00  
7.368260E+03  3.453790E+02  -3.452409E+02  -3.144974E-06  1.000000E+00  1.112532E-04  6.720561E-23  7.794690E-22   5.000000E-01 NotAppl  4.281033E+00  0.000000E+00  
7.079489E+03  4.226739E+00  -4.226551E+00  -3.096462E-06  1.000000E+00  5.239832E-01  1.098661E-26  8.195390E-22   5.000000E-01 NotAppl  7.289166E-04  0.000000E+00  
8.014575E+02  1.626260E-03  -1.330161E-03  -9.784869E-08  1.000000E+00  2.439865E-01  3.369865E-26  6.918412E-23   5.000000E-01 NotAppl  2.080873E-02  0.000000E+00  
7.736910E+01  2.297473E-04  3.413606E-02  3.160770E-01  1.000000E+00  5.802823E-03  5.305370E-26  8.656067E-08   0.000000E+00 XENON1T_2018  4.298523E-01  0.000000E+00  
2.884019E+03  1.279212E+01  1.140067E+01  -1.773102E+00  1.000000E+00  4.306909E-02  9.509116E-26  1.668853E-09   3.154712E-03 LZ5Tmedian  1.684860E-02  0.000000E+00  
2.516139E+01  2.208852E-04  2.541554E-02  7.975916E+00  1.000000E+00  2.752085E-03  1.361700E-25  5.413636E-04   0.000000E+00 XENON1T_2018  3.358297E+00  2.500108E-01  
6.150446E+03  4.925804E-02  2.851011E+00  -5.055743E-07  1.000000E+00  1.561949E+00  2.854873E-27  2.907689E-23   5.000000E-01 NotAppl  2.224521E-04  0.000000E+00  
1.381381E+01  3.847949E-04  5.026727E-04  3.153726E-05  1.000000E+00  1.211924E-03  1.699678E-34  2.811296E-14   5.000000E-01 NotAppl  8.760739E-09  1.385590E-06  
1.287087E+03  1.203027E+01  3.380351E+00  4.196479E+00  1.000000E+00  2.442785E-03  3.673625E-24  4.838763E-08   1.844267E-162 LZ5Tmedian  1.441798E+00  0.000000E+00  
2.557493E+03  4.526740E-02  5.684622E-01  -1.123038E-06  1.000000E+00  2.109436E+00  3.464913E-27  8.550373E-22   5.000000E-01 NotAppl  6.507442E-04  0.000000E+00  
7.996207E+02  1.365583E+00  1.931629E+02  -1.218699E-03  1.000000E+00  6.161753E-04  7.897307E-24  1.078262E-14   5.000000E-01 NotAppl  4.968617E+00  0.000000E+00  
6.547732E+02  2.665082E-02  -2.582260E-02  1.294356E-08  1.000000E+00  1.660632E-01  5.017129E-26  1.829641E-24   5.000000E-01 NotAppl  3.817314E-02  0.000000E+00  
1.198967E+01  3.360094E-01  2.416812E+01  -6.144096E-01  1.000000E+00  1.823542E-03  6.134006E-26  1.411465E-05   0.000000E+00 XENON1T_2018  3.728421E+00  2.688466E-01  
4.185617E+03  6.212603E+02  -6.177214E+02  -3.264827E-06  1.000000E+00  3.774513E-05  1.956532E-22  2.651661E-21   5.000000E-01 NotAppl  2.211977E+01  0.000000E+00  
2.012808E+03  4.784950E+00  -4.734938E+00  -1.941127E-05  1.000000E+00  3.287082E-01  1.888816E-26  4.160711E-19   5.000000E-01 NotAppl  4.516748E-03  0.000000E+00  
9.938904E+02  1.958465E+01  1.491730E+02  -3.026283E-09  1.000000E+00  6.561375E-04  6.663448E-24  4.264640E-26   5.000000E-01 NotAppl  3.351947E+00  0.000000E+00  
1.216578E+03  3.486637E+00  -3.469663E+00  4.026503E-08  1.000000E+00  3.203659E-01  2.189010E-26  4.997308E-24   5.000000E-01 NotAppl  8.789185E-03  0.000000E+00  
1.904732E+01  1.138467E+01  -1.138087E+01  -7.295973E-10  1.000000E+00  5.079261E-02  1.006388E-43  7.930420E-24   5.000000E-01 NotAppl  3.603637E-18  3.770037E-16  
1.373962E+03  3.383964E+00  -3.382822E+00  3.363354E-10  1.000000E+00  3.754039E-01  1.831508E-26  2.720519E-28   5.000000E-01 NotAppl  6.489200E-03  0.000000E+00  
3.819283E+03  7.251071E-04  6.013695E+01  7.815898E+00  1.000000E+00  2.693119E-03  2.934133E-24  1.830917E-08   1.822720E-21 LZ5Tmedian  3.768187E-01  0.000000E+00  
2.781545E+02  4.051557E-02  2.003140E+02  -1.289716E-02  1.000000E+00  9.883628E-04  4.816433E-24  1.046966E-11   5.000000E-01 NotAppl  8.908363E+00  0.000000E+00  
1.964083E+01  4.473975E-02  -2.866559E-02  -1.077310E-10  1.000000E+00  2.501239E-03  2.219848E-45  1.625892E-25   5.000000E-01 NotAppl  7.678590E-20  1.573847E-17  
1.738724E+02  1.982041E-03  3.543742E-02  -2.876459E-02  1.000000E+00  1.402958E-02  5.779354E-25  1.363818E-10   7.123700E-04 LZ5Tmedian  1.776323E+00  0.000000E+00  
1.256549E+02  6.141187E+02  -6.126843E+02  -1.449080E-10  1.000000E+00  9.801628E-04  4.792265E-24  6.735616E-27   5.000000E-01 NotAppl  2.092224E+01  0.000000E+00  
2.535088E+01  1.335350E-02  7.353449E-01  4.804085E-09  1.000000E+00  2.171512E-03  5.044477E-42  1.934517E-22   5.000000E-01 NotAppl  1.321476E-16  3.006638E-14  
1.108627E+02  4.447387E-03  -3.947274E-03  1.167743E-06  1.000000E+00  6.639296E-03  1.160583E-24  5.654420E-19   5.000000E-01 NotAppl  5.667606E+00  0.000000E+00  
4.078178E+02  3.779942E-02  5.826811E-01  2.115096E-03  1.000000E+00  6.656171E-02  1.265372E-25  1.286498E-13   5.000000E-01 NotAppl  1.573209E-01  0.000000E+00  
2.067417E+02  1.842748E-01  -1.358212E-01  2.100711E-03  1.000000E+00  1.863826E-02  4.525628E-25  5.101058E-13   5.000000E-01 NotAppl  1.142194E+00  0.000000E+00  
5.371401E+03  1.059803E+02  -1.050682E+02  -8.259966E-10  1.000000E+00  1.077988E-03  6.504463E-24  1.022140E-28   5.000000E-01 NotAppl  5.708233E-01  0.000000E+00  
1.507209E+01  2.042965E-03  3.589593E+02  3.704821E-03  1.000000E+00  8.184342E-04  2.407781E-30  3.263179E-10   1.154732E-06 LZ5Tmedian  1.122926E-04  1.799909E-02  
1.462108E+02  1.649327E+00  1.721405E+01  2.589829E-10  1.000000E+00  6.049503E-03  9.076668E-25  1.577010E-26   5.000000E-01 NotAppl  3.320460E+00  0.000000E+00  
2.098843E+02  1.619114E-03  2.109033E-01  -1.034322E-08  1.000000E+00  1.924740E-02  4.393311E-25  1.198984E-23   5.000000E-01 NotAppl  1.091419E+00  0.000000E+00  
4.296405E+01  1.163990E+02  -1.163734E+02  -8.196414E-09  1.000000E+00  7.877340E-05  3.533313E-41  1.932110E-22   5.000000E-01 NotAppl  5.236662E-16  6.971529E-14  
3.388149E+03  7.125965E+00  -1.584381E+00  1.874434E-05  1.000000E+00  1.798267E-01  4.011159E-26  1.343667E-19   5.000000E-01 NotAppl  5.650120E-03  0.000000E+00  
2.505669E+02  4.540479E-03  8.092045E+00  1.424387E-08  1.000000E+00  2.167958E-02  3.383095E-25  1.581665E-23   5.000000E-01 NotAppl  6.983751E-01  0.000000E+00  
4.399159E+02  8.528328E+00  -8.528221E+00  2.442150E-09  1.000000E+00  4.583925E-02  1.506589E-25  1.468834E-25   5.000000E-01 NotAppl  1.732135E-01  0.000000E+00  
1.479487E+02  2.962862E-02  1.102598E+00  8.571077E-07  1.000000E+00  9.958304E-03  7.874592E-25  1.685943E-19   5.000000E-01 NotAppl  2.854261E+00  0.000000E+00  
9.155496E+01  4.327680E+00  -8.564880E-01  4.934828E-04  1.000000E+00  3.844071E-03  9.525532E-25  1.494796E-13   5.000000E-01 NotAppl  5.756747E+00  0.000000E+00  
1.359765E+03  4.206494E-02  -4.189616E-02  -3.014203E-01  1.000000E+00  3.905537E-01  2.371022E-26  2.231768E-10   1.966028E-01 NotAppl  8.774388E-03  0.000000E+00  
8.743395E+01  1.739965E+00  -1.157616E+00  -2.711170E-05  1.000000E+00  6.012947E-03  7.447317E-25  4.958423E-16   5.000000E-01 NotAppl  4.754079E+00  0.000000E+00  
1.284024E+02  1.475722E+00  2.719417E+01  1.270932E-04  1.000000E+00  4.654681E-03  1.152602E-24  4.956456E-15   5.000000E-01 NotAppl  4.809156E+00  0.000000E+00  
4.283107E+02  4.015028E+00  -3.858440E+00  2.413614E-07  1.000000E+00  6.118998E-02  1.244973E-25  1.515367E-21   5.000000E-01 NotAppl  1.471041E-01  0.000000E+00  
1.686255E+02  2.690548E+00  -2.690333E+00  -3.464660E-10  1.000000E+00  1.153629E-02  6.411245E-25  2.106868E-26   5.000000E-01 NotAppl  2.032369E+00  0.000000E+00  
4.542013E+02  1.602551E-01  1.863947E+01  1.174594E+00  1.000000E+00  4.515394E-03  2.125833E-24  3.182816E-08   3.199119E-297 LZ5Tmedian  2.445973E+00  0.000000E+00  
4.160449E+03  1.187824E-02  2.148050E-01  4.624419E+00  1.000000E+00  3.928794E-02  3.020805E-25  5.385667E-09   2.502767E-06 LZ5Tmedian  3.646151E-02  0.000000E+00  
5.170581E+01  2.493983E-01  3.878458E+02  1.299917E-03  1.000000E+00  2.678840E-03  2.470815E-30  3.332677E-12   5.000000E-01 NotAppl  3.027994E-05  1.344014E-03  
1.775700E+02  4.977884E-02  1.655745E+00  3.758908E-10  1.000000E+00  1.348992E-02  5.814610E-25  2.230651E-26   5.000000E-01 NotAppl  1.747301E+00  0.000000E+00  
8.435387E+02  5.973740E+00  1.757166E+01  -1.081433E+00  1.000000E+00  2.304622E-02  2.576971E-25  7.612110E-09   2.258114E-39 LZ5Tmedian  1.684756E-01  0.000000E+00  
1.313855E+01  9.872961E-04  4.764066E+00  -1.566714E-06  1.000000E+00  6.402501E-04  4.128987E-37  7.661633E-17   5.000000E-01 NotAppl  2.256043E-11  3.312624E-09  
4.879727E+02  4.821421E+02  -4.821288E+02  7.301105E-02  1.000000E+00  1.477478E-04  4.839603E-23  1.061948E-10   1.195252E-01 NotAppl  4.999149E+01  0.000000E+00  
2.270412E+02  2.856134E-02  -9.879063E-03  -6.869293E-08  1.000000E+00  2.234246E-02  3.810164E-25  4.501989E-22   5.000000E-01 NotAppl  8.720746E-01  0.000000E+00  
4.276015E+02  2.391802E+00  -2.374569E+00  2.512944E-08  1.000000E+00  6.746480E-02  1.187807E-25  1.648239E-23   5.000000E-01 NotAppl  1.405746E-01  0.000000E+00  
6.068491E+01  3.572575E-04  9.090652E+00  2.634898E-08  1.000000E+00  3.936862E-03  3.100077E-38  9.877728E-22   5.000000E-01 NotAppl  3.219439E-13  2.372689E-13  
1.322394E+03  9.932694E-01  5.069792E+02  -2.428845E-06  1.000000E+00  1.100413E-04  4.642451E-23  1.533873E-20   5.000000E-01 NotAppl  1.743354E+01  0.000000E+00  
2.995024E+02  1.012533E-02  8.217195E+02  -5.089454E-04  1.000000E+00  2.944747E-04  1.620001E-23  1.401267E-14   5.000000E-01 NotAppl  2.779206E+01  0.000000E+00  
3.562520E+01  7.961789E-04  1.854533E-02  4.423801E-03  1.000000E+00  4.832178E-04  6.360571E-30  8.236354E-11   2.576345E-05 LZ5Tmedian  1.150699E-04  2.102566E-02  
1.745421E+01  2.767321E-03  4.661643E-02  3.943744E-04  1.000000E+00  1.675463E-03  2.853328E-32  2.759758E-12   5.000000E-01 NotAppl  1.126504E-06  2.131305E-04  
7.029157E+03  1.274718E-02  -1.224948E-02  4.613446E-08  1.000000E+00  1.572858E+01  4.464356E-28  1.845781E-25   5.000000E-01 NotAppl  2.999440E-05  0.000000E+00  
1.465473E+02  2.393159E-03  2.373032E+02  1.059503E+00  1.000000E+00  3.095519E-04  3.013093E-23  2.626939E-07   0.000000E+00 XENON1T_2018  1.182580E+02  0.000000E+00  
2.162410E+02  2.373657E+01  -2.369206E+01  -9.168154E-04  1.000000E+00  8.711708E-03  6.960071E-25  8.861629E-14   5.000000E-01 NotAppl  1.682990E+00  0.000000E+00  
1.590455E+03  3.947424E+00  1.365256E+01  8.186074E-07  1.000000E+00  5.367030E-02  1.004572E-25  1.195841E-21   5.000000E-01 NotAppl  3.110273E-02  0.000000E+00  
2.962778E+03  9.489779E-03  4.586734E-02  -2.392162E-05  1.000000E+00  2.952205E+00  2.507636E-27  2.875495E-19   5.000000E-01 NotAppl  4.052022E-04  0.000000E+00  
8.106994E+01  1.415642E+01  -1.403780E+01  -1.855313E-09  1.000000E+00  8.387857E-03  3.305856E-25  2.710867E-24   5.000000E-01 NotAppl  2.340717E+00  0.000000E+00  
1.197833E+01  2.614793E-03  4.796524E-03  -2.573997E+00  1.000000E+00  9.109250E-04  5.355569E-25  2.481870E-04   0.000000E+00 XENON1T_2018  3.260426E+01  2.499962E-01  
2.443384E+02  8.841458E+02  -8.824597E+02  -3.755826E-06  1.000000E+00  2.355884E-04  2.419718E-23  1.157881E-18   5.000000E-01 NotAppl  5.173565E+01  0.000000E+00  
1.593516E+03  2.184273E-02  5.383958E+00  -3.094470E-01  1.000000E+00  3.306533E-01  1.735940E-26  1.702129E-10   3.465182E-01 NotAppl  5.461316E-03  0.000000E+00  
1.817390E+03  1.862415E-03  1.477471E-01  -2.217735E-08  1.000000E+00  1.154774E+00  6.647448E-27  6.687495E-25   5.000000E-01 NotAppl  1.770040E-03  0.000000E+00  
1.023419E+02  3.877019E+00  7.616601E+02  2.260056E-02  1.000000E+00  2.016858E-03  1.830534E-24  2.495338E-10   9.524478E-10 LZ5Tmedian  9.655655E+00  0.000000E+00  
1.008969E+02  2.532148E-04  2.757212E+01  2.124796E-08  1.000000E+00  4.458863E-03  1.312046E-24  2.270829E-22   5.000000E-01 NotAppl  7.056989E+00  0.000000E+00  
6.126768E+03  9.958631E+02  -9.903544E+02  7.637415E-05  1.000000E+00  1.526933E-05  4.954908E-22  6.687673E-19   5.000000E-01 NotAppl  3.805003E+01  0.000000E+00  
6.632935E+02  4.166809E+01  -4.166700E+01  1.072262E-06  1.000000E+00  6.578027E-03  9.933495E-25  1.222884E-20   5.000000E-01 NotAppl  7.451485E-01  0.000000E+00  
6.310295E+03  4.796187E+01  1.823514E+01  3.772894E-08  1.000000E+00  2.775873E-03  2.519953E-24  1.537013E-25   5.000000E-01 NotAppl  1.897182E-01  0.000000E+00  
5.935297E+03  1.748786E+01  3.005789E+01  1.017724E-09  1.000000E+00  8.033763E-03  7.863104E-25  1.266992E-28   5.000000E-01 NotAppl  6.341923E-02  0.000000E+00  
5.033192E+02  1.148794E-02  3.090937E+00  -5.679787E-01  1.000000E+00  2.638486E-02  4.036288E-25  6.032354E-09   1.426300E-51 LZ5Tmedian  4.311930E-01  0.000000E+00  
1.577026E+03  1.521356E-04  5.647024E-01  -1.280922E-04  1.000000E+00  8.649161E-01  8.894704E-27  2.979031E-17   5.000000E-01 NotAppl  2.739456E-03  0.000000E+00  
1.650759E+03  2.667654E-03  -1.758049E-03  1.845168E-06  1.000000E+00  9.631973E-01  8.042317E-27  5.631761E-21   5.000000E-01 NotAppl  2.363154E-03  0.000000E+00  
2.213124E+01  7.229388E+01  -6.398143E+01  -1.099766E-01  1.000000E+00  8.435467E-01  2.438483E-27  1.333038E-07   0.000000E+00 XENON1T_2018  7.401845E-02  5.682543E-01  
7.161312E+01  4.714868E+02  -4.714867E+02  -3.857390E-01  1.000000E+00  1.088947E-02  2.260100E-25  1.509751E-07   0.000000E+00 XENON1T_2018  1.968819E+00  0.000000E+00  
9.021111E+03  2.895774E-02  7.541140E+00  -5.695438E-08  1.000000E+00  2.755562E-01  1.573498E-26  1.694739E-25   5.000000E-01 NotAppl  8.338963E-04  0.000000E+00  
3.843183E+01  2.739911E+00  -2.739802E+00  9.540758E+00  1.000000E+00  1.820966E-04  1.531580E-25  3.284042E-04   0.000000E+00 XENON1T_2018  2.916899E+00  2.556828E-01  
2.591599E+03  1.893555E+00  1.425610E+01  -1.077965E-09  1.000000E+00  6.531690E-02  7.535451E-26  7.668264E-28   5.000000E-01 NotAppl  1.417293E-02  0.000000E+00  
1.507143E+03  1.700437E+01  -1.592578E+01  5.939919E-05  1.000000E+00  3.547748E-02  1.782212E-25  7.026290E-18   5.000000E-01 NotAppl  5.730524E-02  0.000000E+00  
2.724075E+03  2.300717E+02  -1.617701E+02  -3.119801E-01  1.000000E+00  1.627296E-04  2.939530E-23  5.802976E-11   5.000000E-01 NotAppl  5.154386E+00  0.000000E+00  
3.080563E+01  1.896661E-01  -4.102520E-02  4.935315E-05  1.000000E+00  2.542520E-03  6.372576E-34  1.376608E-14   5.000000E-01 NotAppl  1.345939E-08  3.025304E-06  
4.005155E+03  1.538905E+01  -1.509595E+01  2.816630E-07  1.000000E+00  4.442080E-02  1.406929E-25  2.158683E-23   5.000000E-01 NotAppl  1.663655E-02  0.000000E+00  
4.177081E+03  1.058195E-04  7.459982E+02  -2.607903E-01  1.000000E+00  4.207005E-05  1.246099E-22  1.698963E-11   5.000000E-01 NotAppl  1.442479E+01  0.000000E+00  
5.151595E+01  5.532754E-01  4.067402E+01  1.042343E-09  1.000000E+00  2.995632E-03  1.539329E-42  2.158934E-24   5.000000E-01 NotAppl  1.893746E-17  8.734918E-16  
1.916832E+02  1.756509E-01  -1.066237E-01  4.712594E-09  1.000000E+00  1.624462E-02  5.161475E-25  2.997469E-24   5.000000E-01 NotAppl  1.409887E+00  0.000000E+00  
5.853375E+02  1.570051E+00  -1.517350E+00  -5.496592E-02  1.000000E+00  1.277695E-01  6.330885E-26  4.149105E-11   4.991924E-01 NotAppl  5.422589E-02  0.000000E+00  
1.602768E+01  1.883233E+01  -1.883212E+01  -3.441301E-09  1.000000E+00  7.863129E-02  2.115823E-42  2.491183E-22   5.000000E-01 NotAppl  9.198896E-17  4.628284E-15  
8.275514E+03  1.657940E-01  -1.638232E-01  1.182088E-04  1.000000E+00  2.022612E+01  3.383592E-28  8.698236E-19   5.000000E-01 NotAppl  1.926658E-05  0.000000E+00  
2.350281E+02  1.942608E-01  -1.165897E-01  1.366994E+00  1.000000E+00  1.561561E-03  8.110136E-24  1.660928E-07   0.000000E+00 XENON1T_2018  1.844791E+01  0.000000E+00  
3.886904E+02  2.704988E-01  2.257927E+00  7.497916E-02  1.000000E+00  5.247843E-02  1.581964E-25  1.783698E-10   1.168258E-02 LZ5Tmedian  2.077486E-01  0.000000E+00  
2.028279E+01  2.661354E+00  2.341523E+00  -4.639035E-08  1.000000E+00  9.086187E-02  4.169777E-40  2.826404E-20   5.000000E-01 NotAppl  1.391910E-14  2.596461E-12  
1.503706E+01  4.793207E-01  -4.773939E-01  1.876032E-10  1.000000E+00  7.355001E-03  6.169683E-45  8.406130E-25   5.000000E-01 NotAppl  2.885060E-19  4.876362E-17  
2.876043E+02  4.032544E+00  9.265979E+02  -2.610717E-10  1.000000E+00  2.676682E-04  1.571779E-23  4.006339E-27   5.000000E-01 NotAppl  2.809913E+01  0.000000E+00  
2.057844E+03  3.594939E-01  -3.562719E-01  3.552669E-03  1.000000E+00  1.433648E+00  5.273413E-27  1.332259E-14   5.000000E-01 NotAppl  1.236236E-03  0.000000E+00  
4.825129E+02  1.117317E+00  3.929109E+00  2.024544E-10  1.000000E+00  7.445388E-02  9.905122E-26  8.355510E-28   5.000000E-01 NotAppl  1.034810E-01  0.000000E+00  
1.320832E+01  1.594539E-04  4.898838E-01  -3.049042E-02  1.000000E+00  7.181880E-04  1.566494E-28  2.871575E-08   0.000000E+00 LZ5Tmedian  8.506693E-03  2.110044E-01  
1.233561E+01  9.799440E+00  1.219056E+02  9.982146E-01  1.000000E+00  1.804317E-02  1.621242E-25  3.522594E-05   0.000000E+00 XENON1T_2018  9.526167E+00  3.386485E-01  
5.191775E+03  5.398998E-04  9.172585E-03  -7.681841E-04  1.000000E+00  8.736860E+00  8.177861E-28  9.472998E-17   5.000000E-01 NotAppl  7.469246E-05  0.000000E+00  
1.244693E+02  2.144581E+02  -2.137150E+02  1.909420E-03  1.000000E+00  1.410810E-03  3.681706E-24  1.192415E-12   5.000000E-01 NotAppl  1.620389E+01  0.000000E+00  
4.644313E+02  3.523492E+00  -3.513920E+00  1.012904E-09  1.000000E+00  7.347662E-02  1.055817E-25  2.261440E-26   5.000000E-01 NotAppl  1.146927E-01  0.000000E+00  
1.778664E+02  1.248182E-01  -1.234309E-01  -1.528667E-09  1.000000E+00  1.431376E-02  5.765796E-25  3.676629E-25   5.000000E-01 NotAppl  1.729975E+00  0.000000E+00  
3.695678E+02  1.649330E+01  2.959359E+00  -2.590796E-04  1.000000E+00  1.049607E-02  3.982020E-25  2.361274E-15   5.000000E-01 NotAppl  5.500520E-01  0.000000E+00  
2.683742E+01  4.394928E+02  -4.271693E+02  3.910183E-01  1.000000E+00  7.182862E-02  3.488976E-26  1.142249E-06   0.000000E+00 XENON1T_2018  8.579809E-01  5.013014E-01  
1.036379E+01  3.861203E+02  -3.749814E+02  -8.294881E-02  1.000000E+00  2.095628E+00  1.052005E-27  3.423888E-07   0.000000E+00 XENON1T_2018  7.589063E-02  5.562778E-01  
2.473770E+01  1.293763E+01  -1.206292E+01  -1.615917E+00  1.000000E+00  6.506819E-03  4.881925E-25  2.299581E-05   0.000000E+00 XENON1T_2018  1.315788E+01  2.724271E-01  
4.065788E+02  5.712170E+02  -5.712167E+02  -4.100448E+00  1.000000E+00  1.232674E-04  5.641167E-23  4.865365E-07   0.000000E+00 XENON1T_2018  8.193368E+01  0.000000E+00  
2.109236E+02  2.176437E-03  3.142637E+02  -4.183477E-01  1.000000E+00  9.345154E-04  4.672515E-24  1.941693E-08   0.000000E+00 LZ5Tmedian  1.188232E+01  0.000000E+00  
3.186801E+03  2.535456E+00  -2.534520E+00  -8.799222E-07  1.000000E+00  1.022522E+00  5.959607E-27  3.354192E-22   5.000000E-01 NotAppl  8.911736E-04  0.000000E+00  
1.806311E+03  1.342864E-02  5.516797E-02  -1.913374E-08  1.000000E+00  1.143246E+00  6.724036E-27  5.040293E-25   5.000000E-01 NotAppl  1.801660E-03  0.000000E+00  
1.406370E+02  1.807304E-04  6.561740E-04  -9.206171E-10  1.000000E+00  9.591712E-03  8.488740E-25  2.158011E-25   5.000000E-01 NotAppl  3.244394E+00  0.000000E+00  
1.189281E+01  2.414058E+01  6.676680E+02  -7.630448E-02  1.000000E+00  2.291571E+00  9.459771E-28  2.212017E-07   0.000000E+00 XENON1T_2018  5.804142E-02  6.619632E-01  
1.537523E+03  1.328232E-02  7.311459E+02  -8.261459E-05  1.000000E+00  5.982908E-05  8.739156E-23  1.304987E-17   5.000000E-01 NotAppl  2.811068E+01  0.000000E+00  
1.493896E+03  7.396194E-03  2.571796E-01  -1.912222E-08  1.000000E+00  7.927031E-01  9.829043E-27  7.414120E-25   5.000000E-01 NotAppl  3.199863E-03  0.000000E+00  
8.892453E+03  6.503511E-02  -2.736088E-02  2.056449E-03  1.000000E+00  2.455450E+01  2.821808E-28  2.274845E-16   5.000000E-01 NotAppl  1.494499E-05  0.000000E+00  
2.179451E+03  2.528699E-03  2.854212E-02  2.847065E-10  1.000000E+00  1.637366E+00  4.624775E-27  7.611163E-29   5.000000E-01 NotAppl  1.022335E-03  0.000000E+00  
6.815996E+01  9.213472E+00  -8.058875E+00  -5.947545E-08  1.000000E+00  1.563245E-02  1.458415E-38  3.970313E-21   5.000000E-01 NotAppl  1.336563E-13  0.000000E+00  
6.422430E+03  4.739085E+00  -4.714084E+00  2.078583E-04  1.000000E+00  4.208505E-01  1.379345E-26  4.501154E-18   5.000000E-01 NotAppl  1.010076E-03  0.000000E+00  
8.372881E+03  2.730273E+02  -2.730066E+02  1.377327E+00  1.000000E+00  1.719167E-04  4.338508E-23  1.153156E-10   5.000000E-01 NotAppl  2.428501E+00  0.000000E+00  
