MD1           DMP           DM3           l345          ld           Omegah2       sigV          protonSI      PvalDD        expName      CMB_ID        brH_DMDM      
5.967630E+01  1.273253E-02  1.998034E+02  -3.663458E-06  1.000000E+00  3.813660E-03  2.514858E-34  1.975924E-17   5.000000E-01 NotAppl  2.657077E-09  5.697304E-09  
4.289155E+01  2.004289E+01  -2.004278E+01  4.853006E-06  1.000000E+00  8.424358E-05  1.231186E-35  6.796702E-17   5.000000E-01 NotAppl  1.831602E-10  2.448286E-08  
2.486413E+03  3.980562E+01  -3.962147E+01  3.830594E-10  1.000000E+00  7.146295E-03  9.233475E-25  1.053469E-28   5.000000E-01 NotAppl  1.775928E-01  0.000000E+00  
3.410568E+01  3.241708E-04  3.736332E-02  5.810182E-05  1.000000E+00  1.052037E-03  1.017615E-33  1.552200E-14   5.000000E-01 NotAppl  1.928537E-08  4.040776E-06  
2.975419E+01  6.608544E+02  -6.608540E+02  5.456584E-07  1.000000E+00  1.068564E-02  7.487515E-38  1.805379E-18   5.000000E-01 NotAppl  1.644291E-12  3.741319E-10  
1.061706E+03  2.912794E-02  4.510105E+01  -1.792782E-01  1.000000E+00  9.000856E-03  4.925392E-25  1.307994E-10   2.957724E-01 NotAppl  2.316922E-01  0.000000E+00  
4.426957E+02  1.642749E-04  1.271240E+00  3.309226E-09  1.000000E+00  7.686502E-02  1.082742E-25  2.662468E-25   5.000000E-01 NotAppl  1.236064E-01  0.000000E+00  
1.026800E+01  2.670114E-02  -2.621499E-02  -1.181256E-08  1.000000E+00  8.754025E-04  2.123135E-41  7.070752E-21   5.000000E-01 NotAppl  1.548213E-15  1.966124E-13  
1.148480E+02  1.409965E-03  4.166230E-03  1.897014E-08  1.000000E+00  6.977525E-03  1.118717E-24  1.388007E-22   5.000000E-01 NotAppl  5.268135E+00  0.000000E+00  
1.131284E+03  3.565162E+01  -3.502470E+01  1.796185E-09  1.000000E+00  8.766920E-03  7.395075E-25  1.153430E-26   5.000000E-01 NotAppl  3.193750E-01  0.000000E+00  
4.012404E+02  4.460745E+01  -4.460356E+01  -2.147032E-08  1.000000E+00  5.637944E-03  1.134544E-24  1.370490E-23   5.000000E-01 NotAppl  1.438369E+00  0.000000E+00  
3.251790E+03  1.712123E+01  -6.645743E+00  4.225219E-05  1.000000E+00  3.511320E-02  2.037418E-25  7.422574E-19   5.000000E-01 NotAppl  2.988238E-02  0.000000E+00  
2.283670E+03  8.961273E+01  -8.660695E+01  1.713595E-09  1.000000E+00  1.470310E-03  4.558476E-24  2.507055E-27   5.000000E-01 NotAppl  9.565872E-01  0.000000E+00  
7.923543E+01  2.102296E-04  3.266947E+01  -1.185978E-04  1.000000E+00  5.974341E-03  5.775559E-33  1.160748E-14   5.000000E-01 NotAppl  4.531588E-08  0.000000E+00  
8.126628E+02  4.805994E+02  5.699569E+01  -2.540628E-06  1.000000E+00  3.291119E-05  1.108068E-22  4.533802E-20   5.000000E-01 NotAppl  6.777026E+01  0.000000E+00  
1.118190E+02  8.621873E-04  4.443455E-02  7.446019E-09  1.000000E+00  6.699296E-03  1.151012E-24  2.258889E-23   5.000000E-01 NotAppl  5.571357E+00  0.000000E+00  
2.453766E+01  6.713692E+02  -6.708185E+02  -7.193142E+00  1.000000E+00  6.017283E-03  5.957574E-25  4.631923E-04   0.000000E+00 XENON1T_2018  1.617220E+01  5.010993E-01  
1.425906E+02  1.646686E+00  -1.646309E+00  -1.138389E-08  1.000000E+00  9.044558E-03  8.381056E-25  3.207707E-23   5.000000E-01 NotAppl  3.158123E+00  0.000000E+00  
2.990249E+03  1.458384E+01  -1.442644E+01  6.899507E-06  1.000000E+00  4.873185E-02  1.273835E-25  2.347517E-20   5.000000E-01 NotAppl  2.029204E-02  0.000000E+00  
6.643053E+01  1.768879E-03  1.149408E+01  -4.550473E-10  1.000000E+00  4.726915E-03  1.813186E-42  2.449355E-25   5.000000E-01 NotAppl  1.706181E-17  0.000000E+00  
2.247026E+02  1.300845E-03  4.880835E-03  -3.787478E-06  1.000000E+00  2.193383E-02  3.882224E-25  1.397957E-18   5.000000E-01 NotAppl  8.982181E-01  0.000000E+00  
8.101460E+01  3.310641E-04  1.423547E-02  -2.452331E-06  1.000000E+00  6.232958E-03  3.142543E-25  4.742835E-18   5.000000E-01 NotAppl  2.227213E+00  0.000000E+00  
4.299124E+03  3.214132E-04  1.653233E-01  -1.421528E+00  1.000000E+00  3.918903E-01  2.743272E-26  4.760736E-10   3.317194E-01 NotAppl  3.203739E-03  0.000000E+00  
2.898502E+02  1.220657E+00  2.368954E+02  -2.651702E-04  1.000000E+00  7.527714E-04  6.142150E-24  4.067813E-15   5.000000E-01 NotAppl  1.089398E+01  0.000000E+00  
4.842526E+02  2.200315E-02  -8.105083E-03  6.815813E-02  1.000000E+00  8.915238E-02  9.686843E-26  9.400676E-11   1.503926E-01 NotAppl  1.011172E-01  0.000000E+00  
2.727338E+03  5.641903E+01  -5.641741E+01  -6.695215E-01  1.000000E+00  3.981192E-03  1.620034E-24  2.666045E-10   3.780850E-01 NotAppl  2.836485E-01  0.000000E+00  
4.216820E+03  1.948139E-04  4.356145E-02  1.500032E-10  1.000000E+00  5.835552E+00  1.239549E-27  5.515990E-30   5.000000E-01 NotAppl  1.398364E-04  0.000000E+00  
1.571871E+01  5.702553E-02  -3.896351E-02  6.885055E-08  1.000000E+00  1.879468E-03  8.420020E-40  1.036613E-19   5.000000E-01 NotAppl  3.741512E-14  6.553694E-12  
1.562107E+01  4.232041E-03  2.225063E-02  -5.881018E-07  1.000000E+00  1.449908E-03  6.131925E-38  7.657656E-18   5.000000E-01 NotAppl  2.744222E-12  4.783680E-10  
1.387524E+02  3.058805E-03  4.672333E+01  5.179550E-09  1.000000E+00  5.039858E-03  1.209159E-24  7.022485E-24   5.000000E-01 NotAppl  4.646451E+00  0.000000E+00  
7.030893E+01  4.428332E-03  2.281449E+00  9.822951E-05  1.000000E+00  5.397900E-03  2.030995E-32  1.016492E-14   5.000000E-01 NotAppl  1.814871E-07  0.000000E+00  
6.353487E+02  3.357513E-04  6.032902E+02  8.781999E+00  1.000000E+00  7.066440E-05  1.141192E-22  8.957244E-07   0.000000E+00 XENON1T_2018  9.096751E+01  0.000000E+00  
2.802519E+03  7.619962E+02  -7.610397E+02  1.169816E-05  1.000000E+00  2.924559E-05  2.580810E-22  7.700701E-20   5.000000E-01 NotAppl  4.392128E+01  0.000000E+00  
7.398759E+02  3.621193E+00  3.804234E+01  -8.574619E-08  1.000000E+00  9.801477E-03  4.871027E-25  6.255377E-23   5.000000E-01 NotAppl  3.313324E-01  0.000000E+00  
1.140008E+03  2.428804E-01  -2.233095E-01  -1.932284E-07  1.000000E+00  4.741660E-01  1.681843E-26  1.314093E-22   5.000000E-01 NotAppl  7.225854E-03  0.000000E+00  
2.836396E+03  3.317300E-03  6.407018E-02  8.111108E-02  1.000000E+00  2.568201E+00  2.953278E-27  3.612701E-12   5.000000E-01 NotAppl  5.008952E-04  0.000000E+00  
6.219244E+01  3.001966E+01  -3.001391E+01  2.795941E-04  1.000000E+00  7.883681E-03  1.188241E-28  1.057882E-13   5.000000E-01 NotAppl  1.203114E-03  1.106654E-05  
1.337716E+03  1.578524E+00  -1.578422E+00  -1.681172E-02  1.000000E+00  5.567579E-01  1.337922E-26  7.178096E-13   5.000000E-01 NotAppl  4.877754E-03  0.000000E+00  
9.178439E+03  8.518973E-02  1.042979E+02  -1.058255E-09  1.000000E+00  1.725299E-03  2.909440E-24  5.651845E-29   5.000000E-01 NotAppl  1.515667E-01  0.000000E+00  
2.767633E+02  1.609226E-03  -1.198355E-03  5.317471E-05  1.000000E+00  3.232139E-02  2.641769E-25  1.798103E-16   5.000000E-01 NotAppl  4.917004E-01  0.000000E+00  
1.176896E+02  2.659049E+00  2.115945E+01  2.164999E-09  1.000000E+00  3.791112E-03  1.234364E-24  1.719512E-24   5.000000E-01 NotAppl  5.651820E+00  0.000000E+00  
2.363958E+02  1.312601E+00  1.544963E+00  -9.979573E+00  1.000000E+00  7.581127E-07  1.612466E-20  8.747394E-06   0.000000E+00 XENON1T_2018  4.284491E+04  0.000000E+00  
8.500160E+02  1.136809E-02  8.639055E+00  -3.841921E-09  1.000000E+00  1.191467E-01  5.002094E-26  9.458404E-26   5.000000E-01 NotAppl  2.926754E-02  0.000000E+00  
1.372774E+01  1.331093E+02  -1.331056E+02  1.655534E-07  1.000000E+00  1.126123E-01  4.674679E-39  7.843560E-19   5.000000E-01 NotAppl  2.427560E-13  3.820706E-11  
5.425962E+01  3.055076E+01  -2.996784E+01  8.311045E-07  1.000000E+00  3.490328E-03  1.658365E-36  1.234773E-18   5.000000E-01 NotAppl  1.932704E-11  4.882331E-10  
4.289873E+03  6.591400E+01  -6.587785E+01  -1.493123E-04  1.000000E+00  2.700165E-03  2.527411E-24  5.275417E-18   5.000000E-01 NotAppl  2.786810E-01  0.000000E+00  
2.343283E+02  3.191585E-03  -2.506104E-03  3.221943E-10  1.000000E+00  2.370052E-02  3.596209E-25  9.283393E-27   5.000000E-01 NotAppl  7.963924E-01  0.000000E+00  
1.184376E+02  2.129244E-04  9.365549E-05  2.838262E-04  1.000000E+00  7.298191E-03  1.080529E-24  2.917121E-14   5.000000E-01 NotAppl  4.930115E+00  0.000000E+00  
1.078584E+03  1.205086E+01  -1.158160E+01  -2.091047E-05  1.000000E+00  6.155935E-02  1.030620E-25  1.723055E-18   5.000000E-01 NotAppl  4.677504E-02  0.000000E+00  
1.249245E+01  1.446763E-01  -1.440477E-01  -3.812583E-08  1.000000E+00  2.038045E-03  2.404185E-40  5.012251E-20   5.000000E-01 NotAppl  1.392975E-14  2.034374E-12  
4.029122E+03  6.282802E-03  3.037976E-02  2.962407E-08  1.000000E+00  5.345247E+00  1.357375E-27  2.359111E-25   5.000000E-01 NotAppl  1.603823E-04  0.000000E+00  
2.215234E+02  2.645206E-01  -2.456479E-01  7.954721E-07  1.000000E+00  2.118053E-02  3.987253E-25  6.349261E-20   5.000000E-01 NotAppl  9.363545E-01  0.000000E+00  
2.518134E+03  3.215940E+00  -3.215729E+00  -3.434902E-08  1.000000E+00  6.465820E-01  9.562758E-27  8.255455E-25   5.000000E-01 NotAppl  1.818586E-03  0.000000E+00  
8.709474E+02  2.339646E-01  -2.136784E-01  3.871362E+00  1.000000E+00  2.996091E-03  4.384525E-24  9.138480E-08   0.000000E+00 LZ5Tmedian  2.584928E+00  0.000000E+00  
7.588309E+01  1.148597E+02  -1.146875E+02  -2.675679E-01  1.000000E+00  1.804862E-02  4.780862E-26  6.453710E-08   0.000000E+00 XENON1T_2018  3.923206E-01  0.000000E+00  
6.114677E+01  4.869444E-01  2.437898E+00  2.244578E-09  1.000000E+00  4.051975E-03  4.019023E-40  7.057958E-24   5.000000E-01 NotAppl  4.141346E-15  1.486565E-15  
1.709733E+02  8.522802E-03  1.133762E-02  -4.344170E-03  1.000000E+00  1.344898E-02  6.126074E-25  3.219740E-12   5.000000E-01 NotAppl  1.913993E+00  0.000000E+00  
1.207771E+01  1.373517E-02  3.786083E+02  1.035193E-03  1.000000E+00  5.879115E-04  1.751170E-31  3.949474E-11   4.497695E-01 NotAppl  1.055411E-05  1.495060E-03  
8.789510E+01  6.820656E-02  -6.807582E-02  8.758761E+00  1.000000E+00  1.040507E-05  1.386167E-21  5.119571E-05   0.000000E+00 XENON1T_2018  8.809426E+03  0.000000E+00  
1.489087E+01  1.957398E+01  -1.955609E+01  -3.877103E-08  1.000000E+00  9.344565E-02  2.627502E-40  3.660704E-20   5.000000E-01 NotAppl  1.242133E-14  5.813743E-13  
1.027491E+01  7.744599E+02  -7.742057E+02  -1.047531E-03  1.000000E+00  2.398372E-01  1.670224E-31  5.553164E-11   5.000000E-01 NotAppl  1.216990E-05  1.542576E-03  
3.394463E+01  7.900741E-01  -7.773956E-01  2.457393E-10  1.000000E+00  1.232005E-03  1.806595E-44  2.803423E-25   5.000000E-01 NotAppl  3.435911E-19  7.184475E-17  
6.749435E+02  1.447980E-03  8.671167E+02  -1.751084E-04  1.000000E+00  9.240197E-05  5.546668E-23  3.147350E-16   5.000000E-01 NotAppl  4.151304E+01  0.000000E+00  
4.133671E+01  2.714972E+02  -2.713003E+02  3.306558E-05  1.000000E+00  2.498535E-04  5.065041E-34  3.401370E-15   5.000000E-01 NotAppl  7.816852E-09  1.171306E-06  
2.066032E+01  3.324925E-01  3.835819E+01  4.591529E-01  1.000000E+00  2.821480E-03  4.118731E-26  2.668141E-06   0.000000E+00 XENON1T_2018  1.346558E+00  2.852248E-01  
5.985981E+02  5.398925E-04  7.206537E-03  1.206968E-01  1.000000E+00  1.238638E-01  7.102100E-26  1.911044E-10   4.369407E-02 LZ5Tmedian  5.986552E-02  0.000000E+00  
1.037535E+01  3.713177E+00  5.142228E+02  -1.076690E-05  1.000000E+00  1.021187E+01  1.773506E-35  5.756186E-15   5.000000E-01 NotAppl  1.277520E-09  1.590738E-07  
5.389574E+02  1.646025E+01  -1.202999E+01  7.517038E-09  1.000000E+00  2.483627E-02  2.308784E-25  9.186711E-25   5.000000E-01 NotAppl  2.149996E-01  0.000000E+00  
1.935135E+02  1.256888E+00  -1.181889E+00  -2.254168E-07  1.000000E+00  1.575509E-02  5.100900E-25  6.725880E-21   5.000000E-01 NotAppl  1.379634E+00  0.000000E+00  
1.495921E+01  1.907149E+02  -1.907122E+02  -1.064403E-04  1.000000E+00  9.253574E-02  1.982984E-33  2.734068E-13   5.000000E-01 NotAppl  9.325496E-08  1.571761E-05  
4.081649E+03  2.525277E+01  3.799275E+02  2.231021E-06  1.000000E+00  1.229140E-04  4.042890E-23  1.303238E-21   5.000000E-01 NotAppl  4.790132E+00  0.000000E+00  
2.264531E+01  8.781561E+00  -8.374089E+00  3.617563E-08  1.000000E+00  3.378583E-02  2.669991E-40  1.377211E-20   5.000000E-01 NotAppl  7.905055E-15  1.057153E-12  
1.207091E+01  3.532818E+02  -3.532816E+02  3.345066E-03  1.000000E+00  1.495182E-01  1.828103E-30  4.128458E-10   2.401721E-04 LZ5Tmedian  1.102493E-04  1.521008E-02  
6.592467E+02  2.461188E+02  -2.461179E+02  -3.817216E-08  1.000000E+00  3.022438E-04  2.367448E-23  1.569310E-23   5.000000E-01 NotAppl  1.787288E+01  0.000000E+00  
1.054603E+03  1.343118E-04  1.647194E+00  3.490121E-04  1.000000E+00  3.806096E-01  2.032972E-26  5.025538E-16   5.000000E-01 NotAppl  9.468227E-03  0.000000E+00  
3.948606E+03  1.010424E-03  4.961638E+01  2.085878E-10  1.000000E+00  7.207385E-03  6.578099E-25  1.218778E-29   5.000000E-01 NotAppl  8.061788E-02  0.000000E+00  
3.411132E+03  9.846386E-04  1.010243E+02  -6.410031E-03  1.000000E+00  1.812155E-03  2.674858E-24  1.549876E-14   5.000000E-01 NotAppl  3.803976E-01  0.000000E+00  
3.293979E+01  1.300637E-01  -1.296452E-01  1.373030E-06  1.000000E+00  1.622358E-03  5.387940E-37  9.301918E-18   5.000000E-01 NotAppl  1.059932E-11  2.288082E-09  
9.933310E+03  1.090435E+01  -1.089567E+01  -2.278580E-09  1.000000E+00  8.728303E-02  7.038871E-26  2.231217E-28   5.000000E-01 NotAppl  3.315038E-03  0.000000E+00  
1.455194E+02  3.152324E-04  2.769839E-03  -1.078226E-02  1.000000E+00  1.028533E-02  7.847223E-25  2.760140E-11   1.795867E-01 NotAppl  2.894567E+00  0.000000E+00  
5.627297E+01  1.022045E-01  1.445242E+01  -2.986259E-06  1.000000E+00  3.421951E-03  3.627018E-35  1.480000E-17   5.000000E-01 NotAppl  4.054567E-10  5.541897E-09  
5.805041E+02  9.459791E-02  -9.416028E-02  -2.261756E-08  1.000000E+00  1.318646E-01  6.353888E-26  7.145303E-24   5.000000E-01 NotAppl  5.475793E-02  0.000000E+00  
1.371772E+02  1.079311E-01  1.130622E+00  -1.424138E-06  1.000000E+00  8.630416E-03  8.862445E-25  5.434703E-19   5.000000E-01 NotAppl  3.474139E+00  0.000000E+00  
5.618214E+01  3.122984E-01  -1.410955E-01  -5.018811E-01  1.000000E+00  2.268287E-03  9.935466E-25  4.194105E-07   0.000000E+00 XENON1T_2018  1.120068E+01  2.541915E-01  
8.099441E+02  4.065558E+01  -4.035122E+01  -1.597444E-02  1.000000E+00  6.944221E-03  9.356775E-25  1.804695E-12   5.000000E-01 NotAppl  5.706178E-01  0.000000E+00  
1.841906E+01  6.582426E-04  4.109523E+02  2.814712E+00  1.000000E+00  1.085858E-03  7.989077E-25  1.262340E-04   0.000000E+00 XENON1T_2018  2.983737E+01  3.333230E-01  
2.267847E+03  3.425058E+02  -3.279515E+02  -4.954030E+00  1.000000E+00  1.300135E-04  4.825312E-23  2.125327E-08   3.436095E-41 LZ5Tmedian  1.021427E+01  0.000000E+00  
5.934642E+03  2.308033E-01  -2.297828E-01  -9.926480E-09  1.000000E+00  1.059937E+01  6.574807E-28  1.205291E-26   5.000000E-01 NotAppl  5.242671E-05  0.000000E+00  
5.821056E+03  1.700610E-01  5.775078E+00  -8.214604E-08  1.000000E+00  4.312628E-01  1.020287E-26  8.584861E-25   5.000000E-01 NotAppl  8.425984E-04  0.000000E+00  
4.680538E+01  3.481959E-03  2.689027E+02  -2.444376E-05  1.000000E+00  8.059910E-04  4.518232E-34  1.443470E-15   5.000000E-01 NotAppl  6.123145E-09  5.656095E-07  
7.811660E+02  2.847084E+01  -2.847071E+01  -1.042320E-04  1.000000E+00  1.315615E-02  4.908034E-25  8.272694E-17   5.000000E-01 NotAppl  3.107442E-01  0.000000E+00  
7.500290E+03  1.046698E-03  1.378158E+00  5.107748E-07  1.000000E+00  5.306892E+00  9.056968E-28  1.983147E-23   5.000000E-01 NotAppl  5.749370E-05  0.000000E+00  
3.254277E+03  1.796640E+00  5.312344E+02  -9.931234E-09  1.000000E+00  7.914545E-05  6.478294E-23  4.094338E-26   5.000000E-01 NotAppl  9.666106E+00  0.000000E+00  
5.225035E+01  6.677954E+02  -6.235825E+01  -5.492090E-01  1.000000E+00  4.632649E-03  4.844362E-25  5.823211E-07   0.000000E+00 XENON1T_2018  5.871622E+00  9.957893E-01  
2.000081E+02  2.072839E+02  -2.072836E+02  -1.837140E-05  1.000000E+00  8.533013E-04  7.452084E-24  4.175236E-17   5.000000E-01 NotAppl  1.967059E+01  0.000000E+00  
2.467391E+01  1.367539E-01  -8.186569E-02  7.373368E-03  1.000000E+00  3.680681E-03  1.166707E-29  4.812876E-10   2.947917E-22 LZ5Tmedian  3.148356E-04  5.504923E-02  
1.717601E+01  6.144074E-04  -2.280948E-04  2.016754E-03  1.000000E+00  1.763888E-03  7.423377E-31  7.452517E-11   1.334152E-02 LZ5Tmedian  2.982997E-05  5.463994E-03  
3.443008E+03  2.555354E+01  -2.554285E+01  9.450478E-04  1.000000E+00  1.667890E-02  3.845984E-25  3.305708E-16   5.000000E-01 NotAppl  5.304732E-02  0.000000E+00  
3.781768E+03  5.499422E-04  3.223926E-01  2.934545E-07  1.000000E+00  4.573554E+00  1.568215E-27  2.633382E-23   5.000000E-01 NotAppl  1.976570E-04  0.000000E+00  
1.825845E+01  4.484771E+01  1.801113E+01  5.694989E-08  1.000000E+00  2.319391E+06  6.039685E-40  5.259067E-20   5.000000E-01 NotAppl  2.266874E-14  4.434533E-12  
2.679550E+01  1.041462E-03  3.327265E-02  9.703633E-01  1.000000E+00  2.756572E-03  2.099862E-25  7.056791E-06   0.000000E+00 XENON1T_2018  5.156663E+00  2.499585E-01  
2.417529E+01  2.721664E+01  -2.721645E+01  -2.153811E-02  1.000000E+00  2.482984E-02  9.826054E-29  4.279281E-09   4.784615E-188 LZ5Tmedian  2.708255E-03  1.008004E-01  
1.416047E+02  1.107221E+01  -1.106943E+01  5.076207E-01  1.000000E+00  1.387942E-03  4.788194E-24  6.469479E-08   0.000000E+00 XENON1T_2018  1.839901E+01  0.000000E+00  
3.509537E+01  5.001208E+00  -4.776184E+00  -3.498611E+00  1.000000E+00  1.181522E-03  7.223261E-25  5.310633E-05   0.000000E+00 XENON1T_2018  1.294030E+01  2.605995E-01  
2.196965E+01  1.128861E-04  5.357135E-02  1.320452E-02  1.000000E+00  2.368254E-03  3.502651E-29  1.950250E-09   1.240533E-76 LZ5Tmedian  1.071763E-03  1.204661E-01  
1.503119E+03  5.043221E-03  -2.453614E-03  -2.413898E-03  1.000000E+00  8.057619E-01  9.690081E-27  1.166729E-14   5.000000E-01 NotAppl  3.134662E-03  0.000000E+00  
2.344727E+01  4.599455E-02  -4.472018E-02  -9.806605E-06  1.000000E+00  3.129362E-03  2.000139E-35  9.435432E-16   5.000000E-01 NotAppl  5.698026E-10  1.273383E-07  
5.759359E+02  2.628674E-03  3.271052E+01  -1.261868E+00  1.000000E+00  6.746710E-03  1.153984E-24  2.260328E-08   9.915501E-168 LZ5Tmedian  1.102625E+00  0.000000E+00  
1.965018E+02  1.241467E+02  -1.235628E+02  3.879055E-01  1.000000E+00  7.752526E-04  7.913325E-24  1.930143E-08   0.000000E+00 LZ5Tmedian  2.131641E+01  0.000000E+00  
1.273007E+03  5.616717E+02  -5.613144E+02  -2.721043E-05  1.000000E+00  6.400529E-05  1.165063E-22  2.080557E-18   5.000000E-01 NotAppl  4.454050E+01  0.000000E+00  
2.212488E+03  4.311948E+01  4.766344E+01  -2.057199E-05  1.000000E+00  1.611158E-03  3.213201E-24  3.854104E-19   5.000000E-01 NotAppl  7.065672E-01  0.000000E+00  
4.066240E+01  2.076512E+02  6.716148E+01  -6.334760E-05  1.000000E+00  2.689069E+04  1.770603E-33  1.290891E-14   5.000000E-01 NotAppl  2.785458E-08  4.354463E-06  
3.538203E+02  3.826215E+01  -3.825813E+01  2.243596E-10  1.000000E+00  6.986249E-03  9.022121E-25  1.935879E-27   5.000000E-01 NotAppl  1.304529E+00  0.000000E+00  
4.307321E+01  1.914748E-04  2.791834E-02  -1.241802E-01  1.000000E+00  1.742040E-04  8.184607E-27  4.412111E-08   0.000000E+00 XENON1T_2018  1.212412E-01  2.462629E-01  
4.529390E+03  1.377896E-04  6.324579E-03  1.874696E-07  1.000000E+00  6.706541E+00  1.074129E-27  7.446334E-24   5.000000E-01 NotAppl  1.126836E-04  0.000000E+00  
1.670583E+03  5.491896E-03  -5.166009E-03  -7.823388E+00  1.000000E+00  2.259666E-03  5.831451E-24  9.880835E-08   1.142611E-255 LZ5Tmedian  1.819349E+00  0.000000E+00  
2.244737E+01  2.622013E-02  -2.523219E-02  -3.749596E+00  1.000000E+00  2.563826E-03  4.744541E-25  1.505960E-04   0.000000E+00 XENON1T_2018  1.407157E+01  2.500212E-01  
1.823855E+01  1.201011E-03  8.791115E+02  -1.709797E-10  1.000000E+00  1.136117E-03  5.442322E-45  4.750723E-25   5.000000E-01 NotAppl  2.045278E-19  3.994174E-17  
5.680765E+03  5.465499E-04  -3.257766E-04  6.317246E-03  1.000000E+00  1.040045E+01  6.834793E-28  5.335193E-15   5.000000E-01 NotAppl  5.698451E-05  0.000000E+00  
3.103739E+02  1.848812E-04  4.654813E+01  2.581534E-03  1.000000E+00  7.365625E-03  7.006514E-25  3.351404E-13   5.000000E-01 NotAppl  1.158595E+00  0.000000E+00  
1.063403E+03  4.506553E-03  1.457059E+02  7.474561E-06  1.000000E+00  9.771239E-04  4.978508E-24  2.266247E-19   5.000000E-01 NotAppl  2.337999E+00  0.000000E+00  
1.540234E+02  6.195541E-03  2.992762E+01  8.238531E-08  1.000000E+00  6.831707E-03  9.322421E-25  1.434328E-21   5.000000E-01 NotAppl  3.220545E+00  0.000000E+00  
2.885183E+01  2.039026E-04  2.944841E+02  -1.640792E-07  1.000000E+00  2.025114E-03  6.557778E-39  1.737429E-19   5.000000E-01 NotAppl  1.489412E-13  3.411386E-11  
8.475322E+01  7.637879E+01  -7.637866E+01  1.326369E-10  1.000000E+00  5.525665E-03  8.001732E-25  1.264951E-26   5.000000E-01 NotAppl  5.279569E+00  0.000000E+00  
1.821740E+02  4.503409E+00  -4.502234E+00  -9.445333E-02  1.000000E+00  1.283867E-02  5.444667E-25  1.336466E-09   2.695363E-30 LZ5Tmedian  1.586198E+00  0.000000E+00  
8.875282E+01  1.687012E-04  1.476365E-02  -1.108415E-07  1.000000E+00  5.808842E-03  7.535478E-25  8.037286E-21   5.000000E-01 NotAppl  4.738238E+00  0.000000E+00  
1.215120E+01  2.874042E-04  7.842553E+01  -1.328690E-09  1.000000E+00  5.563390E-04  2.891335E-43  6.429166E-23   5.000000E-01 NotAppl  1.729930E-17  2.473690E-15  
2.939997E+02  1.512616E-03  4.975853E-01  -5.386951E+00  1.000000E+00  2.754363E-05  5.377857E-22  1.630632E-06   0.000000E+00 XENON1T_2018  1.129124E+03  0.000000E+00  
3.546066E+02  2.431566E-03  3.827180E-01  1.981938E-07  1.000000E+00  5.127659E-02  1.652762E-25  1.503817E-21   5.000000E-01 NotAppl  2.375926E-01  0.000000E+00  
9.147559E+02  1.581008E+02  -1.550587E+02  8.446702E-10  1.000000E+00  5.347229E-04  1.223769E-23  3.935531E-27   5.000000E-01 NotAppl  6.579827E+00  0.000000E+00  
4.799050E+03  1.196624E+01  -1.196452E+01  -5.770551E-09  1.000000E+00  7.162872E-02  8.530908E-26  6.272603E-27   5.000000E-01 NotAppl  8.392927E-03  0.000000E+00  
8.704169E+03  2.120188E-02  2.353573E+00  -4.415029E-10  1.000000E+00  2.371515E+00  1.814059E-27  1.095560E-29   5.000000E-01 NotAppl  9.946802E-05  0.000000E+00  
1.583739E+02  1.556411E-04  1.062190E-02  1.209525E+00  1.000000E+00  5.308863E-04  2.541704E-23  2.919988E-07   0.000000E+00 XENON1T_2018  9.419663E+01  0.000000E+00  
9.044081E+01  1.280366E+02  -1.187782E+02  6.070398E-01  1.000000E+00  2.419998E-04  1.258063E-23  2.319370E-07   0.000000E+00 XENON1T_2018  7.763914E+01  0.000000E+00  
3.973784E+03  1.822892E+00  -1.822486E+00  -1.469189E-02  1.000000E+00  1.846562E+00  3.242992E-27  5.968036E-14   5.000000E-01 NotAppl  3.874622E-04  0.000000E+00  
4.537721E+02  1.269310E-03  4.589019E+00  1.030958E-08  1.000000E+00  7.112332E-02  1.086409E-25  2.456733E-24   5.000000E-01 NotAppl  1.209414E-01  0.000000E+00  
1.404792E+01  6.426949E+02  -6.426947E+02  -6.956128E-10  1.000000E+00  1.069346E-01  8.311412E-44  1.322891E-23   5.000000E-01 NotAppl  4.202741E-18  6.737023E-16  
1.524438E+01  7.733197E+01  3.701425E+02  3.609926E-01  1.000000E+00  1.123643E-01  2.293616E-26  3.028904E-06   0.000000E+00 XENON1T_2018  1.055571E+00  9.944958E-01  
9.233492E+03  6.044982E+02  -6.044974E+02  -7.946284E-02  1.000000E+00  3.810171E-05  2.019207E-22  3.146698E-13   5.000000E-01 NotAppl  1.023829E+01  0.000000E+00  
8.409268E+02  9.090598E-04  1.156156E+00  4.522648E-03  1.000000E+00  2.590002E-01  3.109011E-26  1.339805E-13   5.000000E-01 NotAppl  1.827463E-02  0.000000E+00  
1.708777E+03  5.392845E-03  -4.930935E-03  -1.987162E-02  1.000000E+00  1.025894E+00  7.537737E-27  6.087775E-13   5.000000E-01 NotAppl  2.138417E-03  0.000000E+00  
6.881799E+03  1.846558E+01  -1.788963E+01  -2.064969E+00  1.000000E+00  3.929109E-02  1.261415E-25  3.860597E-10   5.000000E-01 NotAppl  8.701527E-03  0.000000E+00  
5.626265E+01  7.668699E+02  -7.668666E+02  1.485278E-06  1.000000E+00  4.209798E-03  8.942150E-36  3.662560E-18   5.000000E-01 NotAppl  1.000052E-10  1.372674E-09  
2.685619E+01  3.549011E+00  4.160368E+01  1.082303E-08  1.000000E+00  3.865954E-02  2.674710E-41  8.738783E-22   5.000000E-01 NotAppl  6.572703E-16  1.349115E-13  
7.964614E+01  2.383362E+00  3.182272E-01  -2.341005E-05  1.000000E+00  9.891052E-03  2.133661E-34  4.475090E-16   5.000000E-01 NotAppl  1.680263E-09  0.000000E+00  
7.512148E+03  8.415481E+02  -8.415474E+02  -1.089953E-10  1.000000E+00  2.080833E-05  3.730769E-22  8.978114E-31   5.000000E-01 NotAppl  2.330340E+01  0.000000E+00  
2.926517E+01  3.770893E+00  -3.770694E+00  -6.816757E-06  1.000000E+00  9.947476E-03  1.148337E-35  2.913753E-16   5.000000E-01 NotAppl  2.567935E-10  5.076075E-08  
6.345498E+01  5.775316E+00  -5.139292E+00  -3.474963E-04  1.000000E+00  9.777277E-03  1.868739E-29  1.568437E-13   5.000000E-01 NotAppl  1.853740E-04  0.000000E+00  
8.546883E+03  5.626099E+02  -5.626045E+02  -1.339081E-02  1.000000E+00  4.377108E-05  1.748993E-22  1.045409E-14   5.000000E-01 NotAppl  9.588416E+00  0.000000E+00  
1.164237E+01  7.840641E+02  -7.840408E+02  1.599004E-06  1.000000E+00  1.614959E-01  4.120026E-37  1.012907E-16   5.000000E-01 NotAppl  2.592181E-11  3.589405E-09  
1.993954E+01  5.397328E-04  5.363373E+02  1.549626E-09  1.000000E+00  1.319017E-03  4.620467E-43  3.263705E-23   5.000000E-01 NotAppl  1.572585E-17  3.250938E-15  
4.736430E+02  1.119137E-01  -7.357071E-02  -1.762181E+00  1.000000E+00  2.791277E-03  4.632574E-24  6.575104E-08   0.000000E+00 LZ5Tmedian  5.442739E+00  0.000000E+00  
1.260988E+01  3.280048E-03  2.500822E+00  -3.483748E-03  1.000000E+00  6.042502E-04  2.013837E-30  4.108372E-10   5.729567E-05 LZ5Tmedian  1.153913E-04  1.613157E-02  
4.843998E+02  3.322697E-04  1.640993E-04  1.516357E-01  1.000000E+00  7.714556E-02  1.181886E-25  4.650038E-10   8.538111E-05 LZ5Tmedian  1.246413E-01  0.000000E+00  
1.948963E+02  2.319893E+02  -2.317261E+02  -3.136805E-05  1.000000E+00  7.785042E-04  7.946968E-24  1.283554E-16   5.000000E-01 NotAppl  2.156027E+01  0.000000E+00  
2.509919E+01  1.539479E-04  1.556895E+02  6.530750E-08  1.000000E+00  1.861438E-03  9.258033E-40  3.647737E-20   5.000000E-01 NotAppl  2.452364E-14  5.579578E-12  
1.054481E+01  3.181314E-04  2.031795E+01  6.372657E-10  1.000000E+00  4.355178E-04  6.263953E-44  1.953616E-23   5.000000E-01 NotAppl  4.426925E-18  2.827094E-16  
6.108795E+03  9.126738E+01  -8.069692E+01  -3.082983E-08  1.000000E+00  1.420280E-03  4.877509E-24  1.096265E-25   5.000000E-01 NotAppl  3.757389E-01  0.000000E+00  
5.817315E+03  1.909740E+02  -1.888239E+02  4.260868E-08  1.000000E+00  3.439325E-04  2.084266E-23  2.312732E-25   5.000000E-01 NotAppl  1.686983E+00  0.000000E+00  
7.979509E+02  3.403821E-01  -3.345552E-01  1.276348E-04  1.000000E+00  2.402156E-01  3.406819E-26  1.187748E-16   5.000000E-01 NotAppl  2.113215E-02  0.000000E+00  
1.252115E+02  3.857879E-02  5.765976E+01  8.991626E-03  1.000000E+00  4.220757E-03  1.430850E-24  2.612207E-11   1.576187E-01 NotAppl  6.095975E+00  0.000000E+00  
1.679746E+03  7.943872E-01  6.942255E+02  1.635557E-08  1.000000E+00  6.152885E-05  8.432797E-23  4.270635E-25   5.000000E-01 NotAppl  2.477327E+01  0.000000E+00  
6.918249E+01  3.712465E+02  -3.506001E+02  -8.653540E-04  1.000000E+00  2.502256E+00  2.184030E-30  8.153268E-13   5.000000E-01 NotAppl  1.971459E-05  0.000000E+00  
1.600934E+02  1.278541E-02  -9.201793E-03  5.777295E-07  1.000000E+00  1.195349E-02  6.895447E-25  6.516095E-20   5.000000E-01 NotAppl  2.304505E+00  0.000000E+00  
5.241167E+02  4.598045E+01  2.790841E+01  -5.950712E-01  1.000000E+00  2.467537E-03  1.342497E-24  6.095375E-09   4.113184E-50 LZ5Tmedian  1.320496E+00  0.000000E+00  
9.081524E+02  6.388843E-03  5.381357E+01  -3.215038E-10  1.000000E+00  6.189481E-03  7.594904E-25  5.786550E-28   5.000000E-01 NotAppl  4.191667E-01  0.000000E+00  
6.347701E+03  2.196941E-03  8.718587E+00  -4.239112E-03  1.000000E+00  2.067907E-01  2.101110E-26  1.917200E-15   5.000000E-01 NotAppl  1.590040E-03  0.000000E+00  
2.228421E+03  6.948321E-03  2.293148E-02  -1.055004E+00  1.000000E+00  1.840069E-01  5.925920E-26  9.989206E-10   1.160588E-02 LZ5Tmedian  1.352805E-02  0.000000E+00  
7.285428E+02  4.549133E-04  6.402669E+00  -4.051172E-05  1.000000E+00  1.309159E-01  5.170670E-26  1.441057E-17   5.000000E-01 NotAppl  3.534971E-02  0.000000E+00  
4.174522E+03  3.884742E-01  -3.882172E-01  -1.268613E-04  1.000000E+00  5.223119E+00  1.353187E-27  4.025322E-18   5.000000E-01 NotAppl  1.541735E-04  0.000000E+00  
9.924303E+01  8.325337E+01  7.293406E+01  -1.826294E-02  1.000000E+00  1.531897E-03  1.873917E-24  1.735417E-10   3.764950E-07 LZ5Tmedian  1.031028E+01  0.000000E+00  
6.114539E+03  9.292919E-04  5.397053E-01  3.650847E+00  1.000000E+00  1.269509E-01  8.974140E-26  1.534381E-09   8.187774E-02 LZ5Tmedian  7.321693E-03  0.000000E+00  
1.354663E+02  1.861369E+02  -6.777871E+01  -1.770501E+00  1.000000E+00  6.965891E-06  5.294501E-22  8.618640E-07   0.000000E+00 XENON1T_2018  2.455384E+03  0.000000E+00  
3.007760E+01  8.774176E-03  2.937055E+00  -1.830011E-06  1.000000E+00  1.986427E-03  8.523023E-37  1.986675E-17   5.000000E-01 NotAppl  1.847623E-11  3.998652E-09  
8.421409E+02  3.389932E+00  8.267898E+02  -4.658070E-08  1.000000E+00  7.408307E-05  6.707252E-23  1.417060E-23   5.000000E-01 NotAppl  4.002042E+01  0.000000E+00  
2.130815E+03  1.053370E-02  -7.235907E-03  -1.802246E-10  1.000000E+00  1.568234E+00  4.837322E-27  3.194647E-29   5.000000E-01 NotAppl  1.094298E-03  0.000000E+00  
3.821319E+03  8.656280E-02  4.472409E-01  5.834619E+00  1.000000E+00  2.119552E-02  5.717749E-25  1.019213E-08   2.892244E-12 LZ5Tmedian  7.519283E-02  0.000000E+00  
2.918612E+02  6.989000E-02  5.121145E-02  1.297912E-07  1.000000E+00  3.553361E-02  2.391679E-25  9.608435E-22   5.000000E-01 NotAppl  4.211507E-01  0.000000E+00  
1.847026E+03  5.729825E-01  -5.609194E-01  -3.415918E-10  1.000000E+00  1.142681E+00  6.625159E-27  1.535165E-28   5.000000E-01 NotAppl  1.734891E-03  0.000000E+00  
2.836957E+01  1.678574E-04  2.079434E-04  4.834312E-04  1.000000E+00  2.832421E-03  5.600333E-32  1.560564E-12   5.000000E-01 NotAppl  1.295639E-06  2.971089E-04  
1.469003E+01  1.027062E+01  7.048780E+01  -1.007418E-05  1.000000E+00  1.185194E+03  1.766830E-35  2.539146E-15   5.000000E-01 NotAppl  8.486264E-10  9.365837E-08  
2.234879E+02  6.290629E+02  -6.245854E+02  3.114986E-04  1.000000E+00  2.555625E-04  1.814707E-23  9.561563E-15   5.000000E-01 NotAppl  4.262822E+01  0.000000E+00  
1.706613E+02  6.659733E+01  -6.659664E+01  1.917466E-05  1.000000E+00  2.993852E-03  1.993253E-24  6.296345E-17   5.000000E-01 NotAppl  6.346172E+00  0.000000E+00  
3.831449E+02  4.944701E-01  2.088392E+00  -5.563693E-03  1.000000E+00  5.495530E-02  1.441744E-25  1.011435E-12   5.000000E-01 NotAppl  1.913107E-01  0.000000E+00  
4.289331E+01  1.001195E+02  -1.001143E+02  -2.583239E-03  1.000000E+00  8.395189E-05  3.489329E-30  1.925615E-11   8.238897E-02 LZ5Tmedian  5.191126E-05  6.840755E-03  
2.191321E+01  1.737955E+01  -1.735834E+01  2.379278E-02  1.000000E+00  3.402071E-02  1.135791E-28  6.364781E-09   1.403000E-247 LZ5Tmedian  3.485165E-03  7.189783E-02  
2.188644E+02  5.697763E-04  1.322672E-01  7.638083E-07  1.000000E+00  2.082882E-02  4.073187E-25  6.000503E-20   5.000000E-01 NotAppl  9.686566E-01  0.000000E+00  
3.479152E+03  1.863212E-03  1.987121E+02  9.988755E-08  1.000000E+00  4.918814E-04  1.006297E-23  3.615352E-24   5.000000E-01 NotAppl  1.402554E+00  0.000000E+00  
8.752179E+03  1.023133E+01  7.419039E+01  1.609587E-01  1.000000E+00  2.736317E-03  1.983846E-24  1.439354E-12   5.000000E-01 NotAppl  1.083679E-01  0.000000E+00  
1.169952E+01  1.983682E+02  -1.983641E+02  1.012786E-04  1.000000E+00  1.599014E-01  1.656047E-33  4.024613E-13   5.000000E-01 NotAppl  1.035799E-07  1.439709E-05  
4.521630E+03  8.568343E+01  7.178869E+01  3.108145E-06  1.000000E+00  5.099296E-04  1.071956E-23  2.053985E-21   5.000000E-01 NotAppl  1.135282E+00  0.000000E+00  
2.514516E+01  2.246623E-01  -2.245154E-01  1.488685E+00  1.000000E+00  3.876690E-03  4.276203E-25  1.888423E-05   0.000000E+00 XENON1T_2018  1.125265E+01  2.501300E-01  
2.258099E+01  3.176079E+01  -3.176060E+01  -4.978767E-09  1.000000E+00  3.106382E-02  5.049493E-42  2.623608E-22   5.000000E-01 NotAppl  1.498609E-16  3.058189E-15  
1.391376E+01  2.361902E+00  -2.359326E+00  -8.025773E-05  1.000000E+00  1.027485E-01  1.103196E-33  1.794846E-13   5.000000E-01 NotAppl  5.640582E-08  8.835122E-06  
3.610962E+02  1.811022E-02  -9.709374E-03  2.158624E-01  1.000000E+00  3.686068E-02  2.645019E-25  1.718888E-09   1.014529E-20 LZ5Tmedian  3.818783E-01  0.000000E+00  
2.098393E+03  7.683467E+02  -7.683430E+02  4.693026E-06  1.000000E+00  3.220002E-05  2.371044E-22  2.234189E-20   5.000000E-01 NotAppl  5.425862E+01  0.000000E+00  
4.635975E+02  8.785296E-03  5.177901E+02  -8.983319E-05  1.000000E+00  2.210620E-04  2.250047E-23  1.785331E-16   5.000000E-01 NotAppl  2.472166E+01  0.000000E+00  
8.523567E+01  3.620385E+00  -2.641489E+00  5.839890E-07  1.000000E+00  5.906847E-03  6.953698E-25  2.423829E-19   5.000000E-01 NotAppl  4.554531E+00  0.000000E+00  
1.485558E+03  3.538029E+00  -2.462126E+00  6.609278E-08  1.000000E+00  3.993408E-01  1.759274E-26  8.958750E-24   5.000000E-01 NotAppl  5.753485E-03  0.000000E+00  
6.559703E+03  7.378347E-04  6.146949E+02  4.063002E-10  1.000000E+00  5.648558E-05  9.273624E-23  1.648305E-29   5.000000E-01 NotAppl  6.790545E+00  0.000000E+00  
6.146360E+01  5.074339E-04  2.054812E+00  -3.056970E-03  1.000000E+00  2.530646E-03  1.264915E-27  1.295423E-11   2.222345E-01 NotAppl  1.296558E-02  2.403405E-03  
3.413802E+03  2.092776E-04  3.533640E-05  -6.315145E-05  1.000000E+00  3.882086E+00  1.889216E-27  1.501938E-18   5.000000E-01 NotAppl  2.641864E-04  0.000000E+00  
2.372775E+02  3.333975E+00  -6.534529E-01  8.725829E-02  1.000000E+00  1.506083E-02  4.517929E-25  6.636756E-10   3.102944E-12 LZ5Tmedian  9.934228E-01  0.000000E+00  
1.657603E+03  7.768487E-03  7.656021E+00  1.942104E-05  1.000000E+00  2.115276E-01  2.375793E-26  6.186636E-19   5.000000E-01 NotAppl  7.033641E-03  0.000000E+00  
9.972243E+03  4.579936E-03  1.158097E+01  6.481272E-08  1.000000E+00  1.219084E-01  3.642932E-26  1.790515E-25   5.000000E-01 NotAppl  1.744734E-03  0.000000E+00  
7.650033E+03  5.017813E-03  3.524898E+02  -4.187205E-03  1.000000E+00  1.612756E-04  3.202717E-23  1.280281E-15   5.000000E-01 NotAppl  2.006318E+00  0.000000E+00  
6.639989E+02  5.271634E-02  1.475135E-03  1.423634E-06  1.000000E+00  1.704664E-01  4.881587E-26  2.150982E-20   5.000000E-01 NotAppl  3.660861E-02  0.000000E+00  
1.109210E+01  1.871453E-03  3.237513E-01  5.865409E-10  1.000000E+00  5.587924E-04  5.433091E-44  1.498845E-23   5.000000E-01 NotAppl  3.617915E-18  4.835860E-16  
4.675063E+03  1.887576E-04  1.329735E-01  -1.030786E-04  1.000000E+00  7.068045E+00  1.013074E-27  2.110868E-18   5.000000E-01 NotAppl  1.029236E-04  0.000000E+00  
5.293432E+02  4.539628E+02  -4.536159E+02  -6.563983E-04  1.000000E+00  1.467824E-04  4.820805E-23  7.267509E-15   5.000000E-01 NotAppl  4.573434E+01  0.000000E+00  
1.087197E+01  7.613782E-02  1.137634E+01  -1.377831E-09  1.000000E+00  6.422500E-04  2.971197E-43  8.602321E-23   5.000000E-01 NotAppl  2.026053E-17  2.181240E-15  
5.801923E+02  6.713754E-04  6.424582E-01  1.420382E-04  1.000000E+00  1.305685E-01  6.373812E-26  2.821088E-16   5.000000E-01 NotAppl  5.496180E-02  0.000000E+00  
8.870376E+01  6.452939E+00  -6.449002E+00  3.986126E-08  1.000000E+00  6.281197E-03  7.905176E-25  1.040637E-21   5.000000E-01 NotAppl  4.973294E+00  0.000000E+00  
1.647742E+02  8.610199E-02  5.838869E+02  3.119955E-06  1.000000E+00  1.025537E-03  4.386057E-24  1.791347E-18   5.000000E-01 NotAppl  1.386615E+01  0.000000E+00  
8.913896E+02  3.154381E+02  -1.378125E+02  1.224992E-09  1.000000E+00  7.742392E-05  4.694762E-23  8.726424E-27   5.000000E-01 NotAppl  2.600224E+01  0.000000E+00  
5.073692E+02  3.622834E+01  -3.621987E+01  1.197352E+00  1.000000E+00  2.029983E-03  3.473533E-24  2.637232E-08   2.775421E-221 LZ5Tmedian  3.505734E+00  0.000000E+00  
6.614093E+02  1.481401E+02  -1.170084E+02  1.067602E+00  1.000000E+00  2.706126E-04  1.497182E-23  1.219345E-08   2.204189E-79 LZ5Tmedian  1.129836E+01  0.000000E+00  
3.109720E+02  1.139964E+01  -9.916417E+00  5.362084E-03  1.000000E+00  2.099423E-02  2.901171E-25  1.440211E-12   5.000000E-01 NotAppl  4.789796E-01  0.000000E+00  
1.436534E+03  1.036425E-04  1.386781E-02  1.096941E-10  1.000000E+00  7.391908E-01  1.060361E-26  2.642643E-29   5.000000E-01 NotAppl  3.593488E-03  0.000000E+00  
1.542745E+02  3.492216E-03  7.956437E+02  1.963952E-04  1.000000E+00  1.126566E-03  3.975882E-24  8.123818E-15   5.000000E-01 NotAppl  1.345535E+01  0.000000E+00  
9.906113E+01  4.729722E-02  -3.811725E-02  6.436865E-05  1.000000E+00  5.798293E-03  1.225541E-24  2.163937E-15   5.000000E-01 NotAppl  6.736614E+00  0.000000E+00  
2.395054E+01  2.266789E-04  2.458082E-02  7.772175E-06  1.000000E+00  2.714384E-03  1.272223E-35  5.678318E-16   5.000000E-01 NotAppl  3.544978E-10  7.970058E-08  
8.192415E+01  4.658822E-03  5.168415E-01  -5.210288E-08  1.000000E+00  5.705540E-03  4.638199E-25  2.092574E-21   5.000000E-01 NotAppl  3.229536E+00  0.000000E+00  
2.256180E+01  1.058877E+01  -6.774308E+00  1.760141E-10  1.000000E+00  3.785587E-01  6.308516E-45  3.284684E-25   5.000000E-01 NotAppl  1.875274E-19  2.030240E-17  
3.332570E+01  3.072516E+01  -3.051870E+01  1.540918E-02  1.000000E+00  5.542419E-03  6.902711E-29  1.144225E-09   2.549190E-63 LZ5Tmedian  1.340837E-03  1.804362E-01  
3.532247E+01  3.564747E-02  5.274839E-02  2.141551E-10  1.000000E+00  5.714832E-04  1.467588E-44  1.963928E-25   5.000000E-01 NotAppl  2.679225E-19  5.404246E-17  
9.314630E+01  1.322300E+00  -1.306646E+00  2.282089E-07  1.000000E+00  5.572885E-03  1.094331E-24  3.085776E-20   5.000000E-01 NotAppl  6.440047E+00  0.000000E+00  
4.788962E+01  3.740208E+02  -3.735639E+02  5.409797E+00  1.000000E+00  4.604928E-04  2.014886E-24  6.748011E-05   0.000000E+00 XENON1T_2018  2.673430E+01  5.033072E-01  
9.422541E+01  1.987966E+00  -1.759385E+00  2.147368E-01  1.000000E+00  2.056305E-03  3.794819E-24  2.668451E-08   0.000000E+00 XENON1T_2018  2.208090E+01  0.000000E+00  
8.200806E+01  1.269345E+01  -5.342910E+00  1.805077E-04  1.000000E+00  5.214338E-03  4.867266E-25  2.506326E-14   5.000000E-01 NotAppl  3.384231E+00  0.000000E+00  
1.174618E+02  2.615873E+02  -2.539344E+02  1.210043E-05  1.000000E+00  9.193701E-04  3.528490E-24  5.392838E-17   5.000000E-01 NotAppl  1.648739E+01  0.000000E+00  
1.490514E+01  4.070533E-04  2.567674E+01  -1.837786E-06  1.000000E+00  7.958407E-04  5.905242E-37  8.209423E-17   5.000000E-01 NotAppl  2.788616E-11  1.314466E-09  
2.316752E+02  3.745707E-01  -3.743292E-01  1.274245E-01  1.000000E+00  1.875476E-02  4.909921E-25  1.486306E-09   4.418118E-27 LZ5Tmedian  1.111922E+00  0.000000E+00  
9.919502E+03  2.216829E-02  -2.164419E-02  -2.436990E-04  1.000000E+00  3.068941E+01  2.244797E-28  2.558830E-18   5.000000E-01 NotAppl  1.064588E-05  0.000000E+00  
3.944171E+02  3.421104E-04  5.400761E-01  -4.301925E-04  1.000000E+00  6.263176E-02  1.347737E-25  5.698586E-15   5.000000E-01 NotAppl  1.735058E-01  0.000000E+00  
7.968152E+02  1.875098E-04  5.158991E-01  5.922264E-05  1.000000E+00  2.393392E-01  3.416840E-26  2.564632E-17   5.000000E-01 NotAppl  2.122631E-02  0.000000E+00  
3.233373E+03  3.134153E+02  -3.134134E+02  -1.537186E-08  1.000000E+00  1.395724E-04  5.252410E-23  9.938667E-26   5.000000E-01 NotAppl  7.724223E+00  0.000000E+00  
2.279312E+01  5.669665E-01  -5.560106E-01  1.247238E-05  1.000000E+00  7.826198E-03  3.184783E-35  1.615762E-15   5.000000E-01 NotAppl  9.362776E-10  2.064566E-07  
2.764990E+01  4.008598E-01  3.090914E+01  -4.787005E-01  1.000000E+00  3.198283E-03  5.362036E-26  1.611797E-06   0.000000E+00 XENON1T_2018  1.274999E+00  3.095242E-01  
5.927798E+01  1.111410E-04  9.136499E-04  1.881030E-05  1.000000E+00  3.997064E-03  5.123774E-33  5.280894E-16   5.000000E-01 NotAppl  5.425732E-08  1.601858E-07  
2.460778E+03  1.237538E+00  -1.233266E+00  4.479831E-01  1.000000E+00  5.735352E-01  1.651766E-26  1.471679E-10   5.000000E-01 NotAppl  3.313780E-03  0.000000E+00  
5.637257E+01  1.335862E+01  4.595929E+02  1.664029E-05  1.000000E+00  5.296383E-01  1.161031E-33  4.578911E-16   5.000000E-01 NotAppl  1.295717E-08  1.708346E-07  
2.385939E+02  5.606194E-04  7.317772E-01  2.095792E-06  1.000000E+00  2.406217E-02  3.485472E-25  3.785441E-19   5.000000E-01 NotAppl  7.574526E-01  0.000000E+00  
7.615690E+02  5.450541E+02  -5.450519E+02  -5.020294E-06  1.000000E+00  9.065608E-05  8.156944E-23  2.021358E-19   5.000000E-01 NotAppl  5.301047E+01  0.000000E+00  
7.251337E+01  2.769070E-02  -2.748862E-02  -7.991125E-01  1.000000E+00  2.950824E-03  7.975752E-25  6.316157E-07   0.000000E+00 XENON1T_2018  6.930651E+00  0.000000E+00  
7.143887E+01  1.524321E-04  9.251638E-01  -5.268997E-09  1.000000E+00  5.753858E-03  4.394393E-41  2.830968E-23   5.000000E-01 NotAppl  3.836278E-16  0.000000E+00  
8.539254E+02  1.616931E-01  -1.613915E-01  2.706133E+00  1.000000E+00  5.536280E-03  2.318836E-24  4.648894E-08   6.474006E-234 LZ5Tmedian  1.403526E+00  0.000000E+00  
1.105329E+03  1.768956E-02  2.388207E+01  -7.184673E-08  1.000000E+00  2.803372E-02  1.684160E-25  1.934979E-23   5.000000E-01 NotAppl  7.587435E-02  0.000000E+00  
9.787428E+01  2.454928E-04  2.399367E-01  3.863237E-08  1.000000E+00  5.627424E-03  1.217357E-24  7.989659E-22   5.000000E-01 NotAppl  6.779447E+00  0.000000E+00  
7.572646E+02  1.594024E-03  5.598948E-04  8.996964E-05  1.000000E+00  2.190398E-01  3.768660E-26  6.567581E-17   5.000000E-01 NotAppl  2.467311E-02  0.000000E+00  
8.956695E+01  5.551978E-03  8.017735E-02  5.495573E-09  1.000000E+00  5.753068E-03  7.609599E-25  1.939116E-23   5.000000E-01 NotAppl  4.740987E+00  0.000000E+00  
5.558471E+02  5.628411E+01  -5.085574E+01  5.454047E-01  1.000000E+00  1.933511E-03  2.888699E-24  4.540507E-09   1.846295E-35 LZ5Tmedian  2.617762E+00  0.000000E+00  
2.910319E+03  5.228885E+01  1.478809E+02  -2.316326E-10  1.000000E+00  4.141444E-04  1.167322E-23  2.795763E-29   5.000000E-01 NotAppl  1.946810E+00  0.000000E+00  
1.387583E+02  1.603385E-02  -4.285846E-03  4.878654E-04  1.000000E+00  9.370371E-03  8.677691E-25  6.229732E-14   5.000000E-01 NotAppl  3.362738E+00  0.000000E+00  
2.204943E+01  6.070137E+01  -6.053631E+01  -1.544964E-02  1.000000E+00  3.391517E-02  4.803353E-29  2.650422E-09   2.143531E-104 LZ5Tmedian  1.463030E-03  1.960693E-01  
5.867044E+03  1.800958E+00  -1.624343E+00  -2.159715E-10  1.000000E+00  2.333156E+00  2.564137E-27  5.846684E-30   5.000000E-01 NotAppl  2.060572E-04  0.000000E+00  
6.060490E+03  5.628936E-01  2.542231E+01  2.775062E-01  1.000000E+00  2.518548E-02  1.927091E-25  9.026668E-12   5.000000E-01 NotAppl  1.529209E-02  0.000000E+00  
2.434865E+02  2.897140E-01  -2.876152E-01  -3.806736E-03  1.000000E+00  2.526960E-02  3.344342E-25  1.198024E-12   5.000000E-01 NotAppl  7.115524E-01  0.000000E+00  
1.535419E+02  2.984316E+00  -2.983796E+00  -6.326444E-04  1.000000E+00  9.647158E-03  7.500701E-25  8.512462E-14   5.000000E-01 NotAppl  2.617727E+00  0.000000E+00  
4.581391E+02  1.679007E-01  -1.392875E-01  -5.958321E-09  1.000000E+00  8.376768E-02  1.008229E-25  8.046648E-25   5.000000E-01 NotAppl  1.110708E-01  0.000000E+00  
4.829569E+01  2.388076E-01  6.935924E+00  -4.790209E-01  1.000000E+00  1.570129E-03  2.057992E-25  5.200590E-07   0.000000E+00 XENON1T_2018  2.709690E+00  2.751384E-01  
1.272483E+03  5.370853E+02  -4.683789E+02  -1.860379E-04  1.000000E+00  3.750282E-05  1.099116E-22  9.733673E-17   5.000000E-01 NotAppl  4.204688E+01  0.000000E+00  
1.390258E+02  1.038228E-04  5.721043E-04  -3.345946E-04  1.000000E+00  9.414909E-03  8.631546E-25  2.918715E-14   5.000000E-01 NotAppl  3.338293E+00  0.000000E+00  
4.121732E+03  6.887190E-01  -6.877801E-01  -3.913595E-01  1.000000E+00  2.954315E+00  2.638855E-27  3.931296E-11   5.000000E-01 NotAppl  3.197812E-04  0.000000E+00  
5.644921E+02  3.964312E-02  -3.709364E-02  -1.842661E-02  1.000000E+00  1.249850E-01  6.718442E-26  5.021737E-12   5.000000E-01 NotAppl  5.961791E-02  0.000000E+00  
3.528425E+03  6.047338E-02  5.021693E-01  -2.850303E-01  1.000000E+00  2.697817E+00  3.000511E-27  2.860771E-11   5.000000E-01 NotAppl  4.176378E-04  0.000000E+00  
4.385292E+01  6.703699E+00  7.307433E+02  -2.827420E-09  1.000000E+00  3.228905E-02  4.534301E-42  2.205290E-23   5.000000E-01 NotAppl  6.577015E-17  4.564989E-15  
5.989812E+02  4.247559E+00  -4.246179E+00  1.066741E-05  1.000000E+00  1.069076E-01  7.031747E-26  1.490836E-18   5.000000E-01 NotAppl  5.866480E-02  0.000000E+00  
1.786656E+02  2.845481E-02  7.011567E-02  -3.585203E-07  1.000000E+00  1.442118E-02  5.720615E-25  2.003828E-20   5.000000E-01 NotAppl  1.708507E+00  0.000000E+00  
8.344148E+03  7.784082E-01  3.252896E+01  3.106501E-10  1.000000E+00  1.606655E-02  2.990801E-25  5.891473E-30   5.000000E-01 NotAppl  1.715724E-02  0.000000E+00  
2.745167E+01  1.148039E-04  4.918359E+02  -1.554858E+00  1.000000E+00  1.780910E-03  5.160031E-25  1.725368E-05   0.000000E+00 XENON1T_2018  1.238765E+01  3.332976E-01  
8.514034E+03  1.467556E+00  9.080233E+02  -3.250121E-06  1.000000E+00  2.670884E-05  2.002768E-22  6.206805E-22   5.000000E-01 NotAppl  1.125761E+01  0.000000E+00  
2.074398E+03  1.027592E-04  4.653488E-02  -5.028797E-06  1.000000E+00  1.489341E+00  5.103572E-27  2.626141E-20   5.000000E-01 NotAppl  1.186689E-03  0.000000E+00  
1.694754E+02  1.127652E+02  -1.127571E+02  2.169264E-08  1.000000E+00  1.767752E-03  3.397901E-24  8.174579E-23   5.000000E-01 NotAppl  1.092942E+01  0.000000E+00  
1.043728E+03  3.949739E+01  -3.946389E+01  -5.000875E-09  1.000000E+00  7.319706E-03  8.998473E-25  1.053856E-25   5.000000E-01 NotAppl  4.222815E-01  0.000000E+00  
9.196652E+03  4.925874E-03  3.689296E+00  3.231434E-06  1.000000E+00  1.067954E+00  3.945029E-27  5.246179E-22   5.000000E-01 NotAppl  2.048951E-04  0.000000E+00  
6.891416E+03  1.124413E-03  7.063012E-03  4.808165E-05  1.000000E+00  1.513879E+01  4.643678E-28  2.087152E-19   5.000000E-01 NotAppl  3.183091E-05  0.000000E+00  
4.402329E+02  1.591436E-01  1.361232E-01  -4.320758E-01  1.000000E+00  2.923341E-02  3.642354E-25  4.591008E-09   8.209286E-45 LZ5Tmedian  4.433833E-01  0.000000E+00  
6.013489E+01  3.056042E+02  -1.874435E+02  1.559947E-04  1.000000E+00  1.443128E+00  6.452052E-31  3.527100E-14   5.000000E-01 NotAppl  6.762145E-06  9.474557E-06  
3.361815E+02  4.227086E-02  -4.152414E-02  4.668888E-08  1.000000E+00  4.662475E-02  1.828928E-25  9.308460E-23   5.000000E-01 NotAppl  2.779757E-01  0.000000E+00  
8.839751E+01  8.101202E-03  8.981305E-02  -2.393593E-08  1.000000E+00  5.752971E-03  7.495801E-25  3.778989E-22   5.000000E-01 NotAppl  4.732379E+00  0.000000E+00  
8.267837E+03  2.585015E-03  1.590896E-02  2.717343E-07  1.000000E+00  2.155986E+01  3.227709E-28  4.605095E-24   5.000000E-01 NotAppl  1.840135E-05  0.000000E+00  
1.518744E+01  1.461295E+01  -1.405084E+01  7.577208E-09  1.000000E+00  1.199872E-01  1.009449E-41  1.344435E-21   5.000000E-01 NotAppl  4.666918E-16  3.515773E-14  
1.437636E+03  1.208396E+02  -1.207906E+02  1.296578E-03  1.000000E+00  8.848111E-04  7.894555E-24  3.686182E-15   5.000000E-01 NotAppl  2.664040E+00  0.000000E+00  
1.347969E+03  1.705371E-03  1.513996E+00  1.369140E-04  1.000000E+00  5.936406E-01  1.265833E-26  4.687245E-17   5.000000E-01 NotAppl  4.583367E-03  0.000000E+00  
6.364083E+03  1.731213E-01  -1.641023E-01  3.496032E-07  1.000000E+00  1.243151E+01  5.621623E-28  1.297161E-23   5.000000E-01 NotAppl  4.176498E-05  0.000000E+00  
6.067904E+01  8.076026E+01  -8.075839E+01  1.061744E+00  1.000000E+00  5.684914E-05  4.448163E-23  1.604184E-06   0.000000E+00 XENON1T_2018  4.600531E+02  4.994758E-01  
3.464365E+03  5.329073E+01  -4.645743E+01  -1.617315E-03  1.000000E+00  4.011019E-03  1.664770E-24  9.560519E-16   5.000000E-01 NotAppl  2.282130E-01  0.000000E+00  
1.407795E+02  3.191833E-01  -3.166477E-01  2.080536E-10  1.000000E+00  9.501482E-03  8.488159E-25  1.099879E-26   5.000000E-01 NotAppl  3.240868E+00  0.000000E+00  
2.684246E+01  6.862065E-02  -4.885273E-02  3.635700E-05  1.000000E+00  3.297956E-03  3.016965E-34  9.871382E-15   5.000000E-01 NotAppl  7.417892E-09  1.705029E-06  
1.655497E+01  3.706369E-01  -3.704279E-01  -8.429260E-07  1.000000E+00  5.548179E-03  1.281974E-37  1.401222E-17   5.000000E-01 NotAppl  5.370588E-12  9.782125E-10  
5.600540E+01  6.816508E+01  -6.811766E+01  1.822026E-08  1.000000E+00  4.070788E-03  1.246425E-39  5.563369E-22   5.000000E-01 NotAppl  1.400598E-14  2.105466E-13  
5.834918E+03  5.527012E-03  1.086215E+01  -2.133453E-10  1.000000E+00  1.353967E-01  3.248257E-26  5.767228E-30   5.000000E-01 NotAppl  2.678041E-03  0.000000E+00  
2.674567E+03  9.654009E-03  -6.133632E-05  -4.647237E-01  1.000000E+00  9.146557E-01  1.039856E-26  1.336609E-10   5.000000E-01 NotAppl  1.943212E-03  0.000000E+00  
6.088350E+02  3.389827E-02  4.936799E+02  5.297237E-02  1.000000E+00  1.810650E-04  2.803215E-23  3.555699E-11   5.000000E-01 NotAppl  2.331169E+01  0.000000E+00  
4.604544E+02  1.205004E+01  -1.190103E+01  1.251882E-10  1.000000E+00  3.608039E-02  1.816928E-25  3.515711E-28   5.000000E-01 NotAppl  1.992646E-01  0.000000E+00  
1.598631E+01  1.834840E-01  1.968187E+02  1.066921E-03  1.000000E+00  1.539623E-03  2.032155E-31  2.406916E-11   3.081002E-01 NotAppl  8.861060E-06  1.562535E-03  
1.098162E+02  1.311546E-03  3.881139E+01  -4.832944E-06  1.000000E+00  4.513021E-03  1.353421E-24  9.875539E-18   5.000000E-01 NotAppl  6.641807E+00  0.000000E+00  
1.409614E+01  1.451095E-02  -1.033337E-02  6.610975E-07  1.000000E+00  1.351511E-03  7.515031E-38  1.186784E-17   5.000000E-01 NotAppl  3.784090E-12  6.082176E-10  
1.135782E+01  2.911736E+01  -2.901670E+01  -7.021386E-10  1.000000E+00  1.733578E-01  7.864905E-44  2.050362E-23   5.000000E-01 NotAppl  5.093175E-18  1.023380E-16  
5.909391E+01  1.194632E-01  -5.915948E-04  2.873355E-08  1.000000E+00  4.080696E-03  1.072917E-38  1.240082E-21   5.000000E-01 NotAppl  1.145070E-13  3.838934E-13  
3.852045E+01  4.669887E-03  -4.562138E-03  -1.602012E-09  1.000000E+00  4.988493E-05  9.828733E-43  9.215977E-24   5.000000E-01 NotAppl  1.633853E-17  2.886964E-15  
7.236200E+02  1.537696E+00  3.854125E+00  3.842227E-07  1.000000E+00  1.407442E-01  5.049589E-26  1.314322E-21   5.000000E-01 NotAppl  3.473179E-02  0.000000E+00  
5.636068E+03  1.590308E+02  -1.392334E+02  1.065064E-01  1.000000E+00  4.606910E-04  1.467992E-23  1.541058E-12   5.000000E-01 NotAppl  1.227147E+00  0.000000E+00  
1.066829E+01  5.866816E-02  3.468931E+02  1.667713E-09  1.000000E+00  5.817555E-04  4.314377E-43  1.307824E-22   5.000000E-01 NotAppl  3.008122E-17  3.914570E-15  
7.424230E+01  5.709068E+00  -5.318370E+00  2.598628E-03  1.000000E+00  1.698063E-02  5.977712E-30  6.365357E-12   5.000000E-01 NotAppl  5.054364E-05  0.000000E+00  
1.460505E+01  1.590840E+00  -1.590294E+00  -2.751302E+00  1.000000E+00  1.005867E-02  5.624817E-25  1.915796E-04   0.000000E+00 XENON1T_2018  2.722239E+01  2.509807E-01  
9.916283E+02  3.055174E-03  9.936962E-01  -1.861555E-05  1.000000E+00  3.552640E-01  2.239929E-26  1.621191E-18   5.000000E-01 NotAppl  1.110895E-02  0.000000E+00  
4.721395E+03  1.714356E-04  1.715332E-04  1.037691E+00  1.000000E+00  8.116546E-01  1.273433E-26  2.096776E-10   5.000000E-01 NotAppl  1.347872E-03  0.000000E+00  
8.413952E+02  2.767788E-01  5.662416E-01  -4.390328E-02  1.000000E+00  2.611071E-01  3.087229E-26  1.261119E-11   5.000000E-01 NotAppl  1.815669E-02  0.000000E+00  
7.061285E+03  5.945352E-02  3.992572E+01  -2.619084E-10  1.000000E+00  1.106813E-02  4.297696E-25  5.890518E-30   5.000000E-01 NotAppl  2.920158E-02  0.000000E+00  
4.819879E+03  6.930181E-03  2.469960E+00  2.250754E-04  1.000000E+00  1.830531E+00  2.605609E-27  9.458917E-18   5.000000E-01 NotAppl  2.593419E-04  0.000000E+00  
2.185789E+03  7.184458E-03  -4.589052E-03  -1.651365E+00  1.000000E+00  7.880431E-02  1.451446E-25  2.545646E-09   9.382392E-06 LZ5Tmedian  3.389823E-02  0.000000E+00  
6.399530E+03  6.914628E+02  -6.914529E+02  3.739116E-07  1.000000E+00  3.033527E-05  2.528977E-22  1.467165E-23   5.000000E-01 NotAppl  1.858216E+01  0.000000E+00  
3.966522E+03  1.282330E-03  1.291725E-02  1.587595E-05  1.000000E+00  5.187870E+00  1.400146E-27  6.994739E-20   5.000000E-01 NotAppl  1.680886E-04  0.000000E+00  
5.927751E+01  8.106962E+02  -8.106947E+02  -2.241900E-06  1.000000E+00  6.163726E-03  7.274303E-35  7.501634E-18   5.000000E-01 NotAppl  7.705094E-10  2.276271E-09  
1.092673E+02  5.944064E+02  -5.933579E+02  3.371636E+00  1.000000E+00  2.814753E-05  2.045730E-22  4.856013E-06   0.000000E+00 XENON1T_2018  1.022814E+03  0.000000E+00  
5.626905E+02  1.428535E+00  1.773811E+02  -1.281823E-10  1.000000E+00  7.807344E-04  6.143665E-24  2.446009E-28   5.000000E-01 NotAppl  5.537168E+00  0.000000E+00  
1.798919E+03  1.938132E-02  -1.926849E-02  -1.490666E-05  1.000000E+00  1.134742E+00  6.777895E-27  3.084938E-19   5.000000E-01 NotAppl  1.823729E-03  0.000000E+00  
2.314201E+02  6.448888E+01  -6.346266E+01  2.899497E-06  1.000000E+00  2.880587E-03  2.002443E-24  7.713082E-19   5.000000E-01 NotAppl  4.526758E+00  0.000000E+00  
1.175543E+01  3.163914E-01  -3.162025E-01  2.209539E-05  1.000000E+00  3.955629E-03  7.896809E-35  1.897665E-14   5.000000E-01 NotAppl  4.911581E-09  6.847789E-07  
6.620708E+02  1.571437E-02  -1.085551E-03  8.423476E-06  1.000000E+00  1.696146E-01  4.909060E-26  7.575369E-19   5.000000E-01 NotAppl  3.692542E-02  0.000000E+00  
1.285405E+03  6.487759E-01  7.453485E+01  -1.006551E-06  1.000000E+00  3.264677E-03  1.448522E-24  2.791220E-21   5.000000E-01 NotAppl  5.598916E-01  0.000000E+00  
8.080629E+03  2.177443E-01  -1.435222E-01  -1.923228E-09  1.000000E+00  1.872408E+01  3.672915E-28  2.416437E-28   5.000000E-01 NotAppl  2.142272E-05  0.000000E+00  
4.434067E+03  7.555895E-03  2.245872E+01  -1.156260E-08  1.000000E+00  3.337859E-02  1.367210E-25  2.957865E-26   5.000000E-01 NotAppl  1.489430E-02  0.000000E+00  
3.051203E+01  1.508060E-03  4.671108E-02  -9.817760E+00  1.000000E+00  2.295057E-03  1.037561E-25  5.554314E-04   0.000000E+00 XENON1T_2018  2.433164E+00  2.500334E-01  
2.437856E+03  5.045336E+01  -4.747960E+01  -3.280414E-08  1.000000E+00  4.460829E-03  1.476683E-24  8.043113E-25   5.000000E-01 NotAppl  2.898169E-01  0.000000E+00  
2.141932E+01  9.743126E-03  1.128012E+02  6.629405E+00  1.000000E+00  1.473445E-03  3.170459E-25  5.173138E-04   0.000000E+00 XENON1T_2018  1.026819E+01  3.333433E-01  
4.877241E+01  4.662138E-02  -3.850223E-02  2.645569E-03  1.000000E+00  1.188750E-03  6.669179E-30  1.554859E-11   1.393337E-01 NotAppl  8.686388E-05  6.089813E-03  
6.352542E+03  2.118016E-04  7.820977E-01  -4.535798E-09  1.000000E+00  8.300085E+00  7.116882E-28  2.191743E-27   5.000000E-01 NotAppl  5.318114E-05  0.000000E+00  
4.453510E+01  5.372063E-03  -5.068943E-03  1.479283E-08  1.000000E+00  9.288026E-05  1.319392E-40  5.849812E-22   5.000000E-01 NotAppl  1.887781E-15  2.193122E-13  
8.388900E+02  4.550173E-03  2.988064E+02  1.740225E-08  1.000000E+00  3.051298E-04  1.648421E-23  1.993507E-24   5.000000E-01 NotAppl  9.874313E+00  0.000000E+00  
2.109979E+02  2.156797E-04  2.146436E-01  2.278052E-08  1.000000E+00  1.943359E-02  4.351800E-25  5.753340E-23   5.000000E-01 NotAppl  1.075147E+00  0.000000E+00  
2.686308E+01  8.302957E-03  -7.951656E-03  8.085937E+00  1.000000E+00  2.930839E-03  1.372044E-25  4.875155E-04   0.000000E+00 XENON1T_2018  3.107216E+00  2.500074E-01  
1.150846E+01  7.510553E+01  -7.484375E+01  -4.108497E-10  1.000000E+00  1.861851E-01  2.707418E-44  6.840859E-24   5.000000E-01 NotAppl  1.726393E-18  2.370777E-16  
9.019795E+02  4.409123E+00  -4.408699E+00  -6.333752E-09  1.000000E+00  1.876021E-01  3.805714E-26  2.277304E-25   5.000000E-01 NotAppl  2.079354E-02  0.000000E+00  
2.103392E+03  2.613815E+01  1.115013E+02  2.696340E-08  1.000000E+00  9.363773E-04  5.185634E-24  7.339350E-25   5.000000E-01 NotAppl  1.207653E+00  0.000000E+00  
1.019339E+01  1.695191E+00  -1.665161E+00  -1.551499E-01  1.000000E+00  1.580546E-01  3.648267E-27  1.237269E-06   0.000000E+00 XENON1T_2018  2.683644E-01  2.508395E-01  
7.922506E+02  2.684085E-04  6.021283E-01  1.375933E-09  1.000000E+00  2.362594E-01  3.458408E-26  1.400681E-26   5.000000E-01 NotAppl  2.161238E-02  0.000000E+00  
1.045524E+03  7.416828E+02  -7.416256E+02  -9.345644E-03  1.000000E+00  4.920953E-05  1.533134E-22  3.667618E-13   5.000000E-01 NotAppl  7.181408E+01  0.000000E+00  
1.255590E+02  6.117240E-04  4.343306E-01  -4.346082E-07  1.000000E+00  7.816055E-03  1.002690E-24  6.068193E-20   5.000000E-01 NotAppl  4.300744E+00  0.000000E+00  
1.117991E+03  1.722035E-04  1.441492E+01  -8.693692E-02  1.000000E+00  7.101634E-02  6.540139E-26  2.768064E-11   5.000000E-01 NotAppl  2.907093E-02  0.000000E+00  
7.486460E+01  8.295403E+02  -8.295395E+02  2.291924E-04  1.000000E+00  1.926975E-02  4.160298E-32  4.867771E-14   5.000000E-01 NotAppl  3.462237E-07  0.000000E+00  
2.649966E+03  3.950969E+01  -3.323285E+01  -1.699937E+00  1.000000E+00  9.688564E-03  5.549827E-25  1.822435E-09   1.067964E-03 LZ5Tmedian  1.011118E-01  0.000000E+00  
