MD1           DMP           DM3           l345          ld           Omegah2       sigV          protonSI      PvalDD        expName      CMB_ID        brH_DMDM      
3.912305E+02  2.349360E-02  3.522840E+00  -3.660458E-07  1.000000E+00  5.664776E-02  1.405770E-25  4.194955E-21   5.000000E-01 NotAppl  1.825432E-01  0.000000E+00  
1.881078E+03  7.785800E+02  -7.785799E+02  1.277727E-05  1.000000E+00  3.300695E-05  2.312974E-22  2.069356E-19   5.000000E-01 NotAppl  5.921430E+01  0.000000E+00  
3.311338E+01  4.256425E-03  1.859525E-02  -1.084525E-04  1.000000E+00  1.472808E-03  3.387544E-33  5.741981E-14   5.000000E-01 NotAppl  6.626534E-08  1.424885E-05  
7.792752E+01  7.016250E-01  -3.939642E-01  -1.089746E-02  1.000000E+00  8.889309E-03  5.826052E-29  1.013920E-10   3.475320E-05 LZ5Tmedian  4.690775E-04  0.000000E+00  
8.060050E+01  1.752391E+00  5.062269E+02  -2.955405E-04  1.000000E+00  6.354649E-03  1.884193E-25  6.960832E-14   5.000000E-01 NotAppl  1.346295E+00  0.000000E+00  
3.494206E+02  2.954340E-02  1.040675E+00  9.553949E-03  1.000000E+00  4.893253E-02  1.714578E-25  3.601452E-12   5.000000E-01 NotAppl  2.503123E-01  0.000000E+00  
9.596186E+03  9.436830E+00  -8.637408E+00  3.365127E-06  1.000000E+00  1.191723E-01  5.296802E-26  5.218613E-22   5.000000E-01 NotAppl  2.583333E-03  0.000000E+00  
3.467503E+03  1.401506E-04  6.597938E+02  -5.780891E-04  1.000000E+00  5.400726E-05  9.652422E-23  1.219219E-16   5.000000E-01 NotAppl  1.349929E+01  0.000000E+00  
1.380302E+03  8.623808E+01  -8.426831E+01  1.287455E-08  1.000000E+00  1.613777E-03  4.115898E-24  3.949030E-25   5.000000E-01 NotAppl  1.448328E+00  0.000000E+00  
2.733318E+02  5.273994E+01  4.728532E+01  6.174101E-07  1.000000E+00  9.871723E-04  3.210694E-24  2.486846E-20   5.000000E-01 NotAppl  6.067608E+00  0.000000E+00  
9.041736E+02  1.055281E+00  -1.054719E+00  -7.470101E-06  1.000000E+00  2.932243E-01  2.722347E-26  3.152080E-19   5.000000E-01 NotAppl  1.484513E-02  0.000000E+00  
9.985720E+03  4.593750E-01  1.108111E+02  -4.450706E-05  1.000000E+00  1.529885E-03  3.306870E-24  8.420254E-20   5.000000E-01 NotAppl  1.581834E-01  0.000000E+00  
7.203537E+01  6.326645E-03  2.092498E+00  -1.505982E-07  1.000000E+00  5.675830E-03  3.130676E-38  2.273753E-20   5.000000E-01 NotAppl  2.729531E-13  0.000000E+00  
1.816559E+02  1.420967E+01  -1.417943E+01  1.819922E-05  1.000000E+00  9.034164E-03  6.818987E-25  4.990728E-17   5.000000E-01 NotAppl  1.974465E+00  0.000000E+00  
4.440522E+03  4.522529E+01  -4.423663E+01  2.747655E-09  1.000000E+00  5.579847E-03  1.196914E-24  1.665329E-27   5.000000E-01 NotAppl  1.274243E-01  0.000000E+00  
6.457345E+02  4.792224E-01  6.123972E+02  -2.503771E-07  1.000000E+00  1.345073E-04  3.754095E-23  7.043442E-22   5.000000E-01 NotAppl  2.939606E+01  0.000000E+00  
1.700895E+03  9.725393E+02  -4.023966E+02  -2.798209E+00  1.000000E+00  1.115039E-05  3.413107E-22  1.218556E-08   1.305992E-31 LZ5Tmedian  9.724513E+01  0.000000E+00  
4.462118E+03  1.933606E+00  -9.616802E-01  7.517574E-10  1.000000E+00  1.906632E+00  3.568949E-27  1.234200E-28   5.000000E-01 NotAppl  3.793180E-04  0.000000E+00  
5.026914E+02  6.395145E-03  8.459774E+01  -4.590780E-04  1.000000E+00  2.849391E-03  1.678277E-24  3.950973E-15   5.000000E-01 NotAppl  1.696440E+00  0.000000E+00  
1.864895E+03  5.528317E+02  2.109137E+01  -3.319320E-03  1.000000E+00  1.885523E-05  1.964713E-22  1.421359E-14   5.000000E-01 NotAppl  5.111123E+01  0.000000E+00  
2.739808E+02  1.290343E+00  4.050776E+01  3.708119E-03  1.000000E+00  7.749843E-03  6.644447E-25  8.926872E-13   5.000000E-01 NotAppl  1.248731E+00  0.000000E+00  
8.630886E+03  2.120085E+01  -2.015308E+01  -1.241790E-02  1.000000E+00  2.462638E-02  2.649184E-25  8.813396E-15   5.000000E-01 NotAppl  1.438100E-02  0.000000E+00  
8.128480E+03  7.865196E+01  -7.710077E+01  -2.062759E+00  1.000000E+00  2.035640E-03  3.288481E-24  2.746889E-10   5.000000E-01 NotAppl  1.897237E-01  0.000000E+00  
4.161337E+02  2.378998E-01  1.110465E+01  -6.489711E-01  1.000000E+00  1.290425E-02  7.154906E-25  1.162148E-08   1.373842E-118 LZ5Tmedian  9.472325E-01  0.000000E+00  
3.672091E+01  6.842608E+01  -6.838887E+01  5.664162E-05  1.000000E+00  2.391250E-03  1.105686E-33  1.269691E-14   5.000000E-01 NotAppl  1.933875E-08  3.709517E-06  
6.382629E+01  1.354482E+02  -1.353967E+02  -6.658268E-08  1.000000E+00  9.592740E-03  3.537140E-37  5.690064E-21   5.000000E-01 NotAppl  3.487359E-12  0.000000E+00  
3.296266E+03  3.984201E+01  -3.975571E+01  4.851700E-07  1.000000E+00  7.118673E-03  9.277481E-25  9.520010E-23   5.000000E-01 NotAppl  1.337806E-01  0.000000E+00  
1.357587E+03  2.135100E-01  3.413409E+02  2.233232E-05  1.000000E+00  2.093127E-04  2.418314E-23  1.229112E-18   5.000000E-01 NotAppl  8.839827E+00  0.000000E+00  
1.132709E+03  9.625547E+01  -9.625277E+01  1.534560E-01  1.000000E+00  1.326189E-03  5.219123E-24  8.397400E-11   4.802141E-01 NotAppl  2.251087E+00  0.000000E+00  
1.109480E+02  5.704902E-04  1.831233E+01  2.087428E-08  1.000000E+00  5.091451E-03  1.248144E-24  1.803978E-22   5.000000E-01 NotAppl  6.074982E+00  0.000000E+00  
2.925822E+01  3.395715E-04  2.301634E+01  4.675397E-01  1.000000E+00  2.002420E-03  5.405472E-26  1.371333E-06   0.000000E+00 XENON1T_2018  1.206589E+00  2.627874E-01  
6.468853E+02  1.015054E+02  -1.003440E+02  -8.694240E-04  1.000000E+00  1.284134E-03  5.115505E-24  8.462108E-15   5.000000E-01 NotAppl  3.941303E+00  0.000000E+00  
3.509007E+02  2.873004E+00  -2.691950E+00  5.683019E-02  1.000000E+00  4.168934E-02  1.923193E-25  1.263317E-10   3.086488E-02 LZ5Tmedian  2.803795E-01  0.000000E+00  
4.009651E+01  4.234626E+01  7.180258E+02  6.388395E-06  1.000000E+00  7.101546E+04  1.731262E-35  1.350797E-16   5.000000E-01 NotAppl  2.763908E-10  4.473400E-08  
4.028592E+01  7.799985E-03  2.631630E+02  -3.254943E+00  1.000000E+00  6.698239E-05  1.373591E-24  3.473213E-05   0.000000E+00 XENON1T_2018  2.221771E+01  3.333566E-01  
4.284133E+01  2.230072E+02  -2.229915E+02  -4.211823E-01  1.000000E+00  8.703254E-05  9.236743E-26  5.131592E-07   0.000000E+00 XENON1T_2018  1.375925E+00  4.987840E-01  
8.829630E+01  2.489049E-01  1.360067E+02  7.533455E-03  1.000000E+00  4.262828E-03  8.017587E-25  3.752177E-11   3.057120E-02 LZ5Tmedian  5.067607E+00  0.000000E+00  
9.843466E+01  4.208529E+02  -4.202789E+02  2.339539E-03  1.000000E+00  2.026114E-03  2.417121E-24  2.896036E-12   5.000000E-01 NotAppl  1.349390E+01  0.000000E+00  
1.211715E+02  9.754164E-01  -9.752089E-01  -4.031099E-03  1.000000E+00  7.293146E-03  1.038232E-24  5.615376E-12   5.000000E-01 NotAppl  4.625852E+00  0.000000E+00  
1.537296E+02  1.874954E+00  -1.732592E+00  7.452809E-08  1.000000E+00  1.003033E-02  7.445756E-25  1.178389E-21   5.000000E-01 NotAppl  2.594800E+00  0.000000E+00  
8.541266E+02  1.659450E-04  6.984290E-04  2.379313E-01  1.000000E+00  1.883290E-01  4.933558E-26  3.592075E-10   1.579907E-02 LZ5Tmedian  2.923756E-02  0.000000E+00  
1.248993E+02  1.138579E-02  8.414691E-03  -1.973947E-03  1.000000E+00  7.941933E-03  1.001176E-24  1.265393E-12   5.000000E-01 NotAppl  4.317941E+00  0.000000E+00  
6.731507E+02  7.249713E+00  -4.667655E+00  -1.887640E-04  1.000000E+00  8.499771E-02  7.973815E-26  3.677307E-16   5.000000E-01 NotAppl  5.895868E-02  0.000000E+00  
1.263620E+01  1.075686E-02  -1.040973E-02  2.343985E-01  1.000000E+00  1.114817E-03  9.124008E-27  1.852246E-06   0.000000E+00 XENON1T_2018  5.216743E-01  2.491824E-01  
2.077373E+02  1.211698E-03  2.878211E-03  -4.642963E-02  1.000000E+00  1.910580E-02  4.382167E-25  2.467419E-10   1.441302E-05 LZ5Tmedian  1.103114E+00  0.000000E+00  
1.681217E+01  1.372614E-04  5.833421E-03  2.305265E+00  1.000000E+00  1.586951E-03  5.756020E-25  1.016266E-04   0.000000E+00 XENON1T_2018  2.362150E+01  2.499925E-01  
7.697409E+01  1.529757E+00  -1.520859E+00  5.144231E-07  1.000000E+00  1.108492E-02  1.491557E-37  2.316952E-19   5.000000E-01 NotAppl  1.215916E-12  0.000000E+00  
4.794919E+02  1.195801E-02  1.513769E-01  -1.312036E-06  1.000000E+00  9.149141E-02  9.227050E-26  3.554602E-20   5.000000E-01 NotAppl  9.695430E-02  0.000000E+00  
3.465715E+03  2.313939E+01  2.294037E+01  -5.736103E-03  1.000000E+00  7.221585E-03  8.802272E-25  1.201660E-14   5.000000E-01 NotAppl  1.222472E-01  0.000000E+00  
2.420995E+02  1.476212E+00  -1.475447E+00  -2.488961E-04  1.000000E+00  2.382792E-02  3.409767E-25  5.181779E-15   5.000000E-01 NotAppl  7.298568E-01  0.000000E+00  
4.005335E+02  4.153512E-01  5.080460E+01  7.702196E-08  1.000000E+00  6.599799E-03  7.382491E-25  1.770088E-22   5.000000E-01 NotAppl  9.409228E-01  0.000000E+00  
2.844686E+02  7.887150E+02  -7.883715E+02  9.300142E+00  1.000000E+00  2.987198E-06  2.601116E-21  5.199470E-06   0.000000E+00 XENON1T_2018  5.601443E+03  0.000000E+00  
3.670482E+03  1.091991E-01  2.221599E+01  6.357233E-01  1.000000E+00  3.036364E-02  1.735432E-25  1.313285E-10   5.000000E-01 NotAppl  2.294009E-02  0.000000E+00  
3.216598E+02  3.778651E+02  -3.778631E+02  4.284694E-05  1.000000E+00  2.901579E-04  2.347859E-23  8.581261E-17   5.000000E-01 NotAppl  3.755848E+01  0.000000E+00  
1.529404E+01  1.938486E+01  -1.938244E+01  2.968136E-03  1.000000E+00  8.786860E-02  1.552155E-30  2.034447E-10   1.405577E-04 LZ5Tmedian  7.116389E-05  2.972049E-03  
6.728351E+01  3.483718E-03  1.270348E-01  5.128540E-01  1.000000E+00  2.426283E-03  1.533490E-24  3.031191E-07   0.000000E+00 XENON1T_2018  1.430572E+01  0.000000E+00  
9.188021E+03  5.019309E+02  -5.019256E+02  4.170581E-04  1.000000E+00  5.422788E-05  1.408285E-22  8.755349E-18   5.000000E-01 NotAppl  7.176363E+00  0.000000E+00  
1.497269E+01  4.117604E-04  2.145748E+01  -9.192565E-09  1.000000E+00  8.022003E-04  1.479461E-41  2.035603E-21   5.000000E-01 NotAppl  6.952347E-16  4.435386E-14  
7.217593E+03  4.664402E+00  2.374811E+01  -3.347299E-09  1.000000E+00  2.312353E-02  2.304174E-25  9.208185E-28   5.000000E-01 NotAppl  1.529304E-02  0.000000E+00  
6.078248E+02  1.772198E-02  5.526048E+00  1.022851E-10  1.000000E+00  1.093747E-01  6.641378E-26  1.330241E-28   5.000000E-01 NotAppl  5.466953E-02  0.000000E+00  
9.485755E+03  6.995588E-01  -6.082820E-01  -1.545561E-09  1.000000E+00  1.135023E+01  5.364982E-28  1.126673E-28   5.000000E-01 NotAppl  2.654136E-05  0.000000E+00  
2.795239E+03  3.830909E+00  -3.472364E+00  -5.497506E-07  1.000000E+00  5.402748E-01  1.150023E-26  1.709724E-22   5.000000E-01 NotAppl  1.964921E-03  0.000000E+00  
7.935049E+02  2.347147E+02  -2.300266E+02  -3.456543E-08  1.000000E+00  2.669494E-04  2.354961E-23  8.811022E-24   5.000000E-01 NotAppl  1.466800E+01  0.000000E+00  
2.768029E+03  9.548343E+01  -5.079698E+01  -2.151062E-06  1.000000E+00  9.683153E-04  5.729068E-24  2.670236E-21   5.000000E-01 NotAppl  9.894126E-01  0.000000E+00  
5.007610E+03  4.075427E-03  -3.924432E-03  5.183131E-10  1.000000E+00  8.146246E+00  8.789698E-28  4.640300E-29   5.000000E-01 NotAppl  8.327625E-05  0.000000E+00  
3.130006E+03  1.355143E+02  5.300039E+01  -5.069046E-06  1.000000E+00  2.263424E-04  1.940289E-23  1.154641E-20   5.000000E-01 NotAppl  2.978924E+00  0.000000E+00  
1.255655E+03  9.928010E-01  -8.094718E-01  -1.186163E+00  1.000000E+00  5.115767E-02  2.208292E-25  4.065900E-09   1.182005E-14 LZ5Tmedian  9.168524E-02  0.000000E+00  
1.347350E+02  1.208891E+01  3.583599E+01  -5.336973E-06  1.000000E+00  2.419525E-03  1.347426E-24  7.918728E-18   5.000000E-01 NotAppl  5.346409E+00  0.000000E+00  
4.277778E+03  5.404985E+02  -5.403791E+02  1.997872E-03  1.000000E+00  4.973774E-05  1.515608E-22  9.499376E-16   5.000000E-01 NotAppl  1.675919E+01  0.000000E+00  
6.476494E+02  1.294993E+01  -1.219058E+01  2.434177E-01  1.000000E+00  2.756706E-02  2.678267E-25  6.617165E-10   4.389231E-05 LZ5Tmedian  2.077839E-01  0.000000E+00  
3.010716E+02  1.022987E-04  7.743233E+00  -8.475399E-05  1.000000E+00  3.029916E-02  2.429832E-25  3.844601E-16   5.000000E-01 NotAppl  4.142746E-01  0.000000E+00  
1.173009E+03  2.572426E+02  -2.572383E+02  1.882398E-07  1.000000E+00  2.348888E-04  3.092218E-23  1.176572E-22   5.000000E-01 NotAppl  1.286466E+01  0.000000E+00  
2.422047E+02  3.673396E+00  8.737267E+00  6.949034E-07  1.000000E+00  1.391422E-02  3.921973E-25  4.035573E-20   5.000000E-01 NotAppl  8.387960E-01  0.000000E+00  
2.156705E+01  1.120716E-04  7.443226E+01  -1.120165E-07  1.000000E+00  1.498155E-03  2.498214E-39  1.456688E-19   5.000000E-01 NotAppl  7.799997E-14  1.682279E-11  
1.193687E+01  2.291648E+01  -1.274352E+01  3.569627E-08  1.000000E+00  7.118451E+03  2.073184E-40  4.805883E-20   5.000000E-01 NotAppl  1.266755E-14  4.100196E-13  
3.364466E+01  5.259214E+02  -1.972604E+02  -1.108254E-10  1.000000E+00  1.250000E+06  3.623172E-45  5.805324E-26   5.000000E-01 NotAppl  6.966729E-20  1.478952E-17  
4.107635E+01  6.655787E-01  -3.401419E-01  6.707963E-06  1.000000E+00  2.173408E-04  2.045431E-35  1.417960E-16   5.000000E-01 NotAppl  3.177326E-10  4.803694E-08  
5.959067E+02  9.600227E-04  1.594101E-01  -3.291604E-04  1.000000E+00  1.385361E-01  6.036323E-26  1.434482E-15   5.000000E-01 NotAppl  5.063044E-02  0.000000E+00  
1.043900E+01  5.331577E-01  -5.313246E-01  -3.257239E-04  1.000000E+00  9.659819E-03  1.628208E-32  5.205492E-12   5.000000E-01 NotAppl  1.164443E-06  1.493777E-04  
1.338071E+01  1.107482E+00  -9.600456E-01  -1.373139E-03  1.000000E+00  3.502574E-02  3.190308E-31  5.676521E-11   1.905075E-01 NotAppl  1.706215E-05  2.617686E-03  
2.172419E+03  2.298989E-02  -2.276496E-02  2.389945E-08  1.000000E+00  1.627276E+00  4.654701E-27  5.399033E-25   5.000000E-01 NotAppl  1.032357E-03  0.000000E+00  
7.606197E+03  6.732594E-03  1.761260E-01  -6.688663E+00  1.000000E+00  6.284779E-02  1.877375E-25  3.305256E-09   1.309859E-02 LZ5Tmedian  1.230513E-02  0.000000E+00  
2.529689E+01  6.510362E-04  1.820473E-01  4.652248E-06  1.000000E+00  2.505011E-03  4.723593E-36  1.821990E-16   5.000000E-01 NotAppl  1.240354E-10  2.826710E-08  
1.966486E+03  1.409993E-04  7.573479E-03  -1.659691E-08  1.000000E+00  1.344958E+00  5.676063E-27  3.189458E-25   5.000000E-01 NotAppl  1.394089E-03  0.000000E+00  
9.978742E+03  5.695864E+01  -5.695815E+01  4.547697E-02  1.000000E+00  3.588013E-03  1.910339E-24  8.803731E-14   5.000000E-01 NotAppl  8.955710E-02  0.000000E+00  
9.013986E+01  2.176953E+01  -2.176783E+01  2.817295E-06  1.000000E+00  5.234258E-03  8.967200E-25  5.029991E-18   5.000000E-01 NotAppl  5.550744E+00  0.000000E+00  
6.571004E+03  1.529344E-02  9.551013E+02  -1.713943E-02  1.000000E+00  2.517609E-05  2.121262E-22  2.921458E-14   5.000000E-01 NotAppl  1.550567E+01  0.000000E+00  
2.477860E+03  8.217731E-02  -6.498518E-02  2.477064E-05  1.000000E+00  2.091446E+00  3.584753E-27  4.436555E-19   5.000000E-01 NotAppl  6.949967E-04  0.000000E+00  
2.172605E+02  3.025002E-03  5.665889E-04  -6.717322E-01  1.000000E+00  2.764016E-03  4.380748E-24  4.711473E-08   0.000000E+00 XENON1T_2018  1.176620E+01  0.000000E+00  
1.538974E+01  3.363337E+02  -3.094645E+02  -1.057906E-02  1.000000E+00  8.165694E+01  1.975390E-29  2.552596E-09   7.031797E-50 LZ5Tmedian  8.995257E-04  5.108935E-02  
7.516406E+02  1.747860E-04  6.295864E-03  1.496665E-06  1.000000E+00  2.159553E-01  3.824406E-26  1.845339E-20   5.000000E-01 NotAppl  2.523094E-02  0.000000E+00  
4.286891E+01  2.028143E-01  -1.773853E-01  2.817416E-05  1.000000E+00  1.751110E-04  4.142939E-34  2.293218E-15   5.000000E-01 NotAppl  6.167719E-09  8.244445E-07  
4.272165E+03  2.339802E+01  -2.333584E+01  1.063385E-09  1.000000E+00  1.980023E-02  3.227165E-25  2.698416E-28   5.000000E-01 NotAppl  3.573339E-02  0.000000E+00  
1.173243E+03  6.398978E-02  1.359719E-01  -8.755078E-08  1.000000E+00  5.019557E-01  1.586659E-26  2.544128E-23   5.000000E-01 NotAppl  6.618927E-03  0.000000E+00  
3.292409E+02  2.130616E+00  1.329473E+01  2.719804E-01  1.000000E+00  1.221741E-02  5.760468E-25  3.296657E-09   1.245866E-42 LZ5Tmedian  9.130817E-01  0.000000E+00  
2.224215E+01  9.974554E+02  -9.974301E+02  -1.393061E-08  1.000000E+00  3.251806E-02  3.922397E-41  2.117448E-21   5.000000E-01 NotAppl  1.183414E-15  2.591352E-13  
2.370556E+03  8.272443E+00  -8.267751E+00  3.509806E-01  1.000000E+00  1.041104E-01  7.064291E-26  9.747521E-11   5.000000E-01 NotAppl  1.433936E-02  0.000000E+00  
9.433378E+01  7.505963E-02  9.015866E+01  9.489000E-09  1.000000E+00  3.922644E-03  1.193487E-24  5.198333E-23   5.000000E-01 NotAppl  6.911418E+00  0.000000E+00  
1.094500E+01  7.882223E+00  8.652119E+01  1.486196E-02  1.000000E+00  4.910651E+01  3.467534E-29  9.878237E-09   2.027298E-58 LZ5Tmedian  2.345986E-03  1.135779E-01  
3.703364E+01  1.848336E-01  4.291638E-01  -9.162242E-04  1.000000E+00  1.499296E-04  2.944468E-31  3.265494E-12   5.000000E-01 NotAppl  5.112274E-06  9.641195E-04  
8.265348E+01  4.156835E+01  -3.805179E+01  -3.865485E-10  1.000000E+00  4.858981E-03  5.821085E-25  1.131040E-25   5.000000E-01 NotAppl  3.998596E+00  0.000000E+00  
3.828052E+01  1.787855E-04  8.855024E+01  -1.684793E-03  1.000000E+00  6.549696E-05  1.071178E-30  1.032329E-11   2.621953E-01 NotAppl  1.795815E-05  3.174657E-03  
3.303362E+02  7.832814E+00  -7.820884E+00  -3.791114E-01  1.000000E+00  1.701189E-02  4.495083E-25  6.361791E-09   2.460011E-81 LZ5Tmedian  7.495142E-01  0.000000E+00  
2.850173E+02  5.180427E+00  -5.178228E+00  -8.069049E-02  1.000000E+00  2.836193E-02  2.551116E-25  3.898620E-10   2.056086E-06 LZ5Tmedian  4.636568E-01  0.000000E+00  
2.782909E+03  1.948853E+02  -1.741831E+02  3.735580E-02  1.000000E+00  2.892815E-04  2.103654E-23  7.965620E-13   5.000000E-01 NotAppl  3.606416E+00  0.000000E+00  
2.246607E+03  1.862706E-04  2.075020E+00  -3.436387E-09  1.000000E+00  1.157771E+00  5.515786E-27  1.042408E-26   5.000000E-01 NotAppl  1.186369E-03  0.000000E+00  
1.183286E+01  2.048582E-01  3.942542E+01  1.174238E-10  1.000000E+00  1.156944E-03  2.235934E-45  5.290777E-25   5.000000E-01 NotAppl  1.380264E-19  2.790100E-18  
5.532874E+02  1.373389E+00  7.781149E+01  1.298358E-05  1.000000E+00  3.113250E-03  1.510980E-24  2.597489E-18   5.000000E-01 NotAppl  1.384816E+00  0.000000E+00  
2.540879E+03  4.514417E-01  7.315728E+00  -8.596004E-06  1.000000E+00  2.419842E-01  1.976350E-26  5.076372E-20   5.000000E-01 NotAppl  3.786789E-03  0.000000E+00  
2.950903E+01  8.082109E+01  5.045317E+02  -5.510830E-03  1.000000E+00  1.909945E+02  7.569756E-30  1.872560E-10   2.081317E-10 LZ5Tmedian  1.675635E-04  3.684424E-02  
4.242530E+03  6.534736E+01  -6.531289E+01  -1.570659E-07  1.000000E+00  2.745512E-03  2.484105E-24  5.970789E-24   5.000000E-01 NotAppl  2.770146E-01  0.000000E+00  
9.279075E+01  9.686884E-03  6.249392E+01  2.255300E-05  1.000000E+00  4.123037E-03  1.077743E-24  3.037473E-16   5.000000E-01 NotAppl  6.368075E+00  0.000000E+00  
4.255089E+01  3.087876E-02  5.125211E+00  1.428747E-02  1.000000E+00  3.260637E-04  1.038369E-28  5.987346E-10   1.856268E-34 LZ5Tmedian  1.557915E-03  8.594102E-02  
1.235088E+01  1.133574E+01  2.357694E+00  3.616233E+00  1.000000E+00  6.661231E-03  4.644888E-25  4.611780E-04   0.000000E+00 XENON1T_2018  2.736220E+01  2.604697E-01  
1.471724E+01  3.402070E-03  1.022367E+01  -5.690877E-06  1.000000E+00  7.901325E-04  5.641186E-36  8.072904E-16   5.000000E-01 NotAppl  2.703751E-10  3.595721E-08  
2.782814E+02  2.374260E-01  2.944316E+00  1.363810E-02  1.000000E+00  2.933992E-02  2.696653E-25  1.169624E-11   5.000000E-01 NotAppl  4.991516E-01  0.000000E+00  
3.111270E+01  1.628920E+00  2.343562E+01  6.975251E-06  1.000000E+00  3.865353E-03  1.288335E-35  2.695083E-16   5.000000E-01 NotAppl  2.695423E-10  1.334535E-08  
3.608918E+02  4.112290E+02  -4.111486E+02  -1.713668E-02  1.000000E+00  2.372682E-04  2.900464E-23  1.084552E-11   5.000000E-01 NotAppl  4.111176E+01  0.000000E+00  
1.188169E+03  1.321732E-03  1.134587E+02  5.216971E-05  1.000000E+00  1.521162E-03  3.159032E-24  8.803456E-18   5.000000E-01 NotAppl  1.323804E+00  0.000000E+00  
1.220580E+03  3.018725E+00  -3.018477E+00  -1.506859E-02  1.000000E+00  3.636215E-01  1.940125E-26  6.952089E-13   5.000000E-01 NotAppl  7.766524E-03  0.000000E+00  
1.135013E+02  1.852348E-01  4.074943E+01  -1.271259E+00  1.000000E+00  5.471141E-04  1.417477E-23  6.385868E-07   0.000000E+00 XENON1T_2018  6.842356E+01  0.000000E+00  
1.131423E+02  2.048194E+01  -1.884867E+01  -1.789430E-03  1.000000E+00  3.472798E-03  1.339803E-24  1.273508E-12   5.000000E-01 NotAppl  6.428704E+00  0.000000E+00  
2.928695E+02  3.818799E+01  -3.818521E+01  -2.643686E-01  1.000000E+00  9.371759E-03  6.399686E-25  3.958358E-09   5.393003E-57 LZ5Tmedian  1.162880E+00  0.000000E+00  
6.925548E+01  3.391175E-01  -2.997057E-01  -3.014701E-06  1.000000E+00  6.680380E-03  2.592078E-35  9.874100E-18   5.000000E-01 NotAppl  2.352043E-10  0.000000E+00  
4.308404E+03  1.696930E-02  7.461156E-02  -3.774242E-08  1.000000E+00  6.068240E+00  1.189427E-27  3.341322E-25   5.000000E-01 NotAppl  1.312874E-04  0.000000E+00  
3.052117E+01  1.901920E+02  -1.901678E+02  7.294977E-10  1.000000E+00  9.366815E-03  1.377053E-43  3.064712E-24   5.000000E-01 NotAppl  2.938150E-18  6.635649E-16  
7.348988E+02  3.989385E-03  2.663795E+01  -6.290841E-02  1.000000E+00  2.249838E-02  2.079137E-25  3.413737E-11   5.000000E-01 NotAppl  1.422645E-01  0.000000E+00  
7.605262E+02  2.510069E+00  7.823518E-01  2.521303E-01  1.000000E+00  9.293244E-02  9.478081E-26  5.112704E-10   1.334190E-03 LZ5Tmedian  6.302415E-02  0.000000E+00  
3.055987E+03  3.404001E+00  -3.389831E+00  -4.964666E+00  1.000000E+00  2.052167E-02  5.661567E-25  1.162865E-08   3.546518E-17 LZ5Tmedian  9.492527E-02  0.000000E+00  
1.104198E+02  2.950491E-01  -2.917797E-01  1.201470E-06  1.000000E+00  6.558090E-03  1.167009E-24  6.035090E-19   5.000000E-01 NotAppl  5.722750E+00  0.000000E+00  
1.959862E+02  2.215658E-01  5.086421E-01  3.692836E-08  1.000000E+00  1.641878E-02  4.973824E-25  1.758717E-22   5.000000E-01 NotAppl  1.327382E+00  0.000000E+00  
1.197193E+03  9.478354E-01  -9.469438E-01  6.049944E-06  1.000000E+00  4.947222E-01  1.576227E-26  1.165776E-19   5.000000E-01 NotAppl  6.439752E-03  0.000000E+00  
1.754352E+01  2.316411E+00  2.845411E+02  1.420877E-02  1.000000E+00  1.070436E-01  3.709978E-29  3.545978E-09   3.953347E-94 LZ5Tmedian  1.455664E-03  1.334013E-01  
1.247342E+02  3.440423E-04  6.793963E-02  2.186868E+00  1.000000E+00  3.469954E-05  5.856745E-23  1.557315E-06   0.000000E+00 XENON1T_2018  2.543375E+02  0.000000E+00  
8.438793E+01  2.081597E-02  1.752391E-01  7.753610E+00  1.000000E+00  1.240475E-05  1.104815E-21  4.361103E-05   0.000000E+00 XENON1T_2018  7.352640E+03  0.000000E+00  
3.282467E+01  3.047016E+02  -2.742800E+02  1.098164E-03  1.000000E+00  3.128424E+03  3.428969E-31  5.992810E-12   4.719779E-01 NotAppl  6.761861E-06  1.464238E-03  
3.150723E+02  1.422617E+00  -5.293484E-01  -2.853664E+00  1.000000E+00  2.225228E-04  5.495148E-23  3.971154E-07   0.000000E+00 XENON1T_2018  1.040306E+02  0.000000E+00  
5.189920E+03  4.414932E-03  1.685761E-01  -7.620262E-03  1.000000E+00  8.588676E+00  8.248454E-28  9.328508E-15   5.000000E-01 NotAppl  7.537650E-05  0.000000E+00  
6.314038E+03  6.045336E-03  -3.891022E-03  1.146626E-03  1.000000E+00  1.277213E+01  5.531419E-28  1.417926E-16   5.000000E-01 NotAppl  4.143425E-05  0.000000E+00  
2.907529E+01  5.171200E+01  -5.169063E+01  -5.307552E-04  1.000000E+00  1.192257E-02  6.914608E-32  1.789813E-12   5.000000E-01 NotAppl  1.557168E-06  3.561061E-04  
1.206035E+01  4.339112E+01  -4.332867E+01  4.507576E-01  1.000000E+00  7.996771E-02  3.318460E-26  7.509541E-06   0.000000E+00 XENON1T_2018  2.003346E+00  2.935226E-01  
1.101612E+02  3.458951E+01  -3.458940E+01  2.826212E-09  1.000000E+00  3.746328E-03  1.549758E-24  3.355477E-24   5.000000E-01 NotAppl  7.661987E+00  0.000000E+00  
8.445478E+01  6.384125E-03  -6.165912E-03  1.374978E-09  1.000000E+00  5.913066E-03  6.511334E-25  1.369226E-24   5.000000E-01 NotAppl  4.320268E+00  0.000000E+00  
4.333248E+01  3.112889E+00  -3.112490E+00  -5.069478E-02  1.000000E+00  6.934007E-05  1.393975E-27  7.263804E-09   0.000000E+00 LZ5Tmedian  2.047310E-02  2.775891E-01  
1.505020E+02  7.755318E+02  -4.588901E+02  -7.913878E-02  1.000000E+00  3.432940E-04  8.791111E-24  1.387771E-09   3.905232E-37 LZ5Tmedian  3.163913E+01  0.000000E+00  
6.165265E+03  4.746645E-03  -4.639124E-03  -1.390544E-01  1.000000E+00  1.061979E+01  7.018801E-28  2.188888E-12   5.000000E-01 NotAppl  5.439617E-05  0.000000E+00  
7.325277E+03  7.844389E+00  6.383337E+01  -5.943063E-03  1.000000E+00  3.749196E-03  1.410074E-24  2.816743E-15   5.000000E-01 NotAppl  9.225438E-02  0.000000E+00  
8.776841E+03  8.577291E-01  6.539466E+02  -8.615507E-10  1.000000E+00  4.929115E-05  1.073376E-22  4.098132E-29   5.000000E-01 NotAppl  5.850670E+00  0.000000E+00  
1.181043E+01  9.885826E+01  -9.885811E+01  1.100130E-04  1.000000E+00  1.567521E-01  1.961164E-33  4.661407E-13   5.000000E-01 NotAppl  1.213338E-07  1.698222E-05  
2.149479E+03  3.618650E-01  -3.615542E-01  1.466390E-02  1.000000E+00  1.545495E+00  4.886251E-27  2.076973E-13   5.000000E-01 NotAppl  1.095590E-03  0.000000E+00  
7.251935E+01  7.035331E-01  -6.830430E-01  6.479968E+00  1.000000E+00  1.219973E-04  5.297892E-23  4.152500E-05   0.000000E+00 XENON1T_2018  4.648259E+02  0.000000E+00  
2.001451E+01  4.379355E-03  -4.227800E-03  6.939568E-03  1.000000E+00  2.294333E-03  9.280170E-30  6.496093E-10   1.100955E-22 LZ5Tmedian  3.143748E-04  5.168179E-02  
3.383523E+03  3.838240E-02  2.848859E-01  1.126856E-04  1.000000E+00  3.719717E+00  1.952396E-27  4.869626E-18   5.000000E-01 NotAppl  2.755724E-04  0.000000E+00  
1.301319E+03  2.387391E-01  -1.811850E-01  -3.121812E+00  1.000000E+00  8.411166E-03  1.493006E-24  2.618395E-08   2.692125E-87 LZ5Tmedian  5.999813E-01  0.000000E+00  
3.149286E+02  2.425177E-01  2.396779E+01  -1.174712E-07  1.000000E+00  1.637086E-02  3.527963E-25  6.735653E-22   5.000000E-01 NotAppl  5.744163E-01  0.000000E+00  
5.357583E+02  6.637482E-03  2.567275E+00  -1.961855E-01  1.000000E+00  8.554169E-02  1.018781E-25  6.334129E-10   9.483358E-06 LZ5Tmedian  9.772761E-02  0.000000E+00  
1.123392E+02  9.734936E-02  8.206766E+02  -1.745852E-06  1.000000E+00  2.385528E-03  1.962909E-24  1.230067E-18   5.000000E-01 NotAppl  9.318693E+00  0.000000E+00  
1.602308E+02  5.217826E-02  6.981519E+00  2.679114E-10  1.000000E+00  9.946470E-03  7.128646E-25  1.398804E-26   5.000000E-01 NotAppl  2.377893E+00  0.000000E+00  
6.231218E+03  8.015999E-04  6.466627E-02  -1.901382E-01  1.000000E+00  9.851770E+00  7.791984E-28  4.004995E-12   5.000000E-01 NotAppl  6.010357E-05  0.000000E+00  
5.294288E+02  2.578192E-02  9.212922E-01  6.402866E-08  1.000000E+00  1.089296E-01  7.635762E-26  6.912831E-23   5.000000E-01 NotAppl  7.239564E-02  0.000000E+00  
4.517426E+03  1.239507E+00  1.707337E+02  -1.081518E-02  1.000000E+00  6.470510E-04  7.683416E-24  2.491631E-14   5.000000E-01 NotAppl  8.215195E-01  0.000000E+00  
6.600886E+01  6.245771E+00  -6.243171E+00  -2.476451E-03  1.000000E+00  1.098085E-02  6.777700E-29  7.349270E-12   4.394023E-01 NotAppl  6.457775E-04  0.000000E+00  
1.990892E+01  3.550561E-02  -2.855255E-02  1.098525E-05  1.000000E+00  2.508638E-03  2.320520E-35  1.645195E-15   5.000000E-01 NotAppl  7.911362E-10  1.633978E-07  
4.981533E+03  4.859306E-01  -3.067916E-01  -1.369762E-09  1.000000E+00  6.761094E+00  1.036338E-27  3.275978E-28   5.000000E-01 NotAppl  9.864761E-05  0.000000E+00  
1.178497E+03  8.108978E-03  9.044756E-02  -1.356612E-05  1.000000E+00  5.070860E-01  1.571514E-26  6.052999E-19   5.000000E-01 NotAppl  6.525693E-03  0.000000E+00  
5.980414E+03  1.649372E-03  2.971343E+01  -1.383296E-08  1.000000E+00  1.957133E-02  2.378803E-25  2.304328E-26   5.000000E-01 NotAppl  1.913292E-02  0.000000E+00  
2.348080E+01  1.001621E+02  -9.353677E+01  -3.009845E-07  1.000000E+00  1.777104E+00  1.885602E-38  8.862619E-19   5.000000E-01 NotAppl  5.363661E-13  1.013605E-10  
4.985785E+03  1.647048E+00  -1.631888E+00  2.187639E-03  1.000000E+00  2.383221E+00  2.501047E-27  8.341683E-16   5.000000E-01 NotAppl  2.371636E-04  0.000000E+00  
2.794815E+03  9.883132E-03  1.560034E+01  2.948172E-05  1.000000E+00  6.600908E-02  6.823403E-26  4.918523E-19   5.000000E-01 NotAppl  1.188703E-02  0.000000E+00  
8.680636E+03  1.651221E+01  4.323570E+02  4.451329E-05  1.000000E+00  1.011289E-04  5.178617E-23  1.119327E-19   5.000000E-01 NotAppl  2.854815E+00  0.000000E+00  
1.369012E+02  5.264315E-01  3.910876E+02  4.159930E+00  1.000000E+00  1.150218E-06  9.393398E-21  4.656262E-06   0.000000E+00 XENON1T_2018  4.304104E+04  0.000000E+00  
9.863196E+03  2.482742E-01  -2.441597E-01  -1.210121E-01  1.000000E+00  2.596510E+01  2.466096E-28  6.382789E-13   5.000000E-01 NotAppl  1.186384E-05  0.000000E+00  
1.621650E+03  2.589040E+02  1.608154E+02  1.099501E-09  1.000000E+00  5.105566E-05  6.973100E-23  2.073581E-27   5.000000E-01 NotAppl  2.102227E+01  0.000000E+00  
3.611127E+03  2.339806E+01  -2.333396E+01  -1.368988E-08  1.000000E+00  1.977372E-02  3.228102E-25  6.295411E-26   5.000000E-01 NotAppl  4.241228E-02  0.000000E+00  
4.714475E+01  3.840963E+01  -3.840479E+01  4.098495E-01  1.000000E+00  2.660961E-04  1.317826E-25  3.998805E-07   0.000000E+00 XENON1T_2018  1.776867E+00  4.984343E-01  
4.454667E+01  1.430279E+02  -1.430265E+02  -2.107027E-09  1.000000E+00  3.313187E-05  2.679215E-42  1.186177E-23   5.000000E-01 NotAppl  3.823505E-17  4.449504E-15  
2.201976E+02  1.544087E+02  -1.544086E+02  3.563378E-10  1.000000E+00  1.056460E-03  6.071859E-24  1.289846E-26   5.000000E-01 NotAppl  1.448075E+01  0.000000E+00  
3.840305E+01  4.791688E+01  4.546125E+01  8.363024E-02  1.000000E+00  7.826234E-01  2.658733E-27  2.527149E-08   0.000000E+00 XENON1T_2018  4.434750E-02  8.874613E-01  
4.789089E+02  2.285339E-02  7.657501E+01  3.283897E-02  1.000000E+00  3.348227E-03  1.448947E-24  2.232334E-11   5.000000E-01 NotAppl  1.539059E+00  0.000000E+00  
6.408416E+01  6.385304E+00  -6.380448E+00  8.609192E+00  1.000000E+00  3.168802E-06  4.327899E-21  9.435066E-05   0.000000E+00 XENON1T_2018  4.034271E+04  0.000000E+00  
7.681390E+02  1.088730E+02  -1.055670E+02  1.607681E+00  1.000000E+00  5.983459E-04  1.069493E-23  2.036874E-08   3.876178E-114 LZ5Tmedian  6.925774E+00  0.000000E+00  
2.737101E+01  8.812524E+01  -8.812324E+01  2.290480E-08  1.000000E+00  1.558537E-02  1.217068E-40  3.766493E-21   5.000000E-01 NotAppl  2.925889E-15  6.739428E-13  
1.816546E+03  2.312958E-04  3.677496E-02  -3.847198E-01  1.000000E+00  5.391849E-01  1.755762E-26  2.014391E-10   3.324814E-01 NotAppl  4.856591E-03  0.000000E+00  
4.878229E+01  1.318133E+02  -1.318131E+02  8.294506E-09  1.000000E+00  6.975282E-04  6.562750E-41  1.527759E-22   5.000000E-01 NotAppl  8.522209E-16  6.145339E-14  
1.631236E+03  6.228531E-03  1.114215E-02  3.923178E-09  1.000000E+00  9.415745E-01  8.235132E-27  2.608448E-26   5.000000E-01 NotAppl  2.449502E-03  0.000000E+00  
6.338063E+03  2.896007E-01  2.893723E+01  1.829590E-08  1.000000E+00  2.037804E-02  2.302144E-25  3.582290E-26   5.000000E-01 NotAppl  1.745525E-02  0.000000E+00  
1.028830E+03  5.437351E+01  -4.984736E+01  1.172213E-10  1.000000E+00  3.682899E-03  1.667502E-24  5.962536E-29   5.000000E-01 NotAppl  7.942210E-01  0.000000E+00  
2.026014E+02  5.322839E-03  1.900643E-01  4.107794E-02  1.000000E+00  1.731804E-02  5.015947E-25  2.033052E-10   8.278632E-05 LZ5Tmedian  1.294881E+00  0.000000E+00  
2.709950E+03  6.632036E-03  2.622039E+01  7.691927E-05  1.000000E+00  2.454932E-02  1.868872E-25  3.565036E-18   5.000000E-01 NotAppl  3.361460E-02  0.000000E+00  
9.545432E+01  9.764995E-04  1.641975E-03  -9.990166E-08  1.000000E+00  5.629573E-03  1.177797E-24  5.624157E-21   5.000000E-01 NotAppl  6.740670E+00  0.000000E+00  
1.671620E+01  4.369542E-04  6.414076E+00  -6.433168E-05  1.000000E+00  9.730147E-04  7.489424E-34  8.005309E-14   5.000000E-01 NotAppl  3.103290E-08  5.181538E-06  
1.720566E+03  6.863608E+02  -6.854956E+02  5.463921E-01  1.000000E+00  4.027549E-05  1.855919E-22  4.538520E-10   7.291054E-02 LZ5Tmedian  5.206819E+01  0.000000E+00  
1.159822E+01  1.566022E+01  -6.396251E+00  1.577283E-07  1.000000E+00  2.943432E+03  4.002871E-39  9.929626E-19   5.000000E-01 NotAppl  2.529287E-13  1.552809E-11  
2.214606E+01  1.821278E-01  -1.807343E-01  3.588825E+00  1.000000E+00  3.553118E-03  5.030936E-25  1.417625E-04   0.000000E+00 XENON1T_2018  1.506477E+01  2.501256E-01  
1.053484E+01  2.399115E+01  -2.366140E+01  -1.526720E+00  1.000000E+00  1.297707E-02  3.262985E-25  1.123364E-04   0.000000E+00 XENON1T_2018  2.309400E+01  2.770310E-01  
3.758906E+03  2.935649E-02  5.050429E+02  9.056510E-10  1.000000E+00  8.583548E-05  5.999725E-23  2.539403E-28   5.000000E-01 NotAppl  7.729698E+00  0.000000E+00  
2.803388E+01  3.135326E-04  1.055267E+00  -1.377272E-10  1.000000E+00  2.145476E-03  4.495325E-45  1.297504E-25   5.000000E-01 NotAppl  1.053661E-19  2.408853E-17  
1.691393E+02  1.748600E-04  7.938675E+00  -6.244562E-09  1.000000E+00  1.082762E-02  6.553858E-25  6.801611E-24   5.000000E-01 NotAppl  2.067811E+00  0.000000E+00  
1.234259E+02  9.002980E-02  1.446735E-01  1.727708E-04  1.000000E+00  7.621233E-03  1.026295E-24  9.932530E-15   5.000000E-01 NotAppl  4.482730E+00  0.000000E+00  
7.288202E+01  6.461620E+00  -3.902504E+00  1.801612E-02  1.000000E+00  2.270929E-02  3.738394E-28  3.177323E-10   2.640928E-15 LZ5Tmedian  3.220592E-03  0.000000E+00  
5.010475E+03  2.234749E+00  -1.927741E+00  1.941174E-07  1.000000E+00  1.585075E+00  3.851696E-27  6.502337E-24   5.000000E-01 NotAppl  3.632367E-04  0.000000E+00  
3.898787E+03  5.673617E-03  -5.540168E-03  2.803158E+00  1.000000E+00  9.056071E-02  1.267585E-25  2.258416E-09   3.117809E-03 LZ5Tmedian  1.635097E-02  0.000000E+00  
1.469618E+01  1.403039E+01  -1.402976E+01  -6.296763E-02  1.000000E+00  9.536683E-02  6.903292E-28  9.911544E-08   0.000000E+00 XENON1T_2018  3.314075E-02  3.331056E-01  
5.676309E+01  5.081261E-01  -5.079430E-01  -3.387480E-08  1.000000E+00  3.891429E-03  5.454956E-39  1.871019E-21   5.000000E-01 NotAppl  6.043062E-14  6.829674E-13  
1.840388E+02  1.272184E-01  -1.270696E-01  8.972493E-07  1.000000E+00  1.520732E-02  5.539022E-25  1.181095E-19   5.000000E-01 NotAppl  1.578910E+00  0.000000E+00  
1.190466E+03  1.032305E+02  -1.032293E+02  4.453420E-10  1.000000E+00  1.206762E-03  5.739906E-24  6.389980E-28   5.000000E-01 NotAppl  2.351986E+00  0.000000E+00  
2.720152E+01  1.406447E+01  -1.084686E+01  -2.294986E-07  1.000000E+00  8.615602E-02  1.215499E-38  3.829112E-19   5.000000E-01 NotAppl  2.945081E-13  2.013685E-11  
7.928108E+03  6.295017E-04  5.440290E-02  -1.415799E-10  1.000000E+00  1.979512E+01  3.517254E-28  1.362689E-30   5.000000E-01 NotAppl  2.092228E-05  0.000000E+00  
1.414709E+03  1.922738E+01  -1.223770E+01  -3.771902E-06  1.000000E+00  2.686841E-02  2.385634E-25  3.223579E-20   5.000000E-01 NotAppl  8.195710E-02  0.000000E+00  
5.068653E+02  4.318949E-02  5.857661E-01  -1.614323E+00  1.000000E+00  3.949526E-03  3.212870E-24  4.803609E-08   0.000000E+00 LZ5Tmedian  3.495470E+00  0.000000E+00  
4.401880E+03  6.263100E-01  -6.258750E-01  4.281845E-06  1.000000E+00  4.967493E+00  1.368863E-27  4.116824E-21   5.000000E-01 NotAppl  1.476962E-04  0.000000E+00  
1.358407E+03  4.130911E+02  -4.130904E+02  1.626150E+00  1.000000E+00  9.252727E-05  8.058361E-23  6.508931E-09   2.383347E-21 LZ5Tmedian  2.883289E+01  0.000000E+00  
1.496636E+03  1.215547E+01  -1.158339E+01  -1.486090E+00  1.000000E+00  5.125093E-02  1.303183E-25  4.461183E-09   1.449609E-13 LZ5Tmedian  4.764194E-02  0.000000E+00  
7.584702E+03  4.258997E-02  5.867257E+02  -1.189259E-03  1.000000E+00  6.106275E-05  8.594371E-23  1.050935E-16   5.000000E-01 NotAppl  5.430859E+00  0.000000E+00  
1.373916E+02  4.251501E-03  -3.437263E-03  1.276799E+00  1.000000E+00  2.004584E-04  6.966723E-23  4.354380E-07   0.000000E+00 XENON1T_2018  3.076672E+02  0.000000E+00  
5.116940E+01  6.087623E-04  1.628279E-01  -2.703895E-10  1.000000E+00  1.999048E-03  9.794043E-44  1.472899E-25   5.000000E-01 NotAppl  1.213430E-18  5.995112E-17  
1.329760E+01  8.546741E-02  -7.955450E-02  -1.164688E+00  1.000000E+00  1.647728E-03  2.196108E-25  4.134526E-05   0.000000E+00 XENON1T_2018  1.183236E+01  2.500239E-01  
5.741220E+01  2.301300E-03  -1.816596E-03  -5.296284E-04  1.000000E+00  3.602381E-03  1.677801E-30  4.468835E-13   5.000000E-01 NotAppl  1.844693E-05  1.582532E-04  
7.084852E+02  1.543046E-03  1.062255E-02  9.867024E-10  1.000000E+00  1.929729E-01  4.296667E-26  9.050313E-27   5.000000E-01 NotAppl  3.013318E-02  0.000000E+00  
1.197814E+01  1.389320E-03  1.194997E+02  1.165154E-02  1.000000E+00  5.465394E-04  2.211668E-29  5.085615E-09   5.380480E-44 LZ5Tmedian  1.345667E-03  1.211402E-01  
1.263305E+03  2.816543E-02  2.419686E+01  1.358309E-09  1.000000E+00  2.770540E-02  1.688470E-25  5.266063E-27   5.000000E-01 NotAppl  6.633087E-02  0.000000E+00  
2.269312E+01  7.377442E+01  4.378965E+00  -1.204191E-04  1.000000E+00  1.936871E+05  2.961628E-33  1.519550E-13   5.000000E-01 NotAppl  8.748012E-08  1.930657E-05  
1.777946E+03  3.635734E+01  7.082418E+02  -4.536073E-09  1.000000E+00  4.562310E-05  9.706021E-23  2.925679E-26   5.000000E-01 NotAppl  2.689634E+01  0.000000E+00  
5.883602E+01  3.874076E+01  -3.873856E+01  1.970110E-05  1.000000E+00  5.861605E-03  4.375568E-33  5.882042E-16   5.000000E-01 NotAppl  4.690184E-08  1.870865E-07  
3.162360E+02  8.825814E-01  1.909269E+01  7.495185E-02  1.000000E+00  1.697397E-02  3.679501E-25  2.718926E-10   2.558332E-04 LZ5Tmedian  5.982878E-01  0.000000E+00  
3.818402E+03  8.510144E-01  2.730938E+01  3.525876E-04  1.000000E+00  2.194888E-02  2.144996E-25  3.727767E-17   5.000000E-01 NotAppl  2.719457E-02  0.000000E+00  
7.695617E+02  3.569229E-02  1.312199E+01  -1.801982E-07  1.000000E+00  6.637620E-02  8.239904E-26  2.549313E-22   5.000000E-01 NotAppl  5.354057E-02  0.000000E+00  
2.963334E+02  6.908146E-02  -5.499685E-02  -1.887409E-03  1.000000E+00  3.671923E-02  2.321403E-25  1.969565E-13   5.000000E-01 NotAppl  4.023533E-01  0.000000E+00  
3.851206E+03  4.191971E-02  5.428999E-02  9.160789E+00  1.000000E+00  9.202042E-03  1.359452E-24  2.472993E-08   1.656838E-28 LZ5Tmedian  1.772928E-01  0.000000E+00  
3.241260E+03  9.817294E+01  -7.268496E+01  -3.684998E-02  1.000000E+00  1.085549E-03  5.672882E-24  5.683256E-13   5.000000E-01 NotAppl  8.327358E-01  0.000000E+00  
1.628602E+03  1.896972E-02  2.327686E+00  -4.417470E-03  1.000000E+00  7.026180E-01  9.699602E-27  3.318055E-14   5.000000E-01 NotAppl  2.897498E-03  0.000000E+00  
2.459018E+01  1.755765E-03  5.571241E+02  -6.800821E-10  1.000000E+00  1.824156E-03  9.903401E-44  4.122596E-24   5.000000E-01 NotAppl  2.679844E-18  6.073864E-16  
1.715075E+01  5.287481E-01  -8.938207E-02  3.000992E-03  1.000000E+00  5.577114E-03  1.642943E-30  1.655021E-10   7.081059E-05 LZ5Tmedian  6.615747E-05  1.161040E-02  
5.529049E+02  2.295125E+02  -2.295007E+02  -8.934913E-01  1.000000E+00  4.584939E-04  1.523674E-23  1.231855E-08   1.886772E-95 LZ5Tmedian  1.386701E+01  0.000000E+00  
1.213965E+02  3.920318E-04  8.940284E-01  3.754632E-02  1.000000E+00  6.694239E-03  1.218127E-24  4.853050E-10   5.057652E-16 LZ5Tmedian  5.416051E+00  0.000000E+00  
3.009625E+01  3.168497E+01  -3.099185E+01  -3.082544E-02  1.000000E+00  1.159425E-02  2.419615E-28  5.629798E-09   4.167057E-295 LZ5Tmedian  5.247546E-03  2.250132E-01  
6.997667E+01  9.315380E+00  -9.315154E+00  -8.448574E-02  1.000000E+00  1.425102E-02  1.646290E-26  7.592557E-09   0.000000E+00 LZ5Tmedian  1.468018E-01  0.000000E+00  
8.722346E+01  1.545545E+01  7.670388E+02  2.099026E-05  1.000000E+00  3.531522E-03  8.048588E-25  2.986833E-16   5.000000E-01 NotAppl  5.150003E+00  0.000000E+00  
4.764874E+02  1.054235E-04  2.167662E-04  -3.402386E-02  1.000000E+00  9.002104E-02  9.409678E-26  2.421309E-11   5.000000E-01 NotAppl  9.961909E-02  0.000000E+00  
2.338872E+03  5.548595E+02  -5.243973E+02  -1.474813E-04  1.000000E+00  4.019377E-05  1.421384E-22  1.768903E-17   5.000000E-01 NotAppl  2.910393E+01  0.000000E+00  
6.425161E+01  1.771106E-04  -2.423519E-07  -1.914871E-09  1.000000E+00  4.967257E-03  1.667492E-40  4.642865E-24   5.000000E-01 NotAppl  1.624137E-15  0.000000E+00  
9.513988E+03  2.884946E+01  5.452954E+00  3.015481E-04  1.000000E+00  9.637495E-03  8.070735E-25  4.264332E-18   5.000000E-01 NotAppl  4.003281E-02  0.000000E+00  
4.012815E+03  5.381441E-02  1.632706E+02  5.837961E-08  1.000000E+00  7.147284E-04  6.913621E-24  9.237704E-25   5.000000E-01 NotAppl  8.335766E-01  0.000000E+00  
6.123401E+02  2.007922E-02  1.846205E+02  -1.994536E-07  1.000000E+00  7.357794E-04  6.669029E-24  4.982114E-22   5.000000E-01 NotAppl  5.513052E+00  0.000000E+00  
3.757240E+03  8.252403E-03  9.274603E+00  3.953606E+00  1.000000E+00  2.871564E-02  3.697229E-25  4.843600E-09   2.649696E-06 LZ5Tmedian  4.900804E-02  0.000000E+00  
5.342943E+01  7.683845E-03  6.220106E-04  -1.154668E-04  1.000000E+00  2.641996E-03  2.679787E-32  2.459483E-14   5.000000E-01 NotAppl  3.162352E-07  9.881015E-06  
4.471629E+03  3.546206E+01  7.267554E+02  6.929284E+00  1.000000E+00  3.582016E-05  1.423951E-22  1.044220E-08   7.817455E-11 LZ5Tmedian  1.538142E+01  0.000000E+00  
5.738218E+02  6.125627E-03  4.356368E+02  4.113152E-08  1.000000E+00  2.209834E-04  2.275163E-23  2.419681E-23   5.000000E-01 NotAppl  2.010104E+01  0.000000E+00  
4.615819E+01  2.512577E-02  6.361190E+00  -7.387633E-01  1.000000E+00  5.304695E-04  3.813084E-25  1.356429E-06   0.000000E+00 XENON1T_2018  5.263942E+00  2.661527E-01  
3.442076E+01  1.348408E-01  7.986641E+00  -2.852221E-01  1.000000E+00  9.007601E-04  2.488899E-26  3.671390E-07   0.000000E+00 XENON1T_2018  4.664539E-01  2.663938E-01  
9.578935E+02  9.923340E+02  -3.185997E+02  3.222189E-02  1.000000E+00  1.453435E-05  2.585330E-22  5.212795E-12   5.000000E-01 NotAppl  1.331345E+02  0.000000E+00  
1.106650E+03  3.894382E-03  3.161121E+00  3.833133E-09  1.000000E+00  3.466100E-01  2.050989E-26  5.494295E-26   5.000000E-01 NotAppl  9.105932E-03  0.000000E+00  
3.793671E+02  8.529798E-02  -8.335971E-02  1.936600E+00  1.000000E+00  2.296666E-03  5.676070E-24  1.250544E-07   0.000000E+00 XENON1T_2018  7.799093E+00  0.000000E+00  
9.677591E+02  3.246525E+02  -6.404166E+01  -1.554440E+00  1.000000E+00  7.598861E-05  4.742578E-23  1.188042E-08   2.168178E-53 LZ5Tmedian  2.419285E+01  0.000000E+00  
2.488237E+03  1.232466E+00  4.498851E+02  1.172138E-01  1.000000E+00  1.115694E-04  4.569205E-23  9.849923E-12   5.000000E-01 NotAppl  8.971684E+00  0.000000E+00  
5.307805E+02  6.909382E-01  -4.062541E-01  4.761760E-06  1.000000E+00  1.082282E-01  7.604814E-26  3.803449E-19   5.000000E-01 NotAppl  7.190953E-02  0.000000E+00  
4.076552E+01  2.826604E-04  2.576817E-01  1.621177E-02  1.000000E+00  1.235316E-04  1.168321E-28  8.411111E-10   3.326103E-48 LZ5Tmedian  1.829375E-03  1.315801E-01  
4.207169E+03  1.840651E-01  -1.817024E-01  -3.076441E-08  1.000000E+00  5.688983E+00  1.264745E-27  2.330029E-25   5.000000E-01 NotAppl  1.429985E-04  0.000000E+00  
3.435906E+02  8.098489E-02  -8.063349E-02  -1.032054E-02  1.000000E+00  4.861183E-02  1.749660E-25  4.349852E-12   5.000000E-01 NotAppl  2.599528E-01  0.000000E+00  
4.227590E+01  1.166960E+00  -1.166858E+00  7.644224E-04  1.000000E+00  1.899548E-04  2.908260E-31  1.736678E-12   5.000000E-01 NotAppl  4.392998E-06  5.928131E-04  
2.104513E+01  6.643916E-02  2.969477E+00  -5.706103E-10  1.000000E+00  1.700911E-03  6.409808E-44  3.970729E-24   5.000000E-01 NotAppl  2.055715E-18  4.256791E-16  
7.151258E+02  1.200448E+02  -1.197113E+02  -1.305748E-03  1.000000E+00  9.686199E-04  7.067080E-24  1.555004E-14   5.000000E-01 NotAppl  4.902400E+00  0.000000E+00  
1.439345E+02  9.584148E-02  9.233423E+00  3.013451E-04  1.000000E+00  7.949388E-03  8.597434E-25  2.204905E-14   5.000000E-01 NotAppl  3.202989E+00  0.000000E+00  
1.831042E+02  2.476964E-04  4.062731E+01  -1.669876E-09  1.000000E+00  6.710048E-03  8.895691E-25  4.133888E-25   5.000000E-01 NotAppl  2.536425E+00  0.000000E+00  
2.823999E+01  1.788120E+02  -1.788119E+02  3.676325E-04  1.000000E+00  1.363563E-02  3.224577E-32  9.108825E-13   5.000000E-01 NotAppl  7.497208E-07  1.722215E-04  
1.166729E+02  4.456629E-01  -4.385539E-01  9.810926E-10  1.000000E+00  7.032091E-03  1.101547E-24  3.594471E-25   5.000000E-01 NotAppl  5.104376E+00  0.000000E+00  
5.348844E+01  4.837045E+02  -4.782242E+02  3.250973E-04  1.000000E+00  2.466847E-02  2.149568E-31  1.945265E-13   5.000000E-01 NotAppl  2.534271E-06  6.425418E-05  
1.964307E+03  1.849258E-02  -1.822553E-02  -1.532557E-05  1.000000E+00  1.342039E+00  5.688814E-27  2.725692E-19   5.000000E-01 NotAppl  1.398809E-03  0.000000E+00  
3.435826E+03  7.003221E+00  -6.171133E+00  -8.900573E-06  1.000000E+00  2.006950E-01  3.094690E-26  2.944680E-20   5.000000E-01 NotAppl  4.279499E-03  0.000000E+00  
6.055303E+01  3.177693E+01  -3.078838E+01  2.813159E-03  1.000000E+00  2.014099E-03  3.076759E-28  1.130956E-11   2.664510E-01 NotAppl  3.201862E-03  2.759513E-03  
1.188704E+03  6.030550E-03  2.870751E+00  1.449436E-04  1.000000E+00  4.020117E-01  1.768728E-26  6.789157E-17   5.000000E-01 NotAppl  7.296283E-03  0.000000E+00  
1.801969E+03  1.367257E-01  -1.350203E-01  1.058111E-05  1.000000E+00  1.135455E+00  6.766124E-27  1.548990E-19   5.000000E-01 NotAppl  1.817394E-03  0.000000E+00  
1.202349E+01  3.219892E-02  -1.273257E-02  -2.385407E-07  1.000000E+00  1.100795E-03  9.283002E-39  2.115778E-18   5.000000E-01 NotAppl  5.624277E-13  7.976275E-11  
6.693791E+02  1.472234E-04  1.529071E-02  -1.399196E-05  1.000000E+00  1.731988E-01  4.804218E-26  2.043785E-18   5.000000E-01 NotAppl  3.572909E-02  0.000000E+00  
2.014882E+02  7.779328E+01  -7.779212E+01  1.181982E-05  1.000000E+00  2.499450E-03  2.497861E-24  1.702380E-17   5.000000E-01 NotAppl  6.533282E+00  0.000000E+00  
2.919695E+02  1.455810E-02  1.981838E+00  5.574004E-04  1.000000E+00  3.408479E-02  2.407774E-25  1.770790E-14   5.000000E-01 NotAppl  4.238212E-01  0.000000E+00  
3.899933E+02  2.678280E+00  -2.668823E+00  -4.351783E-10  1.000000E+00  5.591166E-02  1.421328E-25  5.967611E-27   5.000000E-01 NotAppl  1.851602E-01  0.000000E+00  
2.995506E+03  1.198728E-04  -5.665434E-06  -3.655658E-10  1.000000E+00  3.017132E+00  2.452381E-27  6.566548E-29   5.000000E-01 NotAppl  3.918585E-04  0.000000E+00  
3.025700E+01  1.698195E+01  -1.697943E+01  1.328104E-05  1.000000E+00  9.817282E-03  4.519164E-35  1.033839E-15   5.000000E-01 NotAppl  9.745415E-10  4.621888E-08  
3.152827E+03  7.203546E-01  6.036560E+02  -6.128763E-07  1.000000E+00  6.401998E-05  8.086328E-23  1.663102E-22   5.000000E-01 NotAppl  1.246186E+01  0.000000E+00  
1.923477E+03  3.268888E-03  -2.936722E-03  -3.791055E-04  1.000000E+00  1.289284E+00  5.931641E-27  1.740815E-16   5.000000E-01 NotAppl  1.490258E-03  0.000000E+00  
1.746375E+03  2.567576E-03  4.663846E-03  -2.023744E-09  1.000000E+00  1.072380E+00  7.189713E-27  6.040002E-27   5.000000E-01 NotAppl  1.994170E-03  0.000000E+00  
1.151746E+03  7.196027E-02  1.438757E+02  3.023105E+00  1.000000E+00  6.946727E-04  9.321326E-24  3.150015E-08   2.863830E-118 LZ5Tmedian  4.056169E+00  0.000000E+00  
3.463398E+01  2.030850E-01  1.369691E+01  -1.576813E-04  1.000000E+00  8.149804E-04  7.687693E-33  1.108106E-13   5.000000E-01 NotAppl  1.430958E-07  1.238080E-05  
8.585077E+02  2.277592E-01  -2.152367E-01  8.448661E-01  1.000000E+00  4.263128E-02  2.689996E-25  4.482090E-09   4.327438E-23 LZ5Tmedian  1.627628E-01  0.000000E+00  
4.879263E+01  5.341136E-02  -5.319344E-02  1.706680E-08  1.000000E+00  1.193216E-03  2.782651E-40  6.465329E-22   5.000000E-01 NotAppl  3.622763E-15  2.600010E-13  
3.774600E+02  1.249546E-03  1.176070E-02  -7.757587E-09  1.000000E+00  5.811913E-02  1.465164E-25  2.027457E-24   5.000000E-01 NotAppl  1.974391E-01  0.000000E+00  
9.810859E+01  1.298517E+02  -1.297999E+02  -2.143881E-01  1.000000E+00  1.126868E-02  3.139255E-25  2.448491E-08   0.000000E+00 XENON1T_2018  1.757868E+00  0.000000E+00  
4.776573E+01  2.853040E+00  -2.850747E+00  -4.273415E-03  1.000000E+00  4.621206E-04  1.538845E-29  4.233072E-11   4.548054E-03 LZ5Tmedian  2.041898E-04  1.556836E-02  
2.464437E+01  5.381128E-01  6.076416E+01  -5.730172E-01  1.000000E+00  4.015156E-03  7.027718E-26  2.913787E-06   0.000000E+00 XENON1T_2018  1.897695E+00  3.346923E-01  
6.014266E+02  1.043946E+00  8.264192E+01  1.486469E+00  1.000000E+00  1.499105E-03  4.641388E-24  2.870823E-08   5.035574E-204 LZ5Tmedian  3.948211E+00  0.000000E+00  
2.448340E+01  1.321228E+00  -1.132771E+00  9.210774E-01  1.000000E+00  9.465667E-03  1.780961E-25  7.628791E-06   0.000000E+00 XENON1T_2018  4.833757E+00  2.506423E-01  
4.129798E+02  6.342344E+02  -6.342318E+02  -3.479036E-07  1.000000E+00  1.403419E-04  5.019261E-23  3.392262E-21   5.000000E-01 NotAppl  6.175155E+01  0.000000E+00  
1.208107E+01  7.403113E+02  -7.401346E+02  4.077588E-01  1.000000E+00  8.515395E-02  2.717267E-26  6.124434E-06   0.000000E+00 XENON1T_2018  1.636844E+00  4.988932E-01  
2.937280E+03  5.890408E-03  -5.209651E-03  4.591499E-02  1.000000E+00  2.855768E+00  2.612231E-27  1.078156E-12   5.000000E-01 NotAppl  4.264019E-04  0.000000E+00  
1.088808E+03  5.743349E+00  1.373046E+01  -2.358721E-09  1.000000E+00  4.029690E-02  1.380370E-25  2.150613E-26   5.000000E-01 NotAppl  6.295077E-02  0.000000E+00  
9.437993E+01  1.603923E+00  1.685510E+00  -1.187854E-09  1.000000E+00  4.177991E-03  1.160711E-24  8.137937E-25   5.000000E-01 NotAppl  6.726823E+00  0.000000E+00  
2.638484E+01  9.457140E-01  3.840987E+01  -3.066312E-10  1.000000E+00  6.057750E-03  2.116762E-44  7.269827E-25   5.000000E-01 NotAppl  5.304517E-19  1.208191E-16  
3.286738E+02  9.223572E-02  1.139244E+01  1.057527E-08  1.000000E+00  3.009220E-02  2.267534E-25  5.001667E-24   5.000000E-01 NotAppl  3.530071E-01  0.000000E+00  
6.317527E+03  1.541465E+00  -1.537476E+00  -3.660880E-01  1.000000E+00  3.640207E+00  1.223794E-27  1.443756E-11   5.000000E-01 NotAppl  9.512278E-05  0.000000E+00  
7.370807E+01  5.749619E-04  1.794544E+02  7.024217E-02  1.000000E+00  5.612677E-03  4.825011E-27  4.719945E-09   8.674415E-216 LZ5Tmedian  4.079805E-02  0.000000E+00  
2.466375E+03  6.086055E-04  1.544611E-03  -9.979212E-01  1.000000E+00  2.459969E-01  4.369820E-26  7.268976E-10   5.333026E-02 LZ5Tmedian  8.981956E-03  0.000000E+00  
1.349709E+03  1.589696E-02  1.459350E-02  3.897494E-04  1.000000E+00  6.565033E-01  1.200302E-26  3.788351E-16   5.000000E-01 NotAppl  4.336541E-03  0.000000E+00  
2.307651E+01  1.576893E+00  2.880682E+02  -3.514699E-10  1.000000E+00  1.668818E-02  2.546173E-44  1.251546E-24   5.000000E-01 NotAppl  7.379979E-19  1.611985E-16  
1.592629E+01  1.552188E-02  1.439871E-01  4.900583E-01  1.000000E+00  1.324657E-03  4.277913E-26  5.116203E-06   0.000000E+00 XENON1T_2018  1.873869E+00  2.498099E-01  
2.836225E+03  3.131592E-04  2.079577E-02  -1.334839E-05  1.000000E+00  2.715569E+00  2.735002E-27  9.785496E-20   5.000000E-01 NotAppl  4.619980E-04  0.000000E+00  
3.704261E+01  2.470429E-04  -3.509188E-05  -2.839506E+00  1.000000E+00  1.747439E-04  8.886232E-25  3.134854E-05   0.000000E+00 XENON1T_2018  1.559598E+01  2.499937E-01  
6.518007E+02  8.534189E-03  1.106752E+01  8.700506E-01  1.000000E+00  1.578900E-02  6.308613E-25  8.344218E-09   2.479613E-55 LZ5Tmedian  5.027458E-01  0.000000E+00  
1.449418E+03  1.247574E+01  -8.640452E+00  -1.776267E-06  1.000000E+00  6.225368E-02  1.051817E-25  6.804044E-21   5.000000E-01 NotAppl  3.523853E-02  0.000000E+00  
3.866487E+03  1.170961E-04  9.806547E-01  3.896953E-10  1.000000E+00  3.718426E+00  1.733169E-27  4.438572E-29   5.000000E-01 NotAppl  2.140560E-04  0.000000E+00  
5.286569E+02  3.653642E+01  -3.653587E+01  3.219765E-02  1.000000E+00  7.798485E-03  8.293801E-25  1.753279E-11   5.000000E-01 NotAppl  7.879517E-01  0.000000E+00  
3.512155E+01  2.505898E-01  2.389369E+02  -2.125914E+00  1.000000E+00  5.743536E-04  1.050131E-24  1.957895E-05   0.000000E+00 XENON1T_2018  1.938498E+01  3.341752E-01  
4.500340E+02  1.656117E-04  1.795802E-05  -1.514369E-01  1.000000E+00  6.845910E-02  1.312945E-25  5.391235E-10   8.562332E-06 LZ5Tmedian  1.498673E-01  0.000000E+00  
4.764431E+02  2.762875E+01  -1.856578E+01  -1.133809E-10  1.000000E+00  9.079717E-03  5.282829E-25  2.689342E-28   5.000000E-01 NotAppl  5.596192E-01  0.000000E+00  
9.928322E+01  6.530287E+01  -6.161665E+01  -3.029674E+00  1.000000E+00  3.386538E-05  1.263493E-22  4.771931E-06   0.000000E+00 XENON1T_2018  6.976782E+02  0.000000E+00  
7.248452E+02  9.952204E+00  -9.952097E+00  3.956331E-10  1.000000E+00  6.716668E-02  9.813043E-26  1.388721E-27   5.000000E-01 NotAppl  6.716979E-02  0.000000E+00  
6.707123E+02  1.137543E+02  -1.137092E+02  -2.447476E-02  1.000000E+00  1.098622E-03  6.268542E-24  6.228008E-12   5.000000E-01 NotAppl  4.648387E+00  0.000000E+00  
3.960814E+01  8.179415E+02  -8.178088E+02  1.920578E-05  1.000000E+00  7.372198E-04  1.514256E-34  1.251675E-15   5.000000E-01 NotAppl  2.448849E-09  4.076412E-07  
6.473013E+02  9.007119E-02  5.311712E+02  -9.121779E-02  1.000000E+00  1.596529E-04  3.158349E-23  9.302591E-11   2.438213E-01 NotAppl  2.467007E+01  0.000000E+00  
