MD1           DMP           DM3           l345          ld           Omegah2       sigV          protonSI      PvalDD        expName      CMB_ID        brH_DMDM      
6.791411E+03  7.411455E+00  -5.788859E+00  -2.315962E-08  1.000000E+00  1.937805E-01  3.359947E-26  4.988401E-26   5.000000E-01 NotAppl  2.325532E-03  0.000000E+00  
7.170619E+02  1.259974E-03  1.261803E-03  7.093235E-01  1.000000E+00  4.038154E-02  2.820891E-25  4.563549E-09   6.449344E-28 LZ5Tmedian  2.052486E-01  0.000000E+00  
1.447586E+03  4.817131E-01  -4.806948E-01  1.053537E-02  1.000000E+00  7.304222E-01  1.065735E-26  2.399774E-13   5.000000E-01 NotAppl  3.583443E-03  0.000000E+00  
5.343058E+01  5.719358E+02  -5.719245E+02  -1.311267E-05  1.000000E+00  2.635282E-03  3.456017E-34  3.171702E-16   5.000000E-01 NotAppl  4.092516E-09  1.274624E-07  
4.749497E+03  9.901105E+01  -9.889460E+01  -1.968935E-10  1.000000E+00  1.233162E-03  5.670317E-24  7.458267E-30   5.000000E-01 NotAppl  5.637851E-01  0.000000E+00  
5.033220E+03  2.917569E-02  1.446510E+00  -4.315722E-04  1.000000E+00  3.710963E+00  1.457479E-27  3.184552E-17   5.000000E-01 NotAppl  1.382960E-04  0.000000E+00  
6.400113E+03  8.766695E+00  -8.750439E+00  5.768965E-02  1.000000E+00  1.290915E-01  4.726049E-26  3.491859E-13   5.000000E-01 NotAppl  3.472232E-03  0.000000E+00  
4.079891E+02  1.223527E-03  6.799424E+02  -5.601573E-05  1.000000E+00  2.047455E-04  2.407527E-23  9.015623E-17   5.000000E-01 NotAppl  3.014003E+01  0.000000E+00  
4.902161E+03  1.589974E-01  -1.587196E-01  -1.142375E-08  1.000000E+00  7.646216E+00  9.320841E-28  2.354266E-26   5.000000E-01 NotAppl  9.022805E-05  0.000000E+00  
2.752494E+03  9.629827E-03  -8.360110E-03  -2.888835E-04  1.000000E+00  2.563560E+00  2.903410E-27  4.871533E-17   5.000000E-01 NotAppl  5.056612E-04  0.000000E+00  
8.091369E+02  9.804681E+02  -9.803011E+02  8.621916E-01  1.000000E+00  4.262985E-05  1.754236E-22  5.267989E-09   1.359897E-28 LZ5Tmedian  1.071012E+02  0.000000E+00  
2.908529E+02  6.644839E+02  -6.644747E+02  -7.633370E-03  1.000000E+00  2.242007E-04  3.003959E-23  3.347133E-12   5.000000E-01 NotAppl  5.343494E+01  0.000000E+00  
5.045028E+03  1.355198E-04  1.258294E-01  8.821581E-05  1.000000E+00  8.188973E+00  8.702950E-28  1.324236E-18   5.000000E-01 NotAppl  8.184044E-05  0.000000E+00  
6.099545E+01  1.887435E+01  -9.377100E+00  -1.783599E-05  1.000000E+00  1.931542E-01  2.057287E-32  4.479196E-16   5.000000E-01 NotAppl  2.115198E-07  9.912690E-08  
5.560158E+01  8.757991E-04  4.336585E+02  7.527842E-09  1.000000E+00  3.154897E-03  1.898804E-40  9.637831E-23   5.000000E-01 NotAppl  2.157932E-15  3.696822E-14  
2.639390E+01  7.498225E-04  1.619792E-01  3.001882E-08  1.000000E+00  2.595283E-03  2.029280E-40  6.962693E-21   5.000000E-01 NotAppl  5.078516E-15  1.166675E-12  
1.541467E+01  3.461519E+02  -3.461478E+02  1.224049E-10  1.000000E+00  8.624797E-02  2.645852E-45  3.406338E-25   5.000000E-01 NotAppl  1.202604E-19  2.074742E-17  
2.998771E+01  1.192566E-04  7.584527E+02  1.022943E-09  1.000000E+00  1.969211E-03  2.654264E-43  6.245319E-24   5.000000E-01 NotAppl  5.772737E-18  1.311455E-15  
1.441654E+03  2.427303E-02  -2.365256E-02  -9.229089E-05  1.000000E+00  7.441755E-01  1.052918E-26  1.857058E-17   5.000000E-01 NotAppl  3.555257E-03  0.000000E+00  
1.015949E+03  9.331521E-02  -7.822525E-02  -1.213164E-03  1.000000E+00  3.825554E-01  2.109012E-26  6.553012E-15   5.000000E-01 NotAppl  1.019999E-02  0.000000E+00  
2.547954E+03  2.505161E+00  3.526862E+01  -1.144754E+00  1.000000E+00  1.427637E-02  2.831998E-25  8.952116E-10   3.035191E-02 LZ5Tmedian  5.472324E-02  0.000000E+00  
8.249819E+03  1.718320E+02  -1.718317E+02  -1.049699E-08  1.000000E+00  4.256254E-04  1.708110E-23  6.902462E-27   5.000000E-01 NotAppl  9.705386E-01  0.000000E+00  
7.764556E+01  2.851117E-01  -2.843846E-01  1.505546E-10  1.000000E+00  8.119318E-03  1.157601E-44  1.949655E-26   5.000000E-01 NotAppl  9.354308E-20  0.000000E+00  
2.476681E+01  6.340460E+00  -6.340305E+00  2.217553E-09  1.000000E+00  2.270439E-02  1.057920E-42  4.320443E-23   5.000000E-01 NotAppl  2.840677E-17  4.736148E-15  
2.321490E+01  6.859633E+01  -6.841196E+01  4.561072E+00  1.000000E+00  4.254977E-03  1.132857E-24  2.082444E-04   0.000000E+00 XENON1T_2018  3.263574E+01  5.002783E-01  
1.180907E+01  2.132426E+02  -2.131547E+02  -1.097237E-07  1.000000E+00  1.585500E-01  1.950778E-39  4.637971E-19   5.000000E-01 NotAppl  1.206880E-13  1.689277E-11  
1.770047E+01  9.154573E-04  2.443471E+02  3.136587E-01  1.000000E+00  1.076934E-03  1.813555E-26  1.697477E-06   0.000000E+00 XENON1T_2018  7.049521E-01  3.325080E-01  
3.615674E+03  9.138157E+01  -6.330541E+01  1.052558E-07  1.000000E+00  1.249702E-03  5.019086E-24  3.712007E-24   5.000000E-01 NotAppl  6.591752E-01  0.000000E+00  
7.974622E+03  3.177641E-03  2.705981E+01  -8.601961E-03  1.000000E+00  2.359999E-02  1.972385E-25  4.965867E-15   5.000000E-01 NotAppl  1.184637E-02  0.000000E+00  
2.387737E+03  3.558550E-03  9.495108E-02  -3.909771E-07  1.000000E+00  1.948163E+00  3.857843E-27  1.191908E-22   5.000000E-01 NotAppl  7.767969E-04  0.000000E+00  
4.574079E+02  3.933989E+02  -3.933974E+02  -7.884673E-09  1.000000E+00  1.982129E-04  3.571803E-23  1.413688E-24   5.000000E-01 NotAppl  3.947815E+01  0.000000E+00  
3.142861E+01  2.033443E-04  1.680883E-04  -1.144494E-06  1.000000E+00  2.123148E-03  3.512436E-37  7.108671E-18   5.000000E-01 NotAppl  7.259043E-12  1.617301E-09  
1.249502E+02  4.818385E+00  -4.404327E+00  7.365420E-05  1.000000E+00  6.028670E-03  1.041716E-24  1.760298E-15   5.000000E-01 NotAppl  4.493515E+00  0.000000E+00  
1.632990E+02  8.244609E-04  6.221052E-02  3.324348E-10  1.000000E+00  1.234601E-02  6.671446E-25  2.071581E-26   5.000000E-01 NotAppl  2.184784E+00  0.000000E+00  
1.114964E+03  1.120185E-03  5.853158E-03  -3.716168E-08  1.000000E+00  4.567339E-01  1.753751E-26  5.085817E-24   5.000000E-01 NotAppl  7.708596E-03  0.000000E+00  
1.034937E+01  5.727345E-03  1.651977E-01  5.796807E-10  1.000000E+00  5.650298E-04  5.134109E-44  1.676713E-23   5.000000E-01 NotAppl  3.709800E-18  4.733650E-16  
2.470190E+03  7.985817E+02  -7.985815E+02  -1.159491E-10  1.000000E+00  2.852248E-05  2.682670E-22  9.782468E-30   5.000000E-01 NotAppl  5.194066E+01  0.000000E+00  
3.734355E+01  8.511292E-04  -6.271126E-04  -4.948736E-03  1.000000E+00  1.366604E-04  8.742990E-30  9.366592E-11   5.484968E-06 LZ5Tmedian  1.504654E-04  2.522330E-02  
1.941595E+02  2.911405E+00  -2.859266E+00  -6.294766E-01  1.000000E+00  1.920172E-03  4.974259E-24  5.209181E-08   0.000000E+00 XENON1T_2018  1.527219E+01  0.000000E+00  
6.451598E+03  2.838310E-02  -2.817061E-02  5.053699E-05  1.000000E+00  1.330260E+01  5.302509E-28  2.636385E-19   5.000000E-01 NotAppl  3.885962E-05  0.000000E+00  
1.934520E+01  1.356483E-04  6.039102E+00  -1.281106E-05  1.000000E+00  1.251157E-03  3.120917E-35  2.370228E-15   5.000000E-01 NotAppl  1.098420E-09  2.007522E-07  
5.883682E+03  3.522983E-02  1.254492E+01  -3.320878E-02  1.000000E+00  1.030881E-01  4.272667E-26  1.372843E-13   5.000000E-01 NotAppl  3.493098E-03  0.000000E+00  
2.509449E+03  1.898270E-03  3.002479E+01  3.996492E-09  1.000000E+00  1.890867E-02  2.439429E-25  1.125449E-26   5.000000E-01 NotAppl  4.747107E-02  0.000000E+00  
2.320192E+03  1.067455E-04  9.397634E-03  -9.016837E-08  1.000000E+00  1.846266E+00  4.082182E-27  6.720965E-24   5.000000E-01 NotAppl  8.464610E-04  0.000000E+00  
1.012102E+01  7.508260E-03  2.497404E+02  -1.950044E-08  1.000000E+00  4.244995E-04  5.741135E-41  1.981935E-20   5.000000E-01 NotAppl  4.258820E-15  5.360226E-13  
3.086231E+03  1.928623E-02  8.747679E-01  -1.238763E-03  1.000000E+00  2.727471E+00  2.523902E-27  7.096117E-16   5.000000E-01 NotAppl  3.917347E-04  0.000000E+00  
1.962178E+01  6.377811E+02  -6.318500E+02  -3.475585E-07  1.000000E+00  3.583586E+00  2.309522E-38  1.695554E-18   5.000000E-01 NotAppl  8.001336E-13  1.477881E-10  
3.004691E+01  8.444096E+00  -1.137856E+00  -8.922505E-10  1.000000E+00  1.119372E-01  2.023823E-43  4.732502E-24   5.000000E-01 NotAppl  4.397563E-18  4.532968E-16  
2.977190E+02  6.509811E+00  -6.501864E+00  -2.289809E-05  1.000000E+00  2.783563E-02  2.557881E-25  2.871364E-17   5.000000E-01 NotAppl  4.414918E-01  0.000000E+00  
1.834413E+02  2.728633E-04  3.425722E-01  -4.344190E-01  1.000000E+00  4.321935E-03  2.502060E-24  2.787214E-08   0.000000E+00 LZ5Tmedian  8.016204E+00  0.000000E+00  
2.206183E+03  8.675078E+00  -8.673560E+00  1.048148E-09  1.000000E+00  1.246174E-01  4.872219E-26  1.006331E-27   5.000000E-01 NotAppl  1.059657E-02  0.000000E+00  
1.407377E+02  4.727866E-01  -3.830690E-01  -1.976470E-06  1.000000E+00  9.335754E-03  8.500958E-25  9.932052E-19   5.000000E-01 NotAppl  3.246788E+00  0.000000E+00  
1.796383E+01  2.060841E-04  4.103572E-02  -6.782067E-02  1.000000E+00  1.752039E-03  8.518511E-28  7.705212E-08   0.000000E+00 XENON1T_2018  3.254908E-02  2.405516E-01  
1.299470E+03  3.031081E+02  -3.026015E+02  -5.083157E-02  1.000000E+00  1.715837E-04  4.216840E-23  6.962234E-12   5.000000E-01 NotAppl  1.578831E+01  0.000000E+00  
7.148557E+02  1.716710E+02  -1.713476E+02  -5.745772E-09  1.000000E+00  5.229575E-04  1.334555E-23  3.013318E-25   5.000000E-01 NotAppl  9.262246E+00  0.000000E+00  
1.016382E+01  1.495896E-02  -1.109501E-02  1.426750E-10  1.000000E+00  7.911043E-04  3.080405E-45  1.052252E-24   5.000000E-01 NotAppl  2.273744E-19  2.869067E-17  
2.413426E+01  1.047276E-02  1.093560E+01  -3.348277E+00  1.000000E+00  1.619040E-03  5.812122E-25  1.037734E-04   0.000000E+00 XENON1T_2018  1.594407E+01  2.573801E-01  
2.791319E+03  5.672272E+00  -5.308587E+00  -5.032120E-04  1.000000E+00  2.800743E-01  2.179064E-26  1.436606E-16   5.000000E-01 NotAppl  3.726303E-03  0.000000E+00  
5.377696E+03  1.792108E-02  4.980002E+00  8.866836E-10  1.000000E+00  5.784299E-01  7.501810E-27  1.174982E-28   5.000000E-01 NotAppl  6.710779E-04  0.000000E+00  
3.090923E+02  8.295642E+02  -8.295641E+02  1.409807E-06  1.000000E+00  1.830715E-04  3.711318E-23  1.008022E-19   5.000000E-01 NotAppl  6.191923E+01  0.000000E+00  
3.053442E+03  3.221202E+00  -3.212303E+00  -5.108540E-05  1.000000E+00  7.099021E-01  8.478200E-27  1.233330E-18   5.000000E-01 NotAppl  1.323796E-03  0.000000E+00  
2.131884E+02  2.108759E-02  8.119846E+01  9.558643E-02  1.000000E+00  3.119769E-03  1.781817E-24  9.917315E-10   1.003917E-19 LZ5Tmedian  4.336954E+00  0.000000E+00  
3.766960E+03  3.804453E+01  -3.804374E+01  1.000550E-09  1.000000E+00  7.770441E-03  8.474892E-25  3.085861E-28   5.000000E-01 NotAppl  1.066513E-01  0.000000E+00  
2.162816E+01  5.712062E-02  2.553946E+01  -5.628297E-04  1.000000E+00  1.726776E-03  6.315429E-32  3.656666E-12   5.000000E-01 NotAppl  1.965732E-06  9.832059E-05  
1.573870E+02  5.174030E-01  4.671356E+02  -5.162631E-02  1.000000E+00  1.221413E-03  3.496794E-24  5.388387E-10   2.566193E-14 LZ5Tmedian  1.160454E+01  0.000000E+00  
1.331355E+01  9.302273E-01  4.069991E+01  2.203483E-04  1.000000E+00  1.163248E-02  8.202172E-33  1.476373E-12   5.000000E-01 NotAppl  4.413355E-07  9.125326E-06  
3.730315E+01  1.547228E+02  -1.547182E+02  -1.941899E-08  1.000000E+00  1.999205E-03  1.342993E-40  1.445445E-21   5.000000E-01 NotAppl  2.310032E-15  4.323277E-13  
2.047538E+03  2.420376E+02  -2.413752E+02  1.670204E-04  1.000000E+00  2.338348E-04  3.059814E-23  2.974821E-17   5.000000E-01 NotAppl  7.180904E+00  0.000000E+00  
1.431340E+02  2.056747E-01  -1.608358E-01  -3.588789E-10  1.000000E+00  9.767335E-03  8.269779E-25  3.163174E-26   5.000000E-01 NotAppl  3.103274E+00  0.000000E+00  
2.611508E+02  2.366453E+00  -2.234664E+00  4.203340E-08  1.000000E+00  2.624176E-02  2.990065E-25  1.265443E-22   5.000000E-01 NotAppl  5.913808E-01  0.000000E+00  
1.697860E+01  3.215057E+00  2.372288E+01  4.369667E-03  1.000000E+00  4.153443E-01  3.472218E-30  3.580314E-10   1.670943E-09 LZ5Tmedian  1.414183E-04  5.339449E-03  
5.893798E+02  3.136030E-04  8.965254E-03  2.277097E-09  1.000000E+00  1.358920E-01  6.166882E-26  7.021345E-26   5.000000E-01 NotAppl  5.231850E-02  0.000000E+00  
4.186249E+03  1.214515E+00  -1.214395E+00  3.649319E-10  1.000000E+00  2.978140E+00  2.128081E-27  3.311981E-29   5.000000E-01 NotAppl  2.413272E-04  0.000000E+00  
4.730398E+01  1.474287E+02  4.171448E+02  -2.019947E-05  1.000000E+00  1.098794E+04  3.259881E-34  9.646701E-16   5.000000E-01 NotAppl  4.381085E-09  3.810354E-07  
4.349749E+02  1.237759E-03  6.085515E+02  -1.447773E-03  1.000000E+00  2.055092E-04  2.410749E-23  5.282807E-14   5.000000E-01 NotAppl  2.827063E+01  0.000000E+00  
1.156550E+01  6.036951E-02  -4.891123E-02  7.419732E-04  1.000000E+00  1.223404E-03  8.847827E-32  2.209542E-11   5.000000E-01 NotAppl  5.610176E-06  7.702564E-04  
4.150856E+02  6.363539E-01  -6.263015E-01  -1.346087E-04  1.000000E+00  6.852981E-02  1.223313E-25  5.025714E-16   5.000000E-01 NotAppl  1.493212E-01  0.000000E+00  
1.001158E+01  2.172407E+02  -2.140312E+02  -1.549659E-07  1.000000E+00  1.302988E+01  3.603655E-39  1.278447E-18   5.000000E-01 NotAppl  2.707282E-13  3.356765E-11  
2.050890E+03  1.219719E-03  1.484809E+02  -7.012543E-08  1.000000E+00  8.787082E-04  5.531218E-24  5.226674E-24   5.000000E-01 NotAppl  1.324147E+00  0.000000E+00  
6.348160E+03  1.114140E-04  9.614607E-04  2.084362E-02  1.000000E+00  1.286244E+01  5.498368E-28  4.634471E-14   5.000000E-01 NotAppl  4.097333E-05  0.000000E+00  
8.497390E+02  1.301114E-01  3.430158E+02  -9.060910E-07  1.000000E+00  2.446237E-04  2.065663E-23  5.264458E-21   5.000000E-01 NotAppl  1.221186E+01  0.000000E+00  
6.438516E+02  2.712363E+00  2.072295E+01  -1.177139E-09  1.000000E+00  2.588433E-02  1.984291E-25  1.566185E-26   5.000000E-01 NotAppl  1.552125E-01  0.000000E+00  
1.689802E+02  1.135727E-01  3.080227E+00  1.100241E-02  1.000000E+00  1.159372E-02  6.524093E-25  2.115540E-11   3.155898E-01 NotAppl  2.062315E+00  0.000000E+00  
4.456713E+01  7.385691E+00  -3.420775E+00  2.817908E+00  1.000000E+00  7.984442E-04  1.535238E-24  2.119615E-05   0.000000E+00 XENON1T_2018  2.129477E+01  2.840712E-01  
7.331901E+03  2.602196E+00  -2.601358E+00  -2.590321E-06  1.000000E+00  1.282125E+00  4.408736E-27  5.341167E-22   5.000000E-01 NotAppl  2.823861E-04  0.000000E+00  
1.562046E+02  2.492822E+01  -2.484223E+01  -1.462635E-03  1.000000E+00  5.836130E-03  1.000198E-24  4.392402E-13   5.000000E-01 NotAppl  3.452265E+00  0.000000E+00  
3.892888E+01  2.077307E-03  -1.443089E-03  3.668365E-02  1.000000E+00  3.846508E-05  5.287391E-28  4.729820E-09   2.001360E-267 LZ5Tmedian  8.708906E-03  2.143317E-01  
2.840605E+02  1.359190E+01  -1.348305E+01  -5.556260E-04  1.000000E+00  1.800203E-02  3.532002E-25  1.861324E-14   5.000000E-01 NotAppl  6.411017E-01  0.000000E+00  
3.997167E+02  4.227784E+00  -4.227490E+00  -6.469449E-07  1.000000E+00  5.362198E-02  1.419591E-25  1.254048E-20   5.000000E-01 NotAppl  1.802626E-01  0.000000E+00  
2.854207E+03  5.702921E-02  -5.679921E-02  -5.198343E-08  1.000000E+00  2.746223E+00  2.702552E-27  1.465099E-24   5.000000E-01 NotAppl  4.536297E-04  0.000000E+00  
1.216723E+01  1.030874E-01  1.555813E+02  7.223407E-08  1.000000E+00  8.337174E-04  8.549553E-40  1.895236E-19   5.000000E-01 NotAppl  5.108434E-14  7.310551E-12  
7.786232E+01  8.079504E-01  -8.077654E-01  -1.274635E-09  1.000000E+00  9.435197E-03  8.044318E-43  1.389529E-24   5.000000E-01 NotAppl  6.426587E-18  0.000000E+00  
1.329142E+03  2.463335E+02  -2.463225E+02  2.918130E-10  1.000000E+00  2.461955E-04  2.944149E-23  2.191242E-28   5.000000E-01 NotAppl  1.077021E+01  0.000000E+00  
1.888336E+01  1.407767E-02  2.737538E+01  9.455193E-05  1.000000E+00  1.257412E-03  1.684854E-33  1.355171E-13   5.000000E-01 NotAppl  6.090990E-08  2.665262E-06  
1.665848E+02  2.620719E-04  3.171975E-03  3.446783E-08  1.000000E+00  1.280924E-02  6.449679E-25  2.137875E-22   5.000000E-01 NotAppl  2.069469E+00  0.000000E+00  
5.330562E+02  1.117177E-02  2.596468E+00  1.646408E-02  1.000000E+00  1.034037E-01  7.808283E-26  4.507318E-12   5.000000E-01 NotAppl  7.355119E-02  0.000000E+00  
4.510330E+03  3.887225E+00  -3.884776E+00  5.369829E-02  1.000000E+00  5.559386E-01  1.083498E-26  6.162056E-13   5.000000E-01 NotAppl  1.136202E-03  0.000000E+00  
2.493971E+02  2.918513E-04  4.131105E-02  2.370409E-02  1.000000E+00  2.618606E-02  3.289362E-25  4.422506E-11   1.854104E-01 NotAppl  6.829131E-01  0.000000E+00  
2.706653E+02  3.030327E-03  7.425574E+00  2.316743E-10  1.000000E+00  2.535582E-02  2.923444E-25  3.572542E-27   5.000000E-01 NotAppl  5.568731E-01  0.000000E+00  
1.651762E+03  1.064751E+02  -1.064507E+02  -1.378318E-06  1.000000E+00  1.109759E-03  6.259744E-24  3.138584E-21   5.000000E-01 NotAppl  1.831362E+00  0.000000E+00  
4.996821E+03  2.905874E+02  -2.904536E+02  -1.786380E-06  1.000000E+00  1.563854E-04  4.701880E-23  5.537295E-22   5.000000E-01 NotAppl  4.440150E+00  0.000000E+00  
1.125882E+03  7.276046E+00  -5.143596E-01  2.774370E-07  1.000000E+00  1.137106E-01  6.038533E-26  2.778835E-22   5.000000E-01 NotAppl  2.633674E-02  0.000000E+00  
2.365633E+02  2.490103E-03  6.956526E+02  2.318384E+00  1.000000E+00  1.542842E-04  5.610640E-23  4.714062E-07   0.000000E+00 XENON1T_2018  1.294315E+02  0.000000E+00  
2.400726E+03  7.150204E-04  -5.385073E-04  -4.962875E-04  1.000000E+00  1.971224E+00  3.813662E-27  1.899365E-16   5.000000E-01 NotAppl  7.636475E-04  0.000000E+00  
2.844912E+03  3.277927E+00  6.954992E+01  -2.693923E-06  1.000000E+00  3.469060E-03  1.404361E-24  3.960877E-21   5.000000E-01 NotAppl  2.403758E-01  0.000000E+00  
4.118369E+03  5.919411E-03  2.512184E-03  1.700888E-02  1.000000E+00  5.563845E+00  1.303847E-27  7.438001E-14   5.000000E-01 NotAppl  1.506935E-04  0.000000E+00  
9.684269E+02  6.098691E-04  7.051992E+00  2.971550E-08  1.000000E+00  1.659935E-01  3.653180E-26  4.335490E-24   5.000000E-01 NotAppl  1.867994E-02  0.000000E+00  
1.862606E+01  3.528904E+01  2.666300E+02  -1.404090E-09  1.000000E+00  9.858136E+05  3.697106E-43  3.071702E-23   5.000000E-01 NotAppl  1.357127E-17  2.237796E-16  
5.527924E+01  4.636761E-03  9.388848E-03  -3.712341E-01  1.000000E+00  2.638575E-03  4.238690E-25  2.371830E-07   0.000000E+00 XENON1T_2018  4.816145E+00  2.494431E-01  
6.706807E+01  1.346393E-04  -4.190978E-06  -9.787302E-09  1.000000E+00  5.485526E-03  6.155279E-40  1.111209E-22   5.000000E-01 NotAppl  5.770774E-15  0.000000E+00  
8.452063E+02  7.970295E-04  6.576915E+01  7.510715E-04  1.000000E+00  4.276981E-03  1.103821E-24  3.656928E-15   5.000000E-01 NotAppl  6.558642E-01  0.000000E+00  
5.441568E+01  2.881174E-02  1.865322E+02  -1.081424E-04  1.000000E+00  2.988834E-03  2.910125E-32  2.078377E-14   5.000000E-01 NotAppl  3.381892E-07  8.217338E-06  
9.894249E+02  1.891277E-03  5.406781E+00  1.301019E-07  1.000000E+00  2.156411E-01  3.009616E-26  7.954659E-23   5.000000E-01 NotAppl  1.502605E-02  0.000000E+00  
5.271011E+03  1.363091E-01  -1.359243E-01  -2.739215E-08  1.000000E+00  8.830118E+00  8.043753E-28  1.167983E-25   5.000000E-01 NotAppl  7.234187E-05  0.000000E+00  
3.737129E+01  3.661181E-04  1.820557E-01  1.856864E-07  1.000000E+00  1.281978E-04  1.232901E-38  1.316734E-19   5.000000E-01 NotAppl  2.120146E-13  3.946775E-11  
1.204874E+02  2.578581E+01  -2.576728E+01  -7.883483E-10  1.000000E+00  4.350036E-03  1.343056E-24  2.172746E-25   5.000000E-01 NotAppl  6.049416E+00  0.000000E+00  
3.389311E+02  1.361074E-04  2.941186E-03  2.177249E-05  1.000000E+00  4.737577E-02  1.800616E-25  1.990788E-17   5.000000E-01 NotAppl  2.713392E-01  0.000000E+00  
3.679030E+03  1.273436E+00  8.826203E+01  -1.388716E-09  1.000000E+00  2.302024E-03  2.114660E-24  6.237270E-28   5.000000E-01 NotAppl  2.784453E-01  0.000000E+00  
1.749011E+02  8.192667E-02  -7.135043E-02  1.907635E-02  1.000000E+00  1.363492E-02  6.150512E-25  5.926243E-11   4.361542E-02 LZ5Tmedian  1.878026E+00  0.000000E+00  
5.505772E+02  9.638856E+02  -9.638820E+02  -7.723070E-02  1.000000E+00  7.282169E-05  9.980496E-23  9.283359E-11   1.919546E-01 NotAppl  9.088014E+01  0.000000E+00  
2.232225E+02  9.617209E+01  1.429518E+02  5.873954E-07  1.000000E+00  4.141044E-04  7.686808E-24  3.408281E-20   5.000000E-01 NotAppl  1.790243E+01  0.000000E+00  
4.469554E+01  8.517828E-03  -7.763998E-03  -9.589311E-04  1.000000E+00  9.079653E-05  5.626958E-31  2.440252E-12   5.000000E-01 NotAppl  8.001110E-06  9.148820E-04  
4.240479E+01  2.266601E-04  5.032993E+00  1.561280E-06  1.000000E+00  3.259829E-04  1.225586E-36  7.199863E-18   5.000000E-01 NotAppl  1.841257E-11  2.094587E-09  
3.249605E+01  8.686569E-03  7.057233E+02  1.995962E-10  1.000000E+00  1.560484E-03  1.116802E-44  2.020513E-25   5.000000E-01 NotAppl  2.226170E-19  4.861059E-17  
1.801031E+01  1.112028E-01  1.756449E-02  4.199114E-05  1.000000E+00  2.371495E-03  3.268504E-34  2.938532E-14   5.000000E-01 NotAppl  1.245773E-08  2.411526E-06  
4.514727E+01  4.813450E+02  -4.808846E+02  4.144197E-04  1.000000E+00  4.684152E-05  1.096510E-31  4.465288E-13   5.000000E-01 NotAppl  1.546642E-06  1.691110E-04  
1.153547E+02  1.685472E+02  -1.683418E+02  4.096820E-02  1.000000E+00  1.650608E-03  3.423209E-24  6.415413E-10   8.198801E-22 LZ5Tmedian  1.627697E+01  0.000000E+00  
2.995786E+03  2.365859E-01  -2.362185E-01  -1.750565E-10  1.000000E+00  2.961629E+00  2.485057E-27  1.505543E-29   5.000000E-01 NotAppl  3.970159E-04  0.000000E+00  
1.584601E+03  1.317550E-03  -9.906018E-04  1.673390E-04  1.000000E+00  8.909725E-01  8.724220E-27  5.034792E-17   5.000000E-01 NotAppl  2.673313E-03  0.000000E+00  
2.490843E+02  1.069705E+00  1.014370E+02  -2.409807E-04  1.000000E+00  2.377738E-03  1.989903E-24  4.582501E-15   5.000000E-01 NotAppl  4.120067E+00  0.000000E+00  
4.572985E+03  5.046582E-01  -5.044917E-01  4.624440E-01  1.000000E+00  2.023484E+00  4.576885E-27  4.443643E-11   5.000000E-01 NotAppl  4.896507E-04  0.000000E+00  
4.696013E+02  6.988946E-01  1.006925E+02  3.827622E+00  1.000000E+00  4.175853E-04  2.142194E-23  3.156987E-07   0.000000E+00 XENON1T_2018  2.334887E+01  0.000000E+00  
2.688662E+02  1.101198E-01  1.414039E+02  -3.069693E-03  1.000000E+00  1.552177E-03  3.090189E-24  6.358339E-13   5.000000E-01 NotAppl  5.917841E+00  0.000000E+00  
1.124590E+03  2.671420E+01  -2.671233E+01  -5.865154E-03  1.000000E+00  1.521914E-02  4.236924E-25  1.244832E-13   5.000000E-01 NotAppl  1.841170E-01  0.000000E+00  
4.107430E+01  3.047768E-01  1.590292E+02  -4.550655E-01  1.000000E+00  1.962832E-04  9.413978E-26  6.526417E-07   0.000000E+00 XENON1T_2018  1.465724E+00  3.349357E-01  
2.530661E+02  1.600605E+01  -1.578309E+01  1.008938E-08  1.000000E+00  1.366130E-02  4.507947E-25  7.776041E-24   5.000000E-01 NotAppl  9.236210E-01  0.000000E+00  
1.676766E+01  3.105258E-03  1.032601E+01  -6.634725E-05  1.000000E+00  9.901548E-04  7.973672E-34  8.462721E-14   5.000000E-01 NotAppl  3.292464E-08  4.642838E-06  
7.227277E+02  4.427074E+00  -4.426624E+00  9.181989E-03  1.000000E+00  1.374796E-01  5.379829E-26  7.524956E-13   5.000000E-01 NotAppl  3.695277E-02  0.000000E+00  
1.768117E+01  4.777418E+02  -4.777400E+02  4.687780E-01  1.000000E+00  4.348933E-02  4.048459E-26  3.799892E-06   0.000000E+00 XENON1T_2018  1.574670E+00  4.991712E-01  
4.323726E+03  3.265714E+00  2.411722E+00  2.391391E-06  1.000000E+00  4.096272E-01  1.616465E-26  1.331755E-21   5.000000E-01 NotAppl  1.789704E-03  0.000000E+00  
1.643334E+02  7.154169E-03  2.232449E+02  6.442953E-05  1.000000E+00  1.567481E-03  3.023788E-24  7.681356E-16   5.000000E-01 NotAppl  9.605884E+00  0.000000E+00  
2.685618E+03  2.056905E+01  -2.055894E+01  -8.208648E-10  1.000000E+00  2.521247E-02  2.507775E-25  4.135349E-28   5.000000E-01 NotAppl  4.457996E-02  0.000000E+00  
2.637334E+02  3.465589E-02  -2.234536E-02  1.049948E-05  1.000000E+00  2.951351E-02  2.890970E-25  7.738113E-18   5.000000E-01 NotAppl  5.658618E-01  0.000000E+00  
3.375024E+03  4.652888E+01  -4.652803E+01  1.186227E-07  1.000000E+00  5.281626E-03  1.262358E-24  5.423964E-24   5.000000E-01 NotAppl  1.776953E-01  0.000000E+00  
4.284957E+03  1.349851E-04  4.768722E-03  -3.039960E+00  1.000000E+00  9.245814E-02  1.242596E-25  2.191867E-09   6.114055E-03 LZ5Tmedian  1.458405E-02  0.000000E+00  
2.730598E+01  3.493887E+02  -3.470304E+02  -4.439314E+00  1.000000E+00  2.468967E-03  1.262523E-24  1.421689E-04   0.000000E+00 XENON1T_2018  3.046055E+01  5.059355E-01  
1.263991E+01  4.062379E-03  2.556182E-03  -3.761482E-05  1.000000E+00  1.051048E-03  2.349647E-34  4.767111E-14   5.000000E-01 NotAppl  1.342601E-08  1.979301E-06  
2.565662E+03  1.794602E+01  -1.793688E+01  -2.586060E-10  1.000000E+00  3.265117E-02  1.920195E-25  4.504571E-29   5.000000E-01 NotAppl  3.576671E-02  0.000000E+00  
1.249653E+02  8.759983E-01  -8.114695E-01  1.144979E-02  1.000000E+00  7.360297E-03  1.056180E-24  4.252837E-11   4.914775E-02 LZ5Tmedian  4.552834E+00  0.000000E+00  
4.093734E+03  3.538061E-01  5.178412E-01  -5.501068E-06  1.000000E+00  4.328721E+00  1.593716E-27  7.875877E-21   5.000000E-01 NotAppl  1.856304E-04  0.000000E+00  
3.553994E+03  1.470494E+02  -1.468789E+02  -1.064463E+00  1.000000E+00  6.089436E-04  1.152005E-23  3.931710E-10   3.322805E-01 NotAppl  1.538504E+00  0.000000E+00  
2.110896E+02  4.572264E-03  1.269783E+02  4.577337E-10  1.000000E+00  2.044097E-03  2.395590E-24  2.320768E-26   5.000000E-01 NotAppl  5.872921E+00  0.000000E+00  
3.993990E+03  5.016662E-04  1.048836E-02  -2.741994E-10  1.000000E+00  5.257704E+00  1.380959E-27  2.057446E-29   5.000000E-01 NotAppl  1.646267E-04  0.000000E+00  
2.741883E+03  3.252210E+02  -2.905008E+02  1.628866E-10  1.000000E+00  1.011871E-04  5.559474E-23  1.561011E-29   5.000000E-01 NotAppl  9.676524E+00  0.000000E+00  
3.091997E+03  1.617906E-01  1.043615E+00  2.051202E-09  1.000000E+00  2.478044E+00  2.710016E-27  1.938254E-27   5.000000E-01 NotAppl  4.202188E-04  0.000000E+00  
1.020353E+02  5.191074E-04  2.553188E+00  1.359393E-09  1.000000E+00  5.308828E-03  1.235299E-24  9.083468E-25   5.000000E-01 NotAppl  6.577355E+00  0.000000E+00  
1.652011E+01  1.761020E+01  7.933050E+02  -9.983958E-02  1.000000E+00  1.228010E+00  1.797282E-27  1.974059E-07   0.000000E+00 XENON1T_2018  7.547539E-02  5.228123E-01  
5.923864E+03  6.775336E+02  -6.775333E+02  2.813645E-10  1.000000E+00  3.173345E-05  2.412079E-22  9.719547E-30   5.000000E-01 NotAppl  1.916657E+01  0.000000E+00  
2.631075E+01  4.396497E+00  -4.395510E+00  2.870945E-02  1.000000E+00  1.739423E-02  1.851638E-28  6.409263E-09   1.613685E-305 LZ5Tmedian  4.650023E-03  1.620468E-01  
3.539871E+01  5.129682E-03  1.111215E+01  -4.044637E-07  1.000000E+00  5.755468E-04  5.255281E-38  6.974716E-19   5.000000E-01 NotAppl  9.572044E-13  1.002991E-10  
1.667184E+03  4.286571E+01  -5.812896E+00  -2.431124E-10  1.000000E+00  3.841517E-03  1.424281E-24  9.581233E-29   5.000000E-01 NotAppl  4.149973E-01  0.000000E+00  
5.682323E+03  4.164023E+00  -4.163095E+00  9.586268E-05  1.000000E+00  5.279756E-01  1.091761E-26  1.227868E-18   5.000000E-01 NotAppl  9.052760E-04  0.000000E+00  
5.401450E+01  2.203408E+00  -2.188975E+00  -4.531119E-09  1.000000E+00  3.096249E-03  4.668567E-41  3.704218E-23   5.000000E-01 NotAppl  5.467046E-16  1.359108E-14  
2.810969E+01  1.223428E-03  -4.020666E-04  1.515060E+00  1.000000E+00  2.656660E-03  4.775702E-25  1.561553E-05   0.000000E+00 XENON1T_2018  1.109571E+01  2.499795E-01  
3.295480E+01  3.764732E-02  1.975346E+00  -3.586389E-02  1.000000E+00  1.394242E-03  3.678274E-28  6.340535E-09   0.000000E+00 LZ5Tmedian  7.232199E-03  2.289146E-01  
1.644905E+02  3.046528E-01  -3.044500E-01  -1.127167E-05  1.000000E+00  1.239837E-02  6.596801E-25  2.346356E-17   5.000000E-01 NotAppl  2.144371E+00  0.000000E+00  
1.389955E+02  1.170278E+02  -1.170192E+02  1.093946E-08  1.000000E+00  1.950660E-03  3.023938E-24  3.121329E-23   5.000000E-01 NotAppl  1.189694E+01  0.000000E+00  
8.680082E+01  4.603100E-04  8.985904E+01  7.481863E-04  1.000000E+00  4.404885E-03  7.290147E-25  3.832816E-13   5.000000E-01 NotAppl  4.688059E+00  0.000000E+00  
1.693507E+02  7.357980E+00  -7.351053E+00  -8.160500E-01  1.000000E+00  4.911152E-04  1.595086E-23  1.158589E-07   0.000000E+00 XENON1T_2018  5.764274E+01  0.000000E+00  
1.791455E+02  1.185414E+02  -1.185411E+02  1.054301E-09  1.000000E+00  1.626204E-03  3.713209E-24  1.723354E-25   5.000000E-01 NotAppl  1.129228E+01  0.000000E+00  
1.258808E+01  1.114700E+01  -1.097119E+01  -2.410428E-10  1.000000E+00  1.430996E-01  9.635267E-45  1.973550E-24   5.000000E-01 NotAppl  5.532051E-19  5.405190E-17  
6.158275E+01  2.369971E-04  5.415111E-01  -8.382526E-09  1.000000E+00  3.959514E-03  1.212056E-38  9.702031E-23   5.000000E-01 NotAppl  1.239886E-13  1.711904E-14  
1.039395E+01  6.549487E+00  -6.549275E+00  1.778568E-01  1.000000E+00  1.761734E-01  4.844080E-27  1.565216E-06   0.000000E+00 XENON1T_2018  3.481863E-01  2.432429E-01  
5.149290E+01  1.467274E+00  5.174295E+02  3.128455E-10  1.000000E+00  4.379959E-03  1.381407E-43  1.946590E-25   5.000000E-01 NotAppl  1.700249E-18  7.608391E-17  
6.388072E+02  3.030241E-01  1.521503E+01  2.017850E-08  1.000000E+00  4.746355E-02  1.160501E-25  4.676779E-24   5.000000E-01 NotAppl  9.129021E-02  0.000000E+00  
1.009016E+03  9.488994E-03  -9.107149E-03  7.747554E-02  1.000000E+00  3.596265E-01  2.291666E-26  2.710200E-11   5.000000E-01 NotAppl  1.120701E-02  0.000000E+00  
3.437321E+01  3.030429E+01  -2.957474E+01  4.108457E-06  1.000000E+00  4.872216E-03  5.152670E-36  7.639060E-17   5.000000E-01 NotAppl  9.682714E-11  2.007730E-08  
5.790769E+02  2.179109E+02  -2.176635E+02  -1.877184E-08  1.000000E+00  3.804322E-04  1.840790E-23  4.946845E-24   5.000000E-01 NotAppl  1.590222E+01  0.000000E+00  
9.853702E+02  7.691366E-04  2.012286E+02  2.373049E-06  1.000000E+00  5.604561E-04  8.823050E-24  2.668752E-20   5.000000E-01 NotAppl  4.480672E+00  0.000000E+00  
1.973829E+03  4.356810E+02  -4.356809E+02  -2.440167E-10  1.000000E+00  8.372855E-05  8.896207E-23  6.842320E-29   5.000000E-01 NotAppl  2.167816E+01  0.000000E+00  
1.417027E+01  1.920138E-02  5.239909E-01  -1.103050E-08  1.000000E+00  8.808885E-04  2.095458E-41  3.269736E-21   5.000000E-01 NotAppl  1.049063E-15  1.692086E-13  
1.765986E+03  1.658881E-01  3.999744E-02  1.753277E-08  1.000000E+00  1.089530E+00  7.059952E-27  4.431409E-25   5.000000E-01 NotAppl  1.935942E-03  0.000000E+00  
8.178139E+01  1.191343E-04  8.903996E+02  -9.734851E-04  1.000000E+00  4.834956E-03  4.409545E-25  7.331081E-13   5.000000E-01 NotAppl  3.078751E+00  0.000000E+00  
1.870996E+02  1.275373E-01  6.862731E-01  1.099197E-04  1.000000E+00  1.514836E-02  5.396230E-25  1.713674E-15   5.000000E-01 NotAppl  1.511827E+00  0.000000E+00  
2.057936E+03  1.030932E+00  5.863357E+00  1.106863E-07  1.000000E+00  2.863983E-01  1.860097E-26  1.293087E-23   5.000000E-01 NotAppl  4.412876E-03  0.000000E+00  
1.997459E+01  1.141355E-01  -1.098616E-01  -5.301571E-09  1.000000E+00  3.183395E-03  5.411885E-42  3.806593E-22   5.000000E-01 NotAppl  1.838376E-16  3.804076E-14  
6.420327E+01  1.211903E-03  2.567504E-01  -1.347919E+00  1.000000E+00  1.714269E-04  8.870883E-23  2.304099E-06   0.000000E+00 XENON1T_2018  8.791809E+02  0.000000E+00  
1.083530E+03  7.281547E-01  -6.577930E-01  -1.279377E-06  1.000000E+00  4.198559E-01  1.887967E-26  6.390193E-21   5.000000E-01 NotAppl  8.545914E-03  0.000000E+00  
7.070732E+02  1.552798E-01  -9.732137E-02  2.175815E-07  1.000000E+00  1.917688E-01  4.315692E-26  4.418810E-22   5.000000E-01 NotAppl  3.032911E-02  0.000000E+00  
1.392279E+01  1.710693E-04  1.946860E+01  -1.200754E+00  1.000000E+00  6.934844E-04  2.364332E-25  4.012395E-05   0.000000E+00 XENON1T_2018  1.207900E+01  2.615867E-01  
9.136544E+01  4.404453E-02  3.613711E-01  -3.374500E-10  1.000000E+00  5.446978E-03  8.743946E-25  7.019415E-26   5.000000E-01 NotAppl  5.308206E+00  0.000000E+00  
2.510785E+03  6.045460E-04  2.523321E-01  2.044046E-08  1.000000E+00  2.127698E+00  3.504987E-27  2.940888E-25   5.000000E-01 NotAppl  6.704954E-04  0.000000E+00  
8.748993E+02  1.302205E-02  2.634647E-02  -1.323613E-09  1.000000E+00  2.881821E-01  2.834314E-26  1.058408E-26   5.000000E-01 NotAppl  1.598985E-02  0.000000E+00  
8.965464E+01  4.906296E+01  -4.511696E+01  2.091429E+00  1.000000E+00  4.340484E-05  9.055385E-23  2.802805E-06   0.000000E+00 XENON1T_2018  5.639534E+02  0.000000E+00  
1.322474E+01  2.428974E-02  6.350263E-02  1.461069E+00  1.000000E+00  1.064546E-03  3.255486E-25  6.577605E-05   0.000000E+00 XENON1T_2018  1.763245E+01  2.499983E-01  
1.575264E+03  2.408324E-01  7.646453E+02  -9.104126E-10  1.000000E+00  5.525391E-05  9.465116E-23  1.508330E-27   5.000000E-01 NotAppl  2.969621E+01  0.000000E+00  
5.975857E+03  4.553246E+01  -4.534561E+01  -5.902954E-02  1.000000E+00  5.533432E-03  1.208092E-24  4.202748E-13   5.000000E-01 NotAppl  9.515199E-02  0.000000E+00  
3.549589E+02  4.849792E-03  3.311755E+02  8.484325E-08  1.000000E+00  4.522365E-04  1.073916E-23  2.750215E-22   5.000000E-01 NotAppl  1.549973E+01  0.000000E+00  
2.768069E+01  3.559011E+00  -2.485562E+00  -2.496595E-02  1.000000E+00  1.586341E-02  1.460302E-28  4.374228E-09   2.008945E-217 LZ5Tmedian  3.467151E-03  2.457282E-01  
1.101591E+03  7.072369E+01  -6.919304E+01  9.789651E-05  1.000000E+00  2.375524E-03  2.766125E-24  3.617419E-17   5.000000E-01 NotAppl  1.227774E+00  0.000000E+00  
4.868313E+02  4.406645E-02  2.017896E+02  -4.982415E-02  1.000000E+00  7.039170E-04  6.885211E-24  4.969194E-11   3.692559E-01 NotAppl  7.194985E+00  0.000000E+00  
3.567157E+03  1.018196E+01  -1.017015E+01  -1.503063E-08  1.000000E+00  9.639113E-02  6.276148E-26  7.780511E-26   5.000000E-01 NotAppl  8.350648E-03  0.000000E+00  
1.435645E+02  2.076263E+01  -2.076250E+01  1.396583E-08  1.000000E+00  5.678679E-03  1.037733E-24  4.760880E-23   5.000000E-01 NotAppl  3.901180E+00  0.000000E+00  
3.124899E+03  3.875697E-02  8.403583E-02  9.700826E-07  1.000000E+00  3.262952E+00  2.258914E-27  4.242826E-22   5.000000E-01 NotAppl  3.456849E-04  0.000000E+00  
1.396748E+03  2.360992E+02  -2.360991E+02  -3.848195E-06  1.000000E+00  2.626901E-04  2.753072E-23  3.443888E-20   5.000000E-01 NotAppl  9.570096E+00  0.000000E+00  
2.649095E+03  6.320791E+02  -6.320720E+02  2.013293E-07  1.000000E+00  4.119009E-05  1.839460E-22  2.557944E-23   5.000000E-01 NotAppl  3.315773E+01  0.000000E+00  
2.968126E+03  5.970154E+02  -5.906217E+02  1.493479E+00  1.000000E+00  4.066556E-05  1.755894E-22  1.116697E-09   2.364293E-02 LZ5Tmedian  2.818244E+01  0.000000E+00  
3.150480E+02  1.070379E+00  3.548006E+00  -2.423068E-06  1.000000E+00  3.424617E-02  2.147149E-25  2.863589E-19   5.000000E-01 NotAppl  3.491932E-01  0.000000E+00  
4.069053E+03  1.854237E-03  -3.202027E-04  -2.322495E-10  1.000000E+00  5.450699E+00  1.330521E-27  1.421204E-29   5.000000E-01 NotAppl  1.556412E-04  0.000000E+00  
1.287341E+02  9.834463E+00  -9.767199E+00  -1.247149E-05  1.000000E+00  5.794794E-03  1.044430E-24  4.747514E-17   5.000000E-01 NotAppl  4.376531E+00  0.000000E+00  
2.137033E+03  4.827617E-01  -4.318059E-01  -5.524150E-02  1.000000E+00  1.529528E+00  4.882371E-27  2.982639E-12   5.000000E-01 NotAppl  1.103440E-03  0.000000E+00  
2.792131E+03  1.777843E+00  3.137808E+01  -1.366199E-10  1.000000E+00  1.608002E-02  2.979245E-25  1.058293E-29   5.000000E-01 NotAppl  5.197178E-02  0.000000E+00  
1.960528E+01  2.117695E+02  5.204612E+02  -5.309336E-04  1.000000E+00  1.648107E+04  5.387710E-32  3.963411E-12   5.000000E-01 NotAppl  1.868312E-06  3.823118E-04  
6.235133E+03  9.641987E-03  -6.953426E-03  6.991000E-10  1.000000E+00  1.246359E+01  5.672215E-28  5.407384E-29   5.000000E-01 NotAppl  4.303397E-05  0.000000E+00  
6.950742E+02  1.881978E-01  -1.815799E-01  -5.478353E-07  1.000000E+00  1.855241E-01  4.463986E-26  2.901014E-21   5.000000E-01 NotAppl  3.193112E-02  0.000000E+00  
7.637001E+01  1.183566E-03  -9.088826E-04  -2.086344E+00  1.000000E+00  9.980013E-04  2.720865E-24  3.872917E-06   0.000000E+00 XENON1T_2018  2.257876E+01  0.000000E+00  
4.139716E+02  2.109415E-01  6.156874E-02  8.606394E-08  1.000000E+00  6.837686E-02  1.227543E-25  2.065772E-22   5.000000E-01 NotAppl  1.502564E-01  0.000000E+00  
8.387748E+01  1.539248E+01  1.325370E+02  -6.016451E-02  1.000000E+00  8.055532E-03  3.209376E-25  2.658696E-09   5.271767E-112 LZ5Tmedian  2.153346E+00  0.000000E+00  
4.811798E+03  2.280012E-03  1.174426E+01  -2.906878E+00  1.000000E+00  8.871310E-02  7.110907E-26  1.583144E-09   3.764927E-02 LZ5Tmedian  7.491053E-03  0.000000E+00  
1.144262E+02  4.412370E+01  -4.411694E+01  2.119128E-06  1.000000E+00  3.513835E-03  1.657838E-24  1.745183E-18   5.000000E-01 NotAppl  7.895448E+00  0.000000E+00  
1.049833E+02  1.575743E-03  1.273732E+02  -1.629308E+00  1.000000E+00  2.971099E-04  2.914172E-23  1.230870E-06   0.000000E+00 XENON1T_2018  1.523311E+02  0.000000E+00  
4.621520E+01  1.834373E+02  -1.834367E+02  -2.213790E-04  1.000000E+00  1.163930E-04  3.480512E-32  1.214976E-13   5.000000E-01 NotAppl  4.780270E-07  4.713902E-05  
1.648003E+01  5.793324E+01  -5.793294E+01  -1.031833E-02  1.000000E+00  7.348977E-02  1.918234E-29  2.118740E-09   3.349048E-49 LZ5Tmedian  8.080262E-04  1.134633E-01  
1.063527E+02  1.249656E+02  -1.246963E+02  2.245383E+00  1.000000E+00  6.447551E-05  1.020837E-22  2.276401E-06   0.000000E+00 XENON1T_2018  5.247182E+02  0.000000E+00  
8.548484E+01  6.676040E-04  6.827929E-04  -4.162122E+00  1.000000E+00  4.835638E-05  2.795510E-22  1.223839E-05   0.000000E+00 XENON1T_2018  1.828328E+03  0.000000E+00  
2.620819E+01  5.178580E-02  3.908238E+01  1.283579E+00  1.000000E+00  2.022213E-03  3.554947E-25  1.291309E-05   0.000000E+00 XENON1T_2018  8.999642E+00  3.333421E-01  
4.072563E+01  1.545342E+01  -1.545277E+01  -4.534602E-07  1.000000E+00  3.951259E-04  9.113645E-38  6.593795E-19   5.000000E-01 NotAppl  1.431411E-12  5.224343E-11  
1.625819E+01  1.200253E-02  -7.475160E-03  1.657946E-04  1.000000E+00  1.690527E-03  4.932233E-33  5.620032E-13   5.000000E-01 NotAppl  2.109108E-07  3.790686E-05  
3.081981E+03  5.666595E-03  6.228464E-02  -5.061568E-02  1.000000E+00  3.132279E+00  2.372976E-27  1.188043E-12   5.000000E-01 NotAppl  3.688646E-04  0.000000E+00  
2.889492E+01  4.770922E-03  6.185803E+00  9.095485E-06  1.000000E+00  2.041605E-03  2.018119E-35  5.322800E-16   5.000000E-01 NotAppl  4.576111E-10  8.617474E-08  
9.038770E+02  4.786515E+02  -4.774796E+02  -3.831119E+00  1.000000E+00  1.273916E-04  5.537718E-23  8.296340E-08   0.000000E+00 LZ5Tmedian  3.039859E+01  0.000000E+00  
5.266095E+02  4.688884E+02  -4.688448E+02  -6.118446E-07  1.000000E+00  1.442459E-04  4.979732E-23  6.381621E-21   5.000000E-01 NotAppl  4.749812E+01  0.000000E+00  
9.230313E+01  1.077427E+00  -1.076963E+00  9.340566E-04  1.000000E+00  5.676082E-03  1.033959E-24  5.266716E-13   5.000000E-01 NotAppl  6.157296E+00  0.000000E+00  
2.046169E+02  3.595688E-01  4.359243E+02  -2.191903E-03  1.000000E+00  7.421667E-04  6.135119E-24  5.672365E-13   5.000000E-01 NotAppl  1.550957E+01  0.000000E+00  
3.886763E+02  3.326441E-01  3.595749E+02  1.936325E-06  1.000000E+00  3.774664E-04  1.286357E-23  1.189677E-19   5.000000E-01 NotAppl  1.692643E+01  0.000000E+00  
1.780266E+03  4.135102E-04  3.043537E+00  -6.741222E-03  1.000000E+00  6.672338E-01  9.331394E-27  6.444502E-14   5.000000E-01 NotAppl  2.549392E-03  0.000000E+00  
2.050841E+01  4.046852E-04  6.340004E+00  4.284262E-01  1.000000E+00  1.379116E-03  3.574457E-26  2.357674E-06   0.000000E+00 XENON1T_2018  1.179852E+00  2.496096E-01  
1.060775E+03  6.509857E-03  9.394491E+01  5.755997E-04  1.000000E+00  2.178448E-03  2.189148E-24  1.350733E-15   5.000000E-01 NotAppl  1.030550E+00  0.000000E+00  
4.184013E+01  4.141662E-02  -3.856349E-02  4.810003E-02  1.000000E+00  2.292330E-04  1.113322E-27  7.022603E-09   0.000000E+00 LZ5Tmedian  1.696177E-02  2.264555E-01  
3.786239E+03  1.498829E+01  -1.497106E+01  2.617293E-06  1.000000E+00  4.635620E-02  1.336482E-25  2.089744E-21   5.000000E-01 NotAppl  1.673207E-02  0.000000E+00  
1.039345E+01  2.315403E-02  2.584657E+02  8.184025E-08  1.000000E+00  4.785345E-04  1.025591E-39  3.314425E-19   5.000000E-01 NotAppl  7.373732E-14  9.434278E-12  
8.917880E+01  7.021470E+00  -6.988177E+00  -2.286719E-09  1.000000E+00  6.126844E-03  7.999801E-25  3.387419E-24   5.000000E-01 NotAppl  5.005823E+00  0.000000E+00  
1.888824E+01  2.682601E-04  2.867968E-03  9.694085E-03  1.000000E+00  2.039401E-03  1.771245E-29  1.423778E-09   3.487076E-44 LZ5Tmedian  6.398354E-04  8.462854E-02  
2.198384E+01  1.489426E-01  -1.488332E-01  2.556222E-05  1.000000E+00  3.797762E-03  1.313054E-34  7.299257E-15   5.000000E-01 NotAppl  4.012209E-09  8.735926E-07  
8.169799E+02  1.665438E-03  1.429524E+02  1.266245E-05  1.000000E+00  1.056562E-03  4.603473E-24  1.114079E-18   5.000000E-01 NotAppl  2.833159E+00  0.000000E+00  
1.181468E+03  8.569742E+00  -8.566475E+00  -3.053765E-05  1.000000E+00  1.088872E-01  5.847551E-26  3.051401E-18   5.000000E-01 NotAppl  2.416819E-02  0.000000E+00  
7.721454E+02  1.291202E-04  8.978043E+01  1.778517E+00  1.000000E+00  1.465083E-03  4.719439E-24  2.466409E-08   2.366834E-137 LZ5Tmedian  3.105077E+00  0.000000E+00  
2.334330E+01  1.082306E+02  -1.046602E+02  5.829244E-02  1.000000E+00  2.469417E-01  7.048888E-28  3.363861E-08   0.000000E+00 XENON1T_2018  2.019320E-02  4.149468E-01  
2.149264E+03  1.061307E+00  1.446928E+02  -6.010129E-07  1.000000E+00  9.052928E-04  5.355971E-24  3.489702E-22   5.000000E-01 NotAppl  1.222000E+00  0.000000E+00  
7.602823E+02  5.453287E-04  4.419961E+01  -5.972260E-10  1.000000E+00  8.878074E-03  5.317113E-25  2.870532E-27   5.000000E-01 NotAppl  3.518905E-01  0.000000E+00  
8.625066E+01  7.756395E-03  -2.394335E-03  -1.710592E-09  1.000000E+00  5.833173E-03  7.114375E-25  2.029785E-24   5.000000E-01 NotAppl  4.604484E+00  0.000000E+00  
1.485567E+03  1.493805E+02  -9.445462E+01  -3.522222E-01  1.000000E+00  3.579281E-04  1.196976E-23  2.544295E-10   1.829643E-01 NotAppl  3.910262E+00  0.000000E+00  
9.950771E+01  9.695026E-01  2.266327E+02  -1.691513E-09  1.000000E+00  3.082858E-03  1.459849E-24  1.480616E-24   5.000000E-01 NotAppl  7.947698E+00  0.000000E+00  
3.968523E+03  1.382164E-02  6.885943E+02  -2.753520E-02  1.000000E+00  4.885336E-05  1.069944E-22  2.101952E-13   5.000000E-01 NotAppl  1.304644E+01  0.000000E+00  
2.445932E+03  1.143394E-02  2.386769E-02  -1.126345E-07  1.000000E+00  2.042732E+00  3.674857E-27  9.418571E-24   5.000000E-01 NotAppl  7.219680E-04  0.000000E+00  
1.417471E+03  1.335362E-02  4.075558E-02  -1.038545E+00  1.000000E+00  7.858783E-02  1.438829E-25  2.434114E-09   4.042714E-08 LZ5Tmedian  5.238738E-02  0.000000E+00  
2.449243E+02  7.064301E+01  -7.064024E+01  -1.935988E-10  1.000000E+00  2.769384E-03  2.284210E-24  3.061454E-27   5.000000E-01 NotAppl  4.865735E+00  0.000000E+00  
9.209656E+01  1.091829E-01  2.300378E+02  -1.010607E-06  1.000000E+00  3.831617E-03  1.009053E-24  6.193736E-19   5.000000E-01 NotAppl  6.024855E+00  0.000000E+00  
2.532264E+03  2.079746E-01  4.040155E+02  -1.071583E-03  1.000000E+00  1.360299E-04  3.740756E-23  7.943560E-16   5.000000E-01 NotAppl  7.214204E+00  0.000000E+00  
1.499059E+01  1.068641E+00  5.485793E+02  -9.679693E-10  1.000000E+00  1.458114E-02  1.640995E-43  2.251705E-23   5.000000E-01 NotAppl  7.700881E-18  1.294750E-15  
1.799531E+03  6.626016E+01  -6.620967E+01  -2.741551E-05  1.000000E+00  2.717056E-03  2.498704E-24  1.042744E-18   5.000000E-01 NotAppl  6.694882E-01  0.000000E+00  
1.033265E+03  6.761341E+01  -1.936207E+01  -6.522615E-07  1.000000E+00  1.329613E-03  3.123423E-24  1.830055E-21   5.000000E-01 NotAppl  1.486711E+00  0.000000E+00  
1.755511E+03  4.722506E-01  -4.700389E-01  -3.262975E-08  1.000000E+00  1.053270E+00  7.247728E-27  1.553582E-24   5.000000E-01 NotAppl  1.999404E-03  0.000000E+00  
4.536895E+01  8.510116E-03  4.808008E+00  -2.900067E-06  1.000000E+00  2.431369E-04  5.486764E-36  2.164979E-17   5.000000E-01 NotAppl  7.680979E-11  6.830929E-09  
1.348261E+01  3.181485E+02  -1.453166E+02  6.745132E-04  1.000000E+00  1.189443E+04  7.716467E-32  1.349314E-11   5.000000E-01 NotAppl  4.090806E-06  6.343833E-04  
4.410545E+02  2.087712E-04  2.930476E-03  7.378553E-10  1.000000E+00  7.818228E-02  1.084904E-25  1.333748E-26   5.000000E-01 NotAppl  1.243258E-01  0.000000E+00  
8.278146E+01  6.906718E-03  2.449777E+02  1.119325E-06  1.000000E+00  4.686736E-03  5.495029E-25  9.453783E-19   5.000000E-01 NotAppl  3.763565E+00  0.000000E+00  
1.832403E+02  3.506591E-02  -3.205194E-02  -3.561410E-06  1.000000E+00  1.513943E-02  5.579079E-25  1.877468E-18   5.000000E-01 NotAppl  1.597579E+00  0.000000E+00  
5.052231E+02  7.370555E+02  -2.881491E+02  1.017210E+00  1.000000E+00  3.229055E-05  1.122151E-22  1.919952E-08   5.824092E-162 LZ5Tmedian  1.120835E+02  0.000000E+00  
3.595367E+01  7.111426E+02  -7.111396E+02  1.382975E-09  1.000000E+00  2.994211E-03  6.323518E-43  7.900945E-24   5.000000E-01 NotAppl  1.131090E-17  2.235419E-15  
7.664154E+02  1.915461E+02  -1.915459E+02  2.907671E-01  1.000000E+00  4.053523E-04  1.758977E-23  6.693413E-10   1.840353E-04 LZ5Tmedian  1.135816E+01  0.000000E+00  
1.050948E+03  2.963846E-04  3.246166E+02  -1.544279E-04  1.000000E+00  2.465444E-04  2.051262E-23  9.909017E-17   5.000000E-01 NotAppl  9.750932E+00  0.000000E+00  
1.081353E+01  2.268256E-03  7.732999E+01  3.001769E-01  1.000000E+00  4.608578E-04  1.406842E-26  4.126325E-06   0.000000E+00 XENON1T_2018  9.654733E-01  3.324558E-01  
4.559464E+01  2.602827E-02  -2.046109E-02  1.527602E-04  1.000000E+00  1.460329E-04  1.556492E-32  5.946619E-14   5.000000E-01 NotAppl  2.167704E-07  2.279559E-05  
1.057811E+03  9.803865E+02  -9.795671E+02  -1.310191E-02  1.000000E+00  3.431579E-05  2.164269E-22  7.038471E-13   5.000000E-01 NotAppl  1.001634E+02  0.000000E+00  
3.043001E+02  4.704447E+01  -3.249411E+01  -1.288823E-03  1.000000E+00  2.820137E-03  1.316060E-24  8.698259E-14   5.000000E-01 NotAppl  2.229508E+00  0.000000E+00  
3.408360E+03  2.165665E-02  8.378502E-01  -1.333978E-01  1.000000E+00  3.165813E+00  2.186385E-27  6.723459E-12   5.000000E-01 NotAppl  3.091253E-04  0.000000E+00  
2.186214E+02  7.504542E-01  2.760417E+02  5.267036E-06  1.000000E+00  8.875924E-04  5.152016E-24  2.859827E-18   5.000000E-01 NotAppl  1.217694E+01  0.000000E+00  
3.135067E+02  5.206890E-02  2.733184E+00  2.185588E-07  1.000000E+00  3.813803E-02  2.116832E-25  2.353298E-21   5.000000E-01 NotAppl  3.459991E-01  0.000000E+00  
3.650954E+02  8.261692E-01  3.158753E+00  3.959069E+00  1.000000E+00  4.104060E-04  2.879037E-23  5.653130E-07   0.000000E+00 XENON1T_2018  4.214160E+01  0.000000E+00  
5.077034E+01  1.302773E-01  8.413997E+02  -5.622255E-10  1.000000E+00  2.308008E-03  3.979320E-43  6.470598E-25   5.000000E-01 NotAppl  4.954687E-18  2.632450E-16  
1.753857E+03  1.049459E-02  1.455862E+02  -4.335391E+00  1.000000E+00  1.039090E-03  4.087870E-24  2.747880E-08   2.790569E-68 LZ5Tmedian  1.170373E+00  0.000000E+00  
4.315734E+02  2.032978E-02  -6.026208E-04  1.743145E-08  1.000000E+00  7.499956E-02  1.131581E-25  7.782277E-24   5.000000E-01 NotAppl  1.326298E-01  0.000000E+00  
3.485767E+01  7.504586E-01  2.121591E+01  8.996816E-01  1.000000E+00  6.384259E-04  2.495702E-25  3.560606E-06   0.000000E+00 XENON1T_2018  4.630961E+00  2.800785E-01  
4.104460E+01  1.580372E+00  -1.563420E+00  -1.133782E+00  1.000000E+00  2.915467E-04  5.505123E-25  4.057184E-06   0.000000E+00 XENON1T_2018  8.531247E+00  2.548095E-01  
7.794716E+02  3.322082E-02  2.796981E-01  2.482746E-09  1.000000E+00  2.304781E-01  3.563296E-26  4.714506E-26   5.000000E-01 NotAppl  2.264333E-02  0.000000E+00  
2.948601E+02  4.581884E-01  6.072517E-01  -2.480771E-07  1.000000E+00  3.457728E-02  2.355207E-25  3.437512E-21   5.000000E-01 NotAppl  4.103432E-01  0.000000E+00  
8.636930E+02  3.891887E-03  1.741677E+00  -4.220267E-03  1.000000E+00  2.645056E-01  2.984624E-26  1.104699E-13   5.000000E-01 NotAppl  1.707055E-02  0.000000E+00  
6.318361E+02  3.136541E-04  -1.154315E-04  8.019618E-09  1.000000E+00  1.551727E-01  5.380760E-26  7.554676E-25   5.000000E-01 NotAppl  4.247765E-02  0.000000E+00  
5.699321E+01  5.778803E-04  1.321708E+01  -1.761153E-08  1.000000E+00  3.383357E-03  1.594337E-39  5.015738E-22   5.000000E-01 NotAppl  1.766238E-14  1.818442E-13  
9.680890E+02  3.437768E-03  4.656737E+01  4.264036E-10  1.000000E+00  8.103662E-03  5.788769E-25  8.933535E-28   5.000000E-01 NotAppl  2.991659E-01  0.000000E+00  
1.772107E+03  1.893341E+00  -1.807542E+00  -4.136333E-01  1.000000E+00  5.496907E-01  1.464873E-26  2.449114E-10   2.535530E-01 NotAppl  4.231808E-03  0.000000E+00  
4.449866E+02  1.482560E+01  -1.473588E+01  2.143539E-08  1.000000E+00  2.805504E-02  2.291721E-25  1.105372E-23   5.000000E-01 NotAppl  2.604864E-01  0.000000E+00  
1.649570E+03  2.465152E+01  -2.452110E+01  -1.474616E-07  1.000000E+00  1.780579E-02  3.605569E-25  3.602208E-23   5.000000E-01 NotAppl  1.056376E-01  0.000000E+00  
2.973719E+01  4.142022E+02  -4.141650E+02  -2.209573E-01  1.000000E+00  1.046182E-02  1.227002E-26  2.963779E-07   0.000000E+00 XENON1T_2018  2.696231E-01  4.962161E-01  
4.317091E+02  1.462538E-01  7.506556E+02  9.968725E-06  1.000000E+00  1.769660E-04  2.791973E-23  2.543544E-18   5.000000E-01 NotAppl  3.299440E+01  0.000000E+00  
3.770310E+01  3.718802E+02  -3.654721E+02  -6.807893E-01  1.000000E+00  6.023738E-03  1.686737E-25  1.738455E-06   0.000000E+00 XENON1T_2018  2.873413E+00  5.422674E-01  
1.724365E+03  1.817482E+01  -1.766118E+01  1.004863E-10  1.000000E+00  3.159530E-02  1.999670E-25  1.528154E-29   5.000000E-01 NotAppl  5.598438E-02  0.000000E+00  
1.935485E+02  9.963836E+00  4.908902E+00  9.441864E-02  1.000000E+00  4.594908E-03  8.720521E-25  1.179589E-09   2.003403E-25 LZ5Tmedian  2.368431E+00  0.000000E+00  
7.419765E+03  1.346692E+00  4.896016E-01  1.008427E+00  1.000000E+00  8.087440E-01  1.202016E-26  7.901469E-11   5.000000E-01 NotAppl  7.819181E-04  0.000000E+00  
5.198810E+03  8.265896E-01  1.444791E+02  1.347094E-02  1.000000E+00  8.980573E-04  5.547336E-24  2.905075E-14   5.000000E-01 NotAppl  5.144242E-01  0.000000E+00  
1.824442E+03  5.274406E+01  -5.274101E+01  -1.015983E-09  1.000000E+00  4.195410E-03  1.598471E-24  1.392481E-27   5.000000E-01 NotAppl  4.222874E-01  0.000000E+00  
1.090403E+03  3.135993E+02  -3.135992E+02  8.893592E-01  1.000000E+00  1.576924E-04  4.661997E-23  3.048362E-09   9.807124E-13 LZ5Tmedian  2.091583E+01  0.000000E+00  
7.168094E+03  6.024218E-04  5.872112E+00  8.978373E-08  1.000000E+00  4.394421E-01  9.735585E-27  6.718298E-25   5.000000E-01 NotAppl  6.510246E-04  0.000000E+00  
1.107590E+03  2.375629E+02  6.147734E+02  1.407045E-02  1.000000E+00  3.083922E-05  1.141636E-22  7.390394E-13   5.000000E-01 NotAppl  5.118115E+01  0.000000E+00  
3.068142E+03  4.367021E-02  -1.479998E-02  -2.161044E-02  1.000000E+00  3.152913E+00  2.344164E-27  2.185584E-13   5.000000E-01 NotAppl  3.655999E-04  0.000000E+00  
7.236170E+01  2.533733E-02  -1.873516E-03  3.874850E-04  1.000000E+00  6.497003E-03  1.929599E-31  1.491434E-13   5.000000E-01 NotAppl  1.662410E-06  0.000000E+00  
1.974126E+01  2.778261E+02  -2.777183E+02  1.055650E-03  1.000000E+00  4.637439E-02  2.135683E-31  1.545277E-11   3.087699E-01 NotAppl  7.349471E-06  1.505598E-03  
3.819830E+02  8.462428E+02  -8.450079E+02  6.362501E-07  1.000000E+00  1.210544E-04  5.373463E-23  1.330966E-20   5.000000E-01 NotAppl  7.176195E+01  0.000000E+00  
3.493743E+02  3.830204E-01  -1.974559E-01  -4.290121E+00  1.000000E+00  1.163253E-04  1.201447E-22  7.263880E-07   0.000000E+00 XENON1T_2018  2.063242E+02  0.000000E+00  
1.693802E+03  1.380602E+02  7.685619E+01  1.524803E-07  1.000000E+00  1.725777E-04  2.127022E-23  3.649320E-23   5.000000E-01 NotAppl  6.131765E+00  0.000000E+00  
9.968322E+02  8.590130E-01  4.423761E+00  1.002294E-10  1.000000E+00  2.243026E-01  2.985169E-26  4.649783E-29   5.000000E-01 NotAppl  1.478704E-02  0.000000E+00  
2.296837E+02  1.347169E-02  1.190365E-02  1.095366E-05  1.000000E+00  2.282874E-02  3.730567E-25  1.117898E-17   5.000000E-01 NotAppl  8.435989E-01  0.000000E+00  
7.547695E+03  1.720194E+02  -1.719643E+02  1.422641E-08  1.000000E+00  4.247531E-04  1.708409E-23  1.518897E-26   5.000000E-01 NotAppl  1.062062E+00  0.000000E+00  
1.393524E+01  2.747881E+02  -2.747859E+02  1.364304E-05  1.000000E+00  1.088802E-01  3.189331E-35  5.170690E-15   5.000000E-01 NotAppl  1.627767E-09  2.592654E-07  
4.357090E+02  1.068864E-03  8.766627E+02  4.638139E-07  1.000000E+00  1.590199E-04  3.119603E-23  5.403228E-21   5.000000E-01 NotAppl  3.652066E+01  0.000000E+00  
9.054263E+03  1.967732E+01  -1.967387E+01  1.718878E-05  1.000000E+00  2.791214E-02  2.285025E-25  1.532156E-20   5.000000E-01 NotAppl  1.181800E-02  0.000000E+00  
3.565163E+02  7.853167E-01  -7.850880E-01  1.388850E-04  1.000000E+00  5.102850E-02  1.640287E-25  7.303836E-16   5.000000E-01 NotAppl  2.344902E-01  0.000000E+00  
1.426415E+01  3.313991E+00  1.374102E+02  -4.866872E-06  1.000000E+00  1.264334E+00  4.087462E-36  6.282507E-16   5.000000E-01 NotAppl  2.030825E-10  3.181455E-08  
1.117150E+02  3.014529E-02  -1.008682E-02  -9.744049E-03  1.000000E+00  6.849160E-03  1.100415E-24  3.875730E-11   4.927524E-02 LZ5Tmedian  5.331508E+00  0.000000E+00  
3.894294E+02  3.333181E+01  -2.869970E+01  3.236140E-06  1.000000E+00  7.084410E-03  7.211008E-25  3.309838E-19   5.000000E-01 NotAppl  9.432090E-01  0.000000E+00  
2.750762E+01  7.447142E-03  9.468677E-01  -1.008733E-07  1.000000E+00  2.196043E-03  2.370895E-39  7.232110E-20   5.000000E-01 NotAppl  5.673998E-14  1.299674E-11  
5.415368E+03  7.371352E-04  -5.554823E-04  -1.417519E-10  1.000000E+00  9.481784E+00  7.516952E-28  2.960660E-30   5.000000E-01 NotAppl  6.578128E-05  0.000000E+00  
3.793769E+02  3.458008E+00  -2.471307E+00  -9.818292E-02  1.000000E+00  4.958280E-02  1.501617E-25  3.214163E-10   2.724142E-04 LZ5Tmedian  2.030952E-01  0.000000E+00  
2.717687E+01  2.533157E+00  -2.279902E+00  -1.806121E-10  1.000000E+00  1.227162E-02  7.522309E-45  2.375896E-25   5.000000E-01 NotAppl  1.824418E-19  3.954820E-17  
5.928931E+03  4.046639E-02  3.914988E-03  -1.633390E-09  1.000000E+00  1.127520E+01  6.287138E-28  3.269886E-28   5.000000E-01 NotAppl  5.019579E-05  0.000000E+00  
2.368993E+01  3.044923E+01  1.768251E+02  -2.491845E-05  1.000000E+00  1.580634E+05  1.299142E-34  5.966985E-15   5.000000E-01 NotAppl  3.662872E-09  7.955492E-08  
9.369282E+01  3.674104E+02  -3.421312E+02  -6.534659E-10  1.000000E+00  1.433532E-03  1.928508E-24  2.499988E-25   5.000000E-01 NotAppl  1.133485E+01  0.000000E+00  
1.437909E+01  4.221547E+01  -4.221296E+01  1.000327E+00  1.000000E+00  2.621419E-02  1.707684E-25  2.612166E-05   0.000000E+00 XENON1T_2018  8.407663E+00  3.267988E-01  
4.394241E+01  2.050129E+00  -8.434136E-01  -1.179870E-08  1.000000E+00  7.135687E-05  7.958228E-41  3.824292E-22   5.000000E-01 NotAppl  1.154635E-15  1.297601E-13  
1.864805E+02  3.216471E+02  -2.642093E+02  1.559116E+00  1.000000E+00  6.332105E-05  5.488820E-23  3.471232E-07   0.000000E+00 XENON1T_2018  1.622870E+02  0.000000E+00  
3.469123E+03  6.896803E+01  -6.894915E+01  8.594278E-10  1.000000E+00  2.479065E-03  2.754283E-24  2.692142E-28   5.000000E-01 NotAppl  3.769778E-01  0.000000E+00  
2.068088E+02  2.807774E-02  1.243661E+02  3.237961E-09  1.000000E+00  2.116602E-03  2.320240E-24  1.211106E-24   5.000000E-01 NotAppl  5.808982E+00  0.000000E+00  
1.334277E+02  4.503202E+00  -4.502845E+00  9.155067E-05  1.000000E+00  7.131856E-03  9.458033E-25  2.377217E-15   5.000000E-01 NotAppl  3.817240E+00  0.000000E+00  
2.922180E+01  2.491026E-03  3.108270E-02  -1.238832E-07  1.000000E+00  2.646057E-03  3.786781E-39  9.652176E-20   5.000000E-01 NotAppl  8.481729E-14  1.937863E-11  
7.702280E+01  9.719277E-01  2.155201E+02  -6.213959E-07  1.000000E+00  8.308996E-03  2.160579E-37  3.376383E-19   5.000000E-01 NotAppl  1.745484E-12  0.000000E+00  
1.977577E+01  1.303751E-02  -3.281747E-03  1.851466E-08  1.000000E+00  2.291267E-03  6.574146E-41  4.736706E-21   5.000000E-01 NotAppl  2.258028E-15  4.645031E-13  
5.136084E+01  2.384270E+01  -2.384249E+01  4.218920E+00  1.000000E+00  8.371141E-04  3.816434E-24  3.558692E-05   0.000000E+00 XENON1T_2018  4.709207E+01  4.999848E-01  
2.512141E+01  1.008736E-04  2.502364E-02  -4.496863E-07  1.000000E+00  2.814337E-03  4.392128E-38  1.726399E-18   5.000000E-01 NotAppl  1.162287E-12  2.644963E-10  
2.832009E+02  4.506200E-02  -4.495147E-02  -4.245076E-05  1.000000E+00  3.372290E-02  2.530361E-25  1.093260E-16   5.000000E-01 NotAppl  4.597973E-01  0.000000E+00  
4.901173E+02  1.066953E+01  1.312407E+00  6.140928E-10  1.000000E+00  2.802881E-02  1.911052E-25  7.445588E-27   5.000000E-01 NotAppl  1.967776E-01  0.000000E+00  
1.106101E+01  3.457891E-03  3.183312E+00  1.130789E-09  1.000000E+00  4.825111E-04  2.016866E-43  5.601626E-23   5.000000E-01 NotAppl  1.347720E-17  1.778986E-15  
9.855328E+03  1.344645E-04  6.360221E-02  1.135462E+00  1.000000E+00  2.857366E+00  3.514494E-27  5.628620E-11   5.000000E-01 NotAppl  1.763643E-04  0.000000E+00  
6.881679E+02  4.291761E-01  8.610211E+00  7.349148E-10  1.000000E+00  9.318521E-02  6.745569E-26  5.328256E-27   5.000000E-01 NotAppl  4.899172E-02  0.000000E+00  
1.268746E+03  3.496243E+01  -3.496206E+01  3.281952E-02  1.000000E+00  9.060851E-03  7.275724E-25  3.047499E-12   5.000000E-01 NotAppl  2.791221E-01  0.000000E+00  
1.856912E+02  4.968130E-01  -4.951317E-01  9.433197E-10  1.000000E+00  1.523563E-02  5.461545E-25  1.281800E-25   5.000000E-01 NotAppl  1.542355E+00  0.000000E+00  
1.268649E+03  8.872619E+02  -8.409349E+02  6.449952E-01  1.000000E+00  1.985134E-05  2.287176E-22  1.177226E-09   1.019680E-04 LZ5Tmedian  8.775619E+01  0.000000E+00  
4.458985E+03  1.226060E-01  -1.217005E-01  7.261326E-07  1.000000E+00  6.435720E+00  1.117155E-27  1.153316E-22   5.000000E-01 NotAppl  1.190724E-04  0.000000E+00  
5.075366E+01  4.678794E-01  -4.227199E-01  4.240200E-02  1.000000E+00  1.868347E-03  2.257503E-27  3.682874E-09   3.198368E-201 LZ5Tmedian  2.820797E-02  2.087588E-01  
9.062089E+01  5.475624E-03  1.345929E-02  5.050721E-01  1.000000E+00  1.259383E-03  8.174936E-24  1.599087E-07   0.000000E+00 XENON1T_2018  5.035552E+01  0.000000E+00  
1.655250E+02  1.251832E+01  -4.716412E+00  -1.827786E-02  1.000000E+00  5.218045E-03  7.298748E-25  6.090974E-11   3.396331E-02 LZ5Tmedian  2.361888E+00  0.000000E+00  
3.052025E+02  2.371685E+02  -2.371559E+02  4.327497E-07  1.000000E+00  4.962438E-04  1.354592E-23  9.747339E-21   5.000000E-01 NotAppl  2.290037E+01  0.000000E+00  
1.492892E+02  3.958075E-02  -1.834208E-02  -3.423164E-02  1.000000E+00  1.091087E-02  7.245768E-25  2.639960E-10   1.058763E-07 LZ5Tmedian  2.605438E+00  0.000000E+00  
5.596906E+01  3.861753E-04  4.316226E-03  -3.380248E-04  1.000000E+00  3.268093E-03  4.245818E-31  1.917347E-13   5.000000E-01 NotAppl  4.792500E-06  7.261883E-05  
6.299999E+02  2.229454E+00  -2.228579E+00  -5.612339E-08  1.000000E+00  1.392726E-01  5.708522E-26  3.722028E-23   5.000000E-01 NotAppl  4.520024E-02  0.000000E+00  
6.649107E+03  1.221077E-02  3.322280E-01  3.015279E-07  1.000000E+00  1.265313E+01  5.309213E-28  8.827442E-24   5.000000E-01 NotAppl  3.777420E-05  0.000000E+00  
1.724779E+02  5.101832E+00  -5.101595E+00  -5.191644E-09  1.000000E+00  1.088494E-02  6.301996E-25  4.516664E-24   5.000000E-01 NotAppl  1.953085E+00  0.000000E+00  
2.998607E+03  1.745625E+00  -1.745311E+00  -8.961125E-08  1.000000E+00  1.516875E+00  4.245383E-27  3.937587E-24   5.000000E-01 NotAppl  6.762496E-04  0.000000E+00  
1.709008E+02  4.174362E-01  2.964162E+00  -4.803870E-03  1.000000E+00  1.164096E-02  6.211699E-25  3.940648E-12   5.000000E-01 NotAppl  1.940948E+00  0.000000E+00  
2.158305E+02  8.886728E+02  -8.476894E+02  1.126220E-06  1.000000E+00  1.718385E-04  1.831267E-23  1.342416E-19   5.000000E-01 NotAppl  4.612039E+01  0.000000E+00  
1.722369E+02  9.631875E-03  9.978016E+02  -6.420884E-08  1.000000E+00  8.479177E-04  5.278449E-24  6.928549E-22   5.000000E-01 NotAppl  1.593536E+01  0.000000E+00  
5.894600E+01  2.585604E-01  5.802505E-01  -1.159803E-02  1.000000E+00  2.779500E-03  1.609426E-27  2.030770E-10   3.602010E-11 LZ5Tmedian  1.714109E-02  5.349432E-02  
4.541263E+03  1.661691E-03  9.472107E-02  1.133702E-07  1.000000E+00  6.711564E+00  1.071034E-27  2.708732E-24   5.000000E-01 NotAppl  1.120649E-04  0.000000E+00  
5.752145E+02  2.256933E+01  1.513764E+02  -3.382832E-01  1.000000E+00  6.999314E-04  5.386113E-24  1.628610E-09   8.959481E-13 LZ5Tmedian  4.750385E+00  0.000000E+00  
3.179127E+01  3.019947E-04  7.136165E-02  4.862325E-02  1.000000E+00  1.934307E-03  6.434511E-28  1.253576E-08   0.000000E+00 XENON1T_2018  1.315226E-02  2.299019E-01  
2.385745E+01  6.517841E-03  4.287509E+01  1.220709E+00  1.000000E+00  1.714160E-03  3.039519E-25  1.411784E-05   0.000000E+00 XENON1T_2018  8.523347E+00  3.332823E-01  
3.547390E+01  2.387952E-02  -2.005070E-02  -3.037792E-01  1.000000E+00  5.308269E-04  2.975302E-26  3.917534E-07   0.000000E+00 XENON1T_2018  5.406172E-01  2.495200E-01  
2.922187E+02  1.201977E-01  -7.882613E-02  1.453167E-08  1.000000E+00  3.564808E-02  2.386128E-25  1.201447E-23   5.000000E-01 NotAppl  4.196375E-01  0.000000E+00  
2.413813E+01  3.497263E+02  -3.496831E+02  2.241533E-01  1.000000E+00  2.385514E-02  1.063229E-26  4.649358E-07   0.000000E+00 XENON1T_2018  2.935429E-01  4.961741E-01  
9.680371E+02  9.621529E-04  2.959003E+00  -3.459896E-02  1.000000E+00  2.935635E-01  2.502801E-26  5.882409E-12   5.000000E-01 NotAppl  1.274571E-02  0.000000E+00  
3.875107E+02  1.112278E+01  1.055152E+02  5.340692E-05  1.000000E+00  1.428144E-03  2.790917E-24  9.106191E-17   5.000000E-01 NotAppl  3.682434E+00  0.000000E+00  
1.086107E+03  2.769600E-04  3.643239E+01  -3.993718E+00  1.000000E+00  3.126710E-03  3.009395E-24  6.196780E-08   8.579590E-246 LZ5Tmedian  1.487178E+00  0.000000E+00  
1.628510E+03  4.631920E+00  -4.611306E+00  -1.232995E-01  1.000000E+00  3.514843E-01  1.619903E-26  2.585288E-11   5.000000E-01 NotAppl  4.845296E-03  0.000000E+00  
4.474102E+01  1.458459E-01  -1.351842E-01  2.296227E-05  1.000000E+00  8.342776E-05  3.240143E-34  1.396338E-15   5.000000E-01 NotAppl  4.613814E-09  5.256693E-07  
2.988020E+02  1.066573E+01  -1.055320E+01  -8.158217E-08  1.000000E+00  2.244875E-02  2.932585E-25  3.617854E-22   5.000000E-01 NotAppl  5.046372E-01  0.000000E+00  
8.503320E+01  5.147483E-01  -4.374430E-01  7.857504E-10  1.000000E+00  6.257446E-03  6.764187E-25  4.409390E-25   5.000000E-01 NotAppl  4.441177E+00  0.000000E+00  
4.287107E+01  2.219841E-01  4.262991E+01  2.780169E-06  1.000000E+00  3.216221E-04  4.034835E-36  2.232755E-17   5.000000E-01 NotAppl  5.992693E-11  8.026976E-09  
1.046465E+02  1.960014E+01  -1.937625E+01  -3.630420E-08  1.000000E+00  3.985411E-03  1.401944E-24  6.151491E-22   5.000000E-01 NotAppl  7.291942E+00  0.000000E+00  
2.560728E+02  1.263841E+02  9.272501E+01  8.601195E-02  1.000000E+00  3.008785E-04  1.084273E-23  5.516192E-10   1.246085E-09 LZ5Tmedian  2.194522E+01  0.000000E+00  
1.847306E+03  1.314222E-04  1.008962E-02  3.172741E-04  1.000000E+00  1.193785E+00  6.428819E-27  1.323921E-16   5.000000E-01 NotAppl  1.683406E-03  0.000000E+00  
2.314436E+03  5.740884E-01  -5.549602E-01  -2.167072E-06  1.000000E+00  1.722964E+00  4.297376E-27  3.901816E-21   5.000000E-01 NotAppl  8.931746E-04  0.000000E+00  
6.226938E+02  5.461988E-01  3.529792E+02  -1.453864E-05  1.000000E+00  2.718327E-04  1.830714E-23  2.557961E-18   5.000000E-01 NotAppl  1.487750E+01  0.000000E+00  
1.141575E+01  3.547318E-03  5.296588E+02  1.574501E-07  1.000000E+00  5.095083E-04  3.963205E-39  1.020778E-18   5.000000E-01 NotAppl  2.551227E-13  3.481630E-11  
1.342255E+02  1.397991E-03  -1.155861E-03  -1.544656E-07  1.000000E+00  8.884125E-03  9.106352E-25  6.685013E-21   5.000000E-01 NotAppl  3.650465E+00  0.000000E+00  
7.627929E+01  1.852806E-02  -1.698620E-02  2.123025E-09  1.000000E+00  7.181507E-03  2.826549E-42  4.020050E-24   5.000000E-01 NotAppl  2.325519E-17  0.000000E+00  
1.033760E+01  4.877531E+02  -4.877522E+02  -1.016383E-10  1.000000E+00  2.081458E-01  1.577399E-45  5.166075E-25   5.000000E-01 NotAppl  1.141153E-19  1.455741E-17  
1.761753E+03  3.632289E-04  5.798614E-01  1.791586E-07  1.000000E+00  1.062499E+00  7.157045E-27  4.649867E-23   5.000000E-01 NotAppl  1.967804E-03  0.000000E+00  
6.741433E+03  5.115101E+00  6.830957E+01  -2.048942E-03  1.000000E+00  3.515553E-03  1.455810E-24  3.963424E-16   5.000000E-01 NotAppl  1.036607E-01  0.000000E+00  
9.151836E+01  1.918756E+02  2.370229E+01  -5.215183E-03  1.000000E+00  1.776131E-03  1.431422E-24  1.670832E-11   2.201902E-01 NotAppl  8.682430E+00  0.000000E+00  
4.082097E+01  3.973137E+00  1.525835E+02  2.971352E-05  1.000000E+00  2.591581E-03  3.940229E-34  2.817734E-15   5.000000E-01 NotAppl  6.173924E-09  7.522795E-07  
3.540057E+01  7.385717E-01  6.983008E+01  -1.126528E-02  1.000000E+00  4.571551E-04  4.077154E-29  5.410101E-10   7.915607E-31 LZ5Tmedian  7.425703E-04  1.100042E-01  
7.561836E+03  3.182111E-02  9.008878E+00  8.871518E-04  1.000000E+00  1.948038E-01  2.244147E-26  5.884134E-17   5.000000E-01 NotAppl  1.421962E-03  0.000000E+00  
1.336797E+03  8.794055E+01  -7.517507E+01  -7.645522E-01  1.000000E+00  1.596463E-03  3.492086E-24  1.486648E-09   1.637567E-05 LZ5Tmedian  1.271856E+00  0.000000E+00  
1.260411E+01  2.112698E-03  1.495009E+00  -5.296438E-10  1.000000E+00  6.042129E-04  4.654050E-44  9.504656E-24   5.000000E-01 NotAppl  2.668718E-18  3.914666E-16  
6.911221E+01  2.207444E-03  5.710814E+02  -1.151427E-05  1.000000E+00  5.087350E-03  3.954462E-34  1.446500E-16   5.000000E-01 NotAppl  3.572070E-09  0.000000E+00  
1.147248E+03  5.223479E-02  -5.142094E-02  -8.313688E-04  1.000000E+00  4.820567E-01  1.657330E-26  2.401385E-15   5.000000E-01 NotAppl  7.074459E-03  0.000000E+00  
8.411103E+02  1.912327E+01  -1.912078E+01  -1.403728E-09  1.000000E+00  2.668199E-02  2.394591E-25  1.290116E-26   5.000000E-01 NotAppl  1.404681E-01  0.000000E+00  
7.176514E+03  1.139547E-01  6.524884E-02  5.590630E-05  1.000000E+00  1.570451E+01  4.445859E-28  2.598661E-19   5.000000E-01 NotAppl  2.925513E-05  0.000000E+00  
2.200471E+01  3.809076E-02  1.255839E-02  -3.803873E-04  1.000000E+00  2.710882E-03  2.908984E-32  1.613259E-12   5.000000E-01 NotAppl  8.885544E-07  1.933399E-04  
8.519574E+01  1.379650E+02  -9.529996E+01  -1.021308E-02  1.000000E+00  3.252218E-03  7.926401E-25  7.420322E-11   8.467950E-04 LZ5Tmedian  5.192652E+00  0.000000E+00  
4.129466E+03  2.019265E-03  3.837311E+02  9.342808E-07  1.000000E+00  1.407744E-04  3.616409E-23  2.231941E-22   5.000000E-01 NotAppl  4.235321E+00  0.000000E+00  
1.741413E+02  4.637873E-01  2.022421E+01  1.045299E-09  1.000000E+00  8.809640E-03  7.114321E-25  1.795335E-25   5.000000E-01 NotAppl  2.171154E+00  0.000000E+00  
1.653792E+02  1.982907E-03  8.879931E+01  -1.223677E-03  1.000000E+00  3.310813E-03  1.594942E-24  2.734980E-13   5.000000E-01 NotAppl  5.063824E+00  0.000000E+00  
7.430562E+03  7.993127E-01  -7.988185E-01  2.124994E-08  1.000000E+00  7.750584E+00  7.768236E-28  3.498258E-26   5.000000E-01 NotAppl  4.920328E-05  0.000000E+00  
8.109768E+02  5.644175E-01  7.048019E-01  -1.150219E-06  1.000000E+00  2.369849E-01  3.357447E-26  9.332186E-21   5.000000E-01 NotAppl  2.048574E-02  0.000000E+00  
4.015683E+01  2.137471E-02  -1.511420E-02  -3.646208E-08  1.000000E+00  5.064160E-05  5.663865E-40  4.386940E-21   5.000000E-01 NotAppl  9.028745E-15  1.455226E-12  
1.036931E+01  1.388663E+02  -1.387705E+02  4.433858E-03  1.000000E+00  2.104344E-01  3.006630E-30  9.772623E-10   3.563917E-05 LZ5Tmedian  2.167595E-04  2.622647E-02  
2.460572E+03  3.282586E-02  -2.815531E-02  -4.602528E-01  1.000000E+00  7.914208E-01  1.205982E-26  1.553663E-10   5.000000E-01 NotAppl  2.454642E-03  0.000000E+00  
1.002858E+02  5.469213E+02  -5.469209E+02  1.197578E-04  1.000000E+00  2.108313E-03  2.576613E-24  7.304088E-15   5.000000E-01 NotAppl  1.412384E+01  0.000000E+00  
1.790138E+03  9.631522E-04  -2.053427E-04  1.037573E-04  1.000000E+00  1.124256E+00  6.844010E-27  1.509574E-17   5.000000E-01 NotAppl  1.850772E-03  0.000000E+00  
1.070403E+02  2.541313E-01  -2.536441E-01  -2.800778E-05  1.000000E+00  6.309636E-03  1.197668E-24  3.495330E-16   5.000000E-01 NotAppl  6.066275E+00  0.000000E+00  
2.712511E+02  8.214586E-04  7.832115E+01  2.865800E-09  1.000000E+00  3.502534E-03  1.417987E-24  5.442395E-25   5.000000E-01 NotAppl  2.691305E+00  0.000000E+00  
1.755062E+01  1.506237E+01  -1.506224E+01  -2.159768E-03  1.000000E+00  6.287083E-02  8.572936E-31  8.186262E-11   6.947555E-03 LZ5Tmedian  3.362185E-05  2.697039E-03  
1.532210E+03  1.350286E-02  -1.329638E-02  1.618474E-01  1.000000E+00  6.902497E-01  1.211154E-26  5.043929E-11   5.000000E-01 NotAppl  3.894452E-03  0.000000E+00  
6.989793E+03  1.272534E-02  5.795061E+01  1.514639E-05  1.000000E+00  5.381095E-03  9.002270E-25  2.012367E-20   5.000000E-01 NotAppl  6.180459E-02  0.000000E+00  
1.493772E+02  3.260738E+01  -3.024686E+01  6.651478E-04  1.000000E+00  3.771645E-03  1.214778E-24  9.955291E-14   5.000000E-01 NotAppl  4.397122E+00  0.000000E+00  
3.639512E+01  1.051559E+02  -1.051552E+02  -2.809253E-02  1.000000E+00  2.648594E-03  2.671689E-28  3.180309E-09   1.177422E-178 LZ5Tmedian  4.724605E-03  3.235522E-01  
7.941160E+02  2.194455E+01  2.548983E+02  -2.102288E-05  1.000000E+00  2.844943E-04  1.453067E-23  3.254199E-18   5.000000E-01 NotAppl  9.204031E+00  0.000000E+00  
1.477645E+01  7.887914E-01  -7.842166E-01  -4.843935E-10  1.000000E+00  1.692098E-02  4.091918E-44  5.802345E-24   5.000000E-01 NotAppl  1.952182E-18  3.250638E-16  
5.863517E+03  3.897327E+01  -3.893536E+01  -1.552917E-02  1.000000E+00  7.440710E-03  8.900380E-25  3.023026E-14   5.000000E-01 NotAppl  7.146366E-02  0.000000E+00  
4.868673E+01  2.576366E+02  -2.576363E+02  1.552044E+00  1.000000E+00  5.391521E-04  2.097243E-24  5.370524E-06   0.000000E+00 XENON1T_2018  2.735731E+01  4.998862E-01  
4.480937E+02  1.279700E-01  1.503919E+01  1.910724E+00  1.000000E+00  2.275807E-03  4.597969E-24  8.658836E-08   0.000000E+00 XENON1T_2018  5.330854E+00  0.000000E+00  
1.360002E+02  3.430071E-02  5.600577E+01  -8.452124E-04  1.000000E+00  4.529538E-03  1.308780E-24  1.948391E-13   5.000000E-01 NotAppl  5.124919E+00  0.000000E+00  
6.801961E+02  8.852522E-04  7.383234E-02  3.408047E-04  1.000000E+00  1.784735E-01  4.655721E-26  1.173444E-15   5.000000E-01 NotAppl  3.405574E-02  0.000000E+00  
5.296076E+03  1.300298E+00  -1.298816E+00  -1.095255E-03  1.000000E+00  3.378831E+00  1.779679E-27  1.849380E-16   5.000000E-01 NotAppl  1.588044E-04  0.000000E+00  
4.942842E+01  2.987396E-04  1.569186E-01  -2.403860E-10  1.000000E+00  1.444781E-03  6.000513E-44  1.249248E-25   5.000000E-01 NotAppl  7.684813E-19  5.050459E-17  
4.642303E+01  6.338209E+01  3.939424E+02  -2.685151E-01  1.000000E+00  4.400260E-02  5.233575E-26  1.771184E-07   0.000000E+00 XENON1T_2018  7.172388E-01  9.857065E-01  
5.151335E+03  7.460806E+01  -7.458917E+01  1.416759E-10  1.000000E+00  2.125700E-03  3.240857E-24  3.273805E-30   5.000000E-01 NotAppl  2.967370E-01  0.000000E+00  
7.217133E+01  1.424434E-04  4.293910E-02  -4.033858E-05  1.000000E+00  6.343762E-03  2.179651E-33  1.625071E-15   5.000000E-01 NotAppl  1.882934E-08  0.000000E+00  
1.178444E+01  1.065359E+01  -6.535326E+00  -4.660564E-08  1.000000E+00  1.447250E+01  3.516744E-40  8.402100E-20   5.000000E-01 NotAppl  2.180992E-14  2.126088E-12  
6.448437E+01  2.487159E-02  7.240513E+01  -1.640300E-05  1.000000E+00  4.515281E-03  9.501715E-33  3.381795E-16   5.000000E-01 NotAppl  9.272353E-08  0.000000E+00  
3.056888E+02  4.775089E+00  -4.003736E+00  -7.393280E-08  1.000000E+00  3.055880E-02  2.337385E-25  2.835771E-22   5.000000E-01 NotAppl  3.923760E-01  0.000000E+00  
5.926153E+02  1.651445E-03  -1.173963E-03  8.875769E-06  1.000000E+00  1.373206E-01  6.101085E-26  1.054894E-18   5.000000E-01 NotAppl  5.146774E-02  0.000000E+00  
8.607400E+03  1.332010E-01  -1.203113E-01  9.286152E-10  1.000000E+00  2.230147E+01  3.082566E-28  4.955887E-29   5.000000E-01 NotAppl  1.686971E-05  0.000000E+00  
8.847340E+01  1.339898E+00  -1.339286E+00  -2.859549E-03  1.000000E+00  6.549998E-03  7.389166E-25  5.384021E-12   5.000000E-01 NotAppl  4.661003E+00  0.000000E+00  
8.111056E+02  1.023077E+01  -1.015025E+01  4.021754E-09  1.000000E+00  6.985009E-02  9.336538E-26  1.140546E-25   5.000000E-01 NotAppl  5.688892E-02  0.000000E+00  
9.854292E+02  9.077265E-01  -6.288434E-01  -1.064114E-10  1.000000E+00  3.461168E-01  2.291599E-26  5.365598E-29   5.000000E-01 NotAppl  1.143606E-02  0.000000E+00  
8.687169E+03  9.492121E+02  -9.442388E+02  1.406038E+00  1.000000E+00  1.602036E-05  4.785659E-22  1.115086E-10   5.000000E-01 NotAppl  2.580751E+01  0.000000E+00  
6.565527E+03  7.605116E-04  -4.043325E-05  1.411444E-03  1.000000E+00  1.377961E+01  5.115731E-28  1.984587E-16   5.000000E-01 NotAppl  3.683192E-05  0.000000E+00  
5.687606E+02  1.260725E-04  5.082467E-04  -2.514786E-07  1.000000E+00  1.269745E-01  6.612004E-26  9.210359E-22   5.000000E-01 NotAppl  5.820126E-02  0.000000E+00  
4.123141E+01  2.596012E-03  2.248577E+02  3.669575E-01  1.000000E+00  2.064681E-04  6.195843E-26  4.211009E-07   0.000000E+00 XENON1T_2018  9.611966E-01  3.325670E-01  
6.501301E+02  4.752404E+02  -4.733880E+02  4.664925E-08  1.000000E+00  1.125773E-04  6.065375E-23  2.411369E-23   5.000000E-01 NotAppl  4.648940E+01  0.000000E+00  
1.900681E+03  6.138240E+00  4.445543E+01  9.695656E-09  1.000000E+00  7.123028E-03  7.005111E-25  1.166643E-25   5.000000E-01 NotAppl  1.811608E-01  0.000000E+00  
2.832567E+03  4.171186E-03  -2.278327E-03  -1.584296E-02  1.000000E+00  2.704298E+00  2.748826E-27  1.382097E-13   5.000000E-01 NotAppl  4.650198E-04  0.000000E+00  
2.470832E+01  9.817969E-02  1.760999E+02  -9.101996E-06  1.000000E+00  2.199796E-03  1.779495E-35  7.313497E-16   5.000000E-01 NotAppl  4.794733E-10  1.086943E-07  
4.804291E+02  7.393488E+01  -7.371346E+01  5.690001E-03  1.000000E+00  2.378749E-03  2.764299E-24  6.658705E-13   5.000000E-01 NotAppl  2.902353E+00  0.000000E+00  
2.438778E+03  1.450915E+02  1.626833E+02  -1.304375E-08  1.000000E+00  1.132297E-04  3.415275E-23  1.270684E-25   5.000000E-01 NotAppl  6.795508E+00  0.000000E+00  
2.901332E+03  1.420088E-02  -1.305020E-02  -3.147029E-07  1.000000E+00  2.836907E+00  2.613914E-27  5.193507E-23   5.000000E-01 NotAppl  4.314917E-04  0.000000E+00  
1.596030E+02  2.144132E-03  -2.024840E-03  -5.359708E-06  1.000000E+00  1.189116E-02  6.930281E-25  5.643538E-18   5.000000E-01 NotAppl  2.323444E+00  0.000000E+00  
3.889296E+01  1.709802E-04  5.180524E+00  3.808854E-05  1.000000E+00  4.315682E-05  5.686894E-34  5.108618E-15   5.000000E-01 NotAppl  9.375735E-09  1.331020E-06  
2.087819E+02  3.716362E-01  4.395346E+02  1.472655E-02  1.000000E+00  7.084891E-04  6.484796E-24  2.456915E-11   3.312552E-01 NotAppl  1.606045E+01  0.000000E+00  
1.728623E+02  1.774542E+02  -1.758212E+02  -1.190655E-04  1.000000E+00  9.610797E-04  5.270229E-24  2.364817E-15   5.000000E-01 NotAppl  1.663918E+01  0.000000E+00  
9.552197E+01  6.357168E+00  -6.220131E+00  -1.463291E-06  1.000000E+00  4.615884E-03  1.229648E-24  1.204877E-18   5.000000E-01 NotAppl  7.035856E+00  0.000000E+00  
8.660034E+02  3.320484E-04  7.542952E+00  2.529165E-05  1.000000E+00  1.394875E-01  4.417670E-26  3.945929E-18   5.000000E-01 NotAppl  2.533394E-02  0.000000E+00  
1.178141E+01  2.448666E-03  7.346915E+00  -2.707799E-06  1.000000E+00  5.345350E-04  1.187004E-36  2.837680E-16   5.000000E-01 NotAppl  7.363729E-11  9.510144E-09  
2.579827E+01  4.160094E-03  1.316924E-01  -3.390984E-04  1.000000E+00  2.642877E-03  2.545080E-32  9.303867E-13   5.000000E-01 NotAppl  6.532901E-07  1.495415E-04  
8.083558E+03  5.676095E-03  -4.979942E-03  1.717725E-04  1.000000E+00  2.064344E+01  3.375681E-28  1.926368E-18   5.000000E-01 NotAppl  1.968901E-05  0.000000E+00  
4.482306E+03  2.068872E-02  1.923314E-01  2.330344E-08  1.000000E+00  6.446128E+00  1.109303E-27  1.175302E-25   5.000000E-01 NotAppl  1.176368E-04  0.000000E+00  
1.349340E+01  4.861000E+01  1.763951E+02  5.080749E-10  1.000000E+00  3.891161E+06  4.379125E-44  7.643637E-24   5.000000E-01 NotAppl  2.319873E-18  5.955757E-17  
7.768377E+01  9.148146E-04  4.694784E-05  1.001694E+00  1.000000E+00  2.419139E-03  5.081813E-25  8.621911E-07   0.000000E+00 XENON1T_2018  4.093754E+00  0.000000E+00  
8.636028E+02  1.321676E-04  7.230890E-04  -3.598622E-10  1.000000E+00  2.811923E-01  2.907902E-26  8.033952E-28   5.000000E-01 NotAppl  1.662615E-02  0.000000E+00  
4.389138E+02  2.211536E-01  -2.115382E-01  -1.220653E-07  1.000000E+00  7.709479E-02  1.095773E-25  3.686708E-22   5.000000E-01 NotAppl  1.262076E-01  0.000000E+00  
4.796795E+03  5.619421E+02  -5.613485E+02  2.765517E-01  1.000000E+00  4.542203E-05  1.659503E-22  1.442040E-11   5.000000E-01 NotAppl  1.633433E+01  0.000000E+00  
2.320089E+01  1.927944E+02  -1.927913E+02  -1.269654E-06  1.000000E+00  2.848199E-02  3.332475E-37  1.615618E-17   5.000000E-01 NotAppl  9.603307E-12  2.138805E-09  
2.012638E+02  3.054085E+00  -3.051732E+00  2.596000E-09  1.000000E+00  1.570831E-02  4.821539E-25  8.230683E-25   5.000000E-01 NotAppl  1.251751E+00  0.000000E+00  
6.106434E+01  2.963122E+00  -2.955419E+00  5.833753E-04  1.000000E+00  6.601046E-03  2.414890E-29  4.780810E-13   5.000000E-01 NotAppl  2.491728E-04  1.035844E-04  
4.100024E+01  2.160918E-04  3.530576E+00  -1.431250E-06  1.000000E+00  1.621163E-04  9.260586E-37  6.479659E-18   5.000000E-01 NotAppl  1.444381E-11  1.996362E-09  
1.273588E+03  1.563686E+02  -4.058470E+01  2.595555E-01  1.000000E+00  2.192329E-04  1.666804E-23  1.891320E-10   2.297151E-01 NotAppl  6.397464E+00  0.000000E+00  
2.911986E+01  1.413360E+02  -6.021621E+01  -3.551199E-01  1.000000E+00  7.967161E-02  3.100440E-26  7.987714E-07   0.000000E+00 XENON1T_2018  6.963243E-01  9.937666E-01  
1.513438E+03  5.122272E+01  -1.705588E+01  2.619738E-06  1.000000E+00  2.881017E-03  1.809263E-24  1.355157E-20   5.000000E-01 NotAppl  5.812241E-01  0.000000E+00  
3.328294E+01  4.186928E-02  -4.163181E-02  4.644014E-03  1.000000E+00  1.431064E-03  6.258874E-30  1.042007E-10   2.005860E-06 LZ5Tmedian  1.217635E-04  2.356661E-02  
3.610333E+01  2.652528E+00  -2.621770E+00  2.329039E-10  1.000000E+00  4.083916E-04  1.807929E-44  2.221983E-25   5.000000E-01 NotAppl  3.224784E-19  5.735362E-17  
9.192735E+03  4.144257E+00  -4.143882E+00  -4.649979E+00  1.000000E+00  2.369733E-01  3.642735E-26  1.087252E-09   3.071927E-01 NotAppl  2.051521E-03  0.000000E+00  
2.580116E+02  2.367615E-02  1.490935E+02  2.937730E-07  1.000000E+00  1.488795E-03  3.231492E-24  6.336298E-21   5.000000E-01 NotAppl  6.453993E+00  0.000000E+00  
1.929992E+03  2.757918E-01  -2.731660E-01  9.608853E-09  1.000000E+00  1.282731E+00  5.937111E-27  1.110664E-25   5.000000E-01 NotAppl  1.486427E-03  0.000000E+00  
1.932809E+01  2.131444E-02  -2.121290E-02  -8.258873E-08  1.000000E+00  2.320196E-03  1.296607E-39  9.868062E-20   5.000000E-01 NotAppl  4.565650E-14  9.265678E-12  
1.744771E+02  2.629641E-04  3.390872E+00  3.986910E-06  1.000000E+00  1.253756E-02  6.039782E-25  2.601491E-18   5.000000E-01 NotAppl  1.847439E+00  0.000000E+00  
1.234184E+02  3.749226E+00  -3.748955E+00  1.458736E-09  1.000000E+00  6.493183E-03  1.048660E-24  7.081529E-25   5.000000E-01 NotAppl  4.583302E+00  0.000000E+00  
1.944613E+01  8.896399E+00  1.503676E+01  -4.855563E-07  1.000000E+00  1.304140E+01  4.492157E-38  3.369515E-18   5.000000E-01 NotAppl  1.571947E-12  7.550283E-11  
1.979009E+03  3.488505E+00  2.622348E+00  -3.518027E+00  1.000000E+00  1.763783E-02  6.218839E-25  1.414631E-08   1.437226E-31 LZ5Tmedian  1.640301E-01  0.000000E+00  
1.055893E+01  7.326030E-02  1.458655E-01  -1.457061E-10  1.000000E+00  8.091497E-04  3.276800E-45  1.018631E-24   5.000000E-01 NotAppl  2.312172E-19  2.988911E-17  
9.720051E+02  1.387239E-02  1.339429E-02  1.131058E-08  1.000000E+00  3.519696E-01  2.301660E-26  6.234075E-25   5.000000E-01 NotAppl  1.165000E-02  0.000000E+00  
7.273600E+02  3.482934E-04  5.451695E-03  6.774107E-05  1.000000E+00  2.028766E-01  4.079956E-26  4.042645E-17   5.000000E-01 NotAppl  2.784611E-02  0.000000E+00  
1.111160E+03  2.636209E+00  -2.633761E+00  5.662785E-07  1.000000E+00  3.389306E-01  2.174465E-26  1.189212E-21   5.000000E-01 NotAppl  9.586724E-03  0.000000E+00  
8.348653E+01  7.605625E+01  -7.605600E+01  1.579858E-10  1.000000E+00  6.002077E-03  6.883295E-25  1.850895E-26   5.000000E-01 NotAppl  4.653754E+00  0.000000E+00  
1.610902E+02  7.723542E+01  -7.253010E+01  -1.685725E-05  1.000000E+00  1.730962E-03  2.307188E-24  5.477542E-17   5.000000E-01 NotAppl  7.793314E+00  0.000000E+00  
9.114421E+02  4.546839E-04  1.925706E+02  1.814400E-07  1.000000E+00  6.154450E-04  8.017657E-24  1.829407E-22   5.000000E-01 NotAppl  4.411051E+00  0.000000E+00  
5.485742E+03  3.558672E+01  -3.370637E+01  -7.666636E-06  1.000000E+00  8.931969E-03  7.448056E-25  8.436111E-21   5.000000E-01 NotAppl  6.398294E-02  0.000000E+00  
2.556320E+03  1.483418E+02  -1.477951E+02  -3.965144E-09  1.000000E+00  5.739419E-04  1.224401E-23  1.066892E-26   5.000000E-01 NotAppl  2.289069E+00  0.000000E+00  
1.725382E+01  1.427824E+01  1.500846E+01  -1.375172E-05  1.000000E+00  8.074318E+03  3.456522E-35  3.433916E-15   5.000000E-01 NotAppl  1.382503E-09  4.148077E-08  
2.484343E+01  1.236105E+00  -1.218606E+00  1.157719E-03  1.000000E+00  1.194678E-02  2.889334E-31  1.170253E-11   2.970230E-01 NotAppl  7.739577E-06  1.702384E-03  
1.039869E+02  1.391101E+00  -1.068021E+00  -1.794045E-03  1.000000E+00  5.552433E-03  1.217054E-24  1.521814E-12   5.000000E-01 NotAppl  6.354918E+00  0.000000E+00  
9.323637E+03  4.151837E+00  2.117989E+01  -2.848953E-02  1.000000E+00  2.920235E-02  1.824311E-25  3.965793E-14   5.000000E-01 NotAppl  9.343116E-03  0.000000E