MD1           DMP           DM3           l345          ld           Omegah2       sigV          protonSI      PvalDD        expName      CMB_ID        brH_DMDM      
5.923160E+02  4.123492E+01  -4.123360E+01  -3.641088E-06  1.000000E+00  6.662699E-03  9.758374E-25  1.777105E-19   5.000000E-01 NotAppl  8.234550E-01  0.000000E+00  
5.339729E+03  7.227997E+00  3.007504E+01  2.367254E+00  1.000000E+00  1.055480E-02  6.384012E-25  8.496468E-10   2.046642E-01 NotAppl  5.761115E-02  0.000000E+00  
2.414778E+01  4.020209E-02  2.305434E-01  5.713324E-01  1.000000E+00  2.517028E-03  6.896010E-26  3.018078E-06   0.000000E+00 XENON1T_2018  1.906022E+00  2.498872E-01  
4.783022E+02  2.483702E-03  1.194981E-01  -3.941482E-09  1.000000E+00  9.111871E-02  9.270949E-26  3.224225E-25   5.000000E-01 NotAppl  9.766699E-02  0.000000E+00  
7.531770E+01  1.149580E-01  1.928621E-01  8.648051E-03  1.000000E+00  7.003552E-03  5.483475E-29  6.845622E-11   8.370760E-04 LZ5Tmedian  4.533400E-04  0.000000E+00  
4.321920E+03  1.195918E+00  6.457428E+01  -5.746688E-09  1.000000E+00  4.215050E-03  1.152334E-24  7.697102E-27   5.000000E-01 NotAppl  1.288532E-01  0.000000E+00  
2.196737E+02  7.888008E+01  5.050984E+02  -3.442389E-07  1.000000E+00  3.099022E-04  1.013507E-23  1.209635E-20   5.000000E-01 NotAppl  2.392233E+01  0.000000E+00  
1.509584E+02  4.149080E-01  -4.147590E-01  7.184678E-09  1.000000E+00  1.063819E-02  7.606036E-25  1.136731E-23   5.000000E-01 NotAppl  2.700176E+00  0.000000E+00  
9.618814E+03  1.643582E-02  6.424917E-01  8.196028E-10  1.000000E+00  1.537752E+01  3.558462E-28  3.080934E-29   5.000000E-01 NotAppl  1.749795E-05  0.000000E+00  
2.357677E+02  2.053448E-04  9.631175E-03  3.674802E-03  1.000000E+00  2.392413E-02  3.567900E-25  1.192586E-12   5.000000E-01 NotAppl  7.850996E-01  0.000000E+00  
2.002162E+02  2.161981E-03  -1.138136E-03  2.066042E-07  1.000000E+00  1.776574E-02  4.776354E-25  5.269257E-21   5.000000E-01 NotAppl  1.246519E+00  0.000000E+00  
4.554870E+03  4.731957E+01  1.291593E+02  -4.639484E-10  1.000000E+00  5.718279E-04  9.396876E-24  4.508848E-29   5.000000E-01 NotAppl  9.933512E-01  0.000000E+00  
1.480799E+01  1.418911E-03  2.152855E+02  1.828926E-02  1.000000E+00  7.910542E-04  5.837150E-29  8.236815E-09   2.253370E-143 LZ5Tmedian  2.778007E-03  1.939935E-01  
5.080294E+01  8.220312E-02  -7.164353E-02  -2.994964E-04  1.000000E+00  1.889744E-03  1.134845E-31  1.833743E-13   5.000000E-01 NotAppl  1.412051E-06  7.462242E-05  
2.442393E+02  6.036221E-03  2.838453E+02  8.090597E-03  1.000000E+00  7.768909E-04  6.105160E-24  5.377433E-12   5.000000E-01 NotAppl  1.288989E+01  0.000000E+00  
1.051443E+01  1.817764E-01  3.046798E+01  7.850144E-07  1.000000E+00  9.367838E-04  9.491608E-38  2.981292E-17   5.000000E-01 NotAppl  6.730823E-12  2.097855E-10  
2.969092E+02  1.203666E+01  -1.127256E+01  1.094872E-03  1.000000E+00  1.989549E-02  3.138488E-25  6.601439E-14   5.000000E-01 NotAppl  5.438075E-01  0.000000E+00  
3.924406E+03  4.461354E-01  -2.552928E-01  -3.575982E-08  1.000000E+00  4.612190E+00  1.557708E-27  3.626711E-25   5.000000E-01 NotAppl  1.889880E-04  0.000000E+00  
3.916357E+02  4.973433E+01  -4.966787E+01  9.076271E-02  1.000000E+00  4.143061E-03  1.557289E-24  2.573629E-10   1.706079E-03 LZ5Tmedian  2.026651E+00  0.000000E+00  
3.360438E+01  4.975272E+00  -4.969304E+00  9.134560E-01  1.000000E+00  2.880514E-03  2.413061E-25  3.953587E-06   0.000000E+00 XENON1T_2018  4.627020E+00  2.552623E-01  
3.775965E+03  3.091295E+02  -3.091276E+02  -1.016065E+00  1.000000E+00  1.449217E-04  5.054957E-23  3.166881E-10   4.336864E-01 NotAppl  6.345893E+00  0.000000E+00  
5.937100E+03  3.288436E+01  -3.282027E+01  7.193368E-10  1.000000E+00  1.031580E-02  6.358030E-25  6.324150E-29   5.000000E-01 NotAppl  5.040857E-02  0.000000E+00  
1.972516E+03  2.478690E-03  4.376684E+01  -8.450490E-02  1.000000E+00  9.250659E-03  4.968867E-25  8.217067E-12   5.000000E-01 NotAppl  1.237897E-01  0.000000E+00  
2.463131E+02  1.951350E-03  2.895481E-02  1.177722E+00  1.000000E+00  2.349599E-03  5.393391E-24  1.119895E-07   0.000000E+00 XENON1T_2018  1.159785E+01  0.000000E+00  
6.069268E+02  1.754707E-01  1.913635E+01  -4.166987E-01  1.000000E+00  3.235783E-02  1.725331E-25  2.214405E-09   2.870660E-16 LZ5Tmedian  1.494311E-01  0.000000E+00  
5.986286E+02  1.627309E-03  9.773311E-01  -6.636358E-04  1.000000E+00  1.375468E-01  6.010077E-26  5.776886E-15   5.000000E-01 NotAppl  5.017618E-02  0.000000E+00  
3.186490E+02  8.620487E+00  -7.721993E+00  1.582059E-05  1.000000E+00  2.665155E-02  2.458761E-25  1.192667E-17   5.000000E-01 NotAppl  3.955292E-01  0.000000E+00  
3.164554E+02  1.892923E+00  -1.884630E+00  -2.608464E-07  1.000000E+00  3.896450E-02  2.078381E-25  3.288408E-21   5.000000E-01 NotAppl  3.364400E-01  0.000000E+00  
1.154981E+02  4.597576E+00  -4.171531E+00  3.525618E+00  1.000000E+00  4.074682E-05  1.718812E-22  4.739096E-06   0.000000E+00 XENON1T_2018  8.101638E+02  0.000000E+00  
1.144421E+02  2.329782E+00  -2.328229E+00  8.972190E-05  1.000000E+00  6.190339E-03  1.139694E-24  3.127513E-15   5.000000E-01 NotAppl  5.388172E+00  0.000000E+00  
2.159648E+01  1.320476E-02  -1.306704E-02  -1.643305E-07  1.000000E+00  2.630341E-03  5.380007E-39  3.126427E-19   5.000000E-01 NotAppl  1.677260E-13  3.619846E-11  
5.714485E+03  1.632115E-01  4.352327E-02  1.834501E-07  1.000000E+00  1.008387E+01  7.024212E-28  4.445355E-24   5.000000E-01 NotAppl  5.822197E-05  0.000000E+00  
2.156583E+01  8.539649E+02  -8.539648E+02  1.737770E-03  1.000000E+00  3.577004E-02  6.012071E-31  3.506196E-11   4.678580E-02 LZ5Tmedian  1.877140E-05  4.017404E-03  
3.077424E+02  1.710142E-03  8.618242E-03  6.700905E-10  1.000000E+00  3.946502E-02  2.163240E-25  2.297786E-26   5.000000E-01 NotAppl  3.604732E-01  0.000000E+00  
6.623901E+02  7.420890E-04  1.595960E+01  -1.104187E-07  1.000000E+00  4.662495E-02  1.160174E-25  1.300403E-22   5.000000E-01 NotAppl  8.796801E-02  0.000000E+00  
1.539319E+03  2.232313E-01  2.279593E+02  -1.001046E-08  1.000000E+00  4.112942E-04  1.205589E-23  1.911467E-25   5.000000E-01 NotAppl  3.873235E+00  0.000000E+00  
2.478425E+02  1.188648E-04  2.687649E-01  2.433390E-01  1.000000E+00  1.606765E-02  6.298093E-25  4.720717E-09   2.618540E-79 LZ5Tmedian  1.345374E+00  0.000000E+00  
2.352358E+03  6.683782E-02  -4.425105E-02  3.553983E-01  1.000000E+00  9.403849E-01  9.748062E-27  1.015254E-10   5.000000E-01 NotAppl  2.060207E-03  0.000000E+00  
8.392431E+02  4.243357E-02  1.513740E+02  3.550191E-10  1.000000E+00  9.504579E-04  5.131289E-24  8.289665E-28   5.000000E-01 NotAppl  3.072247E+00  0.000000E+00  
4.772494E+02  1.077104E-03  2.840716E-03  -6.571104E-01  1.000000E+00  1.866712E-02  6.192773E-25  9.002030E-09   1.217741E-80 LZ5Tmedian  7.012655E-01  0.000000E+00  
8.210732E+01  1.514853E-01  -1.512886E-01  -1.599611E-04  1.000000E+00  6.279171E-03  4.844729E-25  1.963354E-14   5.000000E-01 NotAppl  3.361446E+00  0.000000E+00  
9.532308E+01  2.756555E+01  -2.756529E+01  -1.727366E-03  1.000000E+00  3.989848E-03  1.376239E-24  1.686186E-12   5.000000E-01 NotAppl  7.904844E+00  0.000000E+00  
5.441523E+01  7.873258E+00  -1.413049E+00  -9.310274E-09  1.000000E+00  1.979400E-02  2.156261E-40  1.540511E-22   5.000000E-01 NotAppl  2.505461E-15  4.232640E-14  
4.936689E+02  4.783587E-01  8.195752E-01  -2.819431E-02  1.000000E+00  9.298515E-02  8.725737E-26  1.546467E-11   5.000000E-01 NotAppl  8.901194E-02  0.000000E+00  
2.759631E+02  6.226956E-01  -6.212621E-01  -1.173907E-08  1.000000E+00  3.154747E-02  2.661613E-25  8.815505E-24   5.000000E-01 NotAppl  4.969030E-01  0.000000E+00  
4.465648E+01  2.878931E+02  -2.878687E+02  1.732689E-02  1.000000E+00  3.245729E-05  1.830220E-28  7.981307E-10   1.885163E-45 LZ5Tmedian  2.605203E-03  1.872680E-01  
5.964816E+01  1.749845E+01  -1.749473E+01  3.372836E-02  1.000000E+00  4.540915E-04  2.090214E-26  1.676448E-09   1.791585E-86 LZ5Tmedian  2.209092E-01  2.462801E-01  
2.586847E+03  2.445402E+00  -1.398356E+00  -1.654174E-01  1.000000E+00  1.219586E+00  4.868887E-27  1.812452E-11   5.000000E-01 NotAppl  9.129231E-04  0.000000E+00  
5.652116E+01  5.679713E-04  8.458456E-01  1.043705E-01  1.000000E+00  2.896091E-03  4.784572E-26  1.791693E-08   0.000000E+00 XENON1T_2018  5.344606E-01  2.415583E-01  
1.719287E+03  3.286668E-01  -2.906194E-01  2.056612E-06  1.000000E+00  1.027444E+00  7.481753E-27  6.439748E-21   5.000000E-01 NotAppl  2.108610E-03  0.000000E+00  
2.987350E+01  4.909656E+01  3.641754E+02  -7.671279E-09  1.000000E+00  1.022969E+06  1.486326E-41  3.539509E-22   5.000000E-01 NotAppl  3.249780E-16  7.386703E-14  
2.605294E+01  6.050385E-01  -6.045459E-01  -3.409693E+00  1.000000E+00  4.693038E-03  5.648881E-25  9.222043E-05   0.000000E+00 XENON1T_2018  1.446152E+01  2.506963E-01  
4.044869E+03  1.466942E+01  -1.047940E+00  -2.585981E-10  1.000000E+00  4.155784E-02  1.778805E-25  1.783460E-29   5.000000E-01 NotAppl  2.095028E-02  0.000000E+00  
3.905159E+02  1.919916E+02  -1.874384E+02  -1.357172E-02  1.000000E+00  4.440360E-04  1.225831E-23  5.788231E-12   5.000000E-01 NotAppl  1.599426E+01  0.000000E+00  
3.813465E+02  3.082825E-02  1.188889E+02  -1.380148E-07  1.000000E+00  1.725375E-03  2.791952E-24  6.284124E-22   5.000000E-01 NotAppl  3.744906E+00  0.000000E+00  
1.356741E+03  6.809915E+01  -3.085050E+01  -5.975107E-09  1.000000E+00  1.606937E-03  2.966482E-24  8.809826E-26   5.000000E-01 NotAppl  1.065274E+00  0.000000E+00  
3.953942E+01  4.625437E-03  7.132725E+02  1.017491E-04  1.000000E+00  3.557830E-05  4.231332E-33  3.525509E-14   5.000000E-01 NotAppl  6.855945E-08  1.145259E-05  
2.921657E+01  9.541991E-03  -9.026381E-03  -1.432747E-02  1.000000E+00  2.747342E-03  5.064033E-29  1.291507E-09   4.238594E-67 LZ5Tmedian  1.133183E-03  1.273589E-01  
1.814106E+01  7.272541E-04  3.175007E-01  2.069296E-08  1.000000E+00  1.405994E-03  7.956901E-41  7.033543E-21   5.000000E-01 NotAppl  3.008271E-15  5.852010E-13  
4.138796E+02  2.828747E-02  -2.765876E-02  7.389550E-06  1.000000E+00  6.924664E-02  1.226966E-25  1.523608E-18   5.000000E-01 NotAppl  1.502196E-01  0.000000E+00  
4.193642E+03  1.320598E+01  3.403651E+01  5.891832E-02  1.000000E+00  8.241005E-03  7.082514E-25  8.602138E-13   5.000000E-01 NotAppl  8.139432E-02  0.000000E+00  
2.052554E+01  1.480675E-01  3.577917E+00  -4.964137E-05  1.000000E+00  1.956952E-03  4.798593E-34  3.160029E-14   5.000000E-01 NotAppl  1.580932E-08  3.190980E-06  
2.865445E+03  4.930249E-04  2.464653E+01  3.996193E-08  1.000000E+00  2.768106E-02  1.652621E-25  8.589258E-25   5.000000E-01 NotAppl  2.807505E-02  0.000000E+00  
9.891740E+01  4.711666E+02  -4.706860E+02  1.657295E-08  1.000000E+00  2.038531E-03  2.443308E-24  1.438759E-22   5.000000E-01 NotAppl  1.357539E+01  0.000000E+00  
7.326847E+01  4.346810E-01  -4.140856E-01  -4.280024E-07  1.000000E+00  7.775607E-03  1.951892E-37  1.773945E-19   5.000000E-01 NotAppl  1.660197E-12  0.000000E+00  
4.374961E+02  1.966004E-02  6.702910E+00  4.929269E-05  1.000000E+00  5.983841E-02  1.226941E-25  6.051930E-17   5.000000E-01 NotAppl  1.419136E-01  0.000000E+00  
2.717116E+01  5.581767E-01  -5.511722E-01  -9.274520E-08  1.000000E+00  5.594133E-03  1.983179E-39  6.267596E-20   5.000000E-01 NotAppl  4.810988E-14  1.103426E-11  
1.778534E+01  2.605790E-04  1.293769E+01  1.838638E+00  1.000000E+00  1.047552E-03  4.934674E-25  5.777328E-05   0.000000E+00 XENON1T_2018  1.911759E+01  2.544603E-01  
6.136472E+01  7.729793E-01  -7.727231E-01  -6.062588E-07  1.000000E+00  4.067843E-03  4.152107E-35  5.111783E-19   5.000000E-01 NotAppl  4.262847E-10  9.929524E-11  
8.028247E+01  3.568982E-02  -2.162777E-02  3.463893E-02  1.000000E+00  6.246988E-03  4.311466E-28  9.639725E-10   2.708834E-42 LZ5Tmedian  3.337688E-03  0.000000E+00  
3.490711E+02  6.467496E-04  1.615442E-02  -4.757660E-01  1.000000E+00  1.570022E-02  7.067221E-25  8.949282E-09   2.851469E-108 LZ5Tmedian  1.107206E+00  0.000000E+00  
9.375133E+02  5.531485E-02  -5.109596E-02  -3.680223E-10  1.000000E+00  3.285567E-01  2.472419E-26  7.105340E-28   5.000000E-01 NotAppl  1.298901E-02  0.000000E+00  
1.962342E+03  2.765255E-01  1.032673E+00  -6.059263E-06  1.000000E+00  1.171422E+00  6.209101E-27  4.269418E-20   5.000000E-01 NotAppl  1.530286E-03  0.000000E+00  
3.948770E+03  6.007110E-04  3.500917E-01  1.171467E-01  1.000000E+00  4.302741E+00  1.743398E-27  3.843393E-12   5.000000E-01 NotAppl  2.119609E-04  0.000000E+00  
2.497050E+02  1.020360E+02  -1.019697E+02  3.434248E-01  1.000000E+00  1.057839E-03  6.169097E-24  9.259490E-09   8.819171E-154 LZ5Tmedian  1.292659E+01  0.000000E+00  
1.861648E+03  6.026313E+01  -6.025694E+01  -9.748687E-04  1.000000E+00  3.252352E-03  2.076825E-24  1.230383E-15   5.000000E-01 NotAppl  5.374112E-01  0.000000E+00  
1.453127E+01  1.108176E+00  2.306780E+01  3.325522E-06  1.000000E+00  1.673165E-02  1.919053E-36  2.827220E-16   5.000000E-01 NotAppl  9.333214E-11  4.854980E-09  
1.048851E+03  1.604458E-04  5.027490E+01  1.061916E-06  1.000000E+00  7.022006E-03  6.678288E-25  4.704677E-21   5.000000E-01 NotAppl  3.179437E-01  0.000000E+00  
4.000446E+03  4.897848E+00  1.141933E+02  -2.928509E-03  1.000000E+00  1.331993E-03  3.731059E-24  2.339169E-15   5.000000E-01 NotAppl  4.512251E-01  0.000000E+00  
8.809329E+01  1.766049E-02  4.609900E+01  6.431693E-01  1.000000E+00  6.847077E-04  1.223101E-23  2.747858E-07   0.000000E+00 XENON1T_2018  7.752185E+01  0.000000E+00  
9.337853E+02  1.024370E-02  2.666035E+01  4.797689E-02  1.000000E+00  2.200265E-02  2.222992E-25  1.217401E-11   5.000000E-01 NotAppl  1.190939E-01  0.000000E+00  
9.983841E+02  5.190673E+01  -4.902417E+01  -2.597975E-01  1.000000E+00  4.710850E-03  1.305348E-24  3.114103E-10   4.586090E-02 LZ5Tmedian  6.417819E-01  0.000000E+00  
7.430872E+01  6.843459E+02  -6.841858E+02  5.349598E-07  1.000000E+00  1.899927E-02  2.502069E-37  2.692673E-19   5.000000E-01 NotAppl  2.113096E-12  0.000000E+00  
4.377320E+03  1.351478E+01  -1.347066E+01  -6.817024E-04  1.000000E+00  5.672716E-02  1.086378E-25  1.055436E-16   5.000000E-01 NotAppl  1.173526E-02  0.000000E+00  
1.829537E+03  8.624984E-01  -8.480103E-01  1.549029E-10  1.000000E+00  1.068868E+00  6.993429E-27  3.218597E-29   5.000000E-01 NotAppl  1.849023E-03  0.000000E+00  
1.046651E+01  3.626956E+02  -3.626721E+02  1.302917E-02  1.000000E+00  2.024120E-01  2.608670E-29  8.286323E-09   3.759587E-40 LZ5Tmedian  1.859885E-03  1.617030E-01  
5.841932E+01  2.029107E-01  -2.027019E-01  -4.955227E-05  1.000000E+00  4.081958E-03  2.246776E-32  3.775480E-15   5.000000E-01 NotAppl  2.426386E-07  1.245887E-06  
3.725823E+03  7.580405E+00  -7.552778E+00  4.242723E-04  1.000000E+00  1.680764E-01  3.545953E-26  5.674006E-17   5.000000E-01 NotAppl  4.513596E-03  0.000000E+00  
4.854600E+01  3.102580E+01  -2.954145E+01  1.069590E-01  1.000000E+00  1.347373E-03  1.059093E-26  2.565691E-08   0.000000E+00 XENON1T_2018  1.385624E-01  4.673803E-01  
6.811225E+03  9.292936E-01  1.630069E-01  -6.317860E-08  1.000000E+00  5.242546E+00  1.307590E-27  3.690313E-25   5.000000E-01 NotAppl  9.085925E-05  0.000000E+00  
4.434694E+01  3.422211E-04  5.862471E+01  2.967834E-03  1.000000E+00  1.999164E-04  5.220421E-30  2.374987E-11   4.654164E-02 LZ5Tmedian  7.502309E-05  8.636011E-03  
3.352189E+03  5.206721E-01  2.288154E+00  -5.115810E-07  1.000000E+00  1.336890E+00  4.248220E-27  1.022845E-22   5.000000E-01 NotAppl  6.100205E-04  0.000000E+00  
1.520337E+02  1.128282E-01  5.407867E+01  -9.851170E-06  1.000000E+00  4.821852E-03  1.204233E-24  2.106200E-17   5.000000E-01 NotAppl  4.194396E+00  0.000000E+00  
1.133182E+02  1.194456E-02  -1.054248E-02  -2.897815E-02  1.000000E+00  7.274330E-03  9.959988E-25  3.329131E-10   7.914895E-12 LZ5Tmedian  4.755340E+00  0.000000E+00  
2.238061E+03  3.179670E+02  -3.168999E+02  3.837222E-04  1.000000E+00  1.399951E-04  5.152115E-23  1.309901E-16   5.000000E-01 NotAppl  1.103690E+01  0.000000E+00  
1.812037E+02  1.842589E-02  -1.653847E-02  -8.126679E-04  1.000000E+00  1.485848E-02  5.680545E-25  1.000238E-13   5.000000E-01 NotAppl  1.645610E+00  0.000000E+00  
2.148240E+02  3.043785E-03  1.135349E+01  -7.536224E-03  1.000000E+00  1.542139E-02  4.546798E-25  6.068867E-12   5.000000E-01 NotAppl  1.101838E+00  0.000000E+00  
1.827310E+02  5.870970E-04  6.831787E-03  -1.277956E-07  1.000000E+00  1.507317E-02  5.605435E-25  2.431297E-21   5.000000E-01 NotAppl  1.609805E+00  0.000000E+00  
6.943146E+02  1.414533E-01  1.201798E+01  3.306979E-01  1.000000E+00  4.120281E-02  1.877001E-25  1.059456E-09   3.049271E-07 LZ5Tmedian  1.378941E-01  0.000000E+00  
3.796879E+01  3.096908E+01  -3.096706E+01  -1.530564E-05  1.000000E+00  1.581561E-03  8.674314E-35  8.662516E-16   5.000000E-01 NotAppl  1.466716E-09  2.659158E-07  
8.555470E+03  9.589690E-04  7.750449E-02  -3.613456E-05  1.000000E+00  2.282241E+01  3.030136E-28  7.596834E-20   5.000000E-01 NotAppl  1.668920E-05  0.000000E+00  
1.221056E+01  6.394632E+02  -5.597000E+02  -2.304277E+00  1.000000E+00  3.804313E-03  8.369262E-25  1.915167E-04   0.000000E+00 XENON1T_2018  4.979951E+01  9.998655E-01  
2.930147E+02  3.858733E+00  -3.856899E+00  7.547103E-01  1.000000E+00  4.851303E-03  2.011984E-24  3.222664E-08   0.000000E+00 LZ5Tmedian  3.639618E+00  0.000000E+00  
5.625648E+03  2.643724E+00  -2.643554E+00  2.287263E-03  1.000000E+00  1.183653E+00  4.841484E-27  7.134004E-16   5.000000E-01 NotAppl  4.057358E-04  0.000000E+00  
9.338011E+01  3.840366E+01  -3.840273E+01  -2.943172E-08  1.000000E+00  3.891548E-03  1.366799E-24  5.106214E-22   5.000000E-01 NotAppl  8.042585E+00  0.000000E+00  
1.210814E+01  5.021529E-03  -4.893828E-03  -2.622891E-04  1.000000E+00  1.003205E-03  1.125247E-32  2.522927E-12   5.000000E-01 NotAppl  6.760533E-07  9.637278E-05  
3.157545E+02  2.193739E-03  1.518267E+01  9.226626E-03  1.000000E+00  2.407942E-02  2.711260E-25  4.133078E-12   5.000000E-01 NotAppl  4.401162E-01  0.000000E+00  
6.012440E+01  3.940329E+02  -3.836315E+02  -4.377209E-09  1.000000E+00  2.679074E-01  5.036148E-40  2.778096E-23   5.000000E-01 NotAppl  5.279134E-15  7.476200E-15  
1.137224E+03  1.387809E+00  4.434507E+01  3.892510E-02  1.000000E+00  8.342491E-03  5.720190E-25  5.359332E-12   5.000000E-01 NotAppl  2.506069E-01  0.000000E+00  
1.568736E+03  3.001498E+01  -2.990469E+01  -2.184751E+00  1.000000E+00  1.630603E-02  3.003168E-25  8.759926E-09   8.722588E-25 LZ5Tmedian  1.030952E-01  0.000000E+00  
2.330780E+01  4.152485E-04  2.234140E+01  -3.007552E-09  1.000000E+00  1.688970E-03  1.874852E-42  8.981966E-23   5.000000E-01 NotAppl  5.380032E-17  3.246178E-15  
9.654666E+03  1.039759E-02  3.615934E-02  2.367387E-05  1.000000E+00  2.904508E+01  2.373138E-28  2.551136E-20   5.000000E-01 NotAppl  1.156711E-05  0.000000E+00  
8.775121E+03  3.707369E-01  6.830393E+00  -3.369163E-06  1.000000E+00  3.128599E-01  1.436064E-26  6.272980E-22   5.000000E-01 NotAppl  7.825711E-04  0.000000E+00  
2.066083E+02  7.358454E+02  -7.358092E+02  7.874607E-10  1.000000E+00  3.926648E-04  1.624058E-23  7.177280E-26   5.000000E-01 NotAppl  4.144432E+01  0.000000E+00  
3.600566E+02  7.633872E+01  -7.098441E+01  -3.589403E-03  1.000000E+00  1.811675E-03  2.760938E-24  4.780803E-13   5.000000E-01 NotAppl  3.922232E+00  0.000000E+00  
2.724551E+02  2.598426E-04  2.629801E-01  6.570817E-02  1.000000E+00  2.931304E-02  2.997051E-25  2.835292E-10   4.825108E-05 LZ5Tmedian  5.692137E-01  0.000000E+00  
2.317618E+02  1.774427E-04  2.440052E+02  -1.469314E-07  1.000000E+00  9.490598E-04  4.985016E-24  1.974690E-21   5.000000E-01 NotAppl  1.110270E+01  0.000000E+00  
1.418891E+01  3.152123E-03  1.224503E+00  -2.502553E-08  1.000000E+00  7.564734E-04  1.079015E-40  1.678636E-20   5.000000E-01 NotAppl  5.392295E-15  8.693971E-13  
1.817234E+01  7.764667E-02  1.367077E+01  -2.725087E-09  1.000000E+00  1.396908E-03  1.380750E-42  1.215605E-22   5.000000E-01 NotAppl  5.210154E-17  6.050570E-15  
2.962301E+01  3.399153E-03  -2.759550E-03  1.000237E-06  1.000000E+00  2.638021E-03  2.504178E-37  6.120936E-18   5.000000E-01 NotAppl  5.526118E-12  1.258406E-09  
3.950879E+01  1.948713E-04  2.966581E-03  -8.823484E-07  1.000000E+00  3.221632E-05  3.175560E-37  2.655372E-18   5.000000E-01 NotAppl  5.139314E-12  8.617169E-10  
5.770893E+03  2.951284E-02  6.962026E-02  7.002658E-08  1.000000E+00  1.065442E+01  6.651788E-28  6.349300E-25   5.000000E-01 NotAppl  5.458473E-05  0.000000E+00  
5.709019E+01  1.117763E+02  -1.117634E+02  7.769769E-10  1.000000E+00  4.722939E-03  3.209615E-42  9.728613E-25   5.000000E-01 NotAppl  3.548865E-17  3.510438E-16  
6.203186E+02  3.215565E-03  8.839489E-03  8.383788E-04  1.000000E+00  1.498138E-01  5.579165E-26  8.572731E-15   5.000000E-01 NotAppl  4.489067E-02  0.000000E+00  
3.668076E+02  7.535922E-03  -7.272948E-03  3.306763E-10  1.000000E+00  5.504431E-02  1.547933E-25  3.906160E-27   5.000000E-01 NotAppl  2.148837E-01  0.000000E+00  
3.823352E+01  7.745987E-02  -7.002626E-02  -1.016346E+00  1.000000E+00  6.060025E-05  3.750117E-25  3.766100E-06   0.000000E+00 XENON1T_2018  6.301498E+00  2.501574E-01  
8.386388E+02  3.607720E-01  6.867723E+02  1.240109E-06  1.000000E+00  9.521538E-05  5.392913E-23  1.012960E-20   5.000000E-01 NotAppl  3.231574E+01  0.000000E+00  
1.087730E+02  2.698538E+01  -1.291735E+01  -9.513996E-09  1.000000E+00  2.027060E-03  1.527125E-24  3.902661E-23   5.000000E-01 NotAppl  7.627089E+00  0.000000E+00  
1.009717E+01  1.513833E-04  6.877276E-05  1.089092E-08  1.000000E+00  7.071261E-04  1.788435E-41  6.210533E-21   5.000000E-01 NotAppl  1.330165E-15  1.672058E-13  
2.492044E+01  2.009979E+02  -2.009287E+02  7.566565E-10  1.000000E+00  2.231330E-02  1.236707E-43  4.967739E-24   5.000000E-01 NotAppl  3.299057E-18  7.502183E-16  
1.440457E+01  4.537554E+02  -4.537271E+02  1.618941E-08  1.000000E+00  1.008878E-01  4.536135E-41  6.817927E-21   5.000000E-01 NotAppl  2.227870E-15  3.644203E-13  
1.572433E+02  1.408586E-02  2.146180E+00  -3.919323E-04  1.000000E+00  1.074151E-02  7.155198E-25  3.111372E-14   5.000000E-01 NotAppl  2.435203E+00  0.000000E+00  
4.609232E+02  1.417564E-02  -1.343269E-02  5.521457E-09  1.000000E+00  8.503097E-02  9.960680E-26  6.824834E-25   5.000000E-01 NotAppl  1.090429E-01  0.000000E+00  
3.319554E+02  1.372114E+02  2.350942E+02  -9.070452E-04  1.000000E+00  1.848500E-04  1.788988E-23  3.605423E-14   5.000000E-01 NotAppl  2.765897E+01  0.000000E+00  
2.348737E+01  5.095873E-03  5.392943E+00  -7.083721E-05  1.000000E+00  1.732131E-03  1.044658E-33  4.906274E-14   5.000000E-01 NotAppl  2.970534E-08  5.951813E-06  
3.974621E+03  1.359276E-02  1.215628E-01  -7.173890E-03  1.000000E+00  5.180841E+00  1.397865E-27  1.422326E-14   5.000000E-01 NotAppl  1.674787E-04  0.000000E+00  
3.874627E+02  1.883226E-02  6.241471E+00  -4.831523E-06  1.000000E+00  4.984951E-02  1.504219E-25  7.454525E-19   5.000000E-01 NotAppl  1.973630E-01  0.000000E+00  
4.733190E+03  8.913399E-03  1.633787E+01  1.281869E+00  1.000000E+00  4.806814E-02  1.257539E-25  3.183462E-10   5.000000E-01 NotAppl  1.289454E-02  0.000000E+00  
1.210793E+02  2.872984E-04  5.530885E-03  2.423786E-04  1.000000E+00  7.544613E-03  1.051055E-24  2.033283E-14   5.000000E-01 NotAppl  4.686265E+00  0.000000E+00  
1.757158E+02  8.857539E+02  -8.855476E+02  3.264742E-08  1.000000E+00  5.186339E-04  1.137594E-23  1.719293E-22   5.000000E-01 NotAppl  3.537437E+01  0.000000E+00  
2.352082E+01  2.191484E-01  5.731646E-03  -8.962289E-04  1.000000E+00  3.755993E-03  1.673582E-31  7.831076E-12   4.652378E-01 NotAppl  4.755428E-06  1.060669E-03  
1.193902E+01  4.612982E+00  4.762895E+02  1.097225E+00  1.000000E+00  1.539994E-02  1.924062E-25  4.539047E-05   0.000000E+00 XENON1T_2018  1.175900E+01  3.354067E-01  
1.165464E+03  1.038238E-04  6.877735E-03  2.735328E-01  1.000000E+00  3.112421E-01  2.972735E-26  2.517287E-10   1.179299E-01 NotAppl  1.283786E-02  0.000000E+00  
1.269657E+03  7.251899E-03  -5.920273E-03  2.041830E-02  1.000000E+00  5.823269E-01  1.362540E-26  1.177830E-12   5.000000E-01 NotAppl  5.241217E-03  0.000000E+00  
2.070741E+01  4.458586E+01  3.399521E+01  -1.346418E-07  1.000000E+00  1.969013E+06  3.543242E-39  2.283854E-19   5.000000E-01 NotAppl  1.156659E-13  2.444882E-11  
2.073874E+02  2.552540E+01  -2.551553E+01  2.232176E-09  1.000000E+00  7.904747E-03  7.673598E-25  5.722812E-25   5.000000E-01 NotAppl  1.939028E+00  0.000000E+00  
3.628523E+02  1.793818E-04  1.671562E+00  -8.819929E-02  1.000000E+00  5.001654E-02  1.675343E-25  2.841261E-10   5.134703E-04 LZ5Tmedian  2.369025E-01  0.000000E+00  
5.746370E+01  1.482224E-04  3.284904E-01  2.093949E-05  1.000000E+00  3.508649E-03  2.674278E-33  6.972519E-16   5.000000E-01 NotAppl  2.937567E-08  2.460881E-07  
2.101223E+02  1.887147E+02  -1.884002E+02  7.855788E-08  1.000000E+00  8.630703E-04  7.210751E-24  6.900374E-22   5.000000E-01 NotAppl  1.806861E+01  0.000000E+00  
1.396795E+02  6.891638E-02  4.995221E-01  1.288111E-01  1.000000E+00  6.963497E-03  1.330252E-24  4.284343E-09   1.172235E-120 LZ5Tmedian  5.142146E+00  0.000000E+00  
8.695336E+01  3.419680E+00  6.499359E-01  -1.136669E-10  1.000000E+00  4.795767E-03  7.438880E-25  8.814626E-27   5.000000E-01 NotAppl  4.775123E+00  0.000000E+00  
7.127669E+03  1.443704E+00  2.631328E+01  -2.633960E-05  1.000000E+00  2.317880E-02  2.089187E-25  5.848874E-20   5.000000E-01 NotAppl  1.405839E-02  0.000000E+00  
5.141128E+03  1.953820E+01  -1.890678E+01  -1.184269E-02  1.000000E+00  2.838765E-02  2.247494E-25  2.296746E-14   5.000000E-01 NotAppl  2.061972E-02  0.000000E+00  
1.370949E+02  2.093583E+01  7.451126E+00  2.263961E+00  1.000000E+00  5.104235E-06  7.470883E-22  1.375132E-06   0.000000E+00 XENON1T_2018  3.393473E+03  0.000000E+00  
6.746122E+01  1.801096E-02  1.123574E+02  -1.919342E-10  1.000000E+00  4.904919E-03  1.996009E-43  4.222713E-26   5.000000E-01 NotAppl  1.860214E-18  0.000000E+00  
2.540730E+01  1.270791E-03  1.043088E-01  3.089874E-03  1.000000E+00  2.649688E-03  2.090052E-30  7.966797E-11   2.139880E-04 LZ5Tmedian  5.461697E-05  1.185091E-02  
7.083673E+01  7.784930E+02  -7.784658E+02  3.127282E-09  1.000000E+00  1.573054E-02  1.793030E-41  1.014661E-23   5.000000E-01 NotAppl  1.589608E-16  0.000000E+00  
1.145307E+02  1.779785E+02  -1.642470E+02  -2.390336E-09  1.000000E+00  9.987929E-04  3.031548E-24  2.216313E-24   5.000000E-01 NotAppl  1.450898E+01  0.000000E+00  
5.270149E+01  1.737774E-04  1.558714E+02  6.182246E-05  1.000000E+00  2.611901E-03  6.665728E-33  7.250506E-15   5.000000E-01 NotAppl  8.008294E-08  2.934828E-06  
8.276468E+02  1.372827E-03  1.150538E-02  -2.949940E-10  1.000000E+00  2.593579E-01  3.162691E-26  5.888452E-28   5.000000E-01 NotAppl  1.889290E-02  0.000000E+00  
6.422994E+01  7.287028E+00  -7.250475E+00  1.085476E-05  1.000000E+00  9.776512E-03  5.494456E-33  1.492953E-16   5.000000E-01 NotAppl  5.383053E-08  0.000000E+00  
1.505881E+02  7.590933E-03  2.496916E+00  -1.139858E+00  1.000000E+00  1.579319E-04  7.739359E-23  2.875619E-07   0.000000E+00 XENON1T_2018  3.191381E+02  0.000000E+00  
9.668347E+01  5.697642E-04  2.958936E+02  3.417455E-10  1.000000E+00  3.433864E-03  1.342172E-24  6.411039E-26   5.000000E-01 NotAppl  7.552174E+00  0.000000E+00  
1.558082E+01  1.601001E-04  3.976970E+02  5.124693E-09  1.000000E+00  8.591178E-04  4.652582E-42  5.844636E-22   5.000000E-01 NotAppl  2.088316E-16  3.633021E-14  
1.640215E+01  1.867882E-04  2.096576E-03  -6.273088E-02  1.000000E+00  1.617169E-03  7.079740E-28  7.905432E-08   0.000000E+00 XENON1T_2018  2.998284E-02  2.389960E-01  
1.607269E+03  1.476296E+00  7.811087E+02  1.408189E-10  1.000000E+00  5.237792E-05  9.895439E-23  3.463636E-29   5.000000E-01 NotAppl  3.041265E+01  0.000000E+00  
1.219289E+01  1.387127E-02  9.102344E+00  -5.055204E-06  1.000000E+00  5.977191E-04  4.190525E-36  9.243870E-16   5.000000E-01 NotAppl  2.497722E-10  3.125436E-08  
3.448473E+01  3.250984E+01  -2.343574E+01  -3.527147E-04  1.000000E+00  1.334980E-01  3.818280E-32  5.593383E-13   5.000000E-01 NotAppl  7.150515E-07  9.381616E-05  
8.804856E+02  8.960660E-04  1.095048E+01  -4.903299E-02  1.000000E+00  9.542329E-02  5.587059E-26  1.433718E-11   5.000000E-01 NotAppl  3.160186E-02  0.000000E+00  
2.039027E+03  2.872096E+00  7.480719E+01  4.513391E-06  1.000000E+00  3.048366E-03  1.576747E-24  2.190854E-20   5.000000E-01 NotAppl  3.796899E-01  0.000000E+00  
1.008809E+01  3.087743E+01  -3.067010E+01  -8.377438E-03  1.000000E+00  2.398060E-01  1.057672E-29  3.681159E-09   2.245274E-15 LZ5Tmedian  7.876083E-04  1.754747E-02  
7.731080E+01  3.273427E+02  -3.273201E+02  -2.244387E+00  1.000000E+00  1.052718E-03  2.700159E-24  4.371186E-06   0.000000E+00 XENON1T_2018  2.191014E+01  0.000000E+00  
1.122329E+02  1.468951E-02  -6.476275E-03  3.438915E-03  1.000000E+00  6.698595E-03  1.165212E-24  4.781895E-12   5.000000E-01 NotAppl  5.618776E+00  0.000000E+00  
1.378600E+03  4.619102E-03  2.726227E-01  3.059463E-10  1.000000E+00  6.803936E-01  1.152925E-26  2.235675E-28   5.000000E-01 NotAppl  4.075939E-03  0.000000E+00  
2.048395E+01  3.072642E-04  1.555176E-03  7.452560E-04  1.000000E+00  2.317557E-03  1.080597E-31  7.151276E-12   5.000000E-01 NotAppl  3.570095E-06  7.472999E-04  
9.575052E+03  1.428087E+00  -1.419081E+00  1.885182E-07  1.000000E+00  3.866030E+00  1.445243E-27  1.645140E-24   5.000000E-01 NotAppl  7.070511E-05  0.000000E+00  
1.389259E+03  7.164542E+01  -7.164499E+01  2.189298E-10  1.000000E+00  2.367326E-03  2.875627E-24  1.126953E-28   5.000000E-01 NotAppl  1.005176E+00  0.000000E+00  
3.110011E+03  2.449247E-01  5.463346E+02  -1.530743E-02  1.000000E+00  7.677553E-05  6.724030E-23  1.066752E-13   5.000000E-01 NotAppl  1.050809E+01  0.000000E+00  
6.166263E+03  4.166211E-01  -4.162884E-01  -1.443111E-04  1.000000E+00  9.839297E+00  6.822606E-28  2.356733E-18   5.000000E-01 NotAppl  5.230209E-05  0.000000E+00  
2.172649E+03  2.609691E+02  -2.114931E+02  4.138921E-07  1.000000E+00  1.353441E-04  3.615450E-23  1.618902E-22   5.000000E-01 NotAppl  7.987203E+00  0.000000E+00  
3.772505E+03  4.192437E-02  2.951335E-02  -1.325318E-08  1.000000E+00  4.699688E+00  1.550000E-27  5.398079E-26   5.000000E-01 NotAppl  1.957938E-04  0.000000E+00  
1.412902E+01  1.730672E-04  3.493975E+01  1.993985E-01  1.000000E+00  7.236515E-04  6.842047E-27  1.074677E-06   0.000000E+00 XENON1T_2018  3.437148E-01  2.366949E-01  
1.968435E+01  2.016607E-04  8.703508E+00  3.004129E-08  1.000000E+00  1.288924E-03  1.727646E-40  1.258691E-20   5.000000E-01 NotAppl  5.964488E-15  9.717603E-13  
1.630940E+03  1.365618E-04  1.023576E+01  9.868996E-09  1.000000E+00  1.323214E-01  3.633482E-26  1.651249E-25   5.000000E-01 NotAppl  1.095801E-02  0.000000E+00  
2.768536E+02  2.570751E+00  5.834128E+00  8.275307E-02  1.000000E+00  1.819469E-02  3.579560E-25  4.351933E-10   2.980596E-07 LZ5Tmedian  6.693924E-01  0.000000E+00  
6.879964E+01  2.189566E-02  1.781072E+01  -2.983316E-04  1.000000E+00  5.096446E-03  2.936962E-31  9.800853E-14   5.000000E-01 NotAppl  2.682961E-06  0.000000E+00  
1.839496E+01  4.580341E+02  2.641682E+02  4.092870E+00  1.000000E+00  1.453210E-03  2.189759E-24  2.676103E-04   0.000000E+00 XENON1T_2018  8.150886E+01  9.999562E-01  
3.423935E+01  6.634673E-01  -6.633154E-01  2.312408E-01  1.000000E+00  1.050897E-03  1.622843E-26  2.439214E-07   0.000000E+00 XENON1T_2018  3.063686E-01  2.484011E-01  
4.845774E+03  2.997996E-04  2.699193E+02  -5.554122E-08  1.000000E+00  2.712317E-04  1.859489E-23  5.697506E-25   5.000000E-01 NotAppl  1.851790E+00  0.000000E+00  
2.824865E+01  2.332957E-02  -1.479769E-02  -2.567368E-10  1.000000E+00  2.950387E-03  1.573157E-44  4.439575E-25   5.000000E-01 NotAppl  3.656577E-19  8.398804E-17  
2.436612E+02  2.677345E-02  4.737265E+00  -4.488817E-01  1.000000E+00  7.126974E-03  1.366387E-24  1.663358E-08   4.533822E-282 LZ5Tmedian  3.170928E+00  0.000000E+00  
3.201847E+02  1.302370E-01  -1.257138E-01  -5.652211E-05  1.000000E+00  4.240834E-02  2.007102E-25  1.507424E-16   5.000000E-01 NotAppl  3.209367E-01  0.000000E+00  
3.349556E+03  2.406839E-02  2.416329E-01  8.828265E-02  1.000000E+00  3.390555E+00  2.218063E-27  3.050889E-12   5.000000E-01 NotAppl  3.177932E-04  0.000000E+00  
2.774717E+02  9.943109E+02  -9.942636E+02  -2.371657E+00  1.000000E+00  1.316021E-04  5.203033E-23  3.558231E-07   0.000000E+00 XENON1T_2018  1.128218E+02  0.000000E+00  
5.916227E+01  6.526627E-02  -6.508224E-02  1.073831E-10  1.000000E+00  4.082144E-03  1.558857E-43  1.727904E-26   5.000000E-01 NotAppl  1.661713E-18  5.310479E-18  
7.640498E+01  1.927526E-02  5.167327E-03  1.146785E-08  1.000000E+00  7.164230E-03  8.086633E-41  1.169026E-22   5.000000E-01 NotAppl  6.642118E-16  0.000000E+00  
1.375031E+02  1.688485E-04  5.957110E-01  -1.322040E-08  1.000000E+00  9.001108E-03  8.804238E-25  4.660675E-23   5.000000E-01 NotAppl  3.443208E+00  0.000000E+00  
2.110527E+02  7.024881E-01  2.478764E+00  -3.759725E-02  1.000000E+00  1.719139E-02  4.267879E-25  1.566295E-10   9.363248E-04 LZ5Tmedian  1.055727E+00  0.000000E+00  
3.488282E+01  4.338376E-01  -4.328561E-01  4.459653E-07  1.000000E+00  7.318171E-04  6.225252E-38  8.735997E-19   5.000000E-01 NotAppl  1.149908E-12  2.351322E-10  
8.580879E+03  1.142872E-03  2.313135E-02  1.099525E-03  1.000000E+00  2.316340E+01  2.997625E-28  6.991680E-17   5.000000E-01 NotAppl  1.645948E-05  0.000000E+00  
8.538433E+01  2.094933E+00  -2.094669E+00  -3.080547E-02  1.000000E+00  7.920554E-03  5.012244E-25  6.720435E-10   1.654045E-28 LZ5Tmedian  3.277557E+00  0.000000E+00  
1.546427E+01  3.153077E+00  -3.152387E+00  1.896525E-08  1.000000E+00  8.424342E-02  6.357801E-41  8.125124E-21   5.000000E-01 NotAppl  2.878294E-15  4.802082E-13  
8.649370E+01  3.061810E+01  -3.061287E+01  -7.860564E-02  1.000000E+00  1.067224E-02  3.473448E-25  4.261479E-09   2.682180E-175 LZ5Tmedian  2.242445E+00  0.000000E+00  
2.143083E+02  1.126422E-02  3.515041E-02  -2.450745E+00  1.000000E+00  7.936680E-05  1.819341E-22  6.449637E-07   0.000000E+00 XENON1T_2018  5.244487E+02  0.000000E+00  
3.526411E+01  7.489444E-03  2.646043E-01  -1.081457E+00  1.000000E+00  5.670245E-04  3.575659E-25  5.025103E-06   0.000000E+00 XENON1T_2018  6.544202E+00  2.502735E-01  
3.128162E+03  1.299930E-02  -1.257960E-02  -1.208332E-03  1.000000E+00  3.279753E+00  2.249254E-27  6.568828E-16   5.000000E-01 NotAppl  3.438312E-04  0.000000E+00  
1.743138E+03  2.402718E-01  -2.312598E-01  -7.827553E-02  1.000000E+00  1.030246E+00  7.546824E-27  9.070267E-12   5.000000E-01 NotAppl  2.105694E-03  0.000000E+00  
1.651959E+01  1.238998E+02  -1.236920E+02  8.692385E-08  1.000000E+00  7.629100E-02  1.362334E-39  1.496442E-19   5.000000E-01 NotAppl  5.721227E-14  1.041174E-11  
1.149610E+03  3.418257E-01  -3.415693E-01  6.513536E-07  1.000000E+00  4.797537E-01  1.657599E-26  1.467861E-21   5.000000E-01 NotAppl  7.060602E-03  0.000000E+00  
4.672648E+03  4.281570E-02  3.480583E+00  8.954301E-06  1.000000E+00  1.044000E+00  4.360459E-27  1.594572E-20   5.000000E-01 NotAppl  4.488381E-04  0.000000E+00  
7.275548E+02  1.488488E-01  1.286508E+01  2.076418E-02  1.000000E+00  6.384344E-02  8.889996E-26  3.796240E-12   5.000000E-01 NotAppl  6.118107E-02  0.000000E+00  
1.012590E+03  3.994051E+02  -3.994047E+02  1.723230E-09  1.000000E+00  1.199205E-04  6.167658E-23  1.331141E-26   5.000000E-01 NotAppl  2.985852E+01  0.000000E+00  
1.674937E+03  3.404508E-01  1.206952E+00  2.173176E-07  1.000000E+00  8.609156E-01  8.530214E-27  7.583849E-23   5.000000E-01 NotAppl  2.472689E-03  0.000000E+00  
1.946813E+02  4.495900E-04  1.440258E-03  1.141154E-07  1.000000E+00  1.688755E-02  5.018881E-25  1.702588E-21   5.000000E-01 NotAppl  1.348827E+00  0.000000E+00  
2.350591E+02  1.361224E+00  3.284688E+01  3.923636E-05  1.000000E+00  8.654400E-03  6.243019E-25  1.367974E-16   5.000000E-01 NotAppl  1.374704E+00  0.000000E+00  
2.761639E+01  6.876353E-02  1.955353E+02  -1.714045E-03  1.000000E+00  2.241711E-03  6.869193E-31  2.071533E-11   9.452629E-02 LZ5Tmedian  1.636791E-05  3.726843E-03  
1.215790E+02  8.331143E-02  -8.250654E-02  4.516773E-05  1.000000E+00  7.584254E-03  1.045175E-24  7.001629E-16   5.000000E-01 NotAppl  4.639584E+00  0.000000E+00  
5.252376E+03  2.113929E+01  -2.093922E+01  3.500753E-05  1.000000E+00  2.418464E-02  2.636713E-25  1.921472E-19   5.000000E-01 NotAppl  2.367113E-02  0.000000E+00  
5.773876E+02  1.237383E+01  -1.237369E+01  -1.008864E-02  1.000000E+00  4.394678E-02  1.476132E-25  1.437387E-12   5.000000E-01 NotAppl  1.279253E-01  0.000000E+00  
1.009367E+02  2.032907E+00  7.549765E+01  3.584594E-05  1.000000E+00  3.094170E-03  1.423580E-24  6.457711E-16   5.000000E-01 NotAppl  7.640270E+00  0.000000E+00  
2.406255E+01  6.585998E+02  -6.585992E+02  -1.729454E-05  1.000000E+00  2.523822E-02  6.317072E-35  2.785269E-15   5.000000E-01 NotAppl  1.751314E-09  3.944323E-07  
7.900027E+02  2.839982E-04  1.838048E+02  -1.643953E-01  1.000000E+00  7.018938E-04  6.879232E-24  2.011153E-10   8.142325E-02 LZ5Tmedian  4.382462E+00  0.000000E+00  
5.165953E+02  1.780387E+02  -1.780298E+02  3.470647E+00  1.000000E+00  1.871927E-04  3.857002E-23  2.135603E-07   0.000000E+00 XENON1T_2018  3.771274E+01  0.000000E+00  
2.639320E+03  1.780684E+00  1.486685E+01  -2.232079E-04  1.000000E+00  6.152959E-02  7.935506E-26  3.167854E-17   5.000000E-01 NotAppl  1.465150E-02  0.000000E+00  
6.198817E+01  1.151937E+02  -1.151761E+02  3.564091E-10  1.000000E+00  8.127421E-03  6.992747E-41  1.730591E-25   5.000000E-01 NotAppl  7.070743E-16  2.318079E-17  
1.610521E+01  2.243504E+00  2.425671E+00  -3.039333E-09  1.000000E+00  1.313713E-01  1.652792E-42  1.924596E-22   5.000000E-01 NotAppl  7.143937E-17  1.196649E-14  
3.618866E+01  1.828908E-04  4.319417E-04  1.656628E+00  1.000000E+00  3.262261E-04  7.398674E-25  1.118807E-05   0.000000E+00 XENON1T_2018  1.324536E+01  2.499807E-01  
6.408445E+02  3.156174E+02  -3.156173E+02  -8.298264E-06  1.000000E+00  2.107287E-04  3.422837E-23  7.858097E-19   5.000000E-01 NotAppl  2.663467E+01  0.000000E+00  
4.404536E+03  3.002373E-04  2.913404E-02  -1.674058E-02  1.000000E+00  6.341561E+00  1.138593E-27  6.285045E-14   5.000000E-01 NotAppl  1.229074E-04  0.000000E+00  
1.031858E+02  5.883287E+02  -5.882859E+02  4.269275E-08  1.000000E+00  1.931521E-03  2.822303E-24  8.755657E-22   5.000000E-01 NotAppl  1.503378E+01  0.000000E+00  
8.087521E+03  2.723851E-02  -2.663263E-02  6.184317E-04  1.000000E+00  2.062635E+01  3.376929E-28  2.494499E-17   5.000000E-01 NotAppl  1.968640E-05  0.000000E+00  
3.090833E+01  3.266555E-02  -2.643888E-02  -7.644499E-08  1.000000E+00  2.359630E-03  1.535037E-39  3.280575E-20   5.000000E-01 NotAppl  3.234576E-14  7.255319E-12  
1.530168E+02  1.306428E-04  1.395175E-02  -2.204685E-07  1.000000E+00  1.105400E-02  7.427915E-25  1.041068E-20   5.000000E-01 NotAppl  2.600390E+00  0.000000E+00  
6.114212E+01  5.873596E-04  4.272320E-03  -3.121059E-04  1.000000E+00  4.352593E-03  7.718175E-30  1.364838E-13   5.000000E-01 NotAppl  7.953798E-05  2.884381E-05  
1.265086E+03  1.391005E-03  5.325606E+00  -2.874216E-07  1.000000E+00  2.825415E-01  2.128542E-26  2.351137E-22   5.000000E-01 NotAppl  8.268122E-03  0.000000E+00  
2.145791E+02  5.481666E-02  -4.404158E-02  1.209440E-05  1.000000E+00  2.012645E-02  4.220735E-25  1.566694E-17   5.000000E-01 NotAppl  1.024607E+00  0.000000E+00  
4.060606E+02  3.334887E+01  2.426918E+01  7.032799E-10  1.000000E+00  2.338161E-03  1.464631E-24  1.434969E-26   5.000000E-01 NotAppl  1.838279E+00  0.000000E+00  
2.360992E+02  4.778318E+01  -4.766614E+01  -7.340402E-04  1.000000E+00  4.579168E-03  1.343822E-24  4.744731E-14   5.000000E-01 NotAppl  2.972429E+00  0.000000E+00  
1.328911E+03  5.788076E-04  4.055538E+00  -3.946330E-04  1.000000E+00  3.795858E-01  1.680391E-26  4.008867E-16   5.000000E-01 NotAppl  6.197427E-03  0.000000E+00  
8.173002E+03  8.675514E-03  1.214160E+01  -9.549831E-05  1.000000E+00  1.106055E-01  4.013879E-26  5.822603E-19   5.000000E-01 NotAppl  2.351167E-03  0.000000E+00  
1.000267E+02  2.438435E+02  -2.324711E+02  2.155463E+00  1.000000E+00  3.261112E-05  1.080185E-22  2.378711E-06   0.000000E+00 XENON1T_2018  5.919147E+02  0.000000E+00  
1.369511E+01  1.469345E-01  -1.153245E-01  -8.167893E-08  1.000000E+00  2.155951E-03  1.137057E-39  1.918246E-19   5.000000E-01 NotAppl  5.921077E-14  9.297713E-12  
3.136995E+03  1.271897E+02  -1.271894E+02  3.662661E-05  1.000000E+00  7.677222E-04  9.167733E-24  6.000902E-19   5.000000E-01 NotAppl  1.390561E+00  0.000000E+00  
2.637110E+01  6.160909E-04  2.025247E-02  7.017716E-02  1.000000E+00  2.881566E-03  1.108385E-27  3.811884E-08   0.000000E+00 XENON1T_2018  2.776291E-02  2.405108E-01  
8.302746E+03  1.013436E-02  3.550667E+02  -1.674559E-07  1.000000E+00  1.589610E-04  3.260987E-23  1.733942E-24   5.000000E-01 NotAppl  1.880251E+00  0.000000E+00  
4.537943E+02  1.641288E+00  -5.254738E-01  -5.104667E-02  1.000000E+00  7.634553E-02  1.029987E-25  6.022369E-11   2.744717E-01 NotAppl  1.148527E-01  0.000000E+00  
2.579158E+01  1.923954E+00  1.022281E+01  4.364204E-04  1.000000E+00  1.546929E-02  4.214821E-32  1.541876E-12   5.000000E-01 NotAppl  1.082199E-06  1.334053E-04  
1.192856E+03  2.160826E+02  -2.160823E+02  -3.770979E-08  1.000000E+00  3.167371E-04  2.272951E-23  4.562857E-24   5.000000E-01 NotAppl  9.294331E+00  0.000000E+00  
1.085754E+02  1.480451E+02  -1.480445E+02  -5.507989E-05  1.000000E+00  2.218460E-03  2.557555E-24  1.312923E-15   5.000000E-01 NotAppl  1.292109E+01  0.000000E+00  
7.920028E+02  6.725476E-01  2.841408E+00  -2.203022E-09  1.000000E+00  1.960624E-01  3.813954E-26  3.593031E-26   5.000000E-01 NotAppl  2.387512E-02  0.000000E+00  
2.683360E+02  3.642271E+02  -3.641505E+02  1.215227E-04  1.000000E+00  3.685278E-04  1.795867E-23  1.000516E-15   5.000000E-01 NotAppl  3.477844E+01  0.000000E+00  
1.381004E+03  5.622260E+02  -5.622245E+02  3.972721E-08  1.000000E+00  6.213132E-05  1.211519E-22  3.756225E-24   5.000000E-01 NotAppl  4.260718E+01  0.000000E+00  
9.002683E+03  1.003449E-01  9.643724E+01  1.212101E-07  1.000000E+00  2.008176E-03  2.490194E-24  7.707769E-25   5.000000E-01 NotAppl  1.322890E-01  0.000000E+00  
2.671190E+02  6.658354E-02  -6.433406E-02  6.964778E-06  1.000000E+00  3.019937E-02  2.823202E-25  3.317170E-18   5.000000E-01 NotAppl  5.452911E-01  0.000000E+00  
2.004028E+02  1.807548E+02  -1.807329E+02  -1.633139E-07  1.000000E+00  9.677532E-04  6.555752E-24  3.286157E-21   5.000000E-01 NotAppl  1.726686E+01  0.000000E+00  
4.094387E+03  1.812520E-03  8.509300E+01  -3.474258E-09  1.000000E+00  2.530216E-03  1.915979E-24  3.140423E-27   5.000000E-01 NotAppl  2.263421E-01  0.000000E+00  
8.278862E+03  9.429484E+02  -9.429481E+02  -2.337973E-06  1.000000E+00  1.672269E-05  4.675018E-22  3.399801E-22   5.000000E-01 NotAppl  2.646829E+01  0.000000E+00  
8.916997E+02  4.862697E-04  4.009311E-02  1.478885E-06  1.000000E+00  2.987787E-01  2.729720E-26  1.270962E-20   5.000000E-01 NotAppl  1.510067E-02  0.000000E+00  
7.024762E+02  4.367468E+01  9.997904E+00  3.389869E-05  1.000000E+00  2.140122E-03  1.797977E-24  1.086965E-17   5.000000E-01 NotAppl  1.279013E+00  0.000000E+00  
2.090427E+01  4.192579E+02  -1.428237E+02  1.962119E-05  1.000000E+00  1.847197E+06  7.556226E-35  4.758861E-15   5.000000E-01 NotAppl  2.439921E-09  5.184204E-07  
1.314127E+02  1.371112E+01  -1.365864E+01  -1.007728E-07  1.000000E+00  5.591205E-03  1.059453E-24  2.971536E-21   5.000000E-01 NotAppl  4.352050E+00  0.000000E+00  
1.165813E+03  1.107178E+00  -9.399630E-01  1.114695E-09  1.000000E+00  4.640436E-01  1.678822E-26  4.177926E-27   5.000000E-01 NotAppl  7.048331E-03  0.000000E+00  
6.508232E+02  3.636094E-01  -3.631527E-01  3.616964E-01  1.000000E+00  7.676272E-02  1.327796E-25  1.446495E-09   3.311235E-10 LZ5Tmedian  1.053690E-01  0.000000E+00  
3.218962E+02  2.246124E-02  8.721484E+02  4.768775E-09  1.000000E+00  2.545229E-04  1.889151E-23  1.061383E-24   5.000000E-01 NotAppl  3.011734E+01  0.000000E+00  
1.392504E+02  2.723430E-01  5.471955E+02  1.923915E+00  1.000000E+00  2.928287E-05  3.576751E-22  9.618081E-07   0.000000E+00 XENON1T_2018  1.586259E+03  0.000000E+00  
2.744959E+02  1.399028E-02  2.244264E+02  -3.078578E-04  1.000000E+00  8.737809E-04  5.467353E-24  6.129454E-15   5.000000E-01 NotAppl  1.024931E+01  0.000000E+00  
1.606886E+02  2.560527E+01  -2.558116E+01  1.353917E-05  1.000000E+00  5.965018E-03  9.857364E-25  3.551556E-17   5.000000E-01 NotAppl  3.306666E+00  0.000000E+00  
7.295942E+02  2.270139E-01  -2.267618E-01  1.462872E-10  1.000000E+00  2.032521E-01  4.059044E-26  1.873497E-28   5.000000E-01 NotAppl  2.761568E-02  0.000000E+00  
2.922551E+01  6.336941E+00  -5.870577E+00  -9.510160E-07  1.000000E+00  1.206540E-02  2.231947E-37  5.686757E-18   5.000000E-01 NotAppl  4.998534E-12  7.813088E-10  
1.788455E+02  1.838193E+01  -9.382042E+00  -5.138695E-04  1.000000E+00  4.659863E-03  7.734984E-25  4.108117E-14   5.000000E-01 NotAppl  2.317866E+00  0.000000E+00  
3.925285E+03  3.403369E+01  -3.403303E+01  3.915395E+00  1.000000E+00  5.674887E-03  1.505225E-24  4.345861E-09   1.621387E-05 LZ5Tmedian  1.834628E-01  0.000000E+00  
1.728285E+01  1.403809E-02  -2.116163E-03  3.620738E-03  1.000000E+00  1.856794E-03  2.397450E-30  2.372524E-10   8.902679E-07 LZ5Tmedian  9.566725E-05  1.678017E-02  
5.119194E+03  5.242061E-02  1.734256E-01  -8.236803E-09  1.000000E+00  8.273710E+00  8.565142E-28  1.120739E-26   5.000000E-01 NotAppl  7.937599E-05  0.000000E+00  
7.520574E+03  1.124234E+02  -1.083546E+02  -1.318835E+00  1.000000E+00  9.871463E-04  7.022575E-24  1.314906E-10   5.000000E-01 NotAppl  4.381914E-01  0.000000E+00  
1.051508E+03  1.583753E-03  2.648151E+00  -3.183116E-06  1.000000E+00  3.421762E-01  2.160284E-26  4.205442E-20   5.000000E-01 NotAppl  1.010078E-02  0.000000E+00  
1.025995E+01  2.035803E+00  -2.034180E+00  -1.830468E-10  1.000000E+00  2.014662E-01  5.096047E-45  1.700460E-24   5.000000E-01 NotAppl  3.719523E-19  4.688989E-17  
2.514779E+03  1.077975E+00  4.946901E+01  -2.066576E-06  1.000000E+00  6.990241E-03  6.799760E-25  2.996362E-21   5.000000E-01 NotAppl  1.320528E-01  0.000000E+00  
2.598148E+03  9.581174E+02  -9.487711E+02  3.358850E+00  1.000000E+00  1.820100E-05  3.861888E-22  7.406799E-09   4.825164E-13 LZ5Tmedian  7.101305E+01  0.000000E+00  
1.777329E+02  1.076546E-04  4.029947E-02  4.496610E-08  1.000000E+00  1.433339E-02  5.771425E-25  3.186121E-22   5.000000E-01 NotAppl  1.732975E+00  0.000000E+00  
4.510594E+02  9.576136E+01  -9.576074E+01  -2.062385E-01  1.000000E+00  1.816248E-03  3.669585E-24  9.952740E-10   4.631797E-10 LZ5Tmedian  4.120532E+00  0.000000E+00  
1.495565E+01  1.537852E+02  -1.537850E+02  7.517876E-10  1.000000E+00  9.260984E-02  9.891598E-44  1.364561E-23   5.000000E-01 NotAppl  4.653053E-18  7.841284E-16  
2.446315E+02  7.195937E+00  4.237541E-01  -2.170923E-06  1.000000E+00  1.307067E-02  3.831165E-25  3.859004E-19   5.000000E-01 NotAppl  8.115850E-01  0.000000E+00  
1.465148E+03  1.125886E-01  7.410936E+02  -6.139946E-07  1.000000E+00  6.010611E-05  8.696795E-23  7.952802E-22   5.000000E-01 NotAppl  2.939378E+01  0.000000E+00  
1.426460E+02  2.463964E-02  4.193755E-03  -5.514074E-06  1.000000E+00  9.803742E-03  8.306422E-25  7.519912E-18   5.000000E-01 NotAppl  3.128094E+00  0.000000E+00  
1.013430E+02  3.802236E-01  -2.440073E-01  -2.269730E-06  1.000000E+00  5.800482E-03  1.230841E-24  2.567859E-18   5.000000E-01 NotAppl  6.603085E+00  0.000000E+00  
1.222115E+03  6.504115E-03  2.749118E-04  1.040193E-05  1.000000E+00  5.436657E-01  1.461870E-26  3.304335E-19   5.000000E-01 NotAppl  5.847964E-03  0.000000E+00  
2.491971E+01  1.159749E+02  -1.159454E+02  -8.992772E-05  1.000000E+00  2.230561E-02  1.746814E-33  7.017365E-14   5.000000E-01 NotAppl  4.663517E-08  1.059714E-05  
2.013703E+02  2.876843E+00  -2.871186E+00  -8.282000E-08  1.000000E+00  1.584519E-02  4.809424E-25  8.368085E-22   5.000000E-01 NotAppl  1.247892E+00  0.000000E+00  
9.270095E+02  9.512989E+01  -8.599425E+01  1.518326E-06  1.000000E+00  1.170390E-03  4.809194E-24  1.237534E-20   5.000000E-01 NotAppl  2.550684E+00  0.000000E+00  
1.542536E+01  1.422573E-04  1.340805E+01  1.772986E-09  1.000000E+00  8.440482E-04  5.552326E-43  7.136758E-23   5.000000E-01 NotAppl  2.521704E-17  2.864553E-15  
3.364784E+01  1.761827E+01  -1.512351E+01  -7.759722E-06  1.000000E+00  1.229799E-02  1.776650E-35  2.845572E-16   5.000000E-01 NotAppl  3.415983E-10  1.369415E-08  
1.276025E+01  1.712870E-02  1.027395E+01  -2.294127E-09  1.000000E+00  6.538383E-04  8.768269E-43  1.740396E-22   5.000000E-01 NotAppl  4.956335E-17  6.083692E-15  
3.589223E+01  1.007950E-01  9.005847E+02  2.842896E-04  1.000000E+00  4.047418E-04  2.663703E-32  3.350278E-13   5.000000E-01 NotAppl  4.780852E-07  9.444155E-05  
4.466918E+02  6.413745E+02  -6.413697E+02  1.313276E-09  1.000000E+00  1.264387E-04  5.619555E-23  4.116796E-26   5.000000E-01 NotAppl  6.367286E+01  0.000000E+00  
3.458211E+02  1.557452E-01  5.127317E+02  -9.928052E-10  1.000000E+00  3.104528E-04  1.557051E-23  3.972330E-26   5.000000E-01 NotAppl  2.307782E+01  0.000000E+00  
1.117331E+02  9.786058E-03  -9.147366E-03  -2.975540E-03  1.000000