MD1           DMP           DM3           l345          ld           Omegah2       sigV          protonSI      PvalDD        expName      CMB_ID        brH_DMDM      
3.085529E+02  2.601167E-02  2.033611E-01  -8.920700E-03  1.000000E+00  3.954534E-02  2.145899E-25  4.050485E-12   5.000000E-01 NotAppl  3.566314E-01  0.000000E+00  
1.875025E+03  1.860505E+02  -1.860465E+02  1.080947E+00  1.000000E+00  3.537432E-04  2.027756E-23  1.490804E-09   3.719283E-04 LZ5Tmedian  5.209965E+00  0.000000E+00  
3.068665E+01  5.147283E-01  -4.696404E-01  3.726556E-05  1.000000E+00  3.164173E-03  3.616625E-34  7.910434E-15   5.000000E-01 NotAppl  7.680574E-09  1.722715E-06  
4.017418E+01  1.417376E-04  5.486379E-05  -4.916192E-03  1.000000E+00  5.105512E-05  1.030865E-29  7.968106E-11   3.177977E-05 LZ5Tmedian  1.642546E-04  2.391750E-02  
4.148127E+03  6.298425E-02  -6.250774E-02  -5.590977E-02  1.000000E+00  5.552090E+00  1.311970E-27  7.919917E-13   5.000000E-01 NotAppl  1.507948E-04  0.000000E+00  
2.279383E+03  7.377495E-03  2.774225E-01  -3.817260E-06  1.000000E+00  1.766549E+00  4.251292E-27  1.248889E-20   5.000000E-01 NotAppl  8.977397E-04  0.000000E+00  
1.398282E+01  7.618181E-03  2.586644E+01  -4.877894E-03  1.000000E+00  7.359885E-04  4.081303E-30  6.565317E-10   2.560615E-10 LZ5Tmedian  2.074853E-04  1.069095E-02  
3.540768E+02  1.009128E-02  1.984251E+00  4.554890E-08  1.000000E+00  4.925251E-02  1.670792E-25  7.967090E-23   5.000000E-01 NotAppl  2.405676E-01  0.000000E+00  
4.531671E+02  2.226755E+02  -1.944308E+02  1.474339E-09  1.000000E+00  2.236753E-04  1.695398E-23  5.037975E-26   5.000000E-01 NotAppl  1.892379E+01  0.000000E+00  
7.912522E+01  8.469785E-04  -2.272358E-05  9.841550E-01  1.000000E+00  1.610377E-03  4.023931E-25  8.015800E-07   0.000000E+00 XENON1T_2018  3.181901E+00  0.000000E+00  
3.542720E+03  3.147575E-03  1.859843E-02  1.896465E-07  1.000000E+00  4.169546E+00  1.754596E-27  1.256082E-23   5.000000E-01 NotAppl  2.362698E-04  0.000000E+00  
2.847979E+01  1.343064E+01  -1.240128E+01  2.527804E-05  1.000000E+00  1.789583E-02  1.536891E-34  4.233426E-15   5.000000E-01 NotAppl  3.540573E-09  2.529688E-07  
1.010178E+01  7.158917E+00  1.894445E+01  -2.381600E-08  1.000000E+00  1.004759E+03  8.554439E-41  2.967225E-20   5.000000E-01 NotAppl  6.359990E-15  2.578329E-13  
3.000738E+02  1.090654E-02  3.513838E-01  2.403242E-10  1.000000E+00  3.736309E-02  2.270545E-25  3.112278E-27   5.000000E-01 NotAppl  3.884325E-01  0.000000E+00  
1.865303E+03  4.085716E+00  3.911136E+02  -2.052516E-04  1.000000E+00  1.477555E-04  3.382232E-23  5.432320E-17   5.000000E-01 NotAppl  8.924812E+00  0.000000E+00  
1.428508E+01  7.005193E+01  -5.862832E+01  7.721797E-09  1.000000E+00  3.515376E+03  1.029373E-41  1.576909E-21   5.000000E-01 NotAppl  5.105642E-16  6.302470E-14  
9.325953E+02  1.682314E-04  5.391355E-02  -2.974543E+00  1.000000E+00  4.591863E-03  2.811813E-24  4.691811E-08   1.869458E-216 LZ5Tmedian  1.605538E+00  0.000000E+00  
1.231533E+03  9.860895E-04  9.560522E+00  2.631200E-02  1.000000E+00  1.307452E-01  4.060681E-26  2.081433E-12   5.000000E-01 NotAppl  1.630385E-02  0.000000E+00  
4.461131E+01  7.953062E-03  2.231946E-01  3.123853E-10  1.000000E+00  9.789221E-05  5.925112E-44  2.599612E-25   5.000000E-01 NotAppl  8.462576E-19  9.757923E-17  
1.282753E+03  2.392951E-01  -2.163152E-01  -2.021463E-04  1.000000E+00  5.930942E-01  1.331304E-26  1.130535E-16   5.000000E-01 NotAppl  5.065808E-03  0.000000E+00  
1.314565E+02  5.976846E+02  -5.976792E+02  -2.448810E-05  1.000000E+00  1.079993E-03  5.339648E-24  1.753508E-16   5.000000E-01 NotAppl  2.231648E+01  0.000000E+00  
3.268451E+03  3.704249E-02  -1.353296E-02  -7.560596E-05  1.000000E+00  3.567576E+00  2.061600E-27  2.352075E-18   5.000000E-01 NotAppl  3.013593E-04  0.000000E+00  
3.512087E+02  3.315524E-03  1.177172E+00  1.667821E-08  1.000000E+00  4.951097E-02  1.688427E-25  1.086108E-23   5.000000E-01 NotAppl  2.451652E-01  0.000000E+00  
4.807562E+02  1.648456E+00  -1.620415E+00  2.160838E-01  1.000000E+00  5.754657E-02  1.613141E-25  9.589697E-10   3.526615E-09 LZ5Tmedian  1.726191E-01  0.000000E+00  
2.570838E+01  2.632628E-01  -2.622445E-01  -1.330387E-05  1.000000E+00  4.613454E-03  3.907486E-35  1.442211E-15   5.000000E-01 NotAppl  1.006903E-09  2.303240E-07  
3.721021E+01  1.736723E-02  5.387379E+02  -4.812342E-05  1.000000E+00  1.633728E-04  8.204823E-34  8.921993E-15   5.000000E-01 NotAppl  1.414872E-08  2.657902E-06  
4.497757E+02  2.010868E+02  -2.007747E+02  -2.036934E-08  1.000000E+00  4.766548E-04  1.433439E-23  9.765372E-24   5.000000E-01 NotAppl  1.612469E+01  0.000000E+00  
1.020016E+01  2.888390E+00  -1.687810E+00  1.309968E-08  1.000000E+00  8.203736E-01  2.601794E-41  8.808852E-21   5.000000E-01 NotAppl  1.912414E-15  2.380723E-13  
2.492657E+01  9.945955E+01  -9.937904E+01  -1.436235E-02  1.000000E+00  2.230374E-02  4.456468E-29  1.788944E-09   1.358250E-81 LZ5Tmedian  1.189403E-03  1.760537E-01  
7.386511E+02  8.357931E-03  2.745944E-02  7.070628E-05  1.000000E+00  2.088835E-01  3.958182E-26  4.267856E-17   5.000000E-01 NotAppl  2.658824E-02  0.000000E+00  
5.152848E+01  5.812082E-04  -4.043985E-04  -5.917423E-03  1.000000E+00  2.098403E-03  4.971393E-29  6.954538E-11   1.705138E-04 LZ5Tmedian  6.094011E-04  2.542836E-02  
3.490130E+02  1.002013E+00  -1.001802E+00  1.149128E-09  1.000000E+00  4.864893E-02  1.710926E-25  5.222589E-26   5.000000E-01 NotAppl  2.500615E-01  0.000000E+00  
5.401748E+02  1.542929E-04  9.934572E+02  -6.881144E-02  1.000000E+00  1.098306E-04  4.579187E-23  7.662741E-11   2.495702E-01 NotAppl  4.303288E+01  0.000000E+00  
4.428098E+01  3.605147E-04  1.745676E-01  3.207582E-06  1.000000E+00  1.025740E-04  6.061698E-36  2.782617E-17   5.000000E-01 NotAppl  8.724799E-11  1.036874E-08  
9.626726E+02  3.256697E+02  -3.256608E+02  7.830356E-04  1.000000E+00  1.684483E-04  4.349830E-23  3.047327E-15   5.000000E-01 NotAppl  2.218588E+01  0.000000E+00  
1.322052E+01  7.827409E+00  2.628696E+02  -1.532106E-03  1.000000E+00  1.274612E+02  3.956522E-31  7.237323E-11   1.312841E-01 NotAppl  2.146272E-05  2.826793E-03  
2.494431E+02  3.151019E+00  2.605286E+01  1.804837E-10  1.000000E+00  9.533079E-03  5.296977E-25  2.562911E-27   5.000000E-01 NotAppl  1.097352E+00  0.000000E+00  
3.323870E+02  1.279588E-04  1.474399E+00  -1.800417E-05  1.000000E+00  4.425498E-02  1.878092E-25  1.416737E-17   5.000000E-01 NotAppl  2.888439E-01  0.000000E+00  
1.213091E+03  8.277052E-04  4.225924E-01  -1.672716E-08  1.000000E+00  5.315416E-01  1.488570E-26  8.674955E-25   5.000000E-01 NotAppl  6.000569E-03  0.000000E+00  
1.077502E+02  2.330278E+02  -2.330175E+02  3.739305E-03  1.000000E+00  1.949764E-03  2.881355E-24  6.146501E-12   5.000000E-01 NotAppl  1.468522E+01  0.000000E+00  
1.335570E+03  1.905249E-01  2.743181E+00  -6.748751E-05  1.000000E+00  4.759415E-01  1.460218E-26  1.160524E-17   5.000000E-01 NotAppl  5.347957E-03  0.000000E+00  
7.040915E+01  1.544185E-04  4.944708E-03  -4.212725E-06  1.000000E+00  6.080545E-03  3.636662E-35  1.864159E-17   5.000000E-01 NotAppl  3.244977E-10  0.000000E+00  
5.578851E+03  4.676111E+00  -4.675777E+00  6.294217E-09  1.000000E+00  4.254933E-01  1.361222E-26  5.494883E-27   5.000000E-01 NotAppl  1.149874E-03  0.000000E+00  
1.979449E+01  2.657955E-03  -7.345929E-04  1.260112E-02  1.000000E+00  2.230310E-03  3.046438E-29  2.189974E-09   2.177368E-73 LZ5Tmedian  1.044708E-03  1.156071E-01  
1.056630E+03  5.284544E-02  1.650364E+02  7.770012E-10  1.000000E+00  7.823120E-04  6.257173E-24  2.481092E-27   5.000000E-01 NotAppl  2.957868E+00  0.000000E+00  
1.941718E+01  5.731039E-01  8.906423E+02  4.826217E-07  1.000000E+00  4.407709E-03  4.435463E-38  3.338870E-18   5.000000E-01 NotAppl  1.554664E-12  3.157459E-10  
1.264680E+03  4.405156E-04  4.897968E+01  6.922242E-10  1.000000E+00  7.371010E-03  6.352211E-25  1.364635E-27   5.000000E-01 NotAppl  2.495192E-01  0.000000E+00  
1.183311E+02  2.237895E+00  -2.237347E+00  -6.366696E-02  1.000000E+00  7.711282E-03  8.469335E-25  1.470545E-09   4.597373E-48 LZ5Tmedian  3.868933E+00  0.000000E+00  
4.104009E+02  4.168674E-01  -1.477082E-01  1.921019E-08  1.000000E+00  6.671699E-02  1.249321E-25  1.047614E-23   5.000000E-01 NotAppl  1.543061E-01  0.000000E+00  
9.428199E+02  9.555353E+00  -9.472446E+00  2.197874E-06  1.000000E+00  8.361853E-02  7.742976E-26  2.505171E-20   5.000000E-01 NotAppl  4.037977E-02  0.000000E+00  
3.328020E+01  4.107222E-01  3.621983E+01  3.848342E-03  1.000000E+00  1.396561E-03  4.297372E-30  7.156545E-11   1.221539E-04 LZ5Tmedian  8.361078E-05  1.668730E-02  
4.307044E+03  1.284065E-03  3.976589E-03  -6.263149E-05  1.000000E+00  6.084287E+00  1.187735E-27  9.207101E-19   5.000000E-01 NotAppl  1.311388E-04  0.000000E+00  
5.894878E+02  1.002358E+00  1.730522E+00  5.504805E-01  1.000000E+00  3.218552E-02  3.182734E-25  4.101839E-09   2.378520E-30 LZ5Tmedian  2.812315E-01  0.000000E+00  
1.370928E+03  2.113613E+01  -2.060780E+01  7.528773E-07  1.000000E+00  2.352619E-02  2.703697E-25  1.369335E-21   5.000000E-01 NotAppl  9.582430E-02  0.000000E+00  
1.159188E+02  3.082952E-02  1.433255E+02  -2.283255E+00  1.000000E+00  1.690953E-04  4.968908E-23  1.972863E-06   0.000000E+00 XENON1T_2018  2.345227E+02  0.000000E+00  
1.900065E+01  3.311580E-01  5.390522E+00  -4.843718E-07  1.000000E+00  2.654500E-03  4.431602E-38  3.512550E-18   5.000000E-01 NotAppl  1.590310E-12  2.913119E-10  
1.804845E+01  6.130337E+00  9.970846E+01  9.636823E-03  1.000000E+00  3.228100E+00  1.722726E-29  1.541150E-09   8.686997E-44 LZ5Tmedian  6.550602E-04  6.270829E-02  
5.115731E+02  2.035267E+01  1.945412E+02  5.404349E-04  1.000000E+00  4.704515E-04  8.133682E-24  5.282784E-15   5.000000E-01 NotAppl  8.077056E+00  0.000000E+00  
2.183915E+02  6.911923E-02  -6.657213E-02  -4.487372E-02  1.000000E+00  2.086818E-02  4.023312E-25  2.080309E-10   1.267263E-04 LZ5Tmedian  9.611230E-01  0.000000E+00  
2.157263E+01  3.530790E+01  -3.434018E+01  -3.392166E-04  1.000000E+00  5.494628E-02  2.291126E-32  1.335153E-12   5.000000E-01 NotAppl  7.150955E-07  1.342577E-05  
6.240453E+03  9.661261E+02  -3.884921E+02  1.034550E-01  1.000000E+00  7.105162E-06  5.524574E-22  1.182113E-12   5.000000E-01 NotAppl  4.177675E+01  0.000000E+00  
6.344514E+03  2.133279E+02  -2.133017E+02  -2.688583E-06  1.000000E+00  2.809199E-04  2.598601E-23  7.719832E-22   5.000000E-01 NotAppl  1.926191E+00  0.000000E+00  
1.173971E+03  7.848969E+00  -7.848484E+00  1.587966E-04  1.000000E+00  1.236682E-01  5.181554E-26  8.358943E-17   5.000000E-01 NotAppl  2.155868E-02  0.000000E+00  
3.408181E+03  6.938999E-04  2.251406E-02  -1.025309E+00  1.000000E+00  4.404284E-01  2.392896E-26  3.972381E-10   3.132846E-01 NotAppl  3.532295E-03  0.000000E+00  
7.974643E+03  2.324488E-03  2.218796E-02  8.841875E-08  1.000000E+00  2.009122E+01  3.469908E-28  5.246705E-25   5.000000E-01 NotAppl  2.051827E-05  0.000000E+00  
2.818698E+01  9.032585E-03  -8.733563E-03  7.418042E-01  1.000000E+00  2.850126E-03  1.301726E-25  3.722748E-06   0.000000E+00 XENON1T_2018  3.037066E+00  2.499147E-01  
1.083987E+03  3.614401E+00  2.736244E+02  -8.849829E-06  1.000000E+00  3.083002E-04  1.585254E-23  3.055010E-19   5.000000E-01 NotAppl  7.299628E+00  0.000000E+00  
1.945212E+03  1.119365E+00  -1.082580E+00  -1.138623E-08  1.000000E+00  1.118598E+00  6.540523E-27  1.534786E-25   5.000000E-01 NotAppl  1.623691E-03  0.000000E+00  
2.195915E+03  3.874604E+01  1.351290E+02  -5.401614E-07  1.000000E+00  5.617284E-04  8.400039E-24  2.698173E-22   5.000000E-01 NotAppl  1.870682E+00  0.000000E+00  
2.588859E+02  1.144384E+01  -1.125181E+01  1.106175E-05  1.000000E+00  1.717751E-02  3.736800E-25  8.921746E-18   5.000000E-01 NotAppl  7.469563E-01  0.000000E+00  
1.637609E+02  2.713622E+01  -2.249810E+01  1.268450E+00  1.000000E+00  1.597279E-04  2.815803E-23  2.998619E-07   0.000000E+00 XENON1T_2018  9.991031E+01  0.000000E+00  
6.699997E+03  1.873516E+02  -1.873479E+02  3.848138E-04  1.000000E+00  3.604535E-04  2.015887E-23  1.415641E-17   5.000000E-01 NotAppl  1.413844E+00  0.000000E+00  
2.746684E+01  6.580619E+00  -6.573265E+00  -3.619460E-07  1.000000E+00  1.518025E-02  3.048547E-38  9.339064E-19   5.000000E-01 NotAppl  7.300076E-13  1.154016E-10  
1.538433E+03  6.421901E+01  1.741669E+02  -1.088150E+00  1.000000E+00  2.925090E-04  1.351724E-23  2.261241E-09   4.655572E-07 LZ5Tmedian  4.336594E+00  0.000000E+00  
2.040473E+01  1.357140E+02  -1.214277E+02  -1.183318E-02  1.000000E+00  6.017687E+01  2.719771E-29  1.817001E-09   4.118453E-64 LZ5Tmedian  9.023824E-04  1.298102E-01  
1.802408E+01  1.820520E-01  3.700065E-02  -8.695413E-08  1.000000E+00  2.693008E-03  1.401929E-39  1.258147E-19   5.000000E-01 NotAppl  5.338809E-14  1.033918E-11  
7.013841E+03  5.170324E+02  -5.170321E+02  -3.502650E-03  1.000000E+00  5.180868E-05  1.465146E-22  1.068689E-15   5.000000E-01 NotAppl  9.810477E+00  0.000000E+00  
9.678535E+03  7.963071E-01  8.207268E-01  -1.173029E-04  1.000000E+00  4.669172E+00  1.315808E-27  6.232108E-19   5.000000E-01 NotAppl  6.440485E-05  0.000000E+00  
4.469372E+01  3.604479E-02  -2.988984E-02  4.181367E-06  1.000000E+00  8.940885E-05  1.069700E-35  4.640154E-17   5.000000E-01 NotAppl  1.521097E-10  1.745746E-08  
5.816440E+02  3.068907E-03  3.711362E-03  1.972586E-07  1.000000E+00  1.325133E-01  6.328496E-26  5.413264E-22   5.000000E-01 NotAppl  5.442832E-02  0.000000E+00  
3.972976E+01  1.650134E+00  -1.648191E+00  -2.451994E-04  1.000000E+00  1.983955E-04  2.488488E-32  2.027492E-13   5.000000E-01 NotAppl  4.011739E-07  6.374246E-05  
6.544896E+03  1.412035E-04  1.346365E-04  1.444988E-04  1.000000E+00  1.369600E+01  5.147845E-28  2.093381E-18   5.000000E-01 NotAppl  3.718147E-05  0.000000E+00  
1.030463E+02  3.560836E-02  5.186641E-01  3.038328E+00  1.000000E+00  7.594351E-05  1.687534E-22  4.446860E-06   0.000000E+00 XENON1T_2018  8.951433E+02  0.000000E+00  
5.246962E+01  4.867056E-02  5.261590E-01  -2.820264E-04  1.000000E+00  2.434855E-03  1.329108E-31  1.522507E-13   5.000000E-01 NotAppl  1.604150E-06  6.157924E-05  
2.056223E+01  2.545341E-04  5.985003E+02  6.194913E-05  1.000000E+00  1.386869E-03  7.478719E-34  4.903615E-14   5.000000E-01 NotAppl  2.460476E-08  5.176697E-06  
1.585907E+02  4.337660E+02  -4.148630E+02  6.125356E-06  1.000000E+00  3.990185E-04  7.747007E-24  7.467865E-18   5.000000E-01 NotAppl  2.671408E+01  0.000000E+00  
1.532149E+01  1.071105E+02  -1.071103E+02  3.409685E-02  1.000000E+00  8.725608E-02  2.049339E-28  2.675211E-08   0.000000E+00 LZ5Tmedian  9.379530E-03  3.815489E-01  
8.738771E+02  1.955563E-03  5.401527E+01  -2.647501E-04  1.000000E+00  6.150547E-03  7.646183E-25  4.244636E-16   5.000000E-01 NotAppl  4.389694E-01  0.000000E+00  
1.527673E+02  2.159983E-04  5.672987E+02  -4.667374E-06  1.000000E+00  1.220631E-03  3.700768E-24  4.681487E-18   5.000000E-01 NotAppl  1.265696E+01  0.000000E+00  
6.820720E+03  1.535488E-03  5.521814E+01  -1.300920E-10  1.000000E+00  5.908500E-03  8.172377E-25  1.560254E-30   5.000000E-01 NotAppl  5.751887E-02  0.000000E+00  
1.860218E+02  1.265630E+00  -1.265328E+00  1.322115E+00  1.000000E+00  7.427285E-04  1.562596E-23  2.508751E-07   0.000000E+00 XENON1T_2018  4.713028E+01  0.000000E+00  
6.761119E+02  3.467595E+01  1.469944E+02  -7.047654E-06  1.000000E+00  5.071646E-04  7.360125E-24  5.080252E-19   5.000000E-01 NotAppl  5.490404E+00  0.000000E+00  
1.058927E+02  9.526707E-02  -7.935395E-02  -1.524931E-03  1.000000E+00  6.261005E-03  1.195956E-24  1.059320E-12   5.000000E-01 NotAppl  6.126136E+00  0.000000E+00  
2.168650E+01  1.866352E-04  9.795934E+01  1.026938E-02  1.000000E+00  1.511902E-03  2.105230E-29  1.210783E-09   5.140699E-47 LZ5Tmedian  6.533504E-04  9.922085E-02  
2.336469E+02  1.904200E-02  3.766453E+01  -5.370704E-08  1.000000E+00  8.456806E-03  6.742751E-25  2.594923E-22   5.000000E-01 NotAppl  1.493591E+00  0.000000E+00  
5.000245E+01  3.625677E-02  5.759015E-02  -1.162487E-01  1.000000E+00  1.626694E-03  1.519623E-26  2.853569E-08   0.000000E+00 XENON1T_2018  1.928976E-01  2.456573E-01  
2.022694E+02  2.164658E-01  -1.084455E-01  -1.926751E-01  1.000000E+00  1.375998E-02  6.459980E-25  4.487888E-09   5.681347E-91 LZ5Tmedian  1.735750E+00  0.000000E+00  
1.374314E+02  6.276399E-04  4.118433E+00  1.292663E-05  1.000000E+00  8.078571E-03  8.947566E-25  4.460613E-17   5.000000E-01 NotAppl  3.499502E+00  0.000000E+00  
2.173533E+01  2.023821E+00  2.084641E+02  -1.180352E-10  1.000000E+00  3.385149E-02  2.784203E-45  1.592343E-25   5.000000E-01 NotAppl  8.619432E-20  1.818521E-17  
5.298388E+02  5.928149E-01  -5.926068E-01  -1.067464E-05  1.000000E+00  1.093285E-01  7.619135E-26  1.918344E-18   5.000000E-01 NotAppl  7.217715E-02  0.000000E+00  
2.414214E+03  1.611964E+02  -1.240766E+02  -1.963135E-07  1.000000E+00  3.633848E-04  1.469212E-23  2.938238E-23   5.000000E-01 NotAppl  2.913823E+00  0.000000E+00  
1.420617E+01  5.847116E+01  -5.329672E+01  -2.424087E-01  1.000000E+00  2.437017E-01  1.012795E-26  1.571228E-06   0.000000E+00 XENON1T_2018  5.055702E-01  5.151073E-01  
3.648961E+02  2.373397E+02  -2.373098E+02  2.735730E-06  1.000000E+00  4.335753E-04  1.578688E-23  2.702306E-19   5.000000E-01 NotAppl  2.211839E+01  0.000000E+00  
4.617005E+01  2.158247E-02  4.804690E-01  3.119977E-04  1.000000E+00  3.782610E-04  6.881967E-32  2.418031E-13   5.000000E-01 NotAppl  9.460055E-07  9.336514E-05  
1.045441E+01  8.947337E+02  -8.947301E+02  3.117655E-06  1.000000E+00  2.032096E-01  1.492753E-36  4.755167E-16   5.000000E-01 NotAppl  1.065881E-10  1.369261E-08  
4.860263E+01  2.461852E-01  5.162768E+02  -6.166408E-01  1.000000E+00  1.620503E-03  3.538136E-25  8.507519E-07   0.000000E+00 XENON1T_2018  4.630654E+00  3.353365E-01  
1.936390E+02  3.020819E-04  4.098857E+01  1.135898E-03  1.000000E+00  6.916219E-03  8.511795E-25  1.705602E-13   5.000000E-01 NotAppl  2.289620E+00  0.000000E+00  
2.131936E+01  8.479479E-03  2.330824E-01  1.082101E-02  1.000000E+00  2.006647E-03  2.318790E-29  1.391313E-09   1.248026E-52 LZ5Tmedian  7.327213E-04  9.587938E-02  
1.205881E+02  1.336794E-02  4.271519E+00  -5.731160E-08  1.000000E+00  6.481836E-03  1.074701E-24  1.146341E-21   5.000000E-01 NotAppl  4.809994E+00  0.000000E+00  
1.695414E+01  3.536896E+02  -3.523133E+02  -5.405015E-02  1.000000E+00  1.748571E-01  5.310027E-28  5.493739E-08   0.000000E+00 XENON1T_2018  2.165382E-02  4.582485E-01  
3.932855E+01  1.908789E+00  4.436003E+01  -3.777872E-05  1.000000E+00  1.231458E-04  5.753316E-34  4.913337E-15   5.000000E-01 NotAppl  9.374633E-09  1.497333E-06  
4.875890E+01  3.507110E+00  -3.507000E+00  -7.614941E-01  1.000000E+00  7.014365E-04  5.449317E-25  1.288936E-06   0.000000E+00 XENON1T_2018  7.116696E+00  2.702888E-01  
5.786231E+03  2.096679E+00  8.797411E+02  -1.020277E-01  1.000000E+00  2.946558E-05  1.793886E-22  1.340582E-12   5.000000E-01 NotAppl  1.492111E+01  0.000000E+00  
9.014011E+02  6.689533E+01  -6.689467E+01  3.819479E-04  1.000000E+00  2.753907E-03  2.451319E-24  8.292319E-16   5.000000E-01 NotAppl  1.338326E+00  0.000000E+00  
4.030057E+03  2.934591E-01  2.703908E+02  1.740457E-08  1.000000E+00  2.716615E-04  1.848040E-23  8.139174E-26   5.000000E-01 NotAppl  2.218505E+00  0.000000E+00  
3.389872E+01  1.761878E+00  -1.760844E+00  -1.839366E-08  1.000000E+00  1.507231E-03  1.009987E-40  1.574955E-21   5.000000E-01 NotAppl  1.923649E-15  3.900305E-13  
7.647504E+03  5.800679E+02  -5.221972E+02  -1.368534E-06  1.000000E+00  3.440307E-05  1.849218E-22  1.368547E-22   5.000000E-01 NotAppl  1.134528E+01  0.000000E+00  
1.080165E+02  9.976083E+02  -9.976082E+02  1.032077E-08  1.000000E+00  1.684176E-03  3.290032E-24  4.658789E-23   5.000000E-01 NotAppl  1.674838E+01  0.000000E+00  
7.559139E+03  7.894894E-03  4.354737E+01  -4.276727E+00  1.000000E+00  1.034490E-02  3.931262E-25  1.368436E-09   1.643054E-01 NotAppl  2.512394E-02  0.000000E+00  
8.765641E+02  1.672244E+00  5.872236E+01  7.917653E-03  1.000000E+00  4.973295E-03  9.479894E-25  3.772579E-13   5.000000E-01 NotAppl  5.425785E-01  0.000000E+00  
2.104602E+02  2.720895E+00  -2.716577E+00  -5.638091E-09  1.000000E+00  1.732657E-02  4.440525E-25  3.542643E-24   5.000000E-01 NotAppl  1.100211E+00  0.000000E+00  
2.133775E+02  5.714183E-01  2.407119E+01  1.818840E-07  1.000000E+00  1.055355E-02  5.751925E-25  3.584276E-21   5.000000E-01 NotAppl  1.401534E+00  0.000000E+00  
8.825466E+03  6.985175E-01  -6.906423E-01  -2.631007E-07  1.000000E+00  1.042619E+01  5.714401E-28  3.781188E-24   5.000000E-01 NotAppl  3.041179E-05  0.000000E+00  
9.386254E+02  1.115125E-03  1.612889E-02  -2.228838E-05  1.000000E+00  3.293858E-01  2.466390E-26  2.599816E-18   5.000000E-01 NotAppl  1.294151E-02  0.000000E+00  
3.335845E+02  3.716112E+00  2.119689E+01  -2.938722E-04  1.000000E+00  1.469378E-02  3.482839E-25  3.746818E-15   5.000000E-01 NotAppl  5.345327E-01  0.000000E+00  
1.966647E+03  5.325369E+02  -5.325340E+02  -5.854036E-03  1.000000E+00  5.966899E-05  1.259977E-22  3.967351E-14   5.000000E-01 NotAppl  3.081786E+01  0.000000E+00  
6.893431E+03  1.661205E-04  3.269739E-02  -1.542820E-06  1.000000E+00  1.513080E+01  4.643693E-28  2.147670E-22   5.000000E-01 NotAppl  3.182189E-05  0.000000E+00  
3.712022E+02  2.289359E+00  3.119331E+02  -1.800789E-08  1.000000E+00  4.355949E-04  1.058534E-23  1.130534E-23   5.000000E-01 NotAppl  1.459755E+01  0.000000E+00  
4.995503E+01  8.462508E-03  2.087756E+01  7.261588E-10  1.000000E+00  1.956160E-03  5.888660E-43  1.115617E-24   5.000000E-01 NotAppl  7.458008E-18  4.526594E-16  
1.733577E+01  1.345118E-03  2.734971E-03  1.392087E-01  1.000000E+00  1.781238E-03  3.547718E-27  3.485747E-07   0.000000E+00 XENON1T_2018  1.411519E-01  2.476642E-01  
1.548434E+03  2.230076E+02  -2.226507E+02  -2.270269E-08  1.000000E+00  2.836515E-04  2.524149E-23  9.713729E-25   5.000000E-01 NotAppl  7.891248E+00  0.000000E+00  
2.168593E+01  7.214463E-03  -5.361541E-03  -1.435960E-01  1.000000E+00  2.580831E-03  4.115683E-27  2.367479E-07   0.000000E+00 XENON1T_2018  1.277182E-01  2.477867E-01  
5.264634E+03  7.288597E-03  1.627926E+02  5.891544E-06  1.000000E+00  7.187856E-04  6.938163E-24  5.416406E-21   5.000000E-01 NotAppl  6.352518E-01  0.000000E+00  
6.863481E+01  3.380631E+01  -3.380600E+01  -7.784629E-10  1.000000E+00  1.368443E-02  2.112818E-42  6.706075E-25   5.000000E-01 NotAppl  1.922684E-17  0.000000E+00  
6.893799E+01  1.200031E-01  -8.759841E-02  -1.247274E+00  1.000000E+00  1.059296E-03  4.945510E-24  1.706113E-06   0.000000E+00 XENON1T_2018  4.443340E+01  0.000000E+00  
2.076868E+02  6.820142E-04  -1.397249E-04  -3.508094E-05  1.000000E+00  1.898878E-02  4.474466E-25  1.409325E-16   5.000000E-01 NotAppl  1.123897E+00  0.000000E+00  
7.560700E+03  6.228349E-02  3.240248E-02  -4.264923E-01  1.000000E+00  8.149452E+00  1.061419E-27  1.360322E-11   5.000000E-01 NotAppl  6.892471E-05  0.000000E+00  
8.633701E+02  1.131260E+00  -1.129819E+00  -4.155901E-01  1.000000E+00  1.250553E-01  7.849951E-26  1.072078E-09   4.791929E-06 LZ5Tmedian  4.718398E-02  0.000000E+00  
1.159521E+01  1.366184E+01  -1.366041E+01  1.007355E-10  1.000000E+00  1.630591E-01  1.632572E-45  4.052295E-25   5.000000E-01 NotAppl  1.032064E-19  8.045171E-18  
6.806656E+02  2.058610E-03  3.396673E+01  -1.669751E-06  1.000000E+00  1.408727E-02  3.407856E-25  2.812822E-20   5.000000E-01 NotAppl  2.523463E-01  0.000000E+00  
4.172215E+03  5.175758E+02  -4.480828E+02  4.831057E+00  1.000000E+00  3.566623E-05  1.512805E-22  5.844062E-09   8.684499E-07 LZ5Tmedian  1.716616E+01  0.000000E+00  
2.160752E+03  4.997479E+00  -4.996812E+00  -4.393469E-07  1.000000E+00  3.152563E-01  1.940094E-26  1.844672E-22   5.000000E-01 NotAppl  4.313136E-03  0.000000E+00  
8.090899E+02  7.912017E+01  -6.406286E+01  2.054752E-07  1.000000E+00  1.452918E-03  3.393271E-24  2.992317E-22   5.000000E-01 NotAppl  2.072178E+00  0.000000E+00  
8.303662E+02  8.832245E+00  1.575079E+02  5.054210E-05  1.000000E+00  7.472959E-04  6.101689E-24  1.717006E-17   5.000000E-01 NotAppl  3.692851E+00  0.000000E+00  
2.307933E+03  6.123946E+01  -6.123209E+01  7.402012E-03  1.000000E+00  3.132592E-03  2.160909E-24  4.578348E-14   5.000000E-01 NotAppl  4.485799E-01  0.000000E+00  
6.326070E+01  8.848454E-01  2.890113E+02  -4.028137E-08  1.000000E+00  6.027741E-03  3.968928E-37  2.120768E-21   5.000000E-01 NotAppl  3.928553E-12  0.000000E+00  
8.986022E+01  3.270256E+02  -3.270229E+02  5.513839E-09  1.000000E+00  3.611604E-03  1.283371E-24  1.938993E-23   5.000000E-01 NotAppl  7.967863E+00  0.000000E+00  
4.015180E+01  3.268460E+02  -2.579602E+02  5.080224E-02  1.000000E+00  1.778601E+00  1.098988E-27  8.518347E-09   0.000000E+00 LZ5Tmedian  1.748772E-02  7.386357E-01  
3.338119E+01  4.837979E+02  -4.798690E+02  1.488070E-10  1.000000E+00  2.731131E-02  6.454236E-45  1.063491E-25   5.000000E-01 NotAppl  1.251589E-19  2.425498E-17  
7.904503E+03  7.543059E-01  1.070117E+01  6.972191E-07  1.000000E+00  1.292283E-01  3.607720E-26  3.321462E-23   5.000000E-01 NotAppl  2.185490E-03  0.000000E+00  
5.854066E+01  3.139726E+00  -3.137723E+00  2.337825E-04  1.000000E+00  3.951095E-03  5.301536E-31  8.368171E-14   5.000000E-01 NotAppl  5.688061E-06  2.533989E-05  
5.813161E+03  3.367267E+01  -3.367137E+01  1.148141E-01  1.000000E+00  9.754407E-03  6.780506E-25  1.681701E-12   5.000000E-01 NotAppl  5.492110E-02  0.000000E+00  
1.613645E+02  1.372552E-03  2.768410E+01  -2.340727E-07  1.000000E+00  7.455214E-03  8.575524E-25  1.052444E-20   5.000000E-01 NotAppl  2.825003E+00  0.000000E+00  
6.617575E+03  4.418507E+01  -4.417984E+01  2.197231E-09  1.000000E+00  5.839015E-03  1.146002E-24  4.732885E-28   5.000000E-01 NotAppl  8.138961E-02  0.000000E+00  
1.505798E+01  4.377887E+02  -4.377884E+02  -1.707936E-01  1.000000E+00  8.450312E-02  5.115614E-27  6.947978E-07   0.000000E+00 XENON1T_2018  2.388316E-01  4.938968E-01  
1.947703E+01  5.898878E+00  -5.816071E+00  -5.456326E-05  1.000000E+00  4.786239E-02  5.675962E-34  4.241368E-14   5.000000E-01 NotAppl  1.982699E-08  3.339455E-06  
2.129525E+03  3.351976E-04  1.444579E-03  2.476310E-04  1.000000E+00  1.566446E+00  4.843099E-27  6.036619E-17   5.000000E-01 NotAppl  1.096284E-03  0.000000E+00  
2.097447E+03  1.529615E+02  -1.529102E+02  -6.173939E-03  1.000000E+00  5.522233E-04  1.280513E-23  3.870236E-14   5.000000E-01 NotAppl  2.931797E+00  0.000000E+00  
5.036068E+01  2.235007E-02  1.716297E+02  1.164298E+00  1.000000E+00  1.554573E-03  1.514124E-24  2.821125E-06   0.000000E+00 XENON1T_2018  1.913873E+01  3.333890E-01  
4.137720E+01  4.592998E+02  -4.422710E+02  -5.851040E-03  1.000000E+00  2.437290E+00  1.590735E-29  1.062925E-10   1.005291E-06 LZ5Tmedian  2.457207E-04  1.516794E-02  
4.151447E+03  3.738539E-01  4.912073E+00  -2.615812E-08  1.000000E+00  5.243578E-01  8.896357E-27  1.730819E-25   5.000000E-01 NotAppl  1.033721E-03  0.000000E+00  
4.101923E+02  2.224828E-04  2.251817E+02  1.975454E-01  1.000000E+00  6.233072E-04  8.177920E-24  1.108981E-09   3.937279E-12 LZ5Tmedian  1.018540E+01  0.000000E+00  
2.143611E+02  1.301250E+01  3.917160E+02  2.575078E-03  1.000000E+00  5.148560E-04  6.531197E-24  7.117064E-13   5.000000E-01 NotAppl  1.575121E+01  0.000000E+00  
4.211820E+02  5.938156E-02  1.020136E+00  -3.331020E-07  1.000000E+00  7.009251E-02  1.190664E-25  2.987104E-21   5.000000E-01 NotAppl  1.431353E-01  0.000000E+00  
8.184781E+01  1.377801E-03  4.506692E+00  -7.313846E-09  1.000000E+00  5.065233E-03  4.543133E-25  4.131222E-23   5.000000E-01 NotAppl  3.167958E+00  0.000000E+00  
6.562964E+02  6.369542E-02  -6.293378E-02  1.295680E-01  1.000000E+00  1.450660E-01  6.062750E-26  1.824699E-10   6.515206E-02 LZ5Tmedian  4.640047E-02  0.000000E+00  
3.596091E+03  3.803798E-03  3.045112E-02  -8.194588E-09  1.000000E+00  4.290836E+00  1.703188E-27  2.274938E-26   5.000000E-01 NotAppl  2.258869E-04  0.000000E+00  
5.810436E+02  2.820743E-04  3.692194E-03  1.591662E-10  1.000000E+00  1.322532E-01  6.341273E-26  3.531880E-28   5.000000E-01 NotAppl  5.459660E-02  0.000000E+00  
1.958433E+01  3.758613E+02  -3.582242E+02  1.020581E-04  1.000000E+00  1.816032E+04  1.989935E-33  1.467625E-13   5.000000E-01 NotAppl  6.905532E-08  6.019408E-06  
2.120605E+02  1.198708E+00  5.058524E+02  -2.959917E-05  1.000000E+00  6.278131E-04  7.020782E-24  9.613496E-17   5.000000E-01 NotAppl  1.711328E+01  0.000000E+00  
7.266532E+01  1.814062E-02  5.216331E+00  -3.455224E-05  1.000000E+00  5.659730E-03  1.438451E-33  1.175798E-15   5.000000E-01 NotAppl  1.233936E-08  0.000000E+00  
3.508182E+03  8.010398E-01  2.669673E+02  -5.537407E-01  1.000000E+00  2.813994E-04  1.759553E-23  1.092442E-10   5.000000E-01 NotAppl  2.431826E+00  0.000000E+00  
2.041295E+03  6.079643E+01  -6.079553E+01  -5.972160E-07  1.000000E+00  3.189755E-03  2.119628E-24  3.827248E-22   5.000000E-01 NotAppl  4.990184E-01  0.000000E+00  
8.827176E+01  1.098981E+01  -1.090645E+01  -2.032061E-08  1.000000E+00  5.980305E-03  8.079104E-25  2.731593E-22   5.000000E-01 NotAppl  5.107778E+00  0.000000E+00  
2.034428E+02  3.071106E+00  -3.069889E+00  1.991179E-03  1.000000E+00  1.597638E-02  4.746961E-25  4.736565E-13   5.000000E-01 NotAppl  1.218641E+00  0.000000E+00  
1.412219E+03  2.480450E+00  -2.473300E+00  8.181020E-04  1.000000E+00  4.877361E-01  1.461632E-26  1.521923E-15   5.000000E-01 NotAppl  5.036655E-03  0.000000E+00  
2.132298E+03  5.385839E+02  6.603957E+01  -5.946816E-01  1.000000E+00  1.832685E-05  2.014179E-22  3.472173E-10   1.982099E-01 NotAppl  4.569637E+01  0.000000E+00  
2.879678E+02  1.234173E-02  1.865705E-01  -8.352400E-08  1.000000E+00  3.468333E-02  2.452973E-25  4.090052E-22   5.000000E-01 NotAppl  4.380378E-01  0.000000E+00  
1.398760E+02  1.669842E-03  -1.173790E-03  1.913374E-07  1.000000E+00  9.506196E-03  8.559662E-25  9.425968E-21   5.000000E-01 NotAppl  3.289993E+00  0.000000E+00  
2.274645E+02  6.843448E+01  -6.843433E+01  1.089571E-06  1.000000E+00  2.901949E-03  2.164231E-24  1.128326E-19   5.000000E-01 NotAppl  4.982615E+00  0.000000E+00  
5.343073E+01  1.380803E-02  -1.367352E-02  -1.807806E-05  1.000000E+00  2.649449E-03  6.570580E-34  6.028530E-16   5.000000E-01 NotAppl  7.781767E-09  2.421993E-07  
1.264307E+03  6.304572E-04  5.206961E-05  -2.745699E-02  1.000000E+00  5.766977E-01  1.377140E-26  2.148275E-12   5.000000E-01 NotAppl  5.321677E-03  0.000000E+00  
1.976227E+03  1.558094E+01  2.300352E+00  1.138704E-08  1.000000E+00  2.878784E-02  2.330936E-25  1.486316E-25   5.000000E-01 NotAppl  5.719132E-02  0.000000E+00  
9.811728E+02  3.496016E-03  2.699182E-01  4.887660E-04  1.000000E+00  3.570607E-01  2.261663E-26  1.142040E-15   5.000000E-01 NotAppl  1.133761E-02  0.000000E+00  
1.959754E+03  4.163594E-01  3.931597E+01  -2.392121E-10  1.000000E+00  1.106538E-02  4.231548E-25  6.672110E-29   5.000000E-01 NotAppl  1.061182E-01  0.000000E+00  
2.088587E+01  1.622293E-02  1.210717E+02  -9.609833E-09  1.000000E+00  1.491192E-03  1.811885E-41  1.143543E-21   5.000000E-01 NotAppl  5.859629E-16  1.243318E-13  
5.483944E+01  4.292106E-02  2.308328E-01  1.895721E-02  1.000000E+00  2.979004E-03  9.888416E-28  6.286536E-10   4.750993E-34 LZ5Tmedian  1.139900E-02  1.222250E-01  
8.856540E+03  5.722921E+02  -4.080277E+02  -9.111054E-01  1.000000E+00  2.865048E-05  1.872481E-22  4.502170E-11   5.000000E-01 NotAppl  9.910597E+00  0.000000E+00  
1.071543E+03  1.169558E+02  -1.118410E+02  2.686917E-04  1.000000E+00  8.699783E-04  7.193546E-24  2.883271E-16   5.000000E-01 NotAppl  3.285357E+00  0.000000E+00  
3.932672E+03  4.330060E-04  5.623792E+01  -2.623164E-08  1.000000E+00  5.652779E-03  8.432147E-25  1.943187E-25   5.000000E-01 NotAppl  1.037661E-01  0.000000E+00  
2.187404E+02  6.911349E-04  1.592249E+01  3.318954E+00  1.000000E+00  5.876115E-05  1.913431E-22  1.134294E-06   0.000000E+00 XENON1T_2018  5.278071E+02  0.000000E+00  
2.165970E+03  2.964612E-02  -1.723845E-02  -1.608847E-05  1.000000E+00  1.617950E+00  4.682625E-27  2.461500E-19   5.000000E-01 NotAppl  1.041714E-03  0.000000E+00  
2.839559E+02  1.809285E+02  -7.150024E+01  4.986277E-09  1.000000E+00  2.995984E-04  1.111087E-23  1.500159E-24   5.000000E-01 NotAppl  2.024144E+01  0.000000E+00  
8.115087E+02  5.072576E+02  -5.072569E+02  -4.327925E-10  1.000000E+00  9.533446E-05  7.765986E-23  1.319473E-27   5.000000E-01 NotAppl  4.726477E+01  0.000000E+00  
1.461676E+01  2.554170E-03  3.050113E+02  -5.241663E-04  1.000000E+00  7.776720E-04  4.776006E-32  6.942555E-12   5.000000E-01 NotAppl  2.307172E-06  3.811510E-04  
3.817353E+02  1.405239E+00  9.380042E+00  -1.402712E+00  1.000000E+00  2.118699E-03  4.585996E-24  6.477761E-08   0.000000E+00 LZ5Tmedian  6.832048E+00  0.000000E+00  
6.841770E+03  3.692432E+01  -3.692402E+01  -2.803908E-10  1.000000E+00  8.256232E-03  8.014693E-25  7.202816E-30   5.000000E-01 NotAppl  5.503345E-02  0.000000E+00  
1.429316E+01  1.850456E-01  -1.268452E-01  1.671472E-09  1.000000E+00  2.503182E-03  4.824107E-43  7.380411E-23   5.000000E-01 NotAppl  2.391217E-17  3.884689E-15  
4.414476E+03  7.023847E+01  -7.023836E+01  -4.716119E-02  1.000000E+00  2.395535E-03  2.855386E-24  4.965310E-13   5.000000E-01 NotAppl  3.058094E-01  0.000000E+00  
3.168142E+01  4.629474E-02  2.394660E+01  -4.833231E-01  1.000000E+00  1.770803E-03  6.326996E-26  1.247340E-06   0.000000E+00 XENON1T_2018  1.297745E+00  2.954726E-01  
3.049040E+03  2.640074E-02  -2.584695E-02  6.127506E-10  1.000000E+00  3.121085E+00  2.367628E-27  1.779626E-28   5.000000E-01 NotAppl  3.715078E-04  0.000000E+00  
1.594850E+03  9.364371E-03  4.591563E+00  5.544354E-04  1.000000E+00  4.043672E-01  1.432768E-26  5.454822E-16   5.000000E-01 NotAppl  4.392201E-03  0.000000E+00  
6.975585E+02  6.136267E-02  3.404918E-02  -8.417765E-10  1.000000E+00  1.871413E-01  4.430985E-26  6.799504E-27   5.000000E-01 NotAppl  3.157844E-02  0.000000E+00  
2.526537E+02  1.386947E+01  -1.312370E+01  8.195287E-10  1.000000E+00  1.436176E-02  4.199020E-25  5.147640E-26   5.000000E-01 NotAppl  8.614086E-01  0.000000E+00  
1.006112E+03  1.617597E+01  2.619819E+02  1.683721E-05  1.000000E+00  2.830125E-04  1.574240E-23  1.287562E-18   5.000000E-01 NotAppl  7.824182E+00  0.000000E+00  
1.562858E+03  7.927345E+01  4.232165E+01  -2.696155E-09  1.000000E+00  5.670442E-04  7.204646E-24  1.344345E-26   5.000000E-01 NotAppl  2.255519E+00  0.000000E+00  
2.105181E+03  1.975189E-02  2.081288E-01  7.600531E-10  1.000000E+00  1.523898E+00  4.969821E-27  5.821628E-28   5.000000E-01 NotAppl  1.138346E-03  0.000000E+00  
4.568488E+02  2.013865E+00  -1.978564E+00  5.350047E-10  1.000000E+00  7.786965E-02  1.038873E-25  6.525111E-27   5.000000E-01 NotAppl  1.147875E-01  0.000000E+00  
9.613690E+03  6.876001E+01  -6.857617E+01  -3.380395E-05  1.000000E+00  2.498562E-03  2.773304E-24  5.246626E-20   5.000000E-01 NotAppl  1.350033E-01  0.000000E+00  
4.554850E+02  1.630194E+02  -1.630137E+02  -1.056348E-02  1.000000E+00  6.646378E-04  1.035921E-23  2.559426E-12   5.000000E-01 NotAppl  1.150016E+01  0.000000E+00  
1.023838E+02  2.601478E+01  -2.572731E+01  6.428695E-06  1.000000E+00  3.721145E-03  1.474767E-24  2.017308E-17   5.000000E-01 NotAppl  7.853585E+00  0.000000E+00  
8.865547E+03  8.329959E+02  -8.329849E+02  1.686607E-05  1.000000E+00  2.090808E-05  3.724751E-22  1.539629E-20   5.000000E-01 NotAppl  1.967811E+01  0.000000E+00  
1.894878E+02  2.420494E+00  4.951683E+01  2.649956E-05  1.000000E+00  4.712573E-03  1.027661E-24  9.704316E-17   5.000000E-01 NotAppl  2.824562E+00  0.000000E+00  
4.971422E+03  1.627545E-01  -1.620428E-01  -1.801799E-03  1.000000E+00  7.849854E+00  9.064530E-28  5.691968E-16   5.000000E-01 NotAppl  8.650575E-05  0.000000E+00  
3.711052E+01  6.304522E-03  3.778595E-01  1.752707E-03  1.000000E+00  1.571558E-04  1.082213E-30  1.189965E-11   2.148866E-01 NotAppl  1.871525E-05  3.464205E-03  
1.220530E+01  2.904325E-03  8.915758E-01  -2.348680E-07  1.000000E+00  5.886559E-04  9.048953E-39  1.991377E-18   5.000000E-01 NotAppl  5.387136E-13  7.721612E-11  
8.778340E+01  2.082774E+00  -2.082356E+00  2.260320E-01  1.000000E+00  2.347921E-03  3.194699E-24  3.418377E-08   0.000000E+00 XENON1T_2018  2.031511E+01  0.000000E+00  
4.113315E+02  3.450406E+01  7.534149E+01  7.569718E-04  1.000000E+00  1.077697E-03  3.135148E-24  1.619141E-14   5.000000E-01 NotAppl  3.887512E+00  0.000000E+00  
1.133877E+02  6.200152E-03  1.467631E-03  -5.356125E-09  1.000000E+00  6.850764E-03  1.134444E-24  1.135913E-23   5.000000E-01 NotAppl  5.412913E+00  0.000000E+00  
2.130082E+03  2.937116E-04  2.200937E+00  3.363824E-07  1.000000E+00  1.040987E+00  6.148762E-27  1.113318E-22   5.000000E-01 NotAppl  1.396657E-03  0.000000E+00  
7.864089E+01  4.111838E-04  1.279407E+00  9.098640E-03  1.000000E+00  6.477862E-03  3.679414E-29  6.937787E-11   9.269945E-04 LZ5Tmedian  2.935073E-04  0.000000E+00  
6.185125E+01  7.521586E+01  3.929002E+02  1.907351E-09  1.000000E+00  1.064715E+02  1.249109E-39  4.978725E-24   5.000000E-01 NotAppl  1.271858E-14  7.470053E-16  
6.366558E+01  9.984955E-04  1.433367E+01  -1.507090E+00  1.000000E+00  6.247336E-05  2.396964E-22  2.930272E-06   0.000000E+00 XENON1T_2018  2.313218E+03  0.000000E+00  
6.804518E+02  1.831765E+02  -1.674328E+02  -5.696470E-03  1.000000E+00  3.260583E-04  1.474213E-23  3.275891E-13   5.000000E-01 NotAppl  1.077015E+01  0.000000E+00  
1.432951E+02  5.997402E+01  6.756427E+02  -4.254117E+00  1.000000E+00  3.580166E-07  1.146999E-20  4.434501E-06   0.000000E+00 XENON1T_2018  5.038906E+04  0.000000E+00  
2.676837E+01  1.036256E-01  -1.033614E-01  -3.284052E-07  1.000000E+00  3.547095E-03  2.456057E-38  8.099309E-19   5.000000E-01 NotAppl  6.051328E-13  1.392001E-10  
1.478398E+02  2.693371E-04  8.190055E-02  -2.140472E-01  1.000000E+00  7.509113E-03  1.139586E-24  1.053044E-08   2.435453E-281 LZ5Tmedian  4.409613E+00  0.000000E+00  
3.025981E+01  4.821050E-03  9.566431E+00  -5.438334E-10  1.000000E+00  1.959867E-03  7.578291E-44  1.733161E-24   5.000000E-01 NotAppl  1.634067E-18  2.345305E-16  
3.116985E+03  4.657493E-02  -4.355123E-02  7.828174E-03  1.000000E+00  3.251025E+00  2.270350E-27  2.777156E-14   5.000000E-01 NotAppl  3.483365E-04  0.000000E+00  
3.079463E+01  1.784963E-03  2.673955E+00  9.622263E-04  1.000000E+00  1.882653E-03  2.421335E-31  5.236593E-12   5.000000E-01 NotAppl  5.122589E-06  1.086062E-03  
1.180740E+02  1.083315E-02  2.114477E-01  1.300284E+00  1.000000E+00  4.547615E-04  2.661639E-23  6.161176E-07   0.000000E+00 XENON1T_2018  1.225129E+02  0.000000E+00  
2.598445E+02  2.323428E-01  -1.894124E-01  -4.058606E-08  1.000000E+00  2.847636E-02  2.973744E-25  1.191978E-22   5.000000E-01 NotAppl  5.911618E-01  0.000000E+00  
1.301164E+03  2.834842E+02  -2.834705E+02  -4.097809E-01  1.000000E+00  2.007972E-04  3.630662E-23  4.512642E-10   3.219920E-02 LZ5Tmedian  1.357601E+01  0.000000E+00  
3.404758E+01  9.336306E-03  -8.398026E-03  1.668584E-06  1.000000E+00  1.089883E-03  8.369667E-37  1.284597E-17   5.000000E-01 NotAppl  1.586648E-11  3.335110E-09  
4.197001E+01  1.099557E+01  1.596331E+01  1.207235E-07  1.000000E+00  2.650823E-01  7.082609E-39  4.395949E-20   5.000000E-01 NotAppl  1.077951E-13  5.279551E-12  
3.474022E+02  1.185326E+00  -9.999952E-01  1.633155E-05  1.000000E+00  4.744261E-02  1.729341E-25  1.064920E-17   5.000000E-01 NotAppl  2.539758E-01  0.000000E+00  
2.283843E+01  3.345131E-01  2.755719E+01  -1.015394E-01  1.000000E+00  3.076428E-03  2.112900E-27  1.066623E-07   0.000000E+00 XENON1T_2018  6.194260E-02  3.217089E-01  
1.478290E+03  3.053431E-04  1.784510E-02  -2.699660E-04  1.000000E+00  7.806024E-01  1.001643E-26  1.509735E-16   5.000000E-01 NotAppl  3.296094E-03  0.000000E+00  
5.005939E+02  4.255775E+01  -4.210031E+01  -7.939753E-01  1.000000E+00  8.939789E-03  6.495078E-25  1.191952E-08   9.968143E-102 LZ5Tmedian  7.131299E-01  0.000000E+00  
1.836882E+02  2.207376E-04  2.580228E-03  -1.086961E+00  1.000000E+00  4.791800E-04  2.777045E-23  1.740138E-07   0.000000E+00 XENON1T_2018  9.242398E+01  0.000000E+00  
6.371250E+02  2.373448E+01  -1.968316E+01  -1.003192E-08  1.000000E+00  1.558679E-02  3.721278E-25  1.162191E-24   5.000000E-01 NotAppl  2.912699E-01  0.000000E+00  
6.899562E+03  1.721216E+02  -1.479513E+02  2.484174E-10  1.000000E+00  3.975225E-04  1.722390E-23  5.557980E-30   5.000000E-01 NotAppl  1.172889E+00  0.000000E+00  
5.872966E+01  5.354926E-01  7.119948E-02  2.481723E-09  1.000000E+00  4.353348E-03  6.569274E-41  9.368224E-24   5.000000E-01 NotAppl  7.023986E-16  2.988900E-15  
1.401974E+02  2.005619E+01  -2.005369E+01  1.469472E-01  1.000000E+00  3.287448E-03  1.852738E-24  5.533578E-09   3.913602E-155 LZ5Tmedian  7.170780E+00  0.000000E+00  
2.524647E+03  7.944739E-03  4.226188E+00  3.405062E-09  1.000000E+00  6.134116E-01  8.282597E-27  8.070084E-27   5.000000E-01 NotAppl  1.591134E-03  0.000000E+00  
5.738694E+02  1.640552E+01  -1.640330E+01  -1.845043E-07  1.000000E+00  2.960896E-02  2.165030E-25  4.867967E-22   5.000000E-01 NotAppl  1.888162E-01  0.000000E+00  
2.461202E+01  5.768494E-02  -5.735968E-02  1.802893E-02  1.000000E+00  3.309689E-03  6.964064E-29  2.892097E-09   9.098438E-130 LZ5Tmedian  1.884357E-03  1.571309E-01  
6.035521E+01  1.393770E+01  -9.598030E+00  3.832962E-09  1.000000E+00  2.771766E-02  4.721284E-40  2.113617E-23   5.000000E-01 NotAppl  4.930000E-15  5.451538E-15  
1.253981E+03  9.975835E-03  5.808515E+00  2.637930E-07  1.000000E+00  2.558993E-01  2.299456E-26  2.016400E-22   5.000000E-01 NotAppl  9.019336E-03  0.000000E+00  
2.711138E+03  2.263116E+00  -2.262769E+00  -3.155388E-07  1.000000E+00  1.055630E+00  6.013107E-27  5.993930E-23   5.000000E-01 NotAppl  1.061137E-03  0.000000E+00  
6.341571E+03  4.784316E+01  -4.629648E+01  2.784836E-09  1.000000E+00  5.030692E-03  1.343023E-24  8.290288E-28   5.000000E-01 NotAppl  9.959897E-02  0.000000E+00  
1.679060E+03  1.858322E-03  1.446344E+02  -2.656756E+00  1.000000E+00  1.046892E-03  4.071902E-24  1.127786E-08   1.114766E-29 LZ5Tmedian  1.205328E+00  0.000000E+00  
3.596745E+01  2.823551E-04  3.785832E-02  -1.337607E-01  1.000000E+00  3.827057E-04  5.919462E-27  7.385323E-08   0.000000E+00 XENON1T_2018  1.059964E-01  2.471656E-01  
2.638093E+01  4.275782E-01  8.763727E-01  7.294250E-05  1.000000E+00  3.801518E-03  1.197705E-33  4.115121E-14   5.000000E-01 NotAppl  3.001890E-08  6.823606E-06  
1.613273E+03  3.284577E-01  6.804906E+01  -8.727045E-03  1.000000E+00  3.893250E-03  1.213474E-24  1.320214E-13   5.000000E-01 NotAppl  3.714772E-01  0.000000E+00  
2.884046E+01  3.921771E-03  3.157320E-02  3.545418E-08  1.000000E+00  2.710727E-03  3.060657E-40  8.118603E-21   5.000000E-01 NotAppl  6.954405E-15  1.592951E-12  
1.185949E+03  1.420598E-03  -1.197761E-03  -1.341820E-02  1.000000E+00  5.129277E-01  1.554134E-26  5.846051E-13   5.000000E-01 NotAppl  6.412700E-03  0.000000E+00  
3.583112E+01  1.662296E-04  3.862031E+02  2.139711E+00  1.000000E+00  4.274918E-04  1.095202E-24  1.904460E-05   0.000000E+00 XENON1T_2018  1.939921E+01  3.333122E-01  
5.570805E+03  5.632144E-03  -5.470104E-03  2.761997E-05  1.000000E+00  1.001646E+01  7.103887E-28  1.061196E-19   5.000000E-01 NotAppl  6.040749E-05  0.000000E+00  
4.455211E+03  9.365702E-02  -9.350177E-02  2.711833E-08  1.000000E+00  6.454317E+00  1.115329E-27  1.611351E-25   5.000000E-01 NotAppl  1.189822E-04  0.000000E+00  
5.319338E+02  2.800735E-03  1.283489E+01  -4.667964E-04  1.000000E+00  5.106723E-02  1.188048E-25  3.638899E-15   5.000000E-01 NotAppl  1.125716E-01  0.000000E+00  
2.606017E+02  8.614952E-01  8.968734E+01  3.031316E-02  1.000000E+00  2.736156E-03  1.787396E-24  6.609801E-11   8.922974E-02 LZ5Tmedian  3.534493E+00  0.000000E+00  
1.853014E+01  4.938566E-01  5.027010E+02  5.576858E-02  1.000000E+00  3.687515E-03  5.822173E-28  4.896200E-08   0.000000E+00 XENON1T_2018  2.148524E-02  3.052428E-01  
1.416396E+03  1.846339E-02  8.772125E+01  1.435834E-06  1.000000E+00  2.428777E-03  1.959178E-24  4.659832E-21   5.000000E-01 NotAppl  6.855189E-01  0.000000E+00  
2.777948E+03  1.031310E+00  1.923547E+00  1.491005E-01  1.000000E+00  8.327590E-01  8.750835E-27  1.273618E-11   5.000000E-01 NotAppl  1.526087E-03  0.000000E+00  
2.764825E+01  1.236911E+01  -1.235970E+01  1.324035E-08  1.000000E+00  1.493130E-02  4.103081E-41  1.233201E-21   5.000000E-01 NotAppl  9.764566E-16  8.055659E-14  
3.373318E+02  1.772540E+01  -1.765692E+01  4.981166E-09  1.000000E+00  1.785496E-02  3.518049E-25  1.052146E-24   5.000000E-01 NotAppl  5.340548E-01  0.000000E+00  
1.216944E+01  9.503879E+00  1.607380E+00  -7.193566E-05  1.000000E+00  2.565202E+03  8.479642E-34  1.878937E-13   5.000000E-01 NotAppl  5.065599E-08  4.662925E-06  
3.473172E+02  6.038065E+02  -6.038062E+02  1.420145E-09  1.000000E+00  1.821009E-04  3.788204E-23  8.056469E-26   5.000000E-01 NotAppl  5.589809E+01  0.000000E+00  
4.761663E+03  2.071073E-03  1.027012E-01  -1.127211E-01  1.000000E+00  6.785199E+00  1.090644E-27  2.431792E-12   5.000000E-01 NotAppl  1.094987E-04  0.000000E+00  
2.884342E+03  7.822088E-01  -6.959444E-01  -1.937233E-06  1.000000E+00  2.376905E+00  3.007977E-27  1.991659E-21   5.000000E-01 NotAppl  4.992395E-04  0.000000E+00  
6.768068E+01  1.742623E+00  -1.741834E+00  2.236009E-02  1.000000E+00  8.758658E-03  2.476541E-27  5.693170E-10   5.186980E-28 LZ5Tmedian  2.286230E-02  0.000000E+00  
9.539868E+01  2.996937E-04  5.142109E-01  -1.936768E-07  1.000000E+00  5.407058E-03  1.177252E-24  2.116343E-20   5.000000E-01 NotAppl  6.741737E+00  0.000000E+00  
1.165549E+03  2.089911E+01  -2.089898E+01  6.937288E-04  1.000000E+00  2.382323E-02  2.681063E-25  1.618932E-15   5.000000E-01 NotAppl  1.122993E-01  0.000000E+00  
4.981697E+02  2.901991E+02  -2.883924E+02  -1.650540E-06  1.000000E+00  2.513173E-04  2.596495E-23  5.202459E-20   5.000000E-01 NotAppl  2.624561E+01  0.000000E+00  
1.404395E+03  5.423330E-01  6.479650E-01  -8.771650E-08  1.000000E+00  6.558863E-01  1.165198E-26  1.769543E-23   5.000000E-01 NotAppl  4.043726E-03  0.000000E+00  
1.927078E+02  5.904241E+02  -5.245237E+02  3.609693E-06  1.000000E+00  2.321865E-04  1.385739E-23  1.739524E-18   5.000000E-01 NotAppl  3.801541E+01  0.000000E+00  
4.965221E+01  7.441851E-04  -5.770710E-04  -2.043090E-03  1.000000E+00  1.493156E-03  4.468730E-30  8.941446E-12   3.236839E-01 NotAppl  5.713810E-05  3.569761E-03  
2.733860E+03  6.408585E+00  1.177038E+01  2.986153E-06  1.000000E+00  5.130169E-02  1.157420E-25  5.277768E-21   5.000000E-01 NotAppl  2.053836E-02  0.000000E+00  
1.498995E+01  1.656191E-04  1.604706E-03  -5.222842E-06  1.000000E+00  1.388499E-03  4.777408E-36  6.555995E-16   5.000000E-01 NotAppl  2.241376E-10  3.782804E-08  
2.838933E+03  3.157041E+00  -3.121602E+00  -1.082926E-07  1.000000E+00  7.094043E-01  8.606464E-27  6.428046E-24   5.000000E-01 NotAppl  1.447811E-03  0.000000E+00  
1.884767E+03  9.810935E-04  5.244459E+01  1.234934E-07  1.000000E+00  6.452648E-03  7.276909E-25  1.925360E-23   5.000000E-01 NotAppl  1.899465E-01  0.000000E+00  
1.890367E+01  2.413730E+01  -2.413107E+01  3.959358E-04  1.000000E+00  5.182112E-02  2.955592E-32  2.371196E-12   5.000000E-01 NotAppl  1.067219E-06  3.298889E-05  
1.113641E+03  1.224671E-03  1.542642E+01  3.283693E-05  1.000000E+00  6.042437E-02  8.085993E-26  3.980591E-18   5.000000E-01 NotAppl  3.607980E-02  0.000000E+00  
1.876582E+02  4.836861E-01  -4.810803E-01  -1.974804E-01  1.000000E+00  1.198074E-02  7.341159E-25  5.497575E-09   3.978502E-119 LZ5Tmedian  2.143154E+00  0.000000E+00  
7.272080E+02  4.374826E-03  1.999264E+02  2.145344E-07  1.000000E+00  6.127725E-04  8.055191E-24  4.056403E-22   5.000000E-01 NotAppl  5.585121E+00  0.000000E+00  
1.055072E+02  2.069912E+00  4.754308E+02  2.842619E-10  1.000000E+00  2.379927E-03  1.711597E-24  3.708612E-26   5.000000E-01 NotAppl  8.717569E+00  0.000000E+00  
5.167988E+01  1.762247E-01  -1.742813E-01  -4.036762E-02  1.000000E+00  2.185638E-03  2.372616E-27  3.217157E-09   7.013615E-175 LZ5Tmedian  2.899161E-02  2.133093E-01  
2.625072E+02  1.070040E-03  1.030137E+00  -5.680327E-10  1.000000E+00  2.857110E-02  2.923792E-25  2.286608E-26   5.000000E-01 NotAppl  5.750716E-01  0.000000E+00  
3.715222E+01  7.603230E-02  -7.221653E-02  -2.211219E-09  1.000000E+00  1.576025E-04  1.726573E-42  1.889681E-23   5.000000E-01 NotAppl  2.987609E-17  5.615964E-15  
1.677311E+03  3.086420E-02  3.636161E+00  -4.853636E-05  1.000000E+00  5.326339E-01  1.141637E-26  3.772076E-18   5.000000E-01 NotAppl  3.318725E-03  0.000000E+00  
3.652642E+02  8.924420E-01  2.207835E+01  7.691724E-07  1.000000E+00  1.925415E-02  2.896544E-25  2.131765E-20   5.000000E-01 NotAppl  4.048941E-01  0.000000E+00  
1.705302E+01  2.160831E+01  7.002553E+02  1.001445E-05  1.000000E+00  1.302568E+05  1.826271E-35  1.864168E-15   5.000000E-01 NotAppl  7.401551E-10  2.879941E-08  
1.165631E+01  7.660563E-03  3.294655E+02  -2.931276E-07  1.000000E+00  5.389706E-04  1.385236E-38  3.395955E-18   5.000000E-01 NotAppl  8.703212E-13  1.205842E-10  
1.608756E+03  5.691188E+00  -5.492676E+00  2.355046E-06  1.000000E+00  2.313818E-01  2.749048E-26  9.669208E-21   5.000000E-01 NotAppl  8.273395E-03  0.000000E+00  
4.215643E+02  3.103040E-01  5.482884E+01  -3.986903E-06  1.000000E+00  5.888189E-03  8.210066E-25  4.271308E-19   5.000000E-01 NotAppl  9.929723E-01  0.000000E+00  
6.881159E+03  3.661813E-01  3.122068E+01  -7.010123E-06  1.000000E+00  1.758646E-02  2.687497E-25  4.450009E-21   5.000000E-01 NotAppl  1.874558E-02  0.000000E+00  
8.939419E+01  6.785899E-04  -5.464646E-04  5.960170E-05  1.000000E+00  5.820242E-03  7.599548E-25  2.289884E-15   5.000000E-01 NotAppl  4.743937E+00  0.000000E+00  
1.385146E+02  1.323632E-03  1.165387E-02  1.123443E-08  1.000000E+00  9.349590E-03  8.688468E-25  3.315405E-23   5.000000E-01 NotAppl  3.372953E+00  0.000000E+00  
2.031577E+03  4.756127E-02  1.206565E-01  1.989895E-04  1.000000E+00  1.427389E+00  5.328938E-27  4.290488E-17   5.000000E-01 NotAppl  1.265908E-03  0.000000E+00  
2.262987E+03  1.125231E-01  -1.050012E-01  -9.284847E-03  1.000000E+00  1.756785E+00  4.293579E-27  7.498180E-14   5.000000E-01 NotAppl  9.133548E-04  0.000000E+00  
1.071651E+03  3.831717E+01  -3.831211E+01  -1.114148E-04  1.000000E+00  7.747728E-03  8.490695E-25  4.956471E-17   5.000000E-01 NotAppl  3.877495E-01  0.000000E+00  
1.048752E+03  1.257367E-01  -1.254055E-01  2.726338E-10  1.000000E+00  4.060330E-01  1.981063E-26  3.101643E-28   5.000000E-01 NotAppl  9.273321E-03  0.000000E+00  
3.816028E+02  2.717263E+01  -2.717132E+01  -1.561410E-01  1.000000E+00  1.515182E-02  3.957570E-25  8.032118E-10   1.386435E-09 LZ5Tmedian  5.330222E-01  0.000000E+00  
1.252932E+03  2.984711E+02  -2.984710E+02  -1.127273E-07  1.000000E+00  1.792432E-04  4.082935E-23  3.688503E-23   5.000000E-01 NotAppl  1.586759E+01  0.000000E+00  
4.301336E+01  2.473429E+01  -2.001257E+01  1.090898E-05  1.000000E+00  6.650162E-04  6.284201E-35  3.414590E-16   5.000000E-01 NotAppl  9.321658E-10  1.030516E-07  
5.880076E+01  1.579566E-01  2.223295E+02  4.243530E-03  1.000000E+00  3.541445E-03  1.993014E-28  2.732329E-11   3.920158E-02 LZ5Tmedian  2.137918E-03  8.454108E-03  
9.004185E+02  2.560637E-03  3.723915E-01  -2.943049E-03  1.000000E+00  3.028425E-01  2.680736E-26  4.934349E-14   5.000000E-01 NotAppl  1.468212E-02  0.000000E+00  
1.687608E+01  9.552698E-01  -9.543014E-01  1.983050E-10  1.000000E+00  2.062109E-02  7.137599E-45  7.463517E-25   5.000000E-01 NotAppl  2.926975E-19  5.389793E-17  
3.505377E+01  5.504886E+00  3.702242E+01  2.357008E-08  1.000000E+00  1.329560E-03  1.753806E-40  2.416145E-21   5.000000E-01 NotAppl  3.227911E-15  4.568887E-13  
9.775881E+02  1.917807E-04  8.725183E-04  -2.786223E-10  1.000000E+00  3.558418E-01  2.275640E-26  3.739007E-28   5.000000E-01 NotAppl  1.145054E-02  0.000000E+00  
1.976795E+02  1.815105E+02  -1.331535E+02  -1.141360E-04  1.000000E+00  4.632933E-04  6.932793E-24  1.650688E-15   5.000000E-01 NotAppl  1.850054E+01  0.000000E+00  
7.059853E+01  3.113419E-02  -3.098907E-02  2.644971E-01  1.000000E+00  5.247988E-03  1.362474E-25  7.308298E-08   0.000000E+00 XENON1T_2018  1.211334E+00  0.000000E+00  
1.614839E+03  7.730348E+01  -7.730311E+01  -7.526874E-03  1.000000E+00  2.038840E-03  3.353743E-24  9.801209E-14   5.000000E-01 NotAppl  1.004211E+00  0.000000E+00  
2.187204E+03  1.805419E-02  -4.453921E-03  -1.133302E-05  1.000000E+00  1.648627E+00  4.592138E-27  1.197375E-19   5.000000E-01 NotAppl  1.011440E-03  0.000000E+00  
9.948330E+01  5.210157E-04  5.949423E-04  -5.558797E-06  1.000000E+00  5.819362E-03  1.226213E-24  1.599823E-17   5.000000E-01 NotAppl  6.709345E+00  0.000000E+00  
1.300780E+02  3.985188E+01  -3.960793E+01  -1.470668E-05  1.000000E+00  3.827978E-03  1.491629E-24  6.462678E-17   5.000000E-01 NotAppl  6.230145E+00  0.000000E+00  
3.771216E+02  4.474900E+02  -4.474463E+02  -3.412755E-10  1.000000E+00  2.085136E-04  3.329244E-23  3.931024E-27   5.000000E-01 NotAppl  4.506163E+01  0.000000E+00  
6.758778E+03  2.205156E+00  -2.135648E+00  4.656973E-02  1.000000E+00  1.640871E+00  3.633978E-27  2.036814E-13   5.000000E-01 NotAppl  2.528689E-04  0.000000E+00  
7.245496E+01  8.261271E+00  -4.634943E+00  1.425012E+00  1.000000E+00  1.571924E-03  2.550334E-24  2.011818E-06   0.000000E+00 XENON1T_2018  2.204728E+01  0.000000E+00  
1.454342E+02  1.095745E-03  6.845755E-03  5.521655E-10  1.000000E+00  1.014294E-02  8.057422E-25  7.247231E-26   5.000000E-01 NotAppl  2.973596E+00  0.000000E+00  
1.704067E+03  1.494583E-04  1.444083E-03  5.358742E-09  1.000000E+00  1.023372E+00  7.549369E-27  4.452065E-26   5.000000E-01 NotAppl  2.147211E-03  0.000000E+00  
7.011245E+02  7.149226E-03  5.391561E+02  2.385037E-02  1.000000E+00  1.465367E-04  3.484204E-23  5.401929E-12   5.000000E-01 NotAppl  2.508009E+01  0.000000E+00  
2.157736E+02  2.358354E+00  1.119089E+01  -1.971242E+00  1.000000E+00  9.207509E-05  8.632272E-23  4.114860E-07   0.000000E+00 XENON1T_2018  2.460085E+02  0.000000E+00  
2.232931E+03  2.267425E+01  -2.147485E+01  -6.698188E-03  1.000000E+00  2.102187E-02  3.037064E-25  4.010044E-14   5.000000E-01 NotAppl  6.521869E-02  0.000000E+00  
1.508936E+02  2.135827E-01  -1.046082E-01  1.077147E-01  1.000000E+00  8.597257E-03  1.056405E-24  2.557261E-09   1.154873E-67 LZ5Tmedian  3.769115E+00  0.000000E+00  
1.408801E+02  1.053387E-01  8.895938E+02  -2.129303E-09  1.000000E+00  1.375892E-03  3.250909E-24  1.150357E-24   5.000000E-01 NotAppl  1.213493E+01  0.000000E+00  
1.535762E+01  6.128495E-02  -6.017949E-02  -1.320512E-07  1.000000E+00  1.905956E-03  3.075969E-39  3.993730E-19   5.000000E-01 NotAppl  1.404063E-13  2.414463E-11  
8.551923E+01  8.789711E+01  -8.710995E+01  1.399182E+00  1.000000E+00  1.199765E-04  4.646412E-23  1.381927E-06   0.000000E+00 XENON1T_2018  3.035255E+02  0.000000E+00  
1.044234E+02  1.045198E+01  -9.426953E+00  -5.817906E-05  1.000000E+00  3.830144E-03  1.310586E-24  1.586718E-15   5.000000E-01 NotAppl  6.821973E+00  0.000000E+00  
4.032184E+02  9.768296E+01  -9.766955E+01  3.004162E-10  1.000000E+00  1.554398E-03  4.290377E-24  2.656287E-27   5.000000E-01 NotAppl  5.412334E+00  0.000000E+00  
1.276670E+01  3.762332E-01  6.242420E-02  -8.672962E-05  1.000000E+00  2.970451E-03  1.253395E-33  2.484934E-13   5.000000E-01 NotAppl  7.079207E-08  1.051504E-05  
1.240419E+02  9.236152E+01  7.162581E+02  2.629409E-05  1.000000E+00  7.803534E-04  3.802163E-24  2.277212E-16   5.000000E-01 NotAppl  1.645007E+01  0.000000E+00  
2.152290E+01  8.622997E-02  2.153887E+02  -9.753133E-04  1.000000E+00  1.825060E-03  1.892054E-31  1.108870E-11   3.807200E-01 NotAppl  5.920676E-06  1.271614E-03  
3.884826E+01  9.888438E-01  -6.601798E-01  1.047721E-01  1.000000E+00  4.373871E-05  4.291580E-27  3.874549E-08   0.000000E+00 XENON1T_2018  7.084654E-02  2.403308E-01  
2.249526E+02  4.451001E-04  8.329713E-01  -5.878332E-09  1.000000E+00  2.149890E-02  3.882760E-25  3.359791E-24   5.000000E-01 NotAppl  8.972866E-01  0.000000E+00  
1.980682E+01  8.163479E-01  -8.162074E-01  1.738998E-03  1.000000E+00  1.330626E-02  5.803315E-31  4.165584E-11   4.134460E-02 LZ5Tmedian  1.989815E-05  3.976463E-03  
1.574416E+01  1.167678E-01  -1.147140E-01  -5.114500E-01  1.000000E+00  2.394172E-03  4.640274E-26  5.701763E-06   0.000000E+00 XENON1T_2018  2.058583E+00  2.499532E-01  
1.688852E+03  4.505368E+02  -4.297563E+02  -1.964233E-07  1.000000E+00  6.342947E-05  9.061322E-23  6.092020E-23   5.000000E-01 NotAppl  2.591248E+01  0.000000E+00  
6.291122E+01  7.624763E+01  -6.393669E+01  -1.185160E-09  1.000000E+00  5.082506E-01  1.181442E-39  1.856733E-24   5.000000E-01 NotAppl  1.176441E-14  0.000000E+00  
1.384570E+02  3.735047E-02  4.947662E+00  -1.946778E-09  1.000000E+00  8.010831E-03  8.886992E-25  9.964074E-25   5.000000E-01 NotAppl  3.449268E+00  0.000000E+00  
3.487947E+02  2.161222E-02  -1.850754E-02  6.630413E-07  1.000000E+00  5.001870E-02  1.704673E-25  1.740952E-20   5.000000E-01 NotAppl  2.493027E-01  0.000000E+00  
1.366269E+02  1.632148E-03  2.583369E+02  -1.457041E-04  1.000000E+00  1.934824E-03  2.470763E-24  5.735810E-15   5.000000E-01 NotAppl  9.533669E+00  0.000000E+00  
6.001598E+02  1.806824E-01  -1.805566E-01  3.537402E-10  1.000000E+00  1.402385E-01  5.954609E-26  1.632808E-27   5.000000E-01 NotAppl  4.957862E-02  0.000000E+00  
5.823259E+03  4.566258E-01  -4.565229E-01  4.985367E-08  1.000000E+00  8.682540E+00  7.733300E-28  3.159518E-25   5.0