MD1           DMP           DM3           l345          ld           Omegah2       sigV          protonSI      PvalDD        expName      CMB_ID        brH_DMDM      
2.256419E+01  2.062124E+02  8.377776E+01  1.286252E-09  1.000000E+00  4.612802E+06  3.368890E-43  1.753739E-23   5.000000E-01 NotAppl  1.001279E-17  2.204565E-15  
9.524252E+03  1.078355E+02  -1.078352E+02  -1.080556E+00  1.000000E+00  1.066507E-03  6.584575E-24  5.463637E-11   5.000000E-01 NotAppl  3.235853E-01  0.000000E+00  
2.755681E+03  1.370081E+02  -1.369792E+02  1.115069E-09  1.000000E+00  6.692763E-04  1.053590E-23  7.241038E-28   5.000000E-01 NotAppl  1.824253E+00  0.000000E+00  
1.320140E+03  2.188607E-01  8.164839E-02  5.769601E-10  1.000000E+00  6.243706E-01  1.259692E-26  8.685464E-28   5.000000E-01 NotAppl  4.655870E-03  0.000000E+00  
1.797455E+02  2.840987E+02  -2.840894E+02  -9.254253E-02  1.000000E+00  8.599681E-04  6.987181E-24  1.318718E-09   2.927750E-30 LZ5Tmedian  2.123087E+01  0.000000E+00  
1.510155E+02  1.341515E+01  5.140094E+02  -7.629307E-10  1.000000E+00  8.449644E-04  3.670427E-24  1.280786E-25   5.000000E-01 NotAppl  1.272532E+01  0.000000E+00  
1.428900E+03  7.608919E-02  7.792101E+02  -1.178503E-05  1.000000E+00  5.676498E-05  9.223399E-23  3.083465E-19   5.000000E-01 NotAppl  3.198615E+01  0.000000E+00  
1.839248E+01  2.762652E+00  -2.740225E+00  -8.242103E-02  1.000000E+00  5.160347E-02  1.268278E-27  1.085525E-07   0.000000E+00 XENON1T_2018  4.721559E-02  2.562720E-01  
6.620908E+01  5.539252E+02  -5.445877E+02  -2.882083E-07  1.000000E+00  2.004292E-01  8.190593E-37  9.892644E-20   5.000000E-01 NotAppl  7.778469E-12  0.000000E+00  
2.653157E+03  2.113954E-02  4.013436E+01  2.947640E-03  1.000000E+00  1.081006E-02  4.321576E-25  5.466017E-15   5.000000E-01 NotAppl  7.944460E-02  0.000000E+00  
4.121269E+03  1.150375E+01  -9.313413E+00  -7.151354E-08  1.000000E+00  8.087017E-02  8.051567E-26  1.312985E-24   5.000000E-01 NotAppl  9.251112E-03  0.000000E+00  
2.368039E+02  6.599691E-01  9.881943E+02  9.579161E-02  1.000000E+00  4.073498E-04  1.146659E-23  8.031107E-10   1.116581E-14 LZ5Tmedian  2.498702E+01  0.000000E+00  
1.759395E+01  9.065778E-04  4.815100E-03  -2.123479E-02  1.000000E+00  1.812534E-03  8.293763E-29  7.874563E-09   2.040120E-209 LZ5Tmedian  3.245173E-03  1.780368E-01  
1.497027E+03  1.206996E-03  7.631984E-02  -1.809317E-07  1.000000E+00  7.991762E-01  9.770461E-27  6.609342E-23   5.000000E-01 NotAppl  3.173862E-03  0.000000E+00  
5.475213E+01  2.196768E-02  -1.447321E-02  -1.858344E+00  1.000000E+00  1.366495E-03  4.464115E-24  6.060746E-06   0.000000E+00 XENON1T_2018  4.995886E+01  2.501797E-01  
5.936969E+02  2.231579E+01  -2.230473E+01  -5.452217E-10  1.000000E+00  1.885277E-02  3.383763E-25  3.965742E-27   5.000000E-01 NotAppl  2.848600E-01  0.000000E+00  
9.340878E+03  6.979138E-03  3.488746E+01  2.826129E-06  1.000000E+00  1.447984E-02  3.278447E-25  3.887893E-22   5.000000E-01 NotAppl  1.677877E-02  0.000000E+00  
1.499132E+01  3.008316E-04  5.392603E+02  -1.614132E-05  1.000000E+00  8.034716E-04  4.563188E-35  6.260723E-15   5.000000E-01 NotAppl  2.141298E-09  3.613065E-07  
2.531793E+03  9.504726E-04  2.315356E+00  -1.600364E-08  1.000000E+00  1.224982E+00  4.878196E-27  1.772417E-25   5.000000E-01 NotAppl  9.298824E-04  0.000000E+00  
1.605233E+02  2.760948E+01  -2.757607E+01  -9.285981E-02  1.000000E+00  7.219852E-03  7.964214E-25  1.674197E-09   3.196670E-42 LZ5Tmedian  2.691643E+00  0.000000E+00  
9.886959E+02  2.662623E-04  1.352385E-03  1.517332E-10  1.000000E+00  3.635571E-01  2.225308E-26  1.083599E-28   5.000000E-01 NotAppl  1.106774E-02  0.000000E+00  
2.498501E+01  4.658058E-01  2.884904E+01  -6.274933E-01  1.000000E+00  3.626477E-03  8.492916E-26  3.398691E-06   0.000000E+00 XENON1T_2018  2.260545E+00  2.939416E-01  
3.544649E+03  7.992557E-02  -7.813055E-02  -1.845448E-10  1.000000E+00  4.162017E+00  1.756345E-27  1.188094E-29   5.000000E-01 NotAppl  2.363715E-04  0.000000E+00  
6.103463E+02  7.980927E+00  -7.980478E+00  1.294431E-02  1.000000E+00  7.127457E-02  9.734700E-26  2.112433E-12   5.000000E-01 NotAppl  7.964771E-02  0.000000E+00  
5.494414E+02  3.207322E-02  1.929060E+02  -2.449755E-06  1.000000E+00  7.120854E-04  6.885666E-24  9.380032E-20   5.000000E-01 NotAppl  6.358672E+00  0.000000E+00  
2.050290E+01  1.727963E+00  -1.725909E+00  -3.114781E-06  1.000000E+00  2.912334E-02  1.888333E-36  1.246870E-16   5.000000E-01 NotAppl  6.232363E-11  1.287403E-08  
1.194489E+01  8.064408E-04  2.310494E-01  -4.646173E-10  1.000000E+00  6.752171E-04  3.513095E-44  8.131005E-24   5.000000E-01 NotAppl  2.144483E-18  3.026588E-16  
3.111798E+02  2.075690E-02  1.251763E+00  1.212690E-02  1.000000E+00  3.897054E-02  2.146497E-25  7.356386E-12   5.000000E-01 NotAppl  3.536284E-01  0.000000E+00  
3.209221E+02  7.939357E-04  7.607025E-04  -1.740081E-02  1.000000E+00  4.278155E-02  1.990581E-25  1.421976E-11   5.000000E-01 NotAppl  3.176249E-01  0.000000E+00  
3.848695E+01  8.616815E-03  1.879903E-01  8.242295E-02  1.000000E+00  4.955904E-05  2.596672E-27  2.443848E-08   0.000000E+00 XENON1T_2018  4.329027E-02  2.414832E-01  
4.854853E+01  1.196667E+02  -1.196646E+02  -5.863606E-10  1.000000E+00  6.269467E-04  3.184367E-43  7.709982E-25   5.000000E-01 NotAppl  4.155243E-18  3.093905E-16  
6.380313E+02  4.112110E-03  5.492823E+00  -2.732337E-03  1.000000E+00  1.184938E-01  6.079345E-26  8.596398E-14   5.000000E-01 NotAppl  4.760073E-02  0.000000E+00  
1.956325E+01  5.059560E+01  8.569195E+00  1.388955E-10  1.000000E+00  3.305430E+06  3.684089E-45  2.724169E-25   5.000000E-01 NotAppl  1.280563E-19  2.618644E-17  
4.579262E+03  3.380186E-04  2.539666E-02  -6.166896E-07  1.000000E+00  6.848251E+00  1.051057E-27  7.880296E-23   5.000000E-01 NotAppl  1.090438E-04  0.000000E+00  
1.994204E+01  6.731622E+02  -6.729226E+02  -1.062558E-03  1.000000E+00  4.671986E-02  2.172439E-31  1.534101E-11   3.051901E-01 NotAppl  7.389171E-06  1.525466E-03  
5.741463E+01  1.806438E-01  3.405950E+02  -1.154536E-02  1.000000E+00  3.332824E-03  7.980599E-28  2.123388E-10   8.969537E-12 LZ5Tmedian  8.774400E-03  6.240208E-02  
1.993869E+03  4.631582E+02  -4.609042E+02  6.982871E-10  1.000000E+00  7.281182E-05  9.931669E-23  5.488998E-28   5.000000E-01 NotAppl  2.395160E+01  0.000000E+00  
1.204885E+03  8.258279E-01  -8.111626E-01  5.379568E-07  1.000000E+00  5.067319E-01  1.544220E-26  9.097716E-22   5.000000E-01 NotAppl  6.267799E-03  0.000000E+00  
1.031859E+01  1.886641E-01  -1.872676E-01  -3.094048E-10  1.000000E+00  2.055584E-03  1.460384E-44  4.804656E-24   5.000000E-01 NotAppl  1.058784E-18  1.348638E-16  
3.394175E+01  1.028885E+01  -1.028814E+01  1.061718E-08  1.000000E+00  4.568251E-03  3.371896E-41  5.233982E-22   5.000000E-01 NotAppl  6.423317E-16  5.368405E-14  
2.672827E+02  2.230288E+00  -2.228863E+00  3.439781E-01  1.000000E+00  1.192943E-02  8.047011E-25  8.081088E-09   5.261449E-126 LZ5Tmedian  1.598057E+00  0.000000E+00  
2.914920E+03  3.021051E-03  2.833169E-02  -1.007503E+00  1.000000E+00  3.354699E-01  3.168675E-26  5.272553E-10   1.652608E-01 NotAppl  5.488729E-03  0.000000E+00  
2.140613E+01  4.458851E-01  1.619366E+02  -1.341467E-05  1.000000E+00  3.606281E-03  3.570259E-35  2.120817E-15   5.000000E-01 NotAppl  1.123887E-09  2.412380E-07  
7.912751E+03  9.544397E-02  -9.525703E-02  -3.323457E-02  1.000000E+00  1.949317E+01  3.549803E-28  7.530967E-14   5.000000E-01 NotAppl  2.117135E-05  0.000000E+00  
1.453949E+02  9.137646E-03  -2.040269E-03  -1.474866E-09  1.000000E+00  1.013947E-02  8.061106E-25  5.173438E-25   5.000000E-01 NotAppl  2.975797E+00  0.000000E+00  
8.528484E+01  1.247436E+01  4.737298E+01  4.644868E-08  1.000000E+00  3.913122E-03  7.271320E-25  1.531532E-21   5.000000E-01 NotAppl  4.759525E+00  0.000000E+00  
1.106550E+01  2.246517E+02  -1.006928E+02  1.833122E-01  1.000000E+00  4.591907E-01  5.301143E-27  1.470915E-06   0.000000E+00 XENON1T_2018  3.540634E-01  9.792780E-01  
1.929549E+03  1.016409E-04  2.457138E-04  -1.218632E-02  1.000000E+00  1.295707E+00  5.903390E-27  1.787262E-13   5.000000E-01 NotAppl  1.478523E-03  0.000000E+00  
1.088124E+01  3.983468E-03  4.717257E-03  -1.896023E+00  1.000000E+00  7.873594E-04  4.339232E-25  1.626245E-04   0.000000E+00 XENON1T_2018  2.955132E+01  2.499914E-01  
1.857872E+03  1.145213E+02  -1.144707E+02  3.235876E-09  1.000000E+00  9.598312E-04  7.265021E-24  1.361222E-26   5.000000E-01 NotAppl  1.883851E+00  0.000000E+00  
3.535182E+01  1.899717E-03  8.697426E-02  -7.087412E-03  1.000000E+00  5.642260E-04  1.609785E-29  2.147393E-10   1.136916E-12 LZ5Tmedian  2.936201E-04  4.799378E-02  
3.903730E+02  2.007981E+01  -1.990907E+01  1.058423E-08  1.000000E+00  1.755936E-02  3.560308E-25  3.523055E-24   5.000000E-01 NotAppl  4.641997E-01  0.000000E+00  
1.358666E+03  3.918289E-02  -3.870845E-02  7.646617E-05  1.000000E+00  6.647582E-01  1.184660E-26  1.438662E-17   5.000000E-01 NotAppl  4.251071E-03  0.000000E+00  
7.712553E+03  2.530875E-02  6.932090E-01  8.715453E-06  1.000000E+00  1.126324E+01  5.105940E-28  5.455777E-21   5.000000E-01 NotAppl  3.136406E-05  0.000000E+00  
8.318486E+01  2.307553E-04  6.800222E+00  -1.507287E+00  1.000000E+00  2.920578E-04  2.918846E-23  1.697302E-06   0.000000E+00 XENON1T_2018  1.989186E+02  0.000000E+00  
8.974360E+02  2.402677E-02  5.223489E+01  -2.799403E-09  1.000000E+00  6.539221E-03  7.188859E-25  4.494775E-26   5.000000E-01 NotAppl  4.016007E-01  0.000000E+00  
7.482438E+03  3.474196E-03  1.333158E-02  -1.380880E-03  1.000000E+00  1.776031E+01  3.939840E-28  1.456499E-16   5.000000E-01 NotAppl  2.484761E-05  0.000000E+00  
1.429062E+01  2.335221E+02  -2.334278E+02  -6.935442E-08  1.000000E+00  1.037840E-01  8.304955E-40  1.271112E-19   5.000000E-01 NotAppl  4.116371E-14  6.690815E-12  
6.957175E+02  3.727300E-03  2.827156E+00  4.200203E-02  1.000000E+00  1.613411E-01  4.917736E-26  1.702038E-11   5.000000E-01 NotAppl  3.522594E-02  0.000000E+00  
3.611572E+01  5.152125E+00  -5.151015E+00  4.228217E-03  1.000000E+00  8.993362E-04  5.962559E-30  7.318113E-11   8.155258E-05 LZ5Tmedian  1.063154E-04  1.209351E-02  
6.810933E+02  2.016038E-04  2.252698E+01  -5.140936E-04  1.000000E+00  2.815586E-02  1.782236E-25  2.662968E-15   5.000000E-01 NotAppl  1.316400E-01  0.000000E+00  
1.406021E+03  4.645453E+02  1.263622E+02  -3.884303E+00  1.000000E+00  2.949525E-05  1.232549E-22  3.461784E-08   1.006596E-106 LZ5Tmedian  4.297370E+01  0.000000E+00  
2.031600E+01  2.730498E-01  -2.701047E-01  2.040851E-01  1.000000E+00  4.769144E-03  8.076992E-27  5.452246E-07   0.000000E+00 XENON1T_2018  2.693267E-01  2.486271E-01  
4.282761E+03  2.020847E-01  2.860141E+01  3.512496E+00  1.000000E+00  1.282029E-02  5.759090E-25  2.929295E-09   1.096611E-03 LZ5Tmedian  6.571033E-02  0.000000E+00  
1.368995E+01  2.594408E+02  -2.594379E+02  5.112158E-04  1.000000E+00  1.133205E-01  4.453630E-32  7.519985E-12   5.000000E-01 NotAppl  2.320154E-06  3.640903E-04  
1.117960E+01  1.178919E+02  -1.178793E+02  -2.910928E-04  1.000000E+00  1.761573E-01  1.342744E-32  3.635208E-12   5.000000E-01 NotAppl  8.860701E-07  1.190996E-04  
1.093709E+01  2.726981E+01  -2.385229E+01  -6.824398E-10  1.000000E+00  1.055922E+01  7.308945E-44  2.085793E-23   5.000000E-01 NotAppl  4.949126E-18  1.142187E-16  
6.680377E+01  2.854029E-01  -2.852397E-01  -1.921653E-10  1.000000E+00  6.087236E-03  2.683038E-43  4.318379E-26   5.000000E-01 NotAppl  2.510142E-18  0.000000E+00  
1.149270E+01  2.596235E-02  3.926784E-01  1.546811E-02  1.000000E+00  6.492134E-04  3.835572E-29  9.722738E-09   9.286616E-71 LZ5Tmedian  2.450128E-03  1.423601E-01  
1.454442E+02  5.633564E-04  4.045838E-03  -2.399804E-06  1.000000E+00  1.014511E-02  8.056386E-25  1.368749E-18   5.000000E-01 NotAppl  2.973001E+00  0.000000E+00  
4.677152E+01  3.095098E-03  1.595292E-02  -3.709039E-01  1.000000E+00  4.659861E-04  1.037118E-25  3.328392E-07   0.000000E+00 XENON1T_2018  1.405707E+00  2.495907E-01  
7.214009E+03  1.403926E-01  2.135529E+01  3.808012E-04  1.000000E+00  3.690071E-02  1.248562E-25  1.192964E-17   5.000000E-01 NotAppl  8.300562E-03  0.000000E+00  
1.252602E+02  7.262145E-03  4.784734E-02  -2.920586E-10  1.000000E+00  7.934393E-03  1.004483E-24  2.753754E-26   5.000000E-01 NotAppl  4.319038E+00  0.000000E+00  
2.562617E+02  1.046672E-02  5.649742E-01  -4.779909E-05  1.000000E+00  2.761613E-02  3.053250E-25  1.701003E-16   5.000000E-01 NotAppl  6.158242E-01  0.000000E+00  
4.908757E+02  4.371633E-01  1.345243E+02  1.060121E-02  1.000000E+00  1.296271E-03  3.714240E-24  2.211915E-12   5.000000E-01 NotAppl  3.848014E+00  0.000000E+00  
8.386056E+02  1.907218E-01  1.001602E+02  6.394019E-04  1.000000E+00  1.975102E-03  2.421247E-24  2.693118E-15   5.000000E-01 NotAppl  1.450588E+00  0.000000E+00  
6.313722E+01  5.190589E-04  8.779625E+01  -5.381811E-05  1.000000E+00  4.274727E-03  1.011506E-30  3.800788E-15   5.000000E-01 NotAppl  1.008632E-05  0.000000E+00  
1.699941E+03  6.550303E-01  7.880428E+02  3.456427E-02  1.000000E+00  5.064044E-05  1.030891E-22  1.861386E-12   5.000000E-01 NotAppl  2.991610E+01  0.000000E+00  
6.324877E+02  1.253894E+02  -1.253891E+02  2.926515E-01  1.000000E+00  8.285806E-04  8.385494E-24  1.003911E-09   1.711566E-07 LZ5Tmedian  6.618414E+00  0.000000E+00  
2.100659E+01  1.700629E-01  -1.684286E-01  -1.935109E+00  1.000000E+00  3.256062E-03  5.452177E-25  4.583551E-05   0.000000E+00 XENON1T_2018  1.753463E+01  2.501494E-01  
1.295745E+03  2.869221E-03  2.320465E-01  1.245586E-07  1.000000E+00  6.056093E-01  1.303134E-26  4.205055E-23   5.000000E-01 NotAppl  4.907698E-03  0.000000E+00  
4.954421E+01  3.529587E-03  2.020832E+01  1.173175E-09  1.000000E+00  1.829846E-03  1.451816E-42  2.961318E-24   5.000000E-01 NotAppl  1.860503E-17  1.198496E-15  
1.521163E+02  3.093884E-02  -2.833948E-02  -1.397016E+00  1.000000E+00  9.691657E-05  1.469482E-22  4.231002E-07   0.000000E+00 XENON1T_2018  6.015353E+02  0.000000E+00  
1.634288E+03  8.058134E+02  -8.055289E+02  1.829194E-05  1.000000E+00  3.336411E-05  2.276873E-22  5.648985E-19   5.000000E-01 NotAppl  6.734043E+01  0.000000E+00  
7.490340E+01  1.835689E-02  1.641209E-02  2.365737E-07  1.000000E+00  6.906367E-03  4.404598E-38  5.180873E-20   5.000000E-01 NotAppl  3.691243E-13  0.000000E+00  
5.539299E+01  1.738950E-01  2.724753E+01  -1.412746E-09  1.000000E+00  3.365757E-03  6.322485E-42  3.420547E-24   5.000000E-01 NotAppl  7.213279E-17  1.319642E-15  
1.640630E+03  7.538538E-04  1.547227E-02  -3.510644E-03  1.000000E+00  9.519120E-01  8.141863E-27  2.064407E-14   5.000000E-01 NotAppl  2.407565E-03  0.000000E+00  
6.534017E+02  1.448506E-01  3.049490E+02  -6.077117E-05  1.000000E+00  3.288879E-04  1.519573E-23  4.050554E-17   5.000000E-01 NotAppl  1.175580E+01  0.000000E+00  
1.199204E+01  1.992677E+01  1.682629E+02  1.004676E-10  1.000000E+00  4.564607E+05  1.645110E-45  3.772570E-25   5.000000E-01 NotAppl  9.995897E-20  4.439794E-18  
3.418497E+03  5.799419E+02  2.283350E+02  -2.367186E-03  1.000000E+00  1.213168E-05  3.046039E-22  2.104435E-15   5.000000E-01 NotAppl  4.272907E+01  0.000000E+00  
2.728506E+02  2.551137E+00  -2.551015E+00  3.453571E+00  1.000000E+00  1.835602E-04  6.406088E-23  7.809183E-07   0.000000E+00 XENON1T_2018  1.346843E+02  0.000000E+00  
9.638367E+01  4.230691E-04  1.360809E-01  2.906238E-05  1.000000E+00  5.599403E-03  1.197870E-24  4.666052E-16   5.000000E-01 NotAppl  6.783177E+00  0.000000E+00  
4.635671E+02  7.988336E+01  -7.705345E+01  -4.733101E-10  1.000000E+00  1.870093E-03  3.136264E-24  4.956728E-27   5.000000E-01 NotAppl  3.418389E+00  0.000000E+00  
1.055931E+02  2.153929E-01  1.851481E-01  9.513905E-02  1.000000E+00  4.464318E-03  1.971614E-24  4.147316E-09   4.839130E-147 LZ5Tmedian  1.013705E+01  0.000000E+00  
1.464688E+01  1.140250E-02  1.480344E+00  -3.871189E-05  1.000000E+00  8.197460E-04  2.606645E-34  3.771328E-14   5.000000E-01 NotAppl  1.256231E-08  2.074389E-06  
6.155944E+02  3.746422E+01  -3.720159E+01  -2.732026E-09  1.000000E+00  7.837185E-03  8.199498E-25  9.246864E-26   5.000000E-01 NotAppl  6.647026E-01  0.000000E+00  
3.413268E+01  2.710644E-04  2.221137E+01  4.644196E-01  1.000000E+00  1.027118E-03  6.517108E-26  9.901296E-07   0.000000E+00 XENON1T_2018  1.235063E+00  2.714288E-01  
1.763319E+03  4.252066E-01  8.932243E+02  4.656435E-04  1.000000E+00  4.154129E-05  1.264282E-22  3.135348E-16   5.000000E-01 NotAppl  3.533835E+01  0.000000E+00  
3.243353E+02  1.837299E+01  -1.818884E+01  4.644857E-04  1.000000E+00  1.643589E-02  3.779701E-25  9.914961E-15   5.000000E-01 NotAppl  5.979018E-01  0.000000E+00  
3.878495E+02  2.322250E-01  -2.317293E-01  -1.016594E-02  1.000000E+00  6.095577E-02  1.387984E-25  3.293520E-12   5.000000E-01 NotAppl  1.818507E-01  0.000000E+00  
6.538701E+03  4.968974E-04  -2.992799E-04  3.520191E-10  1.000000E+00  1.367084E+01  5.157595E-28  1.244767E-29   5.000000E-01 NotAppl  3.728765E-05  0.000000E+00  
4.938766E+02  8.283160E-04  8.535197E+01  4.398545E-03  1.000000E+00  2.808473E-03  1.706604E-24  3.760643E-13   5.000000E-01 NotAppl  1.756505E+00  0.000000E+00  
8.805256E+03  4.122648E-03  2.715086E+01  3.202141E-06  1.000000E+00  2.348715E-02  1.988130E-25  5.627134E-22   5.000000E-01 NotAppl  1.080107E-02  0.000000E+00  
1.094970E+03  2.877955E-01  3.767355E+02  -2.460096E-03  1.000000E+00  1.905765E-04  2.664068E-23  2.312659E-14   5.000000E-01 NotAppl  1.214154E+01  0.000000E+00  
4.877207E+02  1.719594E-03  1.241287E-01  -2.410887E-07  1.000000E+00  9.456773E-02  8.925973E-26  1.159148E-21   5.000000E-01 NotAppl  9.214882E-02  0.000000E+00  
1.577359E+01  8.148947E-01  3.709575E+01  2.824312E-04  1.000000E+00  7.561288E-03  1.418324E-32  1.732258E-12   5.000000E-01 NotAppl  6.279547E-07  1.588845E-05  
4.326218E+02  5.327706E-04  8.257872E+00  -6.786123E-04  1.000000E+00  5.395109E-02  1.310781E-25  1.173619E-14   5.000000E-01 NotAppl  1.534335E-01  0.000000E+00  
1.821792E+03  1.161952E-03  2.442817E+01  1.567747E-08  1.000000E+00  2.781460E-02  1.654672E-25  3.325480E-25   5.000000E-01 NotAppl  4.469808E-02  0.000000E+00  
2.833317E+02  1.193382E+00  -1.080798E+00  3.212585E-07  1.000000E+00  3.225485E-02  2.542338E-25  6.255344E-21   5.000000E-01 NotAppl  4.617721E-01  0.000000E+00  
3.724815E+03  3.811917E+02  -3.245014E+02  -3.616932E-04  1.000000E+00  6.966574E-05  7.813345E-23  4.125913E-17   5.000000E-01 NotAppl  9.947911E+00  0.000000E+00  
3.453174E+02  3.270986E-02  3.356749E+01  1.430973E-06  1.000000E+00  1.194569E-02  4.447996E-25  8.277059E-20   5.000000E-01 NotAppl  6.591642E-01  0.000000E+00  
2.073946E+01  1.415344E-04  4.265800E+02  9.978380E-09  1.000000E+00  1.406043E-03  1.947519E-41  1.250486E-21   5.000000E-01 NotAppl  6.347058E-16  1.341691E-13  
4.469614E+02  1.366286E-01  -1.258027E-01  -2.401629E-10  1.000000E+00  7.999011E-02  1.057587E-25  1.375066E-27   5.000000E-01 NotAppl  1.195333E-01  0.000000E+00  
6.130626E+03  1.101599E-04  1.951140E-03  3.107039E-04  1.000000E+00  1.206268E+01  5.866535E-28  1.105402E-17   5.000000E-01 NotAppl  4.527752E-05  0.000000E+00  
1.509248E+02  1.908878E-03  2.022677E-04  -5.535844E-06  1.000000E+00  1.080177E-02  7.595013E-25  6.751640E-18   5.000000E-01 NotAppl  2.696759E+00  0.000000E+00  
3.556113E+02  6.326478E+00  -6.278121E+00  1.449253E-05  1.000000E+00  3.833100E-02  1.878375E-25  7.994442E-18   5.000000E-01 NotAppl  2.694184E-01  0.000000E+00  
9.759931E+03  9.154366E+01  -1.365876E+01  4.331060E-02  1.000000E+00  1.122025E-03  6.539430E-24  8.352597E-14   5.000000E-01 NotAppl  3.151558E-01  0.000000E+00  
4.899492E+01  1.741452E+02  -1.108291E+02  -3.135501E-02  1.000000E+00  7.825789E-01  9.638241E-28  2.163910E-09   1.042454E-119 LZ5Tmedian  1.249320E-02  4.658592E-01  
1.114042E+01  1.233057E+01  -1.232562E+01  -3.038873E+00  1.000000E+00  1.156739E-02  5.159800E-25  3.989174E-04   0.000000E+00 XENON1T_2018  3.421985E+01  2.586757E-01  
6.805643E+01  4.447100E-03  7.952995E+02  9.911723E-01  1.000000E+00  8.044543E-04  4.196031E-24  1.106103E-06   0.000000E+00 XENON1T_2018  3.865653E+01  0.000000E+00  
5.995573E+02  1.018460E+02  -1.018453E+02  -2.246513E-03  1.000000E+00  1.346946E-03  5.067662E-24  6.598965E-14   5.000000E-01 NotAppl  4.222732E+00  0.000000E+00  
4.806468E+02  1.235187E-02  2.848226E-02  6.655308E-04  1.000000E+00  9.207271E-02  9.183609E-26  9.101207E-15   5.000000E-01 NotAppl  9.625710E-02  0.000000E+00  
3.682978E+03  3.837922E+02  -3.835256E+02  -5.933094E-03  1.000000E+00  9.463128E-05  7.817414E-23  1.136010E-14   5.000000E-01 NotAppl  1.006640E+01  0.000000E+00  
7.760928E+01  3.087477E+02  -3.066258E+02  -1.305220E-09  1.000000E+00  2.122702E-02  8.742262E-43  1.466736E-24   5.000000E-01 NotAppl  7.065040E-18  0.000000E+00  
1.724576E+02  9.714401E-04  6.621154E+01  6.109110E-06  1.000000E+00  4.311060E-03  1.274690E-24  6.255593E-18   5.000000E-01 NotAppl  3.885797E+00  0.000000E+00  
2.716751E+03  3.337042E+02  -3.276871E+02  -1.779674E-06  1.000000E+00  1.196403E-04  5.794699E-23  1.898709E-21   5.000000E-01 NotAppl  1.018001E+01  0.000000E+00  
7.099688E+02  5.348776E-02  -4.733871E-02  6.850230E-09  1.000000E+00  1.936829E-01  4.279337E-26  4.343555E-25   5.000000E-01 NotAppl  2.994683E-02  0.000000E+00  
6.729785E+03  1.160816E-02  1.846271E-01  3.612380E-08  1.000000E+00  1.392717E+01  4.973905E-28  1.236301E-25   5.000000E-01 NotAppl  3.493700E-05  0.000000E+00  
2.110630E+01  1.575762E-03  2.338269E-04  -1.940171E-01  1.000000E+00  2.430559E-03  7.419201E-27  4.563918E-07   0.000000E+00 XENON1T_2018  2.371585E-01  2.487791E-01  
5.231152E+03  1.816518E+02  -1.448095E+02  1.620798E-10  1.000000E+00  3.300986E-04  1.918299E-23  4.152827E-30   5.000000E-01 NotAppl  1.730017E+00  0.000000E+00  
4.993618E+03  3.595102E+02  -3.595089E+02  2.094701E-04  1.000000E+00  1.045843E-04  7.095259E-23  7.623604E-18   5.000000E-01 NotAppl  6.704639E+00  0.000000E+00  
6.667740E+02  6.261698E-01  -1.700559E-01  4.291089E-07  1.000000E+00  1.669123E-01  4.873337E-26  1.937644E-21   5.000000E-01 NotAppl  3.639023E-02  0.000000E+00  
5.754045E+03  2.264125E+02  -2.136795E+02  -7.428197E-04  1.000000E+00  2.383635E-04  2.914351E-23  7.187001E-17   5.000000E-01 NotAppl  2.385211E+00  0.000000E+00  
5.041503E+03  6.720709E-04  3.632168E+02  -4.385201E-06  1.000000E+00  1.540289E-04  3.311023E-23  3.276941E-21   5.000000E-01 NotAppl  3.167743E+00  0.000000E+00  
3.378372E+01  2.268360E-01  1.489486E+00  -6.653280E-10  1.000000E+00  1.091744E-03  1.314386E-43  2.074904E-24   5.000000E-01 NotAppl  2.512570E-18  5.215534E-16  
2.625101E+02  6.833206E-03  6.276555E+02  2.591695E-02  1.000000E+00  4.104448E-04  1.155367E-23  4.759959E-11   1.775863E-01 NotAppl  2.266449E+01  0.000000E+00  
9.378197E+03  1.492756E-03  1.149208E+01  4.127344E-01  1.000000E+00  1.178403E-01  4.035886E-26  8.225376E-12   5.000000E-01 NotAppl  2.057836E-03  0.000000E+00  
8.734021E+01  2.067904E+01  -2.055660E+01  -3.437810E-10  1.000000E+00  5.722233E-03  8.290957E-25  7.990036E-26   5.000000E-01 NotAppl  5.297811E+00  0.000000E+00  
2.197712E+03  1.973228E+01  4.881614E+02  -9.361002E-01  1.000000E+00  8.881215E-05  5.333908E-23  8.089916E-10   2.575466E-02 LZ5Tmedian  1.189662E+01  0.000000E+00  
6.316900E+02  7.507597E-02  -7.485140E-02  2.327977E-02  1.000000E+00  1.539661E-01  5.436987E-26  6.369002E-12   5.000000E-01 NotAppl  4.295042E-02  0.000000E+00  
2.832638E+02  9.885380E+00  -9.878620E+00  5.535499E-10  1.000000E+00  2.158690E-02  3.090316E-25  1.858097E-26   5.000000E-01 NotAppl  5.621689E-01  0.000000E+00  
1.035261E+02  8.597759E-01  -8.388420E-01  7.643835E-02  1.000000E+00  4.484246E-03  1.854725E-24  2.787863E-09   1.290972E-100 LZ5Tmedian  9.736413E+00  0.000000E+00  
2.258527E+01  1.262179E-02  9.683997E+02  6.774741E-06  1.000000E+00  1.667397E-03  9.350813E-36  4.855961E-16   5.000000E-01 NotAppl  2.774496E-10  6.113121E-08  
4.900810E+03  1.208408E-03  1.785453E-03  -4.012106E+00  1.000000E+00  7.065232E-02  1.647548E-25  2.905537E-09   2.713052E-03 LZ5Tmedian  1.687155E-02  0.000000E+00  
6.067987E+01  6.757924E-04  1.708495E+01  5.297358E-04  1.000000E+00  3.899084E-03  1.246202E-29  3.993204E-13   5.000000E-01 NotAppl  1.287971E-04  9.600645E-05  
1.092756E+03  5.420669E+01  -5.420651E+01  -6.516633E-07  1.000000E+00  4.043863E-03  1.656570E-24  1.629478E-21   5.000000E-01 NotAppl  7.414058E-01  0.000000E+00  
2.910027E+03  3.135724E-03  -2.826418E-03  1.735065E-07  1.000000E+00  2.853485E+00  2.598235E-27  1.569079E-23   5.000000E-01 NotAppl  4.275976E-04  0.000000E+00  
2.621492E+01  8.861482E-02  1.130909E+02  6.544496E-03  1.000000E+00  2.266068E-03  9.594575E-30  3.355151E-10   1.245530E-16 LZ5Tmedian  2.419339E-04  4.738716E-02  
1.217194E+03  1.327560E+00  -1.327396E+00  -3.973593E-06  1.000000E+00  4.867338E-01  1.577829E-26  4.861814E-20   5.000000E-01 NotAppl  6.336787E-03  0.000000E+00  
2.796694E+02  1.346453E+00  -1.124536E-01  8.437390E-01  1.000000E+00  4.211133E-03  2.494939E-24  4.431286E-08   0.000000E+00 LZ5Tmedian  4.726938E+00  0.000000E+00  
5.328624E+02  4.773541E+02  -4.773539E+02  -7.112441E-09  1.000000E+00  1.401280E-04  5.138213E-23  8.417899E-25   5.000000E-01 NotAppl  4.840966E+01  0.000000E+00  
1.057750E+03  1.042205E-04  8.826134E+02  -6.830714E-03  1.000000E+00  5.936883E-05  8.801363E-23  1.913342E-13   5.000000E-01 NotAppl  4.156334E+01  0.000000E+00  
1.112280E+02  5.591071E-01  4.184109E+02  4.100212E-04  1.000000E+00  2.465483E-03  1.881110E-24  6.924323E-14   5.000000E-01 NotAppl  9.031518E+00  0.000000E+00  
5.576801E+01  8.094096E-01  -8.092216E-01  -2.062006E-10  1.000000E+00  3.706948E-03  1.491888E-43  7.187386E-26   5.000000E-01 NotAppl  1.690237E-18  2.710424E-17  
2.037190E+03  4.583238E+01  -4.370089E+01  -2.341340E-05  1.000000E+00  5.382206E-03  1.217029E-24  5.906554E-19   5.000000E-01 NotAppl  2.871186E-01  0.000000E+00  
1.395613E+01  9.507106E-03  -9.068309E-03  -2.746686E+00  1.000000E+00  1.238992E-03  5.541149E-25  2.089556E-04   0.000000E+00 XENON1T_2018  2.819992E+01  2.499994E-01  
1.144386E+01  2.869912E-03  3.225683E+02  -4.837483E-05  1.000000E+00  5.097103E-04  3.744883E-34  9.589291E-14   5.000000E-01 NotAppl  2.404177E-08  3.286206E-06  
2.035722E+01  1.529146E+01  -1.474543E+01  -7.323973E-06  1.000000E+00  5.096151E-02  1.040922E-35  6.993241E-16   5.000000E-01 NotAppl  3.460634E-10  2.413620E-08  
6.287195E+01  1.280206E-01  8.516884E+02  1.697862E-01  1.000000E+00  9.419516E-04  2.962824E-23  3.815518E-08   0.000000E+00 XENON1T_2018  2.954848E+02  0.000000E+00  
6.673976E+02  1.685833E-01  -8.007102E-02  1.404585E-04  1.000000E+00  1.716265E-01  4.835194E-26  2.072075E-16   5.000000E-01 NotAppl  3.606989E-02  0.000000E+00  
2.244547E+02  8.292690E-02  -3.469659E-02  2.113969E-08  1.000000E+00  2.179391E-02  3.891259E-25  4.364886E-23   5.000000E-01 NotAppl  9.013489E-01  0.000000E+00  
4.524771E+03  6.593301E-04  3.150499E-01  -1.050706E-02  1.000000E+00  6.414892E+00  1.098705E-27  2.343925E-14   5.000000E-01 NotAppl  1.154258E-04  0.000000E+00  
2.671439E+02  9.447665E+02  -4.365231E+02  -4.642148E-10  1.000000E+00  8.459197E-05  3.973166E-23  1.473358E-26   5.000000E-01 NotAppl  7.711964E+01  0.000000E+00  
2.937668E+02  3.614438E-01  4.138912E+01  -2.859568E-04  1.000000E+00  8.315751E-03  6.298514E-25  4.602306E-15   5.000000E-01 NotAppl  1.101836E+00  0.000000E+00  
5.928356E+01  1.060784E-02  -1.039333E-02  -2.323315E-05  1.000000E+00  4.020727E-03  7.842986E-33  8.054691E-16   5.000000E-01 NotAppl  8.343010E-08  2.441646E-07  
5.371747E+03  9.789415E+01  4.487320E+02  -2.413627E-05  1.000000E+00  6.096940E-05  7.827801E-23  8.725920E-20   5.000000E-01 NotAppl  7.011009E+00  0.000000E+00  
4.086572E+02  2.950575E+01  2.461756E+02  1.247371E-01  1.000000E+00  3.184091E-04  1.087697E-23  4.455670E-10   2.518254E-05 LZ5Tmedian  1.359179E+01  0.000000E+00  
2.583058E+01  4.360639E+01  5.456810E+02  2.360598E-02  1.000000E+00  1.457108E+01  1.234390E-28  4.497368E-09   4.103800E-211 LZ5Tmedian  3.164420E-03  4.203745E-01  
1.415138E+03  6.166031E-04  2.841321E+01  -3.504854E-05  1.000000E+00  2.071148E-02  2.242380E-25  2.781566E-18   5.000000E-01 NotAppl  7.847437E-02  0.000000E+00  
3.343302E+03  1.412348E-03  -1.258976E-03  1.014052E-08  1.000000E+00  3.728842E+00  1.969581E-27  4.040621E-26   5.000000E-01 NotAppl  2.813403E-04  0.000000E+00  
7.761696E+02  2.060244E+02  -2.058066E+02  3.994378E-09  1.000000E+00  3.785194E-04  1.873518E-23  1.230937E-25   5.000000E-01 NotAppl  1.193892E+01  0.000000E+00  
8.615646E+03  1.293013E+00  -1.292904E+00  6.699620E-01  1.000000E+00  1.913418E+00  4.496975E-27  2.574576E-11   5.000000E-01 NotAppl  2.495605E-04  0.000000E+00  
3.355985E+02  2.220923E-01  7.698955E+00  -1.835830E-06  1.000000E+00  3.586288E-02  2.013589E-25  1.444306E-19   5.000000E-01 NotAppl  3.066941E-01  0.000000E+00  
4.466866E+02  9.168544E-01  -9.141675E-01  1.497288E-08  1.000000E+00  7.814748E-02  1.064540E-25  5.351416E-24   5.000000E-01 NotAppl  1.203978E-01  0.000000E+00  
9.127135E+03  4.353757E-03  1.198578E-02  -5.322017E-01  1.000000E+00  8.374832E+00  1.079979E-27  1.445094E-11   5.000000E-01 NotAppl  5.808547E-05  0.000000E+00  
3.186114E+03  1.781229E+00  -1.780903E+00  4.917525E-08  1.000000E+00  1.571029E+00  4.040587E-27  1.048053E-24   5.000000E-01 NotAppl  6.048709E-04  0.000000E+00  
6.060841E+01  2.732663E-01  -2.720777E-01  6.314814E-09  1.000000E+00  4.608606E-03  1.641387E-39  5.688115E-23   5.000000E-01 NotAppl  1.698487E-14  1.389660E-14  
8.124203E+01  1.030491E+01  9.172101E+00  -1.072392E-03  1.000000E+00  5.950124E-03  3.611643E-25  9.017778E-13   5.000000E-01 NotAppl  2.548610E+00  0.000000E+00  
1.052375E+03  5.267481E+01  -5.267393E+01  4.288836E-08  1.000000E+00  4.271872E-03  1.565121E-24  7.621745E-24   5.000000E-01 NotAppl  7.282083E-01  0.000000E+00  
3.991423E+02  2.932160E+02  -2.448481E+02  5.236525E-06  1.000000E+00  1.546309E-04  2.278900E-23  8.240319E-19   5.000000E-01 NotAppl  2.906173E+01  0.000000E+00  
1.112234E+01  1.182098E+01  -6.495172E+00  1.770289E-05  1.000000E+00  5.401753E+01  4.955160E-35  1.358092E-14   5.000000E-01 NotAppl  3.289716E-09  2.865457E-07  
5.659704E+02  1.452025E-03  -9.685762E-04  1.942471E-10  1.000000E+00  1.257894E-01  6.675923E-26  5.550729E-28   5.000000E-01 NotAppl  5.906406E-02  0.000000E+00  
1.117020E+02  2.686395E+02  -2.682175E+02  -1.048026E-03  1.000000E+00  1.680523E-03  3.148724E-24  4.484590E-13   5.000000E-01 NotAppl  1.548466E+01  0.000000E+00  
1.144195E+03  4.398871E+01  -4.394832E+01  -1.697928E-09  1.000000E+00  5.979441E-03  1.108705E-24  1.007103E-26   5.000000E-01 NotAppl  4.732205E-01  0.000000E+00  
1.225413E+01  6.472728E-04  3.359694E+02  1.737194E-05  1.000000E+00  5.658797E-04  4.957609E-35  1.080899E-14   5.000000E-01 NotAppl  2.937117E-09  4.227161E-07  
3.428436E+01  7.730910E+00  -7.652304E+00  4.644592E-06  1.000000E+00  3.350184E-03  6.558385E-36  9.814281E-17   5.000000E-01 NotAppl  1.234067E-10  1.387952E-08  
3.665500E+03  1.098768E-04  1.226998E-03  4.074198E-07  1.000000E+00  4.453747E+00  1.639082E-27  5.408877E-23   5.000000E-01 NotAppl  2.132003E-04  0.000000E+00  
8.998421E+02  6.298188E-04  3.334969E-01  -1.808318E-02  1.000000E+00  3.024722E-01  2.686543E-26  1.865315E-12   5.000000E-01 NotAppl  1.472661E-02  0.000000E+00  
3.900341E+02  4.892685E-04  6.786002E+00  -2.721249E-04  1.000000E+00  4.923305E-02  1.504290E-25  2.332972E-15   5.000000E-01 NotAppl  1.960369E-01  0.000000E+00  
1.094519E+02  1.383524E+01  -1.376389E+01  7.683873E-09  1.000000E+00  4.449942E-03  1.302642E-24  2.513367E-23   5.000000E-01 NotAppl  6.460688E+00  0.000000E+00  
3.696234E+02  1.726235E+01  -1.725127E+01  -5.829912E-01  1.000000E+00  1.083818E-02  6.085285E-25  1.195282E-08   1.147853E-136 LZ5Tmedian  9.319298E-01  0.000000E+00  
2.216077E+03  2.709964E+00  -8.150199E-01  4.712163E-04  1.000000E+00  7.316519E-01  9.784209E-27  2.015476E-16   5.000000E-01 NotAppl  2.126054E-03  0.000000E+00  
1.386346E+01  2.246286E-04  2.552386E+00  1.609419E-04  1.000000E+00  7.009039E-04  4.431342E-33  7.269581E-13   5.000000E-01 NotAppl  2.275215E-07  3.568972E-05  
7.960979E+03  1.039551E+02  -9.671002E+01  3.254542E-04  1.000000E+00  1.114783E-03  6.315219E-24  7.133298E-18   5.000000E-01 NotAppl  3.720155E-01  0.000000E+00  
2.501628E+02  1.012525E-04  8.921952E+00  -3.346527E-10  1.000000E+00  2.112989E-02  3.430397E-25  8.759573E-27   5.000000E-01 NotAppl  7.093027E-01  0.000000E+00  
8.432223E+01  3.303842E-01  3.016347E+01  -2.340190E-08  1.000000E+00  4.842156E-03  6.461369E-25  3.979090E-22   5.000000E-01 NotAppl  4.297773E+00  0.000000E+00  
7.569984E+03  4.699428E-03  6.126653E+02  -2.646779E-03  1.000000E+00  5.630216E-05  9.335298E-23  5.226031E-16   5.000000E-01 NotAppl  5.910676E+00  0.000000E+00  
4.437221E+03  1.720612E-04  1.930012E-02  -2.830434E-08  1.000000E+00  6.444226E+00  1.119250E-27  1.769880E-25   5.000000E-01 NotAppl  1.198954E-04  0.000000E+00  
7.117937E+03  6.098495E-01  -6.008206E-01  1.029273E-02  1.000000E+00  9.490049E+00  6.708829E-28  8.956140E-15   5.000000E-01 NotAppl  4.441899E-05  0.000000E+00  
3.788651E+03  6.782651E-01  1.138058E+00  -1.548388E-10  1.000000E+00  2.380783E+00  2.696746E-27  7.304413E-30   5.000000E-01 NotAppl  3.408109E-04  0.000000E+00  
4.482043E+01  1.377299E-04  -2.945959E-06  7.670830E-09  1.000000E+00  9.116157E-05  3.642824E-41  1.552664E-22   5.000000E-01 NotAppl  5.164755E-16  5.857962E-14  
1.594615E+01  4.276682E-03  5.647857E+00  -1.433674E+00  1.000000E+00  8.821206E-04  3.336894E-25  4.367920E-05   0.000000E+00 XENON1T_2018  1.459223E+01  2.524589E-01  
5.023454E+03  4.731122E+01  -4.730915E+01  -4.665115E-10  1.000000E+00  5.110528E-03  1.310380E-24  3.735778E-29   5.000000E-01 NotAppl  1.230795E-01  0.000000E+00  
4.423886E+03  1.845687E+01  -1.845640E+01  -4.260104E-08  1.000000E+00  3.119429E-02  2.014502E-25  4.034005E-25   5.000000E-01 NotAppl  2.152801E-02  0.000000E+00  
9.463638E+01  1.313561E-03  3.202963E+01  -8.291936E-03  1.000000E+00  4.421654E-03  1.117643E-24  3.943523E-11   3.067616E-02 LZ5Tmedian  6.451636E+00  0.000000E+00  
4.038779E+02  1.776514E-01  -1.673634E-01  1.558472E-10  1.000000E+00  6.585621E-02  1.286741E-25  7.124822E-28   5.000000E-01 NotAppl  1.616005E-01  0.000000E+00  
8.235092E+01  3.366825E-02  -3.348413E-02  -1.131045E-07  1.000000E+00  6.081637E-03  5.107228E-25  9.756486E-21   5.000000E-01 NotAppl  3.527004E+00  0.000000E+00  
4.386597E+01  5.483545E-02  3.706679E-01  -3.912168E-08  1.000000E+00  1.201887E-04  8.691000E-40  4.219461E-21   5.000000E-01 NotAppl  1.260214E-14  1.554659E-12  
2.530004E+02  3.571491E+01  -3.571467E+01  1.246178E-03  1.000000E+00  6.702919E-03  9.195568E-25  1.186916E-13   5.000000E-01 NotAppl  1.889998E+00  0.000000E+00  
2.221228E+01  5.815452E-01  -5.005288E-01  9.770122E-03  1.000000E+00  7.792406E-03  1.928124E-29  1.044353E-09   5.550820E-42 LZ5Tmedian  5.825548E-04  8.166942E-02  
9.634361E+02  5.747576E-01  2.212402E+02  3.289254E-09  1.000000E+00  4.740176E-04  1.042130E-23  5.368436E-26   5.000000E-01 NotAppl  5.416109E+00  0.000000E+00  
8.711802E+02  7.627931E+02  -7.610466E+02  -2.288542E-09  1.000000E+00  5.200139E-05  1.370112E-22  3.191738E-26   5.000000E-01 NotAppl  7.748746E+01  0.000000E+00  
7.449044E+02  4.740299E-03  2.563179E-01  1.059385E-04  1.000000E+00  2.116285E-01  3.895320E-26  9.417205E-17   5.000000E-01 NotAppl  2.593924E-02  0.000000E+00  
2.091772E+03  1.354059E+02  3.443992E+02  -1.683473E-02  1.000000E+00  6.333540E-05  5.901210E-23  2.893494E-13   5.000000E-01 NotAppl  1.379379E+01  0.000000E+00  
3.892508E+01  2.076758E+01  -1.990659E+01  2.788112E-06  1.000000E+00  1.039042E-03  3.052847E-36  2.732789E-17   5.000000E-01 NotAppl  5.028050E-11  1.691668E-09  
4.742792E+01  3.605961E-02  4.709524E+02  1.490602E-04  1.000000E+00  1.108695E-03  1.800623E-32  5.225257E-14   5.000000E-01 NotAppl  2.406900E-07  2.066727E-05  
1.259610E+03  1.302885E-02  -1.240004E-02  1.055126E-02  1.000000E+00  5.751020E-01  1.379081E-26  3.196621E-13   5.000000E-01 NotAppl  5.347239E-03  0.000000E+00  
5.856239E+01  5.935540E-03  1.353981E+01  -1.014780E-08  1.000000E+00  3.636154E-03  1.009718E-39  1.575511E-22   5.000000E-01 NotAppl  1.087695E-14  5.138651E-14  
3.806848E+03  2.520593E-01  -1.546699E-01  -3.816614E-09  1.000000E+00  4.648761E+00  1.559950E-27  4.394896E-27   5.000000E-01 NotAppl  1.952228E-04  0.000000E+00  
9.337290E+03  7.121806E-04  -5.654637E-04  -2.669053E-06  1.000000E+00  2.732930E+01  2.530184E-28  3.470431E-22   5.000000E-01 NotAppl  1.275583E-05  0.000000E+00  
2.387721E+03  9.745015E-04  6.601014E-04  1.525560E-06  1.000000E+00  1.950774E+00  3.855202E-27  1.814699E-21   5.000000E-01 NotAppl  7.762611E-04  0.000000E+00  
5.841205E+02  1.150904E+00  1.853282E+01  -2.314786E-08  1.000000E+00  3.240709E-02  1.642912E-25  7.389873E-24   5.000000E-01 NotAppl  1.418168E-01  0.000000E+00  
9.998132E+01  4.959069E-03  4.541665E-01  -1.207280E-01  1.000000E+00  7.387750E-03  5.553072E-25  7.469322E-09   1.155354E-275 LZ5Tmedian  3.024700E+00  0.000000E+00  
6.593870E+01  8.370974E+00  -8.370455E+00  1.113048E-04  1.000000E+00  1.119246E-02  1.426956E-31  1.487839E-14   5.000000E-01 NotAppl  1.353262E-06  0.000000E+00  
7.399275E+01  1.159979E+02  -1.159976E+02  1.979101E-08  1.000000E+00  1.864089E-02  3.629699E-40  3.717556E-22   5.000000E-01 NotAppl  3.078803E-15  0.000000E+00  
3.951285E+01  8.853913E+00  -8.831262E+00  -9.282212E-04  1.000000E+00  7.942769E-04  3.515247E-31  2.938038E-12   5.000000E-01 NotAppl  5.688486E-06  4.357960E-04  
1.780252E+03  1.280849E-04  3.527739E+01  -9.127191E-07  1.000000E+00  1.381515E-02  3.360118E-25  1.181390E-21   5.000000E-01 NotAppl  9.296724E-02  0.000000E+00  
3.552517E+01  3.858111E-01  4.485284E+02  -3.825358E-10  1.000000E+00  4.618670E-04  4.731526E-44  6.193948E-25   5.000000E-01 NotAppl  8.571234E-19  1.716245E-16  
3.265412E+01  8.162732E-03  3.766824E-03  5.112218E-03  1.000000E+00  1.669107E-03  7.376608E-30  1.312510E-10   7.452828E-08 LZ5Tmedian  1.462721E-04  2.821635E-02  
2.732300E+01  5.921715E+02  -5.920790E+02  2.612732E+00  1.000000E+00  3.791981E-03  1.196956E-24  4.918306E-05   0.000000E+00 XENON1T_2018  2.885731E+01  5.001389E-01  
9.262092E+03  5.781975E-01  7.528444E+01  -5.231212E-08  1.000000E+00  3.225953E-03  1.541969E-24  1.355203E-25   5.000000E-01 NotAppl  7.959516E-02  0.000000E+00  
1.458624E+01  4.701730E-03  5.318970E+02  -8.680271E-06  1.000000E+00  7.823813E-04  1.308950E-35  1.911834E-15   5.000000E-01 NotAppl  6.338424E-10  1.046574E-07  
6.858582E+02  9.744404E-04  2.171102E-01  4.929705E-10  1.000000E+00  1.809637E-01  4.581807E-26  2.413996E-27   5.000000E-01 NotAppl  3.322932E-02  0.000000E+00  
3.477932E+03  1.308064E+00  -2.124299E-01  -4.446496E-05  1.000000E+00  2.261885E+00  3.154197E-27  7.169253E-19   5.000000E-01 NotAppl  4.328319E-04  0.000000E+00  
7.846339E+02  6.040893E+02  -5.636171E+02  1.245327E-03  1.000000E+00  4.329418E-05  9.542711E-23  1.170260E-14   5.000000E-01 NotAppl  6.013640E+01  0.000000E+00  
3.669166E+02  3.281558E-04  2.597848E+00  2.748073E-07  1.000000E+00  5.180856E-02  1.569409E-25  2.696102E-21   5.000000E-01 NotAppl  2.178142E-01  0.000000E+00  
6.500740E+02  3.461428E+02  -2.433118E+02  -2.645539E+00  1.000000E+00  1.374721E-04  2.585996E-23  7.756739E-08   0.000000E+00 LZ5Tmedian  2.017986E+01  0.000000E+00  
2.182343E+01  3.110350E-01  -3.079349E-01  -3.332403E-01  1.000000E+00  5.223148E-03  2.223082E-26  1.258911E-06   0.000000E+00 XENON1T_2018  6.848805E-01  2.501816E-01  
1.056652E+03  6.327012E+00  -6.326847E+00  -9.286772E-10  1.000000E+00  1.546738E-01  4.288446E-26  3.544132E-27   5.000000E-01 NotAppl  1.989317E-02  0.000000E+00  
1.941820E+01  9.792258E+02  -9.736041E+02  -3.293032E-02  1.000000E+00  2.462998E+00  2.064972E-28  1.554290E-08   0.000000E+00 LZ5Tmedian  7.233982E-03  4.527939E-01  
4.162637E+01  1.358448E-02  2.257539E+01  3.105867E-08  1.000000E+00  2.692098E-04  4.567037E-40  2.958682E-21   5.000000E-01 NotAppl  7.011105E-15  1.027847E-12  
1.923315E+02  5.046692E-01  -4.906528E-01  -1.186529E-05  1.000000E+00  1.622003E-02  5.136602E-25  1.887063E-17   5.000000E-01 NotAppl  1.398167E+00  0.000000E+00  
7.661146E+02  4.375550E+00  -4.303241E+00  1.407071E-09  1.000000E+00  1.523887E-01  4.802769E-26  1.568691E-26   5.000000E-01 NotAppl  3.105794E-02  0.000000E+00  
1.405566E+02  1.583544E+00  1.708066E-01  1.616144E-03  1.000000E+00  7.548606E-03  8.665033E-25  6.658316E-13   5.000000E-01 NotAppl  3.313771E+00  0.000000E+00  
3.083870E+02  7.802064E-03  2.511952E-02  3.265587E-06  1.000000E+00  3.960812E-02  2.154790E-25  5.433809E-19   5.000000E-01 NotAppl  3.582836E-01  0.000000E+00  
2.240322E+02  2.324028E+00  -2.236080E+00  1.501995E-07  1.000000E+00  1.970696E-02  3.955735E-25  2.212021E-21   5.000000E-01 NotAppl  9.182197E-01  0.000000E+00  
4.468400E+01  2.217125E-02  1.605015E+00  -4.627805E-07  1.000000E+00  1.665676E-04  1.309135E-37  5.686412E-19   5.000000E-01 NotAppl  1.866619E-12  2.087898E-10  
3.189421E+03  7.362675E-02  1.261517E+02  1.023063E-05  1.000000E+00  1.178476E-03  4.134841E-24  4.526663E-20   5.000000E-01 NotAppl  6.297614E-01  0.000000E+00  
1.090458E+02  2.428381E+01  -2.428298E+01  5.523145E-08  1.000000E+00  4.062864E-03  1.427868E-24  1.308512E-21   5.000000E-01 NotAppl  7.121839E+00  0.000000E+00  
5.197369E+01  9.090834E-04  9.857178E+01  6.890102E-03  1.000000E+00  2.456199E-03  7.265252E-29  9.264852E-11   9.860961E-06 LZ5Tmedian  8.855743E-04  3.383890E-02  
3.890600E+02  2.448136E-02  -2.437653E-02  1.980512E-01  1.000000E+00  4.478478E-02  2.137951E-25  1.242083E-09   3.594263E-14 LZ5Tmedian  2.850447E-01  0.000000E+00  
1.881526E+02  2.389150E-02  2.571890E-01  1.026737E-05  1.000000E+00  1.573354E-02  5.332447E-25  1.478086E-17   5.000000E-01 NotAppl  1.485226E+00  0.000000E+00  
2.337818E+03  2.723358E-04  4.213352E+01  -2.935841E-10  1.000000E+00  9.842818E-03  4.745340E-25  7.016062E-29   5.000000E-01 NotAppl  9.930983E-02  0.000000E+00  
2.743659E+01  3.807648E-03  1.451485E-01  -8.452057E-07  1.000000E+00  2.642874E-03  1.660772E-37  5.103969E-18   5.000000E-01 NotAppl  3.985882E-12  9.167727E-10  
5.816516E+03  3.507554E-02  -3.417479E-02  1.825537E-09  1.000000E+00  1.087522E+01  6.523972E-28  4.246493E-28   5.000000E-01 NotAppl  5.310672E-05  0.000000E+00  
1.506703E+02  1.096217E-02  -4.882329E-03  2.873316E-09  1.000000E+00  1.076999E-02  7.616182E-25  1.825201E-24   5.000000E-01 NotAppl  2.708969E+00  0.000000E+00  
9.170015E+03  2.834827E+01  -2.812797E+01  1.422643E-03  1.000000E+00  1.384777E-02  4.736138E-25  1.022826E-16   5.000000E-01 NotAppl  2.418272E-02  0.000000E+00  
1.095324E+02  8.064334E-02  -8.052898E-02  6.149533E-08  1.000000E+00  6.525829E-03  1.174169E-24  1.607404E-21   5.000000E-01 NotAppl  5.805785E+00  0.000000E+00  
2.692765E+02  2.521480E+00  -2.503293E+00  1.638572E-10  1.000000E+00  2.785594E-02  2.829777E-25  1.806044E-27   5.000000E-01 NotAppl  5.420722E-01  0.000000E+00  
1.257823E+02  9.650070E-02  -9.124083E-02  -5.636719E-06  1.000000E+00  7.989075E-03  9.990814E-25  1.017031E-17   5.000000E-01 NotAppl  4.277879E+00  0.000000E+00  
6.897379E+02  1.547810E+01  2.954669E+01  -3.141970E-02  1.000000E+00  6.869360E-03  6.631430E-25  9.693777E-12   5.000000E-01 NotAppl  4.834865E-01  0.000000E+00  
5.978646E+03  9.853698E-04  -5.878591E-04  1.520205E-06  1.000000E+00  1.148897E+01  6.168317E-28  2.784754E-22   5.000000E-01 NotAppl  4.883173E-05  0.000000E+00  
4.632290E+01  1.495646E-03  4.823490E-05  -4.929365E-09  1.000000E+00  3.313653E-04  1.745392E-41  5.995400E-23   5.000000E-01 NotAppl  2.391007E-16  2.330114E-14  
3.274461E+03  2.099583E-04  1.032810E+00  2.957862E-01  1.000000E+00  1.627684E+00  5.069376E-27  3.586504E-11   5.000000E-01 NotAppl  7.588848E-04  0.000000E+00  
3.179259E+03  1.836871E-02  3.781091E-01  2.876569E-04  1.000000E+00  3.266792E+00  2.220714E-27  3.601997E-17   5.000000E-01 NotAppl  3.340108E-04  0.000000E+00  
4.001567E+02  4.616321E-01  -4.614698E-01  4.709856E-07  1.000000E+00  6.421278E-02  1.311448E-25  6.631585E-21   5.000000E-01 NotAppl  1.662995E-01  0.000000E+00  
2.644539E+02  5.620496E-02  -5.581335E-02  -3.313109E-09  1.000000E+00  2.964695E-02  2.876380E-25  7.662036E-25   5.000000E-01 NotAppl  5.614054E-01  0.000000E+00  
4.332131E+03  2.824935E-03  6.907953E-03  -1.404734E-06  1.000000E+00  6.152881E+00  1.174061E-27  4.577155E-22   5.000000E-01 NotAppl  1.288665E-04  0.000000E+00  
1.058552E+03  2.019183E-03  7.714968E-01  -3.011916E-01  1.000000E+00  2.467068E-01  3.780324E-26  3.714273E-10   3.113615E-02 LZ5Tmedian  1.812294E-02  0.000000E+00  
1.384034E+03  6.047870E+00  3.280257E+02  4.658436E-05  1.000000E+00  2.086867E-04  2.341101E-23  5.141787E-18   5.000000E-01 NotAppl  8.390097E+00  0.000000E+00  
2.828801E+03  7.061194E-04  9.389163E+01  9.472089E-08  1.000000E+00  2.089423E-03  2.304114E-24  4.953746E-24   5.000000E-01 NotAppl  3.967240E-01  0.000000E+00  
2.348402E+02  1.140674E+02  -7.317039E+01  8.005579E-04  1.000000E+00  6.855664E-04  4.727536E-24  5.705777E-14   5.000000E-01 NotAppl  1.052125E+01  0.000000E+00  
2.722230E+01  5.341398E+02  -5.341397E+02  -3.964644E-08  1.000000E+00  1.594311E-02  3.629557E-40  1.140974E-20   5.000000E-01 NotAppl  8.786266E-15  2.021721E-12  
3.471100E+01  5.754127E-04  1.409817E-01  6.053278E-10  1.000000E+00  7.904859E-04  1.137246E-43  1.625714E-24   5.000000E-01 NotAppl  2.115145E-18  4.352131E-16  
3.261280E+03  9.411540E-04  5.617394E-03  3.354687E+00  1.000000E+00  4.568863E-02  2.577000E-25  4.651407E-09   6.804610E-07 LZ5Tmedian  3.986777E-02  0.000000E+00  
2.732167E+01  5.611136E-04  4.657507E+00  1.648847E-06  1.000000E+00  2.010923E-03  6.297624E-37  1.958976E-17   5.000000E-01 NotAppl  1.516908E-11  3.149658E-09  
3.890800E+01  1.831321E+02  -1.827266E+02  2.612362E-08  1.000000E+00  1.025460E-03  2.677421E-40  2.401264E-21   5.000000E-01 NotAppl  4.412008E-15  7.621391E-13  
2.403829E+03  3.530665E-01  -3.526314E-01  -4.293202E+00  1.000000E+00  1.550524E-02  7.876559E-25  1.417627E-08   3.387123E-26 LZ5Tmedian  1.675455E-01  0.000000E+00  
1.619502E+03  1.520398E+01  4.682440E+02  2.384734E+00  1.000000E+00  9.552338E-05  5.196965E-23  9.780875E-09   9.397782E-27 LZ5Tmedian  1.585221E+01  0.000000E+00  
3.919764E+01  4.816827E+02  -4.816824E+02  3.030274E-06  1.000000E+00  9.352521E-04  3.669897E-36  3.182656E-17   5.000000E-01 NotAppl  6.000393E-11  1.021955E-08  
2.849830E+01  2.510598E-01  5.538618E-01  2.535815E-01  1.000000E+00  2.978517E-03  1.548207E-26  4.254707E-07   0.000000E+00 XENON1T_2018  3.558702E-01  2.487415E-01  
4.219839E+02  7.880774E-01  7.969670E+02  6.089269E-04  1.000000E+00  1.729780E-04  2.809459E-23  9.943425E-15   5.000000E-01 NotAppl  3.398266E+01  0.000000E+00  
1.381799E+02  6.875753E-02  4.343866E-01  7.424060E-06  1.000000E+00  9.052118E-03  8.739029E-25  1.455026E-17   5.000000E-01 NotAppl  3.400707E+00  0.000000E+00  
1.837290E+03  6.676158E+00  5.360294E+02  1.106880E-07  1.000000E+00  8.570657E-05  5.836059E-23  1.629317E-23   5.000000E-01 NotAppl  1.564054E+01  0.000000E+00  
7.373649E+03  1.193590E+00  -1.193440E+00  6.588822E-07  1.000000E+00  4.626803E+00  1.247068E-27  3.416137E-23   5.000000E-01 NotAppl  7.952248E-05  0.000000E+00  
9.643835E+03  5.752836E-04  1.460525E-02  -1.239195E-02  1.000000E+00  2.906998E+01  2.374885E-28  7.005898E-15   5.000000E-01 NotAppl  1.158936E-05  0.000000E+00  
1.553991E+03  3.750648E-03  1.202306E-03  -6.379504E-04  1.000000E+00  8.584836E-01  9.069289E-27  7.614346E-16   5.000000E-01 NotAppl  2.835220E-03  0.000000E+00  
2.308302E+01  6.478740E+01  -6.478517E+01  -2.605033E-10  1.000000E+00  2.895746E-02  1.398891E-44  6.871476E-25   5.000000E-01 NotAppl  4.053596E-19  9.011812E-17  
3.022899E+03  2.573895E-01  -1.287501E-01  -1.246469E-06  1.000000E+00  3.008208E+00  2.451946E-27  7.494373E-22   5.000000E-01 NotAppl  3.881503E-04  0.000000E+00  
4.992529E+03  5.921460E-04  -2.728436E-04  1.703588E+00  1.000000E+00  3.716663E-01  2.917524E-26  5.044731E-10   3.652183E-01 NotAppl  2.924764E-03  0.000000E+00  
1.173964E+02  5.271143E+01  -5.212134E+01  6.182493E-03  1.000000E+00  2.943194E-03  1.826289E-24  1.409412E-11   3.494164E-01 NotAppl  8.483440E+00  0.000000E+00  
4.862991E+03  4.292670E-02  7.196754E+01  -6.423848E-06  1.000000E+00  3.508916E-03  1.380452E-24  7.566803E-21   5.000000E-01 NotAppl  1.369830E-01  0.000000E+00  
6.020540E+02  3.665291E+02  -3.612847E+02  -2.629454E-08  1.000000E+00  1.466493E-04  4.073987E-23  8.963963E-24   5.000000E-01 NotAppl  3.379716E+01  0.000000E+00  
8.526967E+01  4.954843E+02  -4.954840E+02  -4.780911E-10  1.000000E+00  4.753098E-03  9.149632E-25  1.623152E-25   5.000000E-01 NotAppl  5.988430E+00  0.000000E+00  
1.930925E+01  2.033463E-02  6.960945E-01  -2.151510E-03  1.000000E+00  1.482203E-03  8.796159E-31  6.710059E-11   7.377383E-03 LZ5Tmedian  3.102237E-05  6.162742E-03  
6.319017E+03  1.180977E-01  3.703650E+01  -1.637207E-07  1.000000E+00  1.274759E-02  3.711647E-25  2.886171E-24   5.000000E-01 NotAppl  2.822908E-02  0.000000E+00  
1.803148E+03  3.426988E-02  -3.360185E-02  -9.005687E-03  1.000000E+00  1.139425E+00  6.749072E-27  1.120576E-13   5.000000E-01 NotAppl  1.811712E-03  0.000000E+00  
3.452478E+03  2.015719E-03  -1.328464E-03  -1.625741E-06  1.000000E+00  3.967419E+00  1.847206E-27  9.728193E-22   5.000000E-01 NotAppl  2.553655E-04  0.000000E+00  
5.091838E+02  8.554285E-03  1.230345E-02  1.554009E-09  1.000000E+00  1.028092E-01  8.206876E-26  4.410021E-26   5.000000E-01 NotAppl  8.101705E-02  0.000000E+00  
4.704396E+02  7.486126E-01  -7.483143E-01  4.013104E-10  1.000000E+00  8.673352E-02  9.613393E-26  3.457729E-27   5.000000E-01 NotAppl  1.030330E-01  0.000000E+00  
2.476957E+01  9.205086E+00  -9.154611E+00  -4.568200E-08  1.000000E+00  2.278126E-02  4.489813E-40  1.833044E-20   5.000000E-01 NotAppl  1.206546E-14  1.507469E-12  
1.638958E+01  2.037816E+00  4.454939E+00  4.425059E-04  1.000000E+00  8.795602E-02  3.522123E-32  3.939716E-12   5.000000E-01 NotAppl  1.492420E-06  2.380964E-04  
9.198286E+03  2.161443E+00  7.619006E+02  5.440686E-01  1.000000E+00  3.667579E-05  1.452236E-22  1.486631E-11   5.000000E-01 NotAppl  7.548881E+00  0.000000E+00  
1.514835E+03  4.596353E+02  -4.596348E+02  -6.157941E-04  1.000000E+00  8.251555E-05  9.049922E-23  7.473569E-16   5.000000E-01 NotAppl  2.893870E+01  0.000000E+00  
2.949232E+02  8.078757E-02  2.366736E+02  -1.110837E-03  1.000000E+00  7.719902E-04  6.196617E-24  6.889394E-14   5.000000E-01 NotAppl  1.079830E+01  0.000000E+00  
1.163929E+01  4.478134E-02  -4.173341E-02  4.168788E+00  1.000000E+00  1.137390E-03  3.524101E-25  6.888354E-04   0.000000E+00 XENON1T_2018  2.225093E+01  2.500128E-01  
6.385846E+01  3.528029E-03  8.169193E+00  4.596915E-01  1.000000E+00  6.574558E-04  1.603118E-23  2.709448E-07   0.000000E+00 XENON1T_2018  1.577285E+02  0.000000E+00  
7.097325E+03  1.209416E+01  -1.166659E+01  2.228040E-04  1.000000E+00  7.194257E-02  8.674609E-26  4.221473E-18   5.000000E-01 NotAppl  5.739318E-03  0.000000E+00  
2.628269E+01  2.400488E+00  -2.397412E+00  -6.701237E-03  1.000000E+00  1.426468E-02  1.007955E-29  3.499488E-10   2.363976E-17 LZ5Tmedian  2.536761E-04  5.156799E-02  
2.331286E+01  8.909990E+01  -8.303504E+01  2.820500E-03  1.000000E+00  1.344819E+00  1.649024E-30  7.896009E-11   4.832416E-04 LZ5Tmedian  4.727335E-05  8.451865E-03  
8.985528E+01  9.145471E+00  -9.144866E+00  -4.678853E-05  1.000000E+00  5.842443E-03  8.200316E-25  1.396355E-15   5.000000E-01 NotAppl  5.092340E+00  0.000000E+00  
2.044977E+03  5.663200E-03  2.295517E+02  -4.363828E-07  1.000000E+00  3.907607E-04  1.267767E-23  2.035937E-22   5.000000E-01 NotAppl  3.044156E+00  0.000000E+00  
5.057731E+03  5.681386E-03  8.434662E-01  -4.837987E-01  1.000000E+00  3.128745E+00  2.630980E-27  3.962611E-11   5.000000E-01 NotAppl  2.579736E-04  0.000000E+00  
2.472939E+02  7.484297E-01  1.875473E+00  -1.113693E-08  1.000000E+00  2.315010E-02  3.298727E-25  9.933150E-24   5.000000E-01 NotAppl  6.905392E-01  0.000000E+00  
4.718431E+01  7.262301E-04  5.241165E+01  4.306613E-08  1.000000E+00  9.673885E-04  1.462275E-39  4.407690E-21   5.000000E-01 NotAppl  1.970572E-14  1.737389E-12  
4.422280E+02  8.277660E-01  -8.272947E-01  -2.135972E-02  1.000000E+00  7.715024E-02  1.078578E-25  1.111634E-11   5.000000E-01 NotAppl  1.233098E-01  0.000000E+00  
2.385826E+03  7.040395E-01  -4.464081E-01  -2.113818E-02  1.000000E+00  1.805963E+00  4.064825E-27  3.489664E-13   5.000000E-01 NotAppl  8.192007E-04  0.000000E+00  
1.126596E+01  5.263678E+00  -5.263519E+00  -1.061731E-03  1.000000E+00  1.734687E-01  1.792228E-31  4.763616E-11   4.835685E-01 NotAppl  1.171745E-05  1.514655E-03  
1.277291E+02  6.178943E+01  1.627822E+02  -4.021562E-06  1.000000E+00  9.702178E-04  3.084258E-24  5.016451E-18   5.000000E-01 NotAppl  1.292663E+01  0.000000E+00  
2.739032E+03  5.769761E-02  7.702458E+02  1.095543E-06  1.000000E+00  4.392002E-05  1.194217E-22  7.076423E-22   5.000000E-01 NotAppl  2.125266E+01  0.000000E+00  
3.352288E+01  4.773851E+00  -4.454640E+00  1.347682E-09  1.000000E+00  3.043465E-03  5.328607E-43  8.648293E-24   5.000000E-01 NotAppl  1.027149E-17  1.672336E-15  
1.739246E+03  6.096371E-01  3.929373E+00  1.842090E-02  1.000000E+00  4.473517E-01  1.353935E-26  5.046245E-13   5.000000E-01 NotAppl  3.800485E-03  0.000000E+00  
2.145191E+02  2.809588E+00  -2.791585E+00  -5.955033E-05  1.000000E+00  1.788128E-02  4.294647E-25  3.800429E-16   5.000000E-01 NotAppl  1.043058E+00  0.000000E+00  
1.999521E+01  4.350565E+02  -4.350533E+02  2.261038E-01  1.000000E+00  4.144265E-02  9.847425E-27  6.909457E-07   0.000000E+00 XENON1T_2018  3.341201E-01  4.964086E-01  
4.100079E+03  3.043658E-01  7.845378E+00  3.764242E-06  1.000000E+00  2.341946E-01  1.926434E-26  3.676140E-21   5.000000E-01 NotAppl  2.269947E-03  0.000000E+00  
2.488010E+01  1.366460E+00  5.550311E+01  -2.345813E-10  1.000000E+00  1.070614E-02  1.187422E-44  4.790355E-25   5.000000E-01 NotAppl  3.175667E-19  7.106157E-17  
3.972762E+01  1.086708E-02  8.328635E+00  -1.067414E-07  1.000000E+00  3.716726E-05  4.715185E-39  3.842677E-20   5.000000E-01 NotAppl  7.601851E-14  8.006893E-12  
2.665614E+03  1.347313E-01  5.826549E+01  1.268061E-07  1.000000E+00  5.247452E-03  9.036372E-25  1.001983E-23   5.000000E-01 NotAppl  1.653363E-01  0.000000E+00  
6.150642E+02  2.654048E+02  3.584708E+01  -1.206090E-01  1.000000E+00  9.026497E-05  3.912041E-23  1.805300E-10   5.615311E-02 LZ5Tmedian  3.194653E+01  0.000000E+00  
2.488665E+02  1.354062E-04  3.803695E+01  -3.801182E-09  1.000000E+00  8.702356E-03  6.441199E-25  1.142230E-24   5.000000E-01 NotAppl  1.336732E+00  0.000000E+00  
1.033887E+03  7.134851E-01  2.575689E+00  -3.290743E-07  1.000000E+00  3.082697E-01  2.360249E-26  4.652377E-22   5.000000E-01 NotAppl  1.123584E-02  0.000000E+00  
1.655458E+01  3.429538E-01  2.730906E+02  4.383769E-04  1.000000E+00  2.417254E-03  3.467311E-32  3.790040E-12   5.000000E-01 NotAppl  1.453140E-06  2.641350E-04  
7.285868E+03  4.608626E-04  2.408044E+02  3.209908E-02  1.000000E+00  3.369414E-04  1.515526E-23  8.307508E-14   5.000000E-01 NotAppl  9.975228E-01  0.000000E+00  
3.838366E+01  1.821616E-01  -1.772071E-01  1.130789E+00  1.000000E+00  5.223417E-05  4.610109E-25  4.625012E-06   0.000000E+00 XENON1T_2018  7.732430E+00  2.502149E-01  
3.949584E+02  2.011734E+00  9.833900E+01  -5.077876E-05  1.000000E+00  2.152616E-03  2.153886E-24  7.917475E-17   5.000000E-01 NotAppl  2.787121E+00  0.000000E+00  
1.313731E+03  2.893820E+02  -2.886497E+02  2.801659E-04  1.000000E+00  1.835197E-04  3.914397E-23  2.068437E-16   5.000000E-01 NotAppl  1.449231E+01  0.000000E+00  
1.256912E+03  1.674273E-03  -4.946963E-04  7.279967E-05  1.000000E+00  5.734480E-01  1.382617E-26  1.528412E-17   5.000000E-01 NotAppl  5.372367E-03  0.000000E+00  
2.789737E+02  8.438674E-02  -8.415197E-02  -2.240009E-07  1.000000E+00  3.274366E-02  2.603084E-25  3.139265E-21   5.000000E-01 NotAppl  4.804948E-01  0.000000E+00  
1.050090E+03  3.082874E-02  4.087381E-02  1.368877E-10  1.000000E+00  4.074544E-01  1.975297E-26  7.798869E-29   5.000000E-01 NotAppl  9.234253E-03  0.000000E+00  
4.064696E+01  2.889806E+01  -2.867436E+01  -3.502171E-02  1.000000E+00  3.922156E-04  5.405885E-28  3.948567E-09   1.285271E-223 LZ5Tmedian  8.507835E-03  3.687226E-01  
1.797016E+02  6.939872E+02  -6.939089E+02  -4.517726E-06  1.000000E+00  5.251430E-04  1.142793E-23  3.144318E-18   5.000000E-01 NotAppl  3.473088E+01  0.000000E+00  
6.919975E+03  7.447152E+02  -7.446831E+02  1.547321E-05  1.000000E+00  2.626434E-05  2.934932E-22  2.143420E-20   5.000000E-01 NotAppl  1.992178E+01  0.000000E+00  
7.626161E+03  2.454573E-03  4.158622E+00  -6.551317E-05  1.000000E+00  8.405081E-01  5.052406E-27  3.154069E-19   5.000000E-01 NotAppl  3.171366E-04  0.000000E+00  
4.201511E+01  1.479407E+00  5.376776E+02  4.658866E+00  1.000000E+00  4.696850E-04  1.000776E-24  6.532514E-05   0.000000E+00 XENON1T_2018  1.410723E+01  3.397133E-01  
6.674729E+01  3.478971E+02  -3.478677E+02  -3.650999E-05  1.000000E+00  1.202335E-02  9.948911E-33  1.561508E-15   5.000000E-01 NotAppl  9.370632E-08  0.000000E+00  
1.248322E+02  1.585910E+02  -1.585784E+02  3.470208E-07  1.000000E+00  1.799716E-03  3.222011E-24  3.915107E-20   5.000000E-01 NotAppl  1.412572E+01  0.000000E+00  
1.976589E+01  6.840043E-03  7.537838E-03  5.659600E-05  1.000000E+00  2.215801E-03  6.141775E-34  4.430493E-14   5.000000E-01 NotAppl  2.110689E-08  4.340530E-06  
1.698125E+03  1.626463E-01  2.697254E-01  1.757059E+00  1.000000E+00  4.302545E-02  2.720395E-25  4.820591E-09   5.787790E-13 LZ5Tmedian  8.191421E-02  0.000000E+00  
1.031305E+01  2.726985E-04  9.655785E-04  7.659939E-09  1.000000E+00  7.302227E-04  8.948326E-42  2.947909E-21   5.000000E-01 NotAppl  6.492681E-16  8.266485E-14  
1.256764E+03  1.273666E+02  -1.020807E+02  -2.641862E-09  1.000000E+00  5.633646E-04  8.771133E-24  2.013289E-26   5.000000E-01 NotAppl  3.399451E+00  0.000000E+00  
2.027278E+03  3.578101E+02  -3.578098E+02  -4.192346E-04  1.000000E+00  1.172702E-04  6.288865E-23  1.912648E-16   5.000000E-01 NotAppl  1.491016E+01  0.000000E+00  
5.779476E+02  2.569033E-01  8.440291E-02  -3.484865E-07  1.000000E+00  1.291640E-01  6.418052E-26  1.711668E-21   5.000000E-01 NotAppl  5.556505E-02  0.000000E+00  
3.213093E+03  7.974888E+02  -7.960678E+02  2.129001E-05  1.000000E+00  2.600372E-05  2.899918E-22  1.931030E-19   5.000000E-01 NotAppl  4.292015E+01  0.000000E+00  
2.470424E+01  1.623474E+02  3.357363E+02  3.783018E+00  1.000000E+00  1.348105E-03  2.296094E-24  1.263785E-04   0.000000E+00 XENON1T_2018  6.186733E+01  9.999469E-01  
5.532468E+03  3.833195E+00  -3.832967E+00  -2.597198E-07  1.000000E+00  6.122591E-01  9.392578E-27  9.516014E-24   5.000000E-01 NotAppl  8.002822E-04  0.000000E+00  
4.798374E+01  2.461619E+01  -2.461401E+01  -4.146369E-06  1.000000E+00  4.674115E-04  1.486253E-35  3.948323E-17   5.000000E-01 NotAppl  1.963135E-10  1.574084E-08  
9.388302E+01  2.370798E+01  -2.367041E+01  -3.287299E-01  1.000000E+00  1.564689E-02  2.085276E-25  6.300358E-08   0.000000E+00 XENON1T_2018  1.239141E+00  0.000000E+00  
9.129534E+03  7.115491E+02  -7.115059E+02  -1.851554E-01  1.000000E+00  2.804134E-05  2.760813E-22  1.748175E-12   5.000000E-01 NotAppl  1.415957E+01  0.000000E+00  
1.327674E+03  1.951395E-02  9.227643E+01  -1.096533E-05  1.000000E+00  2.215870E-03  2.150836E-24  3.101013E-19   5.000000E-01 NotAppl  8.042667E-01  0.000000E+00  
1.123393E+02  1.054257E-01  -7.321700E-02  -7.572818E-10  1.000000E+00  6.725068E-03  1.146251E-24  2.314347E-25   5.000000E-01 NotAppl  5.521963E+00  0.000000E+00  
1.098703E+02  3.537425E-03  1.441202E+01  1.319794E-07  1.000000E+00  5.141153E-03  1.237945E-24  7.357178E-21   5.000000E-01 NotAppl  6.089692E+00  0.000000E+00  
1.473526E+01  2.367937E+00  -2.367666E+00  4.718609E-04  1.000000E+00  8.931195E-02  3.879704E-32  5.536606E-12   5.000000E-01 NotAppl  1.856335E-06  3.012253E-04  
3.022133E+02  1.002913E+00  -9.477866E-01  2.019484E+00  1.000000E+00  1.226775E-03  1.012369E-23  2.165938E-07   0.000000E+00 XENON1T_2018  1.767819E+01  0.000000E+00  
6.972664E+01  8.642237E+01  3.067654E+02  -4.303323E-07  1.000000E+00  3.498318E+00  4.585079E-37  1.984283E-19   5.000000E-01 NotAppl  4.105422E-12  0.000000E+00  
2.660002E+03  3.615338E-02  4.617875E+00  1.347508E-03  1.000000E+00  5.492823E-01  8.966568E-27  1.136335E-15   5.000000E-01 NotAppl  1.634852E-03  0.000000E+00  
2.592534E+01  1.187084E-04  3.683432E-04  2.498759E-07  1.000000E+00  2.943606E-03  1.387000E-38  5.002095E-19   5.000000E-01 NotAppl  3.544113E-13  8.115443E-11  
3.477119E+01  7.980876E+01  -7.921760E+01  3.791048E-08  1.000000E+00  4.268140E-03  4.473368E-40  6.354108E-21   5.000000E-01 NotAppl  8.292235E-15  1.702462E-12  
3.100561E+03  6.523967E+02  -5.371651E+02  -2.309742E-08  1.000000E+00  2.172691E-05  2.054464E-22  2.443858E-25   5.000000E-01 NotAppl  3.154636E+01  0.000000E+00  
2.945501E+02  5.015289E-02  3.524123E+01  -4.395058E-08  1.000000E+00  1.038070E-02  5.253309E-25  1.081273E-22   5.000000E-01 NotAppl  9.164555E-01  0.000000E+00  
1.849993E+03  1.371924E-03  -9.086535E-04  5.964853E-02  1.000000E+00  1.163612E+00  6.670156E-27  4.665581E-12  