MD1           DMP           DM3           l345          ld           Omegah2       sigV          protonSI      PvalDD        expName      CMB_ID        brH_DMDM      
3.041336E+01  4.602595E-01  8.494442E+00  -2.090819E-04  1.000000E+00  2.687207E-03  1.126646E-32  2.535678E-13   5.000000E-01 NotAppl  2.415996E-07  3.647985E-05  
1.525107E+01  4.533982E-02  3.505887E+01  -2.070315E-04  1.000000E+00  9.678602E-04  7.545255E-33  9.953657E-13   5.000000E-01 NotAppl  3.471667E-07  9.589070E-06  
1.674724E+03  9.142008E+01  3.334789E+02  -7.350331E-03  1.000000E+00  9.067086E-05  4.200875E-23  8.678129E-14   5.000000E-01 NotAppl  1.234993E+01  0.000000E+00  
3.066747E+01  6.594042E+01  -6.592169E+01  -4.109579E-02  1.000000E+00  9.128286E-03  4.394722E-28  9.632293E-09   0.000000E+00 LZ5Tmedian  9.328138E-03  4.042885E-01  
4.182593E+02  1.821221E-01  8.484429E+01  -1.654986E-05  1.000000E+00  2.889884E-03  1.658228E-24  7.479498E-18   5.000000E-01 NotAppl  2.022906E+00  0.000000E+00  
1.227474E+02  2.755418E+01  -2.729325E+01  5.291720E-08  1.000000E+00  4.206317E-03  1.348055E-24  9.423688E-22   5.000000E-01 NotAppl  5.955097E+00  0.000000E+00  
3.224570E+01  6.112888E-04  2.785846E+01  1.822098E-01  1.000000E+00  1.614076E-03  9.211160E-27  1.710451E-07   0.000000E+00 XENON1T_2018  1.854530E-01  2.682979E-01  
1.275790E+02  3.682868E+02  -3.682816E+02  4.205345E-06  1.000000E+00  1.266115E-03  4.548700E-24  5.498671E-18   5.000000E-01 NotAppl  1.956636E+01  0.000000E+00  
3.207636E+03  2.064007E+02  -2.063910E+02  8.919381E-03  1.000000E+00  3.052021E-04  2.356899E-23  3.401019E-14   5.000000E-01 NotAppl  3.494511E+00  0.000000E+00  
1.140168E+01  4.089148E+02  -4.078657E+02  4.227913E-09  1.000000E+00  4.808484E-01  2.856193E-42  7.378188E-22   5.000000E-01 NotAppl  1.841612E-16  2.508726E-14  
1.375683E+02  1.544704E+02  -1.523604E+02  9.968052E-05  1.000000E+00  1.262983E-03  3.611798E-24  2.647024E-15   5.000000E-01 NotAppl  1.437563E+01  0.000000E+00  
2.073097E+01  1.340064E+00  -1.316896E+00  -6.122843E-05  1.000000E+00  2.183731E-02  7.331473E-34  4.712186E-14   5.000000E-01 NotAppl  2.390441E-08  5.003853E-06  
5.987190E+02  2.196542E+01  -1.822889E+01  -7.041809E-04  1.000000E+00  1.744593E-02  3.324652E-25  6.502324E-15   5.000000E-01 NotAppl  2.774866E-01  0.000000E+00  
3.599989E+02  1.485838E+01  -1.374559E+01  -4.219140E-01  1.000000E+00  1.644098E-02  3.778457E-25  6.607646E-09   8.235200E-78 LZ5Tmedian  5.841067E-01  0.000000E+00  
1.073233E+01  1.565004E+00  3.937924E+01  1.207143E-06  1.000000E+00  1.181718E-01  2.266915E-37  6.772308E-17   5.000000E-01 NotAppl  1.569478E-11  2.885982E-10  
4.310284E+02  1.551658E-02  3.634771E-03  1.059371E-03  1.000000E+00  7.480982E-02  1.134658E-25  2.881762E-14   5.000000E-01 NotAppl  1.331653E-01  0.000000E+00  
2.716768E+02  3.098818E-01  2.998144E-01  5.757816E-03  1.000000E+00  3.010098E-02  2.754197E-25  2.189874E-12   5.000000E-01 NotAppl  5.226777E-01  0.000000E+00  
2.014683E+01  2.565592E-03  1.344541E-02  -3.198204E-02  1.000000E+00  2.227822E-03  1.976311E-28  1.361618E-08   0.000000E+00 LZ5Tmedian  6.646465E-03  2.118235E-01  
3.693322E+03  1.665556E-04  8.056429E-01  1.995436E-06  1.000000E+00  3.757203E+00  1.789950E-27  1.277665E-21   5.000000E-01 NotAppl  2.313946E-04  0.000000E+00  
3.928221E+01  1.564867E-04  8.103453E-04  -2.946776E-02  1.000000E+00  3.322867E-05  3.489751E-28  2.996521E-09   9.035640E-170 LZ5Tmedian  5.693226E-03  1.985636E-01  
1.321947E+01  3.195118E+01  -3.189676E+01  7.236323E-10  1.000000E+00  1.227740E-01  8.825945E-44  1.614748E-23   5.000000E-01 NotAppl  4.787028E-18  8.129921E-17  
2.074866E+03  5.115319E-02  5.490503E-03  -2.606220E-05  1.000000E+00  1.489496E+00  5.103163E-27  7.050380E-19   5.000000E-01 NotAppl  1.186319E-03  0.000000E+00  
1.411729E+01  1.083009E+00  -1.082900E+00  1.553452E-03  1.000000E+00  3.492448E-02  4.151387E-31  6.533488E-11   1.039838E-01 NotAppl  2.087330E-05  3.272983E-03  
1.551899E+03  6.987938E+00  1.230973E+02  -2.539250E-09  1.000000E+00  1.132149E-03  4.225991E-24  1.209658E-26   5.000000E-01 NotAppl  1.346185E+00  0.000000E+00  
1.011966E+03  2.028026E+02  -2.028012E+02  -2.436999E-06  1.000000E+00  3.663040E-04  1.957159E-23  2.665598E-20   5.000000E-01 NotAppl  9.481062E+00  0.000000E+00  
4.949584E+02  9.362899E-02  2.242475E-02  1.400661E-08  1.000000E+00  9.709977E-02  8.674975E-26  3.796352E-24   5.000000E-01 NotAppl  8.819581E-02  0.000000E+00  
4.877949E+01  1.667928E+01  7.938433E+02  -1.962605E-04  1.000000E+00  1.967149E+00  3.672871E-32  8.554412E-14   5.000000E-01 NotAppl  4.769881E-07  3.440883E-05  
1.591875E+01  5.596805E-02  6.699453E+02  1.787939E-05  1.000000E+00  1.070697E-03  5.699621E-35  6.816599E-15   5.000000E-01 NotAppl  2.496429E-09  4.415685E-07  
2.780449E+02  3.747073E-01  -3.744114E-01  1.209119E-09  1.000000E+00  3.225486E-02  2.621715E-25  9.209429E-26   5.000000E-01 NotAppl  4.856257E-01  0.000000E+00  
1.653247E+03  3.283510E-03  3.568901E+01  6.327801E-08  1.000000E+00  1.349710E-02  3.442302E-25  6.603052E-24   5.000000E-01 NotAppl  1.027347E-01  0.000000E+00  
5.936840E+03  9.312591E-03  -7.932699E-03  -2.704309E-05  1.000000E+00  1.133226E+01  6.255933E-28  8.938997E-20   5.000000E-01 NotAppl  4.987891E-05  0.000000E+00  
5.230978E+02  3.683297E+00  3.316172E+02  -6.754472E-07  1.000000E+00  3.077102E-04  1.517221E-23  7.884487E-21   5.000000E-01 NotAppl  1.473272E+01  0.000000E+00  
2.502927E+01  4.792619E-03  -4.258351E-03  -1.601332E-01  1.000000E+00  2.943899E-03  5.554795E-27  2.205492E-07   0.000000E+00 XENON1T_2018  1.474939E-01  2.481714E-01  
1.192373E+03  2.039850E-03  3.850530E-03  -8.505067E-04  1.000000E+00  5.188224E-01  1.535088E-26  2.322965E-15   5.000000E-01 NotAppl  6.298302E-03  0.000000E+00  
1.703715E+03  1.098092E-03  1.829482E-04  -6.219965E-04  1.000000E+00  1.022974E+00  7.552425E-27  6.000597E-16   5.000000E-01 NotAppl  2.148535E-03  0.000000E+00  
6.000602E+01  7.141604E-01  9.076042E+01  5.607117E-09  1.000000E+00  4.344203E-03  7.513514E-40  4.576974E-23   5.000000E-01 NotAppl  7.856138E-15  1.248722E-14  
2.189357E+01  6.918175E+02  -6.916878E+02  4.911413E-10  1.000000E+00  3.443459E-02  4.837318E-44  2.716999E-24   5.000000E-01 NotAppl  1.484810E-18  3.228162E-16  
7.200928E+03  8.789095E+01  -7.745645E+01  -1.581322E-01  1.000000E+00  1.550321E-03  4.502383E-24  2.064774E-12   5.000000E-01 NotAppl  2.935926E-01  0.000000E+00  
1.677236E+01  1.325520E-04  3.677163E-04  -2.941762E-09  1.000000E+00  1.688795E-03  1.567709E-42  1.662787E-22   5.000000E-01 NotAppl  6.473786E-17  1.190831E-14  
7.596309E+03  1.249605E+02  -1.249419E+02  -5.738682E-05  1.000000E+00  7.866182E-04  9.073344E-24  2.439487E-19   5.000000E-01 NotAppl  5.604109E-01  0.000000E+00  
8.244086E+03  4.990477E+02  -4.926142E+02  -1.646372E-02  1.000000E+00  5.363355E-05  1.383662E-22  1.700370E-14   5.000000E-01 NotAppl  7.867335E+00  0.000000E+00  
9.241604E+01  5.341744E-02  -3.645017E-02  -5.395990E-06  1.000000E+00  5.613631E-03  1.029911E-24  1.753265E-17   5.000000E-01 NotAppl  6.122042E+00  0.000000E+00  
2.791875E+02  1.020430E-02  7.610092E-02  -1.061987E-04  1.000000E+00  3.280140E-02  2.599129E-25  7.045069E-16   5.000000E-01 NotAppl  4.793805E-01  0.000000E+00  
2.832151E+02  1.426307E+02  -1.425537E+02  1.487004E-02  1.000000E+00  9.770295E-04  6.709407E-24  1.341318E-11   5.000000E-01 NotAppl  1.227176E+01  0.000000E+00  
6.554601E+01  8.526994E-03  2.945423E+01  7.317697E-06  1.000000E+00  4.622154E-03  7.905243E-34  6.509872E-17   5.000000E-01 NotAppl  7.586900E-09  0.000000E+00  
5.698664E+03  2.117794E-02  -2.150503E-03  6.833722E-05  1.000000E+00  1.046158E+01  6.792483E-28  6.203437E-19   5.000000E-01 NotAppl  5.645199E-05  0.000000E+00  
3.905287E+03  3.198392E-03  3.245761E-01  -4.942386E-07  1.000000E+00  4.852208E+00  1.473335E-27  6.996976E-23   5.000000E-01 NotAppl  1.797507E-04  0.000000E+00  
6.465413E+01  1.285432E+02  -1.145953E+02  3.124947E-10  1.000000E+00  8.222964E-01  2.918496E-42  1.220831E-25   5.000000E-01 NotAppl  2.825134E-17  0.000000E+00  
3.401469E+01  3.124357E-04  2.119275E-02  -4.688692E+00  1.000000E+00  1.054805E-03  4.196662E-25  1.016309E-04   0.000000E+00 XENON1T_2018  8.194088E+00  2.500158E-01  
4.890915E+03  3.671674E-04  1.367558E+02  -1.031460E-07  1.000000E+00  1.007871E-03  4.910819E-24  1.928285E-24   5.000000E-01 NotAppl  4.844817E-01  0.000000E+00  
8.340933E+02  1.167247E+00  -3.685107E-01  1.574334E+00  1.000000E+00  1.271160E-02  9.224551E-25  1.650771E-08   1.799134E-85 LZ5Tmedian  5.737180E-01  0.000000E+00  
1.087510E+01  2.411263E-02  -1.416948E-02  -1.739072E-04  1.000000E+00  9.177958E-04  4.734042E-33  1.369666E-12   5.000000E-01 NotAppl  3.226485E-07  4.253625E-05  
3.105449E+03  2.579770E-03  3.870317E+01  -1.123431E-02  1.000000E+00  1.163649E-02  4.006030E-25  5.763016E-14   5.000000E-01 NotAppl  6.269191E-02  0.000000E+00  
2.694907E+01  1.666953E+00  7.113592E-01  1.128656E-08  1.000000E+00  1.004199E-02  2.916962E-41  9.437253E-22   5.000000E-01 NotAppl  7.133564E-16  1.561183E-13  
1.033470E+03  2.452829E-04  6.636280E-03  9.531960E-04  1.000000E+00  3.954325E-01  2.038547E-26  3.906686E-15   5.000000E-01 NotAppl  9.687448E-03  0.000000E+00  
6.022154E+01  2.031494E+02  -1.896248E+02  -1.763318E-08  1.000000E+00  7.491602E-01  8.871215E-39  4.493484E-22   5.000000E-01 NotAppl  9.283835E-14  1.188643E-13  
1.106694E+01  2.742851E+01  6.995881E+00  1.333469E-08  1.000000E+00  1.476635E+06  2.805335E-41  7.781440E-21   5.000000E-01 NotAppl  1.873422E-15  2.461561E-14  
1.706935E+03  1.230680E+00  -6.383628E-01  7.332796E-01  1.000000E+00  1.622989E-01  6.459911E-26  8.307799E-10   7.976450E-03 LZ5Tmedian  1.910053E-02  0.000000E+00  
2.325944E+01  1.049512E+02  -1.049504E+02  1.163308E-08  1.000000E+00  2.825520E-02  2.801566E-41  1.349436E-21   5.000000E-01 NotAppl  8.051365E-16  1.794833E-13  
4.251801E+03  2.803985E-04  3.744892E+01  -1.210162E+00  1.000000E+00  1.336965E-02  3.123045E-25  3.528799E-10   4.373589E-01 NotAppl  3.559556E-02  0.000000E+00  
9.207848E+03  1.620445E-03  9.695147E+02  7.918054E-09  1.000000E+00  2.360499E-05  2.279487E-22  3.142074E-27   5.000000E-01 NotAppl  1.183654E+01  0.000000E+00  
8.937300E+02  3.745218E-01  -3.741670E-01  -8.355972E-04  1.000000E+00  2.975618E-01  2.725488E-26  4.038690E-15   5.000000E-01 NotAppl  1.504189E-02  0.000000E+00  
7.338320E+01  6.118850E-02  3.150459E-02  2.403026E+00  1.000000E+00  6.242967E-04  5.991829E-24  5.574126E-06   0.000000E+00 XENON1T_2018  5.108026E+01  0.000000E+00  
7.369512E+02  5.822348E+01  -5.746149E+01  -1.337882E-01  1.000000E+00  3.813428E-03  1.691858E-24  1.535231E-10   1.287009E-01 NotAppl  1.137985E+00  0.000000E+00  
2.691053E+02  9.667391E-03  9.810429E+00  1.525203E-08  1.000000E+00  2.331703E-02  3.063294E-25  1.566818E-23   5.000000E-01 NotAppl  5.869975E-01  0.000000E+00  
5.232397E+03  2.167400E-01  -2.092193E-01  -2.903333E+00  1.000000E+00  1.527953E-01  7.386192E-26  1.331893E-09   7.904877E-02 LZ5Tmedian  7.084206E-03  0.000000E+00  
4.279060E+01  6.814696E+00  -6.813560E+00  -1.170844E+00  1.000000E+00  9.110106E-05  6.718035E-25  3.975181E-06   0.000000E+00 XENON1T_2018  1.005618E+01  2.770659E-01  
9.651478E+01  1.029239E+02  -1.027790E+02  3.916542E-08  1.000000E+00  2.877948E-03  1.856364E-24  8.450506E-22   5.000000E-01 NotAppl  1.055266E+01  0.000000E+00  
1.975328E+01  7.364325E+00  -4.322567E+00  -1.948733E-02  1.000000E+00  4.051946E-01  7.279743E-29  5.259463E-09   1.296730E-174 LZ5Tmedian  2.502230E-03  2.612374E-01  
6.793794E+02  1.033307E-03  1.543591E+00  1.893025E-07  1.000000E+00  1.714066E-01  4.734459E-26  3.629362E-22   5.000000E-01 NotAppl  3.468221E-02  0.000000E+00  
2.260814E+02  3.114322E+00  -1.767067E+00  -3.909809E-08  1.000000E+00  1.768999E-02  3.935259E-25  1.471164E-22   5.000000E-01 NotAppl  9.048758E-01  0.000000E+00  
2.409745E+03  3.131136E-04  1.076199E+01  1.875096E-02  1.000000E+00  1.289468E-01  3.558913E-26  2.690744E-13   5.000000E-01 NotAppl  7.208364E-03  0.000000E+00  
1.231220E+03  8.078623E-03  1.682107E-01  1.400438E-05  1.000000E+00  5.503656E-01  1.441415E-26  5.899393E-19   5.000000E-01 NotAppl  5.722475E-03  0.000000E+00  
1.638533E+02  1.698300E-03  2.226546E-02  1.706203E-04  1.000000E+00  1.243531E-02  6.634915E-25  5.419187E-15   5.000000E-01 NotAppl  2.165293E+00  0.000000E+00  
5.582919E+02  4.836521E+02  -4.836433E+02  -1.279632E-05  1.000000E+00  1.327413E-04  5.445437E-23  2.477078E-18   5.000000E-01 NotAppl  4.886879E+01  0.000000E+00  
1.438249E+01  6.824380E+01  -6.597584E+01  4.843112E+00  1.000000E+00  3.306504E-03  9.633739E-25  6.120148E-04   0.000000E+00 XENON1T_2018  4.740810E+01  5.021458E-01  
6.104047E+03  5.212589E-04  3.049514E+00  -7.191329E-08  1.000000E+00  1.415043E+00  3.102801E-27  5.974202E-25   5.000000E-01 NotAppl  2.436923E-04  0.000000E+00  
4.453357E+03  1.538712E-02  7.777359E-03  1.015155E-06  1.000000E+00  6.488829E+00  1.111350E-27  2.259938E-22   5.000000E-01 NotAppl  1.186110E-04  0.000000E+00  
2.154061E+01  1.229209E-02  3.365910E+00  -3.651227E-09  1.000000E+00  1.553795E-03  2.652720E-42  1.551499E-22   5.000000E-01 NotAppl  8.288194E-17  1.722993E-14  
2.420370E+01  7.203711E+02  -7.203532E+02  8.805279E-02  1.000000E+00  2.454339E-02  1.643448E-27  7.135316E-08   0.000000E+00 XENON1T_2018  4.527566E-02  4.765434E-01  
5.160892E+03  2.245375E-04  3.441872E+01  8.316439E-08  1.000000E+00  1.468997E-02  3.185992E-25  1.123827E-24   5.000000E-01 NotAppl  2.976397E-02  0.000000E+00  
6.381813E+01  4.390615E-03  -3.835368E-03  -2.989933E-01  1.000000E+00  1.709623E-03  7.240929E-24  1.147706E-07   0.000000E+00 XENON1T_2018  7.085832E+01  0.000000E+00  
2.066252E+01  5.415173E+01  7.712800E+02  -4.087122E-07  1.000000E+00  3.214669E+06  3.261952E-38  2.113667E-18   5.000000E-01 NotAppl  1.066877E-12  2.253025E-10  
5.825639E+01  2.511907E+00  1.036181E+00  -2.911348E-08  1.000000E+00  3.688958E-03  7.189558E-39  1.310713E-21   5.000000E-01 NotAppl  7.786270E-14  3.935844E-13  
1.184220E+01  8.476684E+00  -7.973409E+00  -9.628672E-08  1.000000E+00  2.192332E-01  1.503875E-39  3.551940E-19   5.000000E-01 NotAppl  9.275008E-14  1.053916E-11  
1.058271E+03  3.942325E+01  -3.941680E+01  -7.239861E-08  1.000000E+00  7.346107E-03  8.967188E-25  2.147256E-23   5.000000E-01 NotAppl  4.148495E-01  0.000000E+00  
1.921589E+01  2.023112E+02  -2.022945E+02  7.707122E-10  1.000000E+00  4.956584E-02  1.126648E-43  8.694488E-24   5.000000E-01 NotAppl  3.994822E-18  8.076409E-16  
5.904403E+02  1.193644E-03  1.550923E-02  -2.984696E-10  1.000000E+00  1.363541E-01  6.145253E-26  1.201882E-27   5.000000E-01 NotAppl  5.203807E-02  0.000000E+00  
4.070128E+01  4.098815E+01  6.975697E+01  7.203100E-05  1.000000E+00  2.446340E+04  2.295558E-33  1.665805E-14   5.000000E-01 NotAppl  3.600965E-08  5.626315E-06  
4.009307E+01  1.333219E-01  -1.316143E-01  -2.637060E-10  1.000000E+00  5.098362E-05  2.949696E-44  2.302090E-25   5.000000E-01 NotAppl  4.709958E-19  7.618122E-17  
1.656163E+02  1.344307E+02  -1.184443E+02  7.105801E-05  1.000000E+00  7.858753E-04  4.021191E-24  9.195417E-16   5.000000E-01 NotAppl  1.323659E+01  0.000000E+00  
1.166202E+01  1.863969E+00  -1.837406E+00  -3.096438E-04  1.000000E+00  1.377451E-01  1.546035E-32  3.785778E-12   5.000000E-01 NotAppl  9.707912E-07  1.338955E-04  
6.931823E+02  4.239259E-02  3.147053E-01  -6.177953E-08  1.000000E+00  1.841959E-01  4.489893E-26  3.709861E-23   5.000000E-01 NotAppl  3.220751E-02  0.000000E+00  
5.906204E+02  4.470697E-01  -3.671163E-01  -2.161870E-08  1.000000E+00  1.348699E-01  6.156132E-26  6.301585E-24   5.000000E-01 NotAppl  5.211391E-02  0.000000E+00  
2.383611E+02  6.001542E-04  -4.620319E-04  1.722775E-07  1.000000E+00  2.446107E-02  3.485415E-25  2.562985E-21   5.000000E-01 NotAppl  7.582205E-01  0.000000E+00  
5.041577E+02  4.624186E-01  1.700643E+01  -1.018171E-06  1.000000E+00  3.450357E-02  1.632255E-25  1.931905E-20   5.000000E-01 NotAppl  1.636678E-01  0.000000E+00  
2.316152E+03  1.121045E-03  4.511306E-03  -8.145996E-10  1.000000E+00  1.840120E+00  4.096371E-27  5.504945E-28   5.000000E-01 NotAppl  8.509169E-04  0.000000E+00  
2.460893E+03  7.539573E-01  6.598640E+00  -8.515684E-02  1.000000E+00  2.844249E-01  1.634541E-26  5.317257E-12   5.000000E-01 NotAppl  3.236766E-03  0.000000E+00  
8.047494E+01  1.989785E+01  -1.989490E+01  2.299111E-03  1.000000E+00  9.611853E-03  1.266214E-25  4.226011E-12   5.000000E-01 NotAppl  9.069969E-01  0.000000E+00  
2.585696E+02  6.295764E-02  -6.002801E-02  -1.966030E-07  1.000000E+00  2.842006E-02  2.999421E-25  2.825336E-21   5.000000E-01 NotAppl  5.993409E-01  0.000000E+00  
1.920092E+02  2.584639E-02  5.988806E-02  -1.374547E-03  1.000000E+00  1.643302E-02  5.134453E-25  2.541213E-13   5.000000E-01 NotAppl  1.400002E+00  0.000000E+00  
1.460521E+03  1.280375E-04  2.036220E-03  -1.316984E-02  1.000000E+00  7.619659E-01  1.027709E-26  3.682592E-13   5.000000E-01 NotAppl  3.424519E-03  0.000000E+00  
4.966741E+02  6.465054E-03  2.301429E+02  -2.853755E-02  1.000000E+00  5.718655E-04  8.555126E-24  1.564806E-11   5.000000E-01 NotAppl  8.758209E+00  0.000000E+00  
9.594119E+03  1.938234E+00  -1.912562E+00  -1.221076E-02  1.000000E+00  2.300863E+00  2.416071E-27  6.874282E-15   5.000000E-01 NotAppl  1.179205E-04  0.000000E+00  
3.440858E+01  8.662851E+02  -8.658963E+02  3.670830E-02  1.000000E+00  4.468614E-03  4.120754E-28  6.085616E-09   0.000000E+00 LZ5Tmedian  7.735520E-03  3.748749E-01  
4.005287E+01  1.043010E+02  -1.042985E+02  9.418949E-03  1.000000E+00  5.941490E-04  3.752305E-29  2.942883E-10   2.446676E-17 LZ5Tmedian  5.997354E-04  8.145042E-02  
3.347222E+02  7.368449E+01  -7.368406E+01  -1.148139E-07  1.000000E+00  2.523568E-03  2.572371E-24  5.679469E-22   5.000000E-01 NotAppl  3.945075E+00  0.000000E+00  
1.867877E+03  3.477528E+00  -3.464663E+00  -1.882725E-09  1.000000E+00  4.821444E-01  1.340655E-26  4.557904E-27   5.000000E-01 NotAppl  3.463758E-03  0.000000E+00  
1.516225E+01  3.914008E-01  -3.472818E-01  -3.285612E-07  1.000000E+00  5.338336E-03  1.897063E-38  2.536225E-18   5.000000E-01 NotAppl  8.787164E-13  1.495278E-10  
3.193865E+01  5.518278E+02  -1.643759E+02  -9.531844E-04  1.000000E+00  4.204078E+03  2.487512E-31  4.772488E-12   5.000000E-01 NotAppl  5.058603E-06  1.114661E-03  
1.233250E+03  6.893209E+00  -3.702281E+00  7.194180E-10  1.000000E+00  1.532367E-01  4.489519E-26  1.551610E-27   5.000000E-01 NotAppl  1.777958E-02  0.000000E+00  
2.146926E+02  7.498465E-02  3.792264E+02  -6.099244E-02  1.000000E+00  7.664716E-04  5.892978E-24  3.980125E-10   2.659865E-08 LZ5Tmedian  1.419076E+01  0.000000E+00  
1.136270E+03  1.169163E-03  4.122713E+00  7.142005E-10  1.000000E+00  3.105854E-01  2.147895E-26  1.807320E-27   5.000000E-01 NotAppl  9.294520E-03  0.000000E+00  
6.855093E+03  5.314663E-01  1.205484E+01  -1.369048E-05  1.000000E+00  1.058359E-01  4.333817E-26  1.710391E-20   5.000000E-01 NotAppl  3.033720E-03  0.000000E+00  
3.492384E+03  1.407803E-02  8.978674E+02  -8.983086E-08  1.000000E+00  3.174297E-05  1.665242E-22  2.901515E-24   5.000000E-01 NotAppl  2.312019E+01  0.000000E+00  
9.247261E+01  5.692659E-02  -5.220446E-02  4.926338E-01  1.000000E+00  1.219621E-03  9.347645E-24  1.459517E-07   0.000000E+00 XENON1T_2018  5.573724E+01  0.000000E+00  
4.725571E+03  5.264630E+02  -5.249496E+02  -6.593606E-09  1.000000E+00  5.102338E-05  1.460618E-22  8.450471E-27   5.000000E-01 NotAppl  1.459690E+01  0.000000E+00  
1.075720E+03  7.110232E+02  -7.098613E+02  4.647656E-04  1.000000E+00  4.945766E-05  1.481546E-22  8.558474E-16   5.000000E-01 NotAppl  6.738920E+01  0.000000E+00  
1.605511E+02  1.305388E-02  2.690458E+01  -6.721917E-10  1.000000E+00  7.492902E-03  8.559244E-25  8.769665E-26   5.000000E-01 NotAppl  2.834931E+00  0.000000E+00  
3.686129E+03  1.111139E-04  1.848640E+00  5.118883E-08  1.000000E+00  2.200481E+00  2.543506E-27  8.441403E-25   5.000000E-01 NotAppl  3.308730E-04  0.000000E+00  
1.857455E+01  1.053208E-01  7.284950E-01  -1.077504E-03  1.000000E+00  1.716446E-03  2.175176E-31  1.819013E-11   2.898010E-01 NotAppl  8.009487E-06  1.577202E-03  
3.225534E+03  6.834794E-02  -6.812074E-02  1.407344E-03  1.000000E+00  3.472521E+00  2.119090E-27  8.371865E-16   5.000000E-01 NotAppl  3.139638E-04  0.000000E+00  
7.422277E+03  5.860495E+02  -5.835471E+02  2.334534E-05  1.000000E+00  4.029709E-05  1.872380E-22  4.231759E-20   5.000000E-01 NotAppl  1.183922E+01  0.000000E+00  
2.483631E+03  4.154198E-03  2.271207E-01  -1.191080E-01  1.000000E+00  1.913159E+00  4.045598E-27  1.020930E-11   5.000000E-01 NotAppl  7.886860E-04  0.000000E+00  
2.047704E+01  2.929554E+01  -2.929441E+01  -1.024177E-01  1.000000E+00  4.102701E-02  2.040532E-27  1.351503E-07   0.000000E+00 XENON1T_2018  6.744081E-02  4.550757E-01  
4.826993E+01  1.396342E+01  7.332842E+01  -2.593101E-07  1.000000E+00  8.558227E-01  6.016436E-38  1.525649E-19   5.000000E-01 NotAppl  7.898806E-13  3.528076E-11  
2.022025E+01  3.087450E+02  -2.907120E+02  -1.280679E-10  1.000000E+00  2.498374E+04  3.173726E-45  2.167466E-25   5.000000E-01 NotAppl  1.063599E-19  9.010093E-18  
1.676861E+02  3.075925E-01  -2.272362E-01  1.372187E-04  1.000000E+00  1.272238E-02  6.388620E-25  3.342837E-15   5.000000E-01 NotAppl  2.036128E+00  0.000000E+00  
1.775931E+01  8.156163E-02  5.258050E-01  2.382289E+00  1.000000E+00  1.478546E-03  5.903652E-25  9.727385E-05   0.000000E+00 XENON1T_2018  2.293507E+01  2.501839E-01  
1.338834E+01  3.705717E-01  -3.680141E-01  3.241430E-01  1.000000E+00  5.038931E-03  1.778330E-26  3.159631E-06   0.000000E+00 XENON1T_2018  9.503192E-01  2.494776E-01  
1.406878E+01  2.432845E+00  2.457932E+00  2.596294E-05  1.000000E+00  3.031220E-01  1.158383E-34  1.837475E-14   5.000000E-01 NotAppl  5.847533E-09  8.852276E-07  
3.437557E+02  9.885993E-02  -9.399100E-02  6.894530E-08  1.000000E+00  4.856564E-02  1.753018E-25  1.939332E-22   5.000000E-01 NotAppl  2.602968E-01  0.000000E+00  
4.790972E+02  1.734038E-01  -1.711818E-01  -2.164106E-09  1.000000E+00  9.123865E-02  9.243222E-26  9.686974E-26   5.000000E-01 NotAppl  9.720721E-02  0.000000E+00  
4.048578E+01  1.081976E+01  -8.520400E+00  8.074997E-09  1.000000E+00  4.861404E-04  2.841778E-41  2.116210E-22   5.000000E-01 NotAppl  4.491335E-16  2.433554E-14  
3.892205E+01  8.017766E+00  -6.574756E+00  -2.561947E-06  1.000000E+00  1.125581E-03  2.577667E-36  2.307783E-17   5.000000E-01 NotAppl  4.238161E-11  3.567980E-09  
4.923362E+02  2.859366E+01  2.553690E+02  1.715099E-07  1.000000E+00  2.979268E-04  1.205912E-23  5.754365E-22   5.000000E-01 NotAppl  1.245283E+01  0.000000E+00  
2.707084E+03  5.039311E+01  2.674467E+02  -1.432591E-10  1.000000E+00  1.793049E-04  2.564982E-23  1.239291E-29   5.000000E-01 NotAppl  4.614276E+00  0.000000E+00  
2.017669E+02  8.908375E+02  -8.907124E+02  6.072859E-07  1.000000E+00  3.902482E-04  1.554623E-23  4.481164E-20   5.000000E-01 NotAppl  4.198192E+01  0.000000E+00  
1.328238E+03  4.498544E-03  5.180556E+01  -7.145999E-05  1.000000E+00  6.622452E-03  7.077728E-25  1.315860E-17   5.000000E-01 NotAppl  2.644780E-01  0.000000E+00  
6.659594E+03  5.225095E-04  6.794726E-03  5.052346E-03  1.000000E+00  1.416121E+01  4.974256E-28  2.470446E-15   5.000000E-01 NotAppl  3.530142E-05  0.000000E+00  
2.156603E+02  2.122143E+01  -2.113348E+01  -2.138693E-05  1.000000E+00  9.333950E-03  6.486967E-25  4.848858E-17   5.000000E-01 NotAppl  1.572274E+00  0.000000E+00  
3.147529E+03  1.659626E+00  -1.650844E+00  8.667789E-07  1.000000E+00  1.671475E+00  3.847160E-27  3.337924E-22   5.000000E-01 NotAppl  5.832391E-04  0.000000E+00  
5.493849E+02  9.071823E-01  -9.052820E-01  -3.115611E-10  1.000000E+00  1.159431E-01  7.129343E-26  1.517528E-27   5.000000E-01 NotAppl  6.504923E-02  0.000000E+00  
3.906995E+01  4.041761E+02  -4.041759E+02  4.278626E-04  1.000000E+00  9.942830E-04  7.256657E-32  6.387269E-13   5.000000E-01 NotAppl  1.190571E-06  2.040858E-04  
1.505711E+02  2.706720E-02  9.808583E+01  -4.461910E-08  1.000000E+00  3.128198E-03  1.696690E-24  4.407293E-22   5.000000E-01 NotAppl  5.935669E+00  0.000000E+00  
1.619447E+02  1.123369E-03  2.716399E-02  4.389219E-03  1.000000E+00  1.212761E-02  6.824162E-25  3.673477E-12   5.000000E-01 NotAppl  2.254013E+00  0.000000E+00  
1.624607E+01  6.285402E-04  2.116707E-01  4.315244E-09  1.000000E+00  1.223072E-03  3.340529E-42  3.812892E-22   5.000000E-01 NotAppl  1.430185E-16  2.568330E-14  
8.325552E+03  1.838861E-02  1.946852E+01  -6.841322E-10  1.000000E+00  4.455647E-02  1.026314E-25  2.878023E-29   5.000000E-01 NotAppl  5.900875E-03  0.000000E+00  
2.350853E+01  6.570944E+01  -6.251716E+01  4.334705E-07  1.000000E+00  1.937781E-01  3.913583E-38  1.833834E-18   5.000000E-01 NotAppl  1.112611E-12  2.395363E-10  
1.171436E+03  3.357223E-01  -3.260369E-01  -3.425394E-09  1.000000E+00  4.973169E-01  1.596901E-26  3.906659E-26   5.000000E-01 NotAppl  6.672032E-03  0.000000E+00  
5.135906E+03  7.043400E-04  2.725431E-01  -3.396704E-07  1.000000E+00  8.187996E+00  8.558185E-28  1.893323E-23   5.000000E-01 NotAppl  7.905921E-05  0.000000E+00  
1.643378E+03  1.375165E-03  2.281248E-01  7.987210E-02  1.000000E+00  8.977507E-01  8.807148E-27  1.064952E-11   5.000000E-01 NotAppl  2.610728E-03  0.000000E+00  
3.830603E+01  1.298353E-03  4.196519E+02  -8.981116E-04  1.000000E+00  6.411839E-05  3.048633E-31  2.929526E-12   5.000000E-01 NotAppl  5.097844E-06  9.079563E-04  
1.980790E+01  3.178353E+00  6.482916E+02  3.699269E-01  1.000000E+00  6.806787E-02  2.627013E-26  1.884786E-06   0.000000E+00 XENON1T_2018  8.999092E-01  3.315863E-01  
1.426969E+01  7.056007E+02  -6.936403E+02  -1.114358E-07  1.000000E+00  8.125954E+03  2.143124E-39  3.291156E-19   5.000000E-01 NotAppl  1.064305E-13  1.275942E-11  
1.570302E+01  4.913728E-02  3.302989E+01  -1.618758E-09  1.000000E+00  1.026426E-03  4.652997E-43  5.741562E-23   5.000000E-01 NotAppl  2.070646E-17  6.328027E-16  
6.249665E+03  5.863891E-03  -1.509653E-03  1.347209E-10  1.000000E+00  1.252101E+01  5.645575E-28  1.998590E-30   5.000000E-01 NotAppl  4.273092E-05  0.000000E+00  
4.926091E+02  1.349821E-03  3.214232E-04  -4.760819E-08  1.000000E+00  9.652879E-02  8.753019E-26  4.428839E-23   5.000000E-01 NotAppl  8.943262E-02  0.000000E+00  
1.048091E+01  4.687179E-03  6.864857E-02  5.235638E-01  1.000000E+00  6.536646E-04  4.208669E-26  1.334443E-05   0.000000E+00 XENON1T_2018  2.995300E+00  2.498375E-01  
1.505608E+01  2.307338E-04  7.259065E-01  -4.995533E-01  1.000000E+00  8.679150E-04  4.369300E-26  5.945491E-06   0.000000E+00 XENON1T_2018  2.039857E+00  2.502011E-01  
2.175855E+02  3.880216E-04  1.563275E+02  2.162171E-02  1.000000E+00  1.564454E-03  3.121894E-24  4.866471E-11   1.216775E-01 NotAppl  7.418221E+00  0.000000E+00  
3.228311E+01  4.530807E-03  -3.135506E-03  1.844635E-04  1.000000E+00  1.818581E-03  9.452456E-33  1.748909E-13   5.000000E-01 NotAppl  1.900268E-07  4.161199E-05  
6.755034E+01  1.701483E+02  -9.639619E+01  -2.232817E-07  1.000000E+00  8.752942E+00  2.602723E-37  5.699312E-20   5.000000E-01 NotAppl  2.407971E-12  0.000000E+00  
3.556756E+03  3.341042E-04  2.092342E-01  1.881294E-09  1.000000E+00  4.148585E+00  1.752562E-27  1.226161E-27   5.000000E-01 NotAppl  2.350745E-04  0.000000E+00  
1.493652E+03  1.671463E-04  3.180328E-02  -3.438131E+00  1.000000E+00  9.178783E-03  1.366595E-24  2.397577E-08   7.307025E-70 LZ5Tmedian  4.755194E-01  0.000000E+00  
6.290290E+01  2.255411E-03  -2.074820E-03  2.615971E-08  1.000000E+00  4.718951E-03  5.998429E-37  9.048542E-22   5.000000E-01 NotAppl  6.004194E-12  0.000000E+00  
6.753096E+03  7.010033E-03  7.802771E-03  4.502392E-06  1.000000E+00  1.455164E+01  4.836412E-28  1.907097E-21   5.000000E-01 NotAppl  3.384121E-05  0.000000E+00  
1.850901E+01  9.634275E+02  -9.584066E+02  -1.685224E+00  1.000000E+00  5.849470E-03  5.073337E-25  4.481130E-05   0.000000E+00 XENON1T_2018  1.874683E+01  5.097037E-01  
5.909970E+01  5.062434E-01  8.301720E+01  2.670152E-10  1.000000E+00  4.434868E-03  9.295951E-43  1.070673E-25   5.000000E-01 NotAppl  9.874663E-18  3.301595E-17  
2.998742E+01  4.174451E+02  -4.174444E+02  -2.439621E+00  1.000000E+00  3.454924E-03  1.201323E-24  3.552262E-05   0.000000E+00 XENON1T_2018  2.612888E+01  4.999683E-01  
5.028988E+01  3.216859E-02  -3.206408E-02  1.849033E-05  1.000000E+00  1.713665E-03  4.006179E-34  7.135568E-16   5.000000E-01 NotAppl  5.038321E-09  2.899724E-07  
9.175297E+03  1.011816E+02  -9.488328E+01  -1.694203E-03  1.000000E+00  1.181054E-03  5.991963E-24  1.448883E-16   5.000000E-01 NotAppl  3.057831E-01  0.000000E+00  
5.428949E+03  5.910849E+02  -2.148968E+02  -3.236326E-02  1.000000E+00  1.803052E-05  2.201683E-22  1.535410E-13   5.000000E-01 NotAppl  1.918202E+01  0.000000E+00  
1.326967E+02  1.498079E-02  3.560379E+01  -1.067217E-04  1.000000E+00  5.448272E-03  1.158888E-24  3.266952E-15   5.000000E-01 NotAppl  4.668878E+00  0.000000E+00  
1.765445E+03  1.321752E-02  -1.277242E-02  -1.833236E-06  1.000000E+00  1.094814E+00  7.036029E-27  4.847847E-21   5.000000E-01 NotAppl  1.929947E-03  0.000000E+00  
2.497529E+01  1.893764E+01  -1.891195E+01  -1.394237E-06  1.000000E+00  2.213107E-02  4.205428E-37  1.679221E-17   5.000000E-01 NotAppl  1.120103E-11  5.067007E-10  
8.819082E+01  2.329506E-01  1.632252E+01  5.993253E-10  1.000000E+00  4.711002E-03  7.482812E-25  2.380587E-25   5.000000E-01 NotAppl  4.735331E+00  0.000000E+00  
5.170646E+01  1.373927E-02  3.265001E+02  -3.363160E-07  1.000000E+00  2.411968E-03  1.654067E-37  2.230724E-19   5.000000E-01 NotAppl  2.020230E-12  9.076231E-11  
6.586884E+02  7.001052E+01  -6.999852E+01  4.040962E-10  1.000000E+00  2.585930E-03  2.594817E-24  1.761719E-27   5.000000E-01 NotAppl  1.960524E+00  0.000000E+00  
1.893495E+01  2.747885E+02  -2.747512E+02  2.146922E+00  1.000000E+00  6.776806E-03  7.691674E-25  6.948832E-05   0.000000E+00 XENON1T_2018  2.771002E+01  4.999987E-01  
6.205229E+03  2.762412E+00  -2.754810E+00  2.846279E-08  1.000000E+00  1.122080E+00  5.077994E-27  9.051206E-26   5.000000E-01 NotAppl  3.852081E-04  0.000000E+00  
1.003515E+03  1.237130E-03  7.639797E+02  -2.063363E-06  1.000000E+00  7.342957E-05  7.085061E-23  1.943880E-20   5.000000E-01 NotAppl  3.531509E+01  0.000000E+00  
1.294100E+02  1.932413E-02  1.549177E+02  7.855159E-04  1.000000E+00  2.615443E-03  1.959823E-24  1.863274E-13   5.000000E-01 NotAppl  8.010755E+00  0.000000E+00  
7.429864E+03  3.009339E-02  4.458798E+02  9.314608E-08  1.000000E+00  1.028187E-04  5.052771E-23  6.722772E-25   5.000000E-01 NotAppl  3.260393E+00  0.000000E+00  
6.895730E+01  2.860511E-01  -2.854376E-01  -2.636222E-10  1.000000E+00  6.538592E-03  2.178061E-43  7.617274E-26   5.000000E-01 NotAppl  1.972018E-18  0.000000E+00  
3.218733E+01  4.816451E+00  5.133078E+02  -8.557731E-05  1.000000E+00  8.745385E-03  2.026222E-33  3.786863E-14   5.000000E-01 NotAppl  4.086510E-08  6.935454E-06  
5.952020E+03  1.876601E-01  -1.855580E-01  -1.799384E-05  1.000000E+00  1.089473E+01  6.431593E-28  3.937043E-20   5.000000E-01 NotAppl  5.113730E-05  0.000000E+00  
1.798991E+02  1.060162E+02  -1.026225E+02  -2.146696E-01  1.000000E+00  1.906806E-03  2.353803E-24  7.083532E-09   3.038881E-159 LZ5Tmedian  7.058745E+00  0.000000E+00  
1.417522E+01  2.547273E+01  -2.547026E+01  -3.207754E-01  1.000000E+00  7.978403E-02  1.772274E-26  2.763274E-06   0.000000E+00 XENON1T_2018  8.866786E-01  3.159198E-01  
3.386884E+03  1.748557E+02  -1.748507E+02  -2.179590E-02  1.000000E+00  4.175583E-04  1.711320E-23  1.818155E-13   5.000000E-01 NotAppl  2.400290E+00  0.000000E+00  
3.633329E+02  3.227021E-04  7.842751E-03  8.831716E-04  1.000000E+00  5.404685E-02  1.576935E-25  2.841152E-14   5.000000E-01 NotAppl  2.210838E-01  0.000000E+00  
8.658922E+01  4.103022E+01  -4.101334E+01  -4.192063E-07  1.000000E+00  5.481992E-03  8.631997E-25  1.209278E-19   5.000000E-01 NotAppl  5.563571E+00  0.000000E+00  
4.149522E+03  2.377204E-03  4.399356E+01  -1.494366E-06  1.000000E+00  9.102798E-03  5.184013E-25  5.654081E-22   5.000000E-01 NotAppl  6.041137E-02  0.000000E+00  
7.800932E+01  2.289325E-01  -2.232232E-01  2.705193E-01  1.000000E+00  6.326120E-03  3.545763E-26  6.234756E-08   0.000000E+00 XENON1T_2018  2.849379E-01  0.000000E+00  
2.341315E+01  9.245329E+02  -9.207548E+02  8.902299E-01  1.000000E+00  1.647609E-02  1.640227E-25  7.798362E-06   0.000000E+00 XENON1T_2018  4.680274E+00  5.034371E-01  
4.238696E+02  1.433919E-03  5.653475E+01  -1.793276E+00  1.000000E+00  1.582621E-03  5.502219E-24  8.545509E-08   0.000000E+00 XENON1T_2018  7.433993E+00  0.000000E+00  
6.358724E+02  1.366678E-02  -1.350179E-02  -1.078547E+00  1.000000E+00  1.450984E-02  8.356794E-25  1.348761E-08   3.674105E-91 LZ5Tmedian  7.051186E-01  0.000000E+00  
1.098666E+03  2.028893E-03  1.503893E+01  -8.033035E-06  1.000000E+00  6.282371E-02  7.821227E-26  2.448952E-19   5.000000E-01 NotAppl  3.537807E-02  0.000000E+00  
1.716185E+01  1.253108E+02  -1.214633E+02  9.539665E-01  1.000000E+00  1.712632E-02  1.652271E-25  1.670240E-05   0.000000E+00 XENON1T_2018  6.645996E+00  5.023691E-01  
1.366458E+01  1.872422E-03  7.557422E-02  2.250525E-09  1.000000E+00  1.030480E-03  8.626398E-43  1.462755E-22   5.000000E-01 NotAppl  4.503693E-17  7.059815E-15  
7.637305E+01  8.610974E-02  -8.540069E-02  8.522153E-03  1.000000E+00  7.408896E-03  4.487987E-29  6.461449E-11   1.321593E-03 LZ5Tmedian  3.657602E-04  0.000000E+00  
1.427005E+01  2.718538E-01  2.211568E+02  8.887395E-08  1.000000E+00  1.739218E-03  1.363190E-39  2.093274E-19   5.000000E-01 NotAppl  6.769678E-14  1.098249E-11  
3.931126E+03  2.091778E-01  9.521548E-01  -5.369134E-07  1.000000E+00  3.562705E+00  1.815471E-27  8.147403E-23   5.000000E-01 NotAppl  2.206405E-04  0.000000E+00  
3.592036E+02  1.079777E+00  -5.205115E-01  -1.407123E-04  1.000000E+00  4.996214E-02  1.622350E-25  7.382936E-16   5.000000E-01 NotAppl  2.301268E-01  0.000000E+00  
9.581961E+03  2.257978E-02  1.094431E-01  2.293889E-08  1.000000E+00  2.781859E+01  2.452764E-28  2.432233E-26   5.000000E-01 NotAppl  1.204996E-05  0.000000E+00  
1.366754E+02  7.215944E+00  -7.150352E+00  3.925776E+00  1.000000E+00  1.176127E-06  7.430703E-21  4.160886E-06   0.000000E+00 XENON1T_2018  3.410934E+04  0.000000E+00  
3.858370E+02  3.973200E-04  7.310905E-02  -2.299461E-10  1.000000E+00  6.054351E-02  1.404725E-25  1.703103E-27   5.000000E-01 NotAppl  1.850255E-01  0.000000E+00  
2.832419E+01  8.177382E+00  -7.708638E+00  -1.420089E-04  1.000000E+00  1.443576E-02  4.825296E-33  1.350982E-13   5.000000E-01 NotAppl  1.117054E-07  1.469990E-05  
2.512448E+03  2.845386E+02  -2.845383E+02  -5.635401E-02  1.000000E+00  1.717340E-04  4.243308E-23  2.232345E-12   5.000000E-01 NotAppl  8.074633E+00  0.000000E+00  
1.563366E+02  1.969298E+02  -1.968724E+02  -4.812375E-09  1.000000E+00  1.184341E-03  5.008687E-24  4.746754E-24   5.000000E-01 NotAppl  1.751656E+01  0.000000E+00  
8.060013E+03  3.093761E+02  -3.090914E+02  1.456133E-04  1.000000E+00  1.371492E-04  5.439447E-23  1.392539E-18   5.000000E-01 NotAppl  3.164287E+00  0.000000E+00  
1.387965E+03  3.564866E+01  -3.564089E+01  -1.789652E-04  1.000000E+00  8.871040E-03  7.394435E-25  7.544995E-17   5.000000E-01 NotAppl  2.587135E-01  0.000000E+00  
6.037230E+01  3.291125E+00  1.608135E+00  1.456387E-07  1.000000E+00  1.198372E-02  6.924878E-37  3.049719E-20   5.000000E-01 NotAppl  7.195450E-12  7.838990E-12  
1.292576E+03  5.537502E+01  9.045712E+02  -2.454709E-01  1.000000E+00  3.415145E-05  1.148977E-22  1.641322E-10   2.842520E-01 NotAppl  4.415613E+01  0.000000E+00  
5.218021E+02  1.577224E-04  3.960239E+01  -2.376817E-06  1.000000E+00  1.044060E-02  4.657709E-25  9.812610E-20   5.000000E-01 NotAppl  4.525821E-01  0.000000E+00  
7.125096E+02  1.378598E-04  1.422986E-02  1.582986E+00  1.000000E+00  1.043585E-02  1.195303E-24  2.302606E-08   8.791501E-139 LZ5Tmedian  8.747171E-01  0.000000E+00  
2.490748E+02  7.301596E+02  -5.843841E+02  -1.686099E-06  1.000000E+00  1.263272E-04  2.640733E-23  2.243564E-19   5.000000E-01 NotAppl  5.525576E+01  0.000000E+00  
2.342856E+02  5.145416E+00  -5.143339E+00  2.804395E-02  1.000000E+00  1.826238E-02  4.000880E-25  7.035763E-11   5.826747E-02 LZ5Tmedian  8.874290E-01  0.000000E+00  
2.079458E+03  8.104195E+02  -8.103088E+02  1.062063E-03  1.000000E+00  2.971145E-05  2.572599E-22  1.165562E-15   5.000000E-01 NotAppl  5.942065E+01  0.000000E+00  
1.555146E+03  1.060258E-03  2.178688E-01  -1.021356E-06  1.000000E+00  8.567085E-01  9.069432E-27  1.948745E-21   5.000000E-01 NotAppl  2.833178E-03  0.000000E+00  
1.160172E+02  1.270262E-02  5.351476E-02  -7.401593E-01  1.000000E+00  1.964608E-03  4.224071E-24  2.069584E-07   0.000000E+00 XENON1T_2018  1.990754E+01  0.000000E+00  
2.729108E+03  2.539727E+01  3.696300E+02  -2.432704E-02  1.000000E+00  1.309239E-04  3.664103E-23  3.515144E-13   5.000000E-01 NotAppl  6.543609E+00  0.000000E+00  
4.864830E+03  1.257590E+00  2.113852E+01  -6.706107E-05  1.000000E+00  3.484725E-02  1.366839E-25  8.240034E-19   5.000000E-01 NotAppl  1.355378E-02  0.000000E+00  
3.007133E+01  4.261693E-03  -9.236103E-04  1.842524E+00  1.000000E+00  2.304489E-03  6.521286E-25  2.014788E-05   0.000000E+00 XENON1T_2018  1.403483E+01  2.499906E-01  
1.051256E+01  6.947040E-04  4.217418E+02  -1.053722E-04  1.000000E+00  4.344427E-04  1.710007E-33  5.373436E-13   5.000000E-01 NotAppl  1.212878E-07  1.563381E-05  
6.448287E+02  1.619146E-03  9.243065E+00  4.342426E-01  1.000000E+00  3.761104E-02  2.372853E-25  2.124743E-09   8.867559E-15 LZ5Tmedian  1.896214E-01  0.000000E+00  
1.788200E+01  1.112310E-01  -1.086632E-01  -2.037429E-04  1.000000E+00  2.782160E-03  7.676376E-33  7.017654E-13   5.000000E-01 NotAppl  2.949343E-07  5.681072E-05  
2.352142E+01  1.241627E-02  2.167330E-02  -3.066046E-06  1.000000E+00  2.758673E-03  1.958724E-36  9.164704E-17   5.000000E-01 NotAppl  5.560994E-11  1.244104E-08  
2.734485E+01  5.410036E+02  -5.410035E+02  7.887216E-03  1.000000E+00  1.564949E-02  1.441968E-29  4.474777E-10   1.087431E-22 LZ5Tmedian  3.473393E-04  6.891206E-02  
4.453822E+02  3.056598E-04  6.255919E+02  -2.888603E-06  1.000000E+00  1.953581E-04  2.541789E-23  2.003697E-19   5.000000E-01 NotAppl  2.909584E+01  0.000000E+00  
6.181966E+03  2.637506E+01  -2.579924E+01  -2.077882E-08  1.000000E+00  1.588882E-02  4.098001E-25  4.860805E-26   5.000000E-01 NotAppl  3.118599E-02  0.000000E+00  
1.996776E+01  2.289354E-01  -1.757696E-01  -9.875558E-05  1.000000E+00  4.030070E-03  1.877599E-33  1.321749E-13   5.000000E-01 NotAppl  6.380472E-08  1.319922E-05  
7.422604E+01  1.801486E+02  7.494152E+02  -1.186117E-06  1.000000E+00  3.274679E-01  1.248730E-36  1.326734E-18   5.000000E-01 NotAppl  1.055812E-11  0.000000E+00  
5.694784E+02  2.030511E+00  3.718125E+00  1.959219E-03  1.000000E+00  9.157553E-02  7.775039E-26  5.575970E-14   5.000000E-01 NotAppl  6.825481E-02  0.000000E+00  
1.985427E+01  4.447454E-04  3.192423E+00  -1.064124E-10  1.000000E+00  1.311787E-03  2.175076E-45  1.552308E-25   5.000000E-01 NotAppl  7.438071E-20  1.490549E-17  
1.395299E+02  3.775742E+00  -3.775424E+00  3.199602E-06  1.000000E+00  7.901289E-03  8.792791E-25  2.649257E-18   5.000000E-01 NotAppl  3.389979E+00  0.000000E+00  
2.926231E+02  9.545754E-03  -7.208337E-03  5.104971E-09  1.000000E+00  3.589037E-02  2.379172E-25  1.478531E-24   5.000000E-01 NotAppl  4.178101E-01  0.000000E+00  
1.723709E+02  7.628562E-04  2.999777E+00  -1.022841E+00  1.000000E+00  3.923438E-04  2.992189E-23  1.755400E-07   0.000000E+00 XENON1T_2018  1.065719E+02  0.000000E+00  
3.978137E+01  4.385439E-04  6.378682E+01  1.739232E-04  1.000000E+00  3.824920E-05  1.256340E-32  1.017394E-13   5.000000E-01 NotAppl  2.022601E-07  3.332307E-05  
4.267090E+01  2.908343E+01  -2.908098E+01  6.071815E-03  1.000000E+00  1.004393E-04  1.893149E-29  1.075156E-10   8.793350E-07 LZ5Tmedian  2.831716E-04  3.573849E-02  
4.371435E+03  8.411329E+02  -7.861165E+02  -1.001955E-09  1.000000E+00  1.698331E-05  3.432243E-22  2.286268E-28   5.000000E-01 NotAppl  3.712745E+01  0.000000E+00  
2.936160E+03  2.170337E+02  -1.999797E+02  -5.712576E-08  1.000000E+00  2.437362E-04  2.586748E-23  1.670221E-24   5.000000E-01 NotAppl  4.198201E+00  0.000000E+00  
3.202165E+01  4.813244E-02  5.593291E-01  2.385496E-06  1.000000E+00  1.749765E-03  1.563518E-36  2.973470E-17   5.000000E-01 NotAppl  3.170900E-11  6.965296E-09  
1.260175E+03  2.711362E+01  -2.655572E+01  -1.516348E-04  1.000000E+00  1.471423E-02  4.364315E-25  6.596033E-17   5.000000E-01 NotAppl  1.686286E-01  0.000000E+00  
2.584787E+02  5.990421E-01  4.252900E+00  7.306791E-03  1.000000E+00  2.383741E-02  3.120585E-25  3.905314E-12   5.000000E-01 NotAppl  6.237757E-01  0.000000E+00  
5.728633E+01  3.721340E-01  3.396791E-02  -1.907488E-06  1.000000E+00  3.899745E-03  2.076662E-35  5.822638E-18   5.000000E-01 NotAppl  2.288413E-10  2.07