MD1           DMP           DM3           l345          ld           Omegah2       sigV          protonSI      PvalDD        expName      CMB_ID        brH_DMDM      
3.216698E+03  9.296461E+00  -9.061760E+00  -5.723587E-03  1.000000E+00  1.150867E-01  5.272126E-26  1.392476E-14   5.000000E-01 NotAppl  7.796170E-03  0.000000E+00  
9.502710E+01  3.599153E+02  -3.396812E+02  5.789906E-10  1.000000E+00  1.352212E-03  2.080793E-24  1.906549E-25   5.000000E-01 NotAppl  1.202970E+01  0.000000E+00  
3.901096E+01  7.944135E-02  5.643280E-01  -2.601677E-06  1.000000E+00  3.564829E-05  2.673304E-36  2.368901E-17   5.000000E-01 NotAppl  4.384813E-11  7.528605E-09  
5.008367E+01  9.650825E+02  -9.324824E+02  -1.358847E-03  1.000000E+00  2.166765E+01  2.099713E-30  3.886122E-12   5.000000E-01 NotAppl  2.652634E-05  1.575804E-03  
8.640538E+01  2.149755E-04  2.921331E+01  -4.701085E-02  1.000000E+00  5.338849E-03  4.323793E-25  1.527420E-09   2.421259E-63 LZ5Tmedian  2.793953E+00  0.000000E+00  
2.097940E+01  7.592214E-04  1.388086E+02  -8.711758E-02  1.000000E+00  1.435383E-03  1.491912E-27  9.313933E-08   0.000000E+00 XENON1T_2018  4.798606E-02  3.228091E-01  
4.687980E+02  1.744618E+02  -1.738048E+02  -3.252143E+00  1.000000E+00  4.371805E-04  1.493699E-23  2.287044E-07   0.000000E+00 XENON1T_2018  1.887040E+01  0.000000E+00  
6.476623E+01  3.557348E-02  2.715975E+02  -1.046466E-08  1.000000E+00  4.576358E-03  2.953189E-39  1.364221E-22   5.000000E-01 NotAppl  2.869091E-14  0.000000E+00  
9.359979E+03  3.790242E-03  1.661498E+00  5.319399E-05  1.000000E+00  4.391986E+00  1.000699E-27  1.371684E-19   5.000000E-01 NotAppl  5.091135E-05  0.000000E+00  
1.114937E+01  2.367715E+01  -2.313911E+01  -2.374599E-01  1.000000E+00  1.628843E-01  8.924796E-27  2.431946E-06   0.000000E+00 XENON1T_2018  5.908147E-01  3.116438E-01  
3.972539E+01  6.437702E-04  2.927806E+02  -2.197483E-07  1.000000E+00  3.724126E-05  1.998110E-38  1.628803E-19   5.000000E-01 NotAppl  3.215123E-13  5.325257E-11  
1.596126E+03  4.113960E-04  1.162388E-01  3.440177E-09  1.000000E+00  9.023612E-01  8.603246E-27  2.096680E-26   5.000000E-01 NotAppl  2.616745E-03  0.000000E+00  
6.625100E+01  1.520112E-03  -1.343493E-03  -1.653068E-08  1.000000E+00  5.341000E-03  2.633961E-39  3.250271E-22   5.000000E-01 NotAppl  2.500465E-14  0.000000E+00  
1.131082E+01  4.234581E-04  1.005313E+00  -1.830384E-09  1.000000E+00  5.015307E-04  5.335518E-43  1.404769E-22   5.000000E-01 NotAppl  3.472698E-17  4.702395E-15  
1.912859E+03  3.102964E+02  -3.102710E+02  -8.752494E-06  1.000000E+00  1.525785E-04  4.800105E-23  9.384145E-20   5.000000E-01 NotAppl  1.207986E+01  0.000000E+00  
4.326393E+03  4.525506E-02  -4.120174E-02  -9.017015E-09  1.000000E+00  6.128848E+00  1.178362E-27  1.891054E-26   5.000000E-01 NotAppl  1.295121E-04  0.000000E+00  
2.079625E+01  1.903719E+00  -1.891477E+00  -2.149221E-04  1.000000E+00  2.999827E-02  9.045697E-33  5.769457E-13   5.000000E-01 NotAppl  2.937468E-07  6.110720E-05  
6.790141E+02  2.233565E+01  -1.661728E+01  -1.053589E-06  1.000000E+00  1.695793E-02  3.360414E-25  1.125479E-20   5.000000E-01 NotAppl  2.461496E-01  0.000000E+00  
2.949101E+03  1.808776E-02  6.332152E-01  3.271468E-09  1.000000E+00  2.701024E+00  2.644912E-27  5.428845E-27   5.000000E-01 NotAppl  4.297059E-04  0.000000E+00  
1.805049E+03  1.362905E+02  -1.362863E+02  -5.031856E-02  1.000000E+00  6.973960E-04  1.007682E-23  3.490851E-12   5.000000E-01 NotAppl  2.691536E+00  0.000000E+00  
1.115285E+02  3.904381E-04  1.531204E+01  -6.231876E-06  1.000000E+00  5.212320E-03  1.227771E-24  1.590742E-17   5.000000E-01 NotAppl  5.946182E+00  0.000000E+00  
4.054521E+01  9.990102E-01  6.103583E+01  3.293198E+00  1.000000E+00  1.847460E-04  1.409004E-24  3.509248E-05   0.000000E+00 XENON1T_2018  2.140605E+01  3.370584E-01  
1.073394E+01  5.865459E-01  8.620587E-01  -1.197440E-04  1.000000E+00  4.635807E-03  2.230776E-33  6.661904E-13   5.000000E-01 NotAppl  1.544184E-07  2.014244E-05  
3.621104E+01  2.716581E+02  -2.716370E+02  -2.267361E+00  1.000000E+00  1.719095E-03  1.410462E-24  2.093153E-05   0.000000E+00 XENON1T_2018  2.507824E+01  5.000436E-01  
1.332710E+03  6.665676E+00  -6.654895E+00  7.231023E-05  1.000000E+00  1.666748E-01  3.832726E-26  1.338153E-17   5.000000E-01 NotAppl  1.399742E-02  0.000000E+00  
1.976434E+02  1.088029E-04  9.277837E-02  3.325796E-07  1.000000E+00  1.730965E-02  4.888058E-25  1.402081E-20   5.000000E-01 NotAppl  1.293054E+00  0.000000E+00  
5.151726E+01  1.217545E-04  7.854983E-02  3.478481E-03  1.000000E+00  2.094973E-03  1.714678E-29  2.404225E-11   4.979739E-02 LZ5Tmedian  2.109409E-04  9.403081E-03  
3.850170E+03  1.839895E-03  6.743602E-03  -3.619653E-04  1.000000E+00  4.897942E+00  1.485868E-27  3.863034E-17   5.000000E-01 NotAppl  1.838581E-04  0.000000E+00  
5.996005E+01  7.892123E+00  -7.890976E+00  -1.221418E-10  1.000000E+00  6.641478E-03  3.439434E-43  2.175240E-26   5.000000E-01 NotAppl  3.615911E-18  6.014300E-18  
1.440090E+03  1.905125E-04  3.096386E+02  -4.920177E-01  1.000000E+00  2.480708E-04  1.995156E-23  5.289695E-10   2.620380E-02 LZ5Tmedian  6.864711E+00  0.000000E+00  
4.847208E+03  2.088179E+01  -1.941961E+01  -1.378781E-10  1.000000E+00  2.511541E-02  2.579214E-25  3.508997E-30   5.000000E-01 NotAppl  2.512114E-02  0.000000E+00  
2.678709E+01  2.101597E+00  -2.101462E+00  1.004684E-07  1.000000E+00  1.219007E-02  2.299989E-39  7.569607E-20   5.000000E-01 NotAppl  5.667984E-14  1.252178E-11  
1.102453E+02  4.242990E+01  -4.241869E+01  -2.325422E-02  1.000000E+00  3.927340E-03  1.457605E-24  2.268134E-10   1.850603E-08 LZ5Tmedian  7.207152E+00  0.000000E+00  
9.840562E+03  2.294974E+00  5.456441E+02  2.195032E-07  1.000000E+00  6.886225E-05  7.664067E-23  2.109893E-24   5.000000E-01 NotAppl  3.720830E+00  0.000000E+00  
5.334377E+02  5.399936E-01  -5.398724E-01  1.378820E-06  1.000000E+00  1.109193E-01  7.515556E-26  3.156625E-20   5.000000E-01 NotAppl  7.069806E-02  0.000000E+00  
1.148410E+01  1.335168E-01  -3.618085E-02  2.140489E-05  1.000000E+00  1.450034E-03  7.342562E-35  1.864570E-14   5.000000E-01 NotAppl  4.693604E-09  6.432896E-07  
9.961573E+01  7.892762E+01  -7.892120E+01  1.993665E-10  1.000000E+00  2.990762E-03  1.873321E-24  2.052250E-26   5.000000E-01 NotAppl  1.030403E+01  0.000000E+00  
6.511713E+01  3.111198E-04  3.300361E+00  6.543639E-04  1.000000E+00  4.593107E-03  8.615058E-30  5.275729E-13   5.000000E-01 NotAppl  8.323672E-05  0.000000E+00  
6.002269E+03  2.875435E+00  -2.753242E+00  -1.816571E-06  1.000000E+00  1.056345E+00  5.497318E-27  3.944632E-22   5.000000E-01 NotAppl  4.313220E-04  0.000000E+00  
4.666538E+01  3.281466E-03  -3.141032E-03  -1.769136E-05  1.000000E+00  4.262219E-04  2.331269E-34  7.607530E-16   5.000000E-01 NotAppl  3.177800E-09  2.974084E-07  
1.000335E+02  2.135906E+01  -2.135891E+01  1.680710E-05  1.000000E+00  4.002968E-03  1.420687E-24  1.446060E-16   5.000000E-01 NotAppl  7.748414E+00  0.000000E+00  
1.705269E+02  3.608216E-02  3.502410E+02  -2.211894E-07  1.000000E+00  1.147080E-03  4.006963E-24  8.391951E-21   5.000000E-01 NotAppl  1.223485E+01  0.000000E+00  
1.992636E+02  1.555567E-03  -3.376905E-04  1.119420E-09  1.000000E+00  1.761287E-02  4.816885E-25  1.562074E-25   5.000000E-01 NotAppl  1.263386E+00  0.000000E+00  
3.542267E+01  5.469858E+02  -5.469843E+02  -4.976386E-08  1.000000E+00  3.437067E-03  7.964471E-40  1.054385E-20   5.000000E-01 NotAppl  1.447365E-14  2.915311E-12  
2.609484E+03  1.918646E+01  1.480033E+02  2.610634E+00  1.000000E+00  5.850050E-04  9.142170E-24  4.434977E-09   4.540956E-08 LZ5Tmedian  1.709287E+00  0.000000E+00  
7.267545E+01  1.934923E-01  -1.913473E-01  1.023152E-03  1.000000E+00  7.056314E-03  1.258632E-30  1.030712E-12   5.000000E-01 NotAppl  1.079536E-05  0.000000E+00  
1.101753E+03  3.097776E+00  -3.015368E+00  -3.618533E+00  1.000000E+00  4.424644E-03  2.749205E-24  4.940827E-08   2.239776E-193 LZ5Tmedian  1.324656E+00  0.000000E+00  
5.187190E+03  6.380880E-04  2.856365E-02  -1.550674E+00  1.000000E+00  4.762690E-01  2.252786E-26  3.867035E-10   4.755880E-01 NotAppl  2.173037E-03  0.000000E+00  
9.873665E+02  8.151775E-03  -7.428628E-03  2.078692E+00  1.000000E+00  1.173719E-02  1.062521E-24  2.039299E-08   2.378245E-89 LZ5Tmedian  5.569795E-01  0.000000E+00  
4.595982E+01  1.049645E-04  3.080221E+02  -7.896198E-02  1.000000E+00  4.327002E-04  4.314077E-27  1.563260E-08   0.000000E+00 XENON1T_2018  5.958346E-02  3.158894E-01  
3.443799E+01  2.309020E-03  1.269131E+00  -5.265758E-06  1.000000E+00  8.431063E-04  8.492273E-36  1.250100E-16   5.000000E-01 NotAppl  1.592829E-10  3.269975E-08  
4.784627E+02  3.063392E-02  2.375260E+02  1.251297E-03  1.000000E+00  5.541106E-04  8.867082E-24  3.247349E-14   5.000000E-01 NotAppl  9.432087E+00  0.000000E+00  
4.989588E+02  1.037352E-01  -9.010100E-02  -2.797962E-09  1.000000E+00  9.876599E-02  8.539158E-26  1.490165E-25   5.000000E-01 NotAppl  8.609270E-02  0.000000E+00  
7.506935E+01  1.632895E+02  -1.632839E+02  -6.068201E-03  1.000000E+00  1.946530E-02  2.815134E-29  3.393334E-11   2.961045E-02 LZ5Tmedian  2.353110E-04  0.000000E+00  
4.055784E+01  1.451904E-02  -1.441824E-02  -2.385643E-09  1.000000E+00  9.040414E-05  2.493010E-42  1.840409E-23   5.000000E-01 NotAppl  3.932858E-17  6.185492E-15  
7.845151E+03  6.662187E-01  -6.653824E-01  1.020375E+00  1.000000E+00  1.598012E+00  6.235986E-27  7.223688E-11   5.000000E-01 NotAppl  3.881095E-04  0.000000E+00  
7.765032E+03  3.131410E-04  5.031498E-04  -3.059751E-09  1.000000E+00  1.909280E+01  3.657924E-28  6.632339E-28   5.000000E-01 NotAppl  2.222037E-05  0.000000E+00  
5.184325E+02  5.856108E-04  2.866513E-01  -1.581557E-01  1.000000E+00  8.859537E-02  1.010250E-25  4.402676E-10   2.481307E-04 LZ5Tmedian  9.958667E-02  0.000000E+00  
2.966256E+01  2.182059E-04  1.061105E-02  -2.146063E-10  1.000000E+00  2.589981E-03  1.154423E-44  2.810112E-25   5.000000E-01 NotAppl  2.540800E-19  5.790702E-17  
1.895250E+02  1.901938E+01  2.500979E+02  1.820771E-06  1.000000E+00  7.266750E-04  4.331424E-24  4.579559E-19   5.000000E-01 NotAppl  1.185590E+01  0.000000E+00  
8.670930E+02  1.417642E+02  -1.328663E+02  1.531395E-08  1.000000E+00  5.702897E-04  9.951848E-24  1.442960E-24   5.000000E-01 NotAppl  5.656048E+00  0.000000E+00  
3.216663E+03  1.904087E+00  1.601231E+01  2.418955E-05  1.000000E+00  5.401000E-02  9.044969E-26  2.487204E-19   5.000000E-01 NotAppl  1.364492E-02  0.000000E+00  
1.142504E+03  3.285844E+02  -3.275419E+02  1.388520E-05  1.000000E+00  1.527180E-04  4.688387E-23  6.755393E-19   5.000000E-01 NotAppl  2.004165E+01  0.000000E+00  
1.376009E+03  5.181569E-02  1.304059E+00  2.041281E-01  1.000000E+00  4.456513E-01  1.921840E-26  9.990573E-11   4.869418E-01 NotAppl  6.937360E-03  0.000000E+00  
2.240692E+02  3.549579E-02  2.691449E+02  -6.989101E-02  1.000000E+00  9.311639E-04  4.895754E-24  4.787931E-10   1.745456E-09 LZ5Tmedian  1.129034E+01  0.000000E+00  
7.058717E+03  1.467952E-03  1.162185E+00  1.039545E-01  1.000000E+00  5.657739E+00  9.971520E-28  9.292167E-13   5.000000E-01 NotAppl  6.744311E-05  0.000000E+00  
8.651170E+03  3.973027E-01  1.084884E+01  -5.236943E-09  1.000000E+00  1.317712E-01  3.449999E-26  1.560027E-27   5.000000E-01 NotAppl  1.907688E-03  0.000000E+00  
5.989853E+03  4.498591E-01  2.492627E+01  -1.723721E-05  1.000000E+00  2.688882E-02  1.738936E-25  3.566677E-20   5.000000E-01 NotAppl  1.396358E-02  0.000000E+00  
6.695084E+01  3.432072E-02  5.331937E-02  -8.111623E-09  1.000000E+00  5.475653E-03  4.460911E-40  7.660135E-23   5.000000E-01 NotAppl  4.189708E-15  0.000000E+00  
5.048173E+03  8.609120E-01  5.854307E-02  -1.690402E-02  1.000000E+00  4.726626E+00  1.459337E-27  4.856262E-14   5.000000E-01 NotAppl  1.372714E-04  0.000000E+00  
2.037794E+02  3.894255E+02  -3.894246E+02  -1.993535E-03  1.000000E+00  5.240779E-04  1.218812E-23  4.731722E-13   5.000000E-01 NotAppl  3.155457E+01  0.000000E+00  
7.586668E+03  1.354496E-02  8.761114E+01  -7.038446E-09  1.000000E+00  2.414159E-03  2.049999E-24  3.679153E-27   5.000000E-01 NotAppl  1.295078E-01  0.000000E+00  
1.188968E+03  4.356295E-01  5.989288E+00  1.597155E-08  1.000000E+00  2.234845E-01  2.664379E-26  8.239775E-25   5.000000E-01 NotAppl  1.104433E-02  0.000000E+00  
3.487751E+03  2.364313E-02  1.241169E+01  1.460321E-10  1.000000E+00  1.025809E-01  4.341399E-26  7.688532E-30   5.000000E-01 NotAppl  6.031729E-03  0.000000E+00  
4.484709E+01  1.835674E+02  -1.835235E+02  -9.141324E-03  1.000000E+00  3.237078E-05  5.185506E-29  2.202345E-10   4.639923E-13 LZ5Tmedian  7.348500E-04  7.145786E-02  
4.656867E+02  5.898332E-01  -5.759145E-01  2.095894E-10  1.000000E+00  8.546970E-02  9.790508E-26  9.629181E-28   5.000000E-01 NotAppl  1.060430E-01  0.000000E+00  
1.681975E+01  8.136864E-01  6.311414E+02  5.951017E-01  1.000000E+00  6.687958E-03  6.413099E-26  6.766396E-06   0.000000E+00 XENON1T_2018  2.640881E+00  3.332533E-01  
9.149563E+02  1.515388E-03  1.849617E-03  -3.898233E-03  1.000000E+00  3.138028E-01  2.594055E-26  8.378525E-14   5.000000E-01 NotAppl  1.397456E-02  0.000000E+00  
1.487498E+02  2.297687E-03  1.734898E-03  -3.180275E-04  1.000000E+00  1.054223E-02  7.768423E-25  2.295587E-14   5.000000E-01 NotAppl  2.800254E+00  0.000000E+00  
2.022682E+02  2.993681E+02  1.253135E+02  -6.733552E-05  1.000000E+00  2.056522E-04  1.568216E-23  5.481313E-16   5.000000E-01 NotAppl  4.062403E+01  0.000000E+00  
7.703890E+03  4.597640E-02  7.343142E-02  1.557782E-10  1.000000E+00  1.846973E+01  3.767210E-28  1.746956E-30   5.000000E-01 NotAppl  2.307120E-05  0.000000E+00  
3.556328E+01  1.866490E+02  -1.858607E+02  1.562307E-10  1.000000E+00  3.631215E-03  7.906814E-45  1.030885E-25   5.000000E-01 NotAppl  1.430834E-19  2.855550E-17  
5.755963E+02  9.040246E-01  1.854878E-01  1.900377E-02  1.000000E+00  1.210321E-01  6.671692E-26  5.132707E-12   5.000000E-01 NotAppl  5.802939E-02  0.000000E+00  
2.958324E+02  3.049503E-03  3.954623E+02  -4.440216E-03  1.000000E+00  4.662368E-04  1.024843E-23  1.093834E-12   5.000000E-01 NotAppl  1.780336E+01  0.000000E+00  
9.032704E+02  4.956300E-04  2.316041E+02  7.822510E-09  1.000000E+00  4.508802E-04  1.103994E-23  3.463561E-25   5.000000E-01 NotAppl  6.130329E+00  0.000000E+00  
3.556684E+02  1.645595E-02  -1.593719E-02  -1.357281E-05  1.000000E+00  5.190932E-02  1.642178E-25  7.009656E-18   5.000000E-01 NotAppl  2.353377E-01  0.000000E+00  
8.722821E+02  9.612266E-02  1.047807E+02  -1.566207E-02  1.000000E+00  1.821302E-03  2.624543E-24  1.491031E-12   5.000000E-01 NotAppl  1.510230E+00  0.000000E+00  
4.307946E+03  7.778633E-03  4.284204E+00  1.353564E-02  1.000000E+00  7.225608E-01  6.266399E-27  4.298433E-14   5.000000E-01 NotAppl  7.009209E-04  0.000000E+00  
1.095865E+03  1.413361E-04  1.875386E-02  1.592811E-04  1.000000E+00  4.419799E-01  1.814900E-26  9.678588E-17   5.000000E-01 NotAppl  8.120515E-03  0.000000E+00  
1.981402E+01  1.694750E+01  1.789508E+01  7.471864E-06  1.000000E+00  9.152677E+03  1.071528E-35  7.684562E-16   5.000000E-01 NotAppl  3.670535E-10  8.501074E-09  
3.307718E+02  7.138707E+00  -6.373658E+00  1.407705E-04  1.000000E+00  3.111154E-02  2.189080E-25  8.747767E-16   5.000000E-01 NotAppl  3.386286E-01  0.000000E+00  
1.567956E+03  3.383915E+02  -1.649708E+02  -1.753094E-06  1.000000E+00  6.063092E-05  6.110578E-23  5.646082E-21   5.000000E-01 NotAppl  1.890654E+01  0.000000E+00  
1.297494E+02  2.320641E-01  5.723436E+01  1.172543E-04  1.000000E+00  4.289111E-03  1.360598E-24  4.129455E-15   5.000000E-01 NotAppl  5.588487E+00  0.000000E+00  
5.836639E+02  5.815082E-04  7.273443E+01  -6.607483E-05  1.000000E+00  3.647618E-03  1.304040E-24  6.030895E-17   5.000000E-01 NotAppl  1.131596E+00  0.000000E+00  
6.197966E+02  3.259400E+02  -3.250320E+02  1.004465E-08  1.000000E+00  1.977766E-04  3.518450E-23  1.232695E-24   5.000000E-01 NotAppl  2.832260E+01  0.000000E+00  
2.725392E+01  1.416454E-04  3.458665E+02  -4.725119E-10  1.000000E+00  2.004963E-03  5.160861E-44  1.616865E-24   5.000000E-01 NotAppl  1.246511E-18  2.870069E-16  
1.475377E+02  1.269632E-01  1.959121E+01  -1.555718E-01  1.000000E+00  7.195723E-03  8.513110E-25  5.586129E-09   7.512907E-150 LZ5Tmedian  3.215576E+00  0.000000E+00  
9.846373E+01  5.414711E+00  2.953239E+01  2.870637E-05  1.000000E+00  2.653806E-03  1.343504E-24  4.357496E-16   5.000000E-01 NotAppl  7.424932E+00  0.000000E+00  
3.678867E+01  1.425578E+00  8.627294E+02  -6.636466E-02  1.000000E+00  1.382332E-04  1.523655E-27  1.736498E-08   0.000000E+00 XENON1T_2018  2.663970E-02  3.395541E-01  
4.727305E+02  1.586574E+00  3.423450E+02  -1.260347E-01  1.000000E+00  3.365934E-04  1.404984E-23  3.376718E-10   9.428825E-04 LZ5Tmedian  1.513256E+01  0.000000E+00  
2.711990E+02  8.934908E+02  -8.641614E+02  -6.254834E-01  1.000000E+00  1.480423E-04  2.280118E-23  2.593587E-08   0.000000E+00 LZ5Tmedian  4.404219E+01  0.000000E+00  
8.025531E+03  2.081899E-03  3.635433E+02  -2.186614E-09  1.000000E+00  1.519123E-04  3.409560E-23  3.167607E-28   5.000000E-01 NotAppl  2.034733E+00  0.000000E+00  
1.001784E+01  1.105234E-02  9.444873E-01  -3.379915E-08  1.000000E+00  4.324401E-04  1.714902E-40  6.074261E-20   5.000000E-01 NotAppl  1.287380E-14  1.609678E-12  
1.919755E+02  4.114499E-04  2.444321E+02  -2.081156E-07  1.000000E+00  1.190732E-03  3.950998E-24  5.827573E-21   5.000000E-01 NotAppl  1.066379E+01  0.000000E+00  
1.854402E+02  7.205282E-02  2.113029E+02  -3.083763E-06  1.000000E+00  1.389780E-03  3.407087E-24  1.373624E-18   5.000000E-01 NotAppl  9.529729E+00  0.000000E+00  
1.529029E+03  6.355740E+02  -6.355738E+02  -8.543369E-07  1.000000E+00  4.927381E-05  1.535917E-22  1.411422E-21   5.000000E-01 NotAppl  4.864210E+01  0.000000E+00  
4.080601E+03  9.501247E-04  3.242566E-02  -9.052088E-09  1.000000E+00  5.478361E+00  1.323315E-27  2.146550E-26   5.000000E-01 NotAppl  1.543538E-04  0.000000E+00  
6.735000E+01  2.168191E+00  -2.128499E+00  -3.819234E-05  1.000000E+00  9.210933E-03  8.282260E-33  1.677654E-15   5.000000E-01 NotAppl  7.731508E-08  0.000000E+00  
3.086038E+02  3.127175E-03  4.960651E+01  -2.403198E+00  1.000000E+00  2.945047E-04  3.473474E-23  2.938570E-07   0.000000E+00 XENON1T_2018  6.726795E+01  0.000000E+00  
1.412746E+01  2.816818E-01  -2.814271E-01  -4.196421E-03  1.000000E+00  3.854456E-03  3.030045E-30  4.760876E-10   6.621620E-08 LZ5Tmedian  1.521841E-04  2.244472E-02  
1.272085E+02  4.982544E-02  -4.912550E-02  3.538021E-02  1.000000E+00  7.587368E-03  1.118042E-24  3.915296E-10   1.354714E-12 LZ5Tmedian  4.735183E+00  0.000000E+00  
4.177449E+02  9.982223E+02  -9.733135E+02  1.204159E-03  1.000000E+00  5.702012E-05  6.776440E-23  3.969582E-14   5.000000E-01 NotAppl  8.236692E+01  0.000000E+00  
2.601083E+01  1.026456E-01  4.067758E+01  -7.442346E-10  1.000000E+00  2.304780E-03  1.233434E-43  4.407936E-24   5.000000E-01 NotAppl  3.137326E-18  7.193606E-16  
8.977437E+03  2.660188E+01  -1.854012E+01  3.750030E+00  1.000000E+00  1.218259E-02  6.958570E-25  7.419882E-10   4.383383E-01 NotAppl  3.648518E-02  0.000000E+00  
4.655287E+01  9.218441E+01  -9.218182E+01  -6.497597E-01  1.000000E+00  1.573739E-04  3.100206E-25  1.031245E-06   0.000000E+00 XENON1T_2018  4.225060E+00  4.994030E-01  
3.284955E+01  4.020290E-04  7.371786E-02  3.338768E-10  1.000000E+00  1.550817E-03  3.173294E-44  5.530965E-25   5.000000E-01 NotAppl  6.261041E-19  1.354620E-16  
2.330417E+01  1.543764E+00  -1.434112E+00  2.038852E-01  1.000000E+00  1.682951E-02  8.617270E-27  4.129075E-07   0.000000E+00 XENON1T_2018  2.470694E-01  2.471338E-01  
5.011226E+01  3.051633E+01  9.252919E+01  -4.727285E-07  1.000000E+00  1.082471E+03  2.551677E-37  4.697798E-19   5.000000E-01 NotAppl  3.230836E-12  1.908174E-10  
3.939651E+02  9.959719E-04  2.603196E+01  -7.297818E-04  1.000000E+00  1.786435E-02  3.040615E-25  1.643791E-14   5.000000E-01 NotAppl  3.934273E-01  0.000000E+00  
3.675926E+03  1.674454E-02  6.553349E-02  1.599052E-03  1.000000E+00  4.468661E+00  1.632290E-27  8.283973E-16   5.000000E-01 NotAppl  2.117093E-04  0.000000E+00  
1.638232E+02  2.823758E+01  -2.776124E+01  5.242778E-02  1.000000E+00  4.647813E-03  1.220540E-24  5.118690E-10   3.473132E-13 LZ5Tmedian  4.026067E+00  0.000000E+00  
2.126938E+02  2.832625E+01  1.754683E+02  -1.250708E-10  1.000000E+00  7.368143E-04  4.238110E-24  1.706006E-27   5.000000E-01 NotAppl  1.032082E+01  0.000000E+00  
7.091755E+03  6.689201E+02  -6.671330E+02  2.163202E-08  1.000000E+00  3.167382E-05  2.400853E-22  3.985702E-26   5.000000E-01 NotAppl  1.589701E+01  0.000000E+00  
2.708371E+02  2.113384E+00  -2.113281E+00  -4.524528E-04  1.000000E+00  2.868723E-02  2.785822E-25  1.360829E-14   5.000000E-01 NotAppl  5.304236E-01  0.000000E+00  
1.085528E+02  1.431483E+02  -1.206174E+02  1.887031E-08  1.000000E+00  1.128821E-03  2.634126E-24  1.541690E-22   5.000000E-01 NotAppl  1.328460E+01  0.000000E+00  
1.653840E+02  6.574690E+02  -6.569528E+02  -4.684899E-05  1.000000E+00  6.018950E-04  9.374712E-24  4.008626E-16   5.000000E-01 NotAppl  3.100456E+01  0.000000E+00  
4.084961E+01  3.908209E-03  1.057913E-02  8.401648E-02  1.000000E+00  1.289183E-04  3.157030E-27  2.249578E-08   0.000000E+00 XENON1T_2018  4.943443E-02  2.420051E-01  
2.350229E+01  1.592642E-03  1.953289E+00  -1.819942E-10  1.000000E+00  1.749506E-03  6.898039E-45  3.234359E-25   5.000000E-01 NotAppl  1.960142E-19  4.323943E-17  
7.350116E+02  6.712354E+02  3.185058E+02  7.072400E-07  1.000000E+00  2.141403E-05  1.703974E-22  4.313304E-21   5.000000E-01 NotAppl  1.156955E+02  0.000000E+00  
4.496181E+01  8.908801E+00  6.887275E+02  3.847592E-10  1.000000E+00  1.068540E-01  9.287165E-44  3.881380E-25   5.000000E-01 NotAppl  1.315656E-18  6.370179E-17  
6.298137E+02  8.955940E-01  3.447708E+02  -2.052019E-03  1.000000E+00  2.772708E-04  1.785406E-23  4.978713E-14   5.000000E-01 NotAppl  1.434154E+01  0.000000E+00  
2.756843E+01  2.477949E+01  -2.077999E+01  2.222408E-04  1.000000E+00  1.291283E-01  1.153007E-32  3.494793E-13   5.000000E-01 NotAppl  2.752579E-07  7.675104E-06  
3.650541E+01  1.467497E+02  -9.122261E+01  -3.367367E-04  1.000000E+00  1.452086E+04  3.861838E-32  4.541501E-13   5.000000E-01 NotAppl  6.807385E-07  1.314951E-04  
9.211491E+02  2.183127E+00  2.751433E+01  7.936073E-04  1.000000E+00  1.882094E-02  2.583528E-25  3.425009E-15   5.000000E-01 NotAppl  1.403418E-01  0.000000E+00  
2.620423E+03  1.695288E+02  -1.673356E+02  1.896183E-09  1.000000E+00  4.372077E-04  1.588348E-23  2.319854E-27   5.000000E-01 NotAppl  2.895242E+00  0.000000E+00  
8.707236E+03  1.451078E-04  6.107946E+01  3.928290E-08  1.000000E+00  4.882294E-03  1.000741E-24  8.663353E-26   5.000000E-01 NotAppl  5.498920E-02  0.000000E+00  
4.403087E+03  7.970975E-01  4.381134E+01  7.279226E-01  1.000000E+00  8.525266E-03  6.004237E-25  1.189128E-10   5.000000E-01 NotAppl  6.590729E-02  0.000000E+00  
2.961559E+02  5.433155E+02  -5.362921E+02  -6.926277E-04  1.000000E+00  1.659498E-04  2.773147E-23  2.655650E-14   5.000000E-01 NotAppl  4.839692E+01  0.000000E+00  
7.190271E+01  2.227001E-02  4.163632E-01  7.884387E-02  1.000000E+00  5.975511E-03  8.836965E-27  6.255678E-09   4.008512E-290 LZ5Tmedian  7.665811E-02  0.000000E+00  
2.461264E+01  2.123313E+01  -2.108860E+01  -2.032759E-10  1.000000E+00  2.350197E-02  8.853114E-45  3.676400E-25   5.000000E-01 NotAppl  2.393266E-19  8.961631E-18  
1.945008E+01  1.067305E+01  2.589856E+02  -4.020113E-05  1.000000E+00  4.868765E+01  3.079547E-34  2.308808E-14   5.000000E-01 NotAppl  1.076821E-08  1.211158E-06  
1.301314E+01  7.497923E+00  -6.824376E+00  -9.944223E-04  1.000000E+00  2.042759E-01  1.658253E-31  3.145705E-11   4.334147E-01 NotAppl  9.159842E-06  1.194540E-03  
2.334242E+03  1.665538E+01  -1.665236E+01  -1.011921E-04  1.000000E+00  3.751623E-02  1.664691E-25  8.361338E-18   5.000000E-01 NotAppl  3.415943E-02  0.000000E+00  
2.509214E+01  4.061049E-04  4.609442E-01  3.258536E-08  1.000000E+00  2.214202E-03  2.304381E-40  9.086332E-21   5.000000E-01 NotAppl  6.105994E-15  1.387984E-12  
3.078795E+01  5.996144E-04  9.809497E-01  2.115536E-08  1.000000E+00  1.933730E-03  1.170114E-40  2.532365E-21   5.000000E-01 NotAppl  2.476080E-15  5.533682E-13  
1.605020E+02  4.947196E+01  6.559736E+02  -5.808456E-03  1.000000E+00  5.922059E-04  5.072425E-24  6.552246E-12   5.000000E-01 NotAppl  1.661434E+01  0.000000E+00  
1.050614E+01  4.434991E+02  -4.433709E+02  -1.335631E-03  1.000000E+00  2.078725E-01  2.746523E-31  8.643541E-11   3.813711E-01 NotAppl  1.949761E-05  2.500982E-03  
8.006872E+03  5.594226E+02  -5.593882E+02  7.339511E-02  1.000000E+00  4.434543E-05  1.723036E-22  3.585704E-13   5.000000E-01 NotAppl  1.009056E+01  0.000000E+00  
1.120556E+01  1.345204E-02  1.038709E+00  4.315206E-01  1.000000E+00  5.270130E-04  2.954123E-26  7.952309E-06   0.000000E+00 XENON1T_2018  1.943509E+00  2.497206E-01  
2.556216E+01  3.368230E-02  8.175216E+02  9.918134E-09  1.000000E+00  2.032706E-03  2.162777E-41  8.108389E-22   5.000000E-01 NotAppl  5.613669E-16  1.282245E-13  
4.646874E+01  5.683902E+01  -5.682689E+01  -2.540806E-05  1.000000E+00  1.475427E-04  4.708080E-34  1.582701E-15   5.000000E-01 NotAppl  6.429580E-09  6.168645E-07  
3.509329E+02  2.298311E-03  1.471004E-02  -3.241346E-10  1.000000E+00  5.060305E-02  1.684843E-25  4.108878E-27   5.000000E-01 NotAppl  2.448404E-01  0.000000E+00  
1.358461E+01  3.191692E-01  9.569726E+02  -3.648777E-06  1.000000E+00  1.919594E-03  2.263410E-36  3.889973E-16   5.000000E-01 NotAppl  1.189485E-10  1.855854E-08  
9.770674E+02  1.560486E-01  -1.020217E-01  -2.441988E+00  1.000000E+00  7.521902E-03  1.680139E-24  2.875305E-08   5.533126E-127 LZ5Tmedian  9.105825E-01  0.000000E+00  
4.540031E+01  1.974949E-04  8.219606E-03  -7.758825E-08  1.000000E+00  1.188920E-04  3.939309E-39  1.547457E-20   5.000000E-01 NotAppl  5.510708E-14  5.909924E-12  
3.363040E+01  3.208338E+02  -3.182150E+02  -1.991612E-04  1.000000E+00  1.313982E-02  1.169357E-32  1.876477E-13   5.000000E-01 NotAppl  2.246462E-07  4.582289E-05  
2.839710E+03  4.991916E-02  2.524630E-02  -8.049601E-09  1.000000E+00  2.718685E+00  2.731234E-27  3.549669E-26   5.000000E-01 NotAppl  4.607871E-04  0.000000E+00  
5.599352E+03  2.593596E+00  -2.553017E+00  2.120813E-09  1.000000E+00  1.232097E+00  4.674855E-27  6.192154E-28   5.000000E-01 NotAppl  3.936524E-04  0.000000E+00  
1.824103E+02  8.983113E-03  2.345577E+00  -1.624065E-02  1.000000E+00  1.413199E-02  5.540708E-25  3.940724E-11   1.346286E-01 NotAppl  1.594416E+00  0.000000E+00  
1.422019E+01  3.686806E-04  3.305830E-03  1.385228E-09  1.000000E+00  1.261656E-03  3.308203E-43  5.120769E-23   5.000000E-01 NotAppl  1.649057E-17  2.669100E-15  
3.832937E+01  4.193014E+00  -4.191912E+00  7.193556E-06  1.000000E+00  7.284527E-04  1.958641E-35  1.877095E-16   5.000000E-01 NotAppl  3.279242E-10  4.560627E-08  
1.807388E+02  3.279274E+00  -3.230965E+00  4.434147E-02  1.000000E+00  1.171356E-02  6.476317E-25  2.993531E-10   2.133880E-07 LZ5Tmedian  1.884826E+00  0.000000E+00  
8.252754E+03  1.189954E+02  -1.189932E+02  3.323033E+00  1.000000E+00  8.103139E-04  9.108208E-24  6.912415E-10   4.335605E-01 NotAppl  5.174760E-01  0.000000E+00  
1.304228E+02  1.240901E-02  1.972826E+00  -5.143928E-05  1.000000E+00  7.809842E-03  9.568679E-25  7.863498E-16   5.000000E-01 NotAppl  3.948810E+00  0.000000E+00  
1.636333E+03  1.423107E-03  4.899312E+01  1.702058E-04  1.000000E+00  7.358756E-03  6.363398E-25  4.878567E-17   5.000000E-01 NotAppl  1.919648E-01  0.000000E+00  
5.506741E+02  7.841334E-02  4.320862E+00  1.398793E-01  1.000000E+00  8.112254E-02  1.026659E-25  3.044216E-10   4.465350E-03 LZ5Tmedian  9.460300E-02  0.000000E+00  
2.042227E+03  9.746775E+02  -9.742736E+02  1.015085E-05  1.000000E+00  2.254978E-05  3.392212E-22  1.104651E-19   5.000000E-01 NotAppl  7.981921E+01  0.000000E+00  
8.080727E+03  2.321560E-02  -2.259705E-02  1.421463E-06  1.000000E+00  2.060434E+01  3.381019E-28  1.320116E-22   5.000000E-01 NotAppl  1.972704E-05  0.000000E+00  
5.804080E+03  1.877043E-02  -1.256839E-02  3.742607E-03  1.000000E+00  1.083826E+01  6.550280E-28  1.792614E-15   5.000000E-01 NotAppl  5.343733E-05  0.000000E+00  
5.229693E+01  2.551565E-01  -2.550446E-01  2.967374E-08  1.000000E+00  2.401548E-03  1.426253E-39  1.696848E-21   5.000000E-01 NotAppl  1.721360E-14  6.878639E-13  
4.190753E+02  1.380248E+00  -1.321250E+00  1.607521E+00  1.000000E+00  3.498439E-03  3.450892E-24  7.028534E-08   0.000000E+00 LZ5Tmedian  4.304457E+00  0.000000E+00  
8.603403E+03  3.448127E+02  -3.447754E+02  7.836341E-03  1.000000E+00  1.113216E-04  6.745907E-23  3.532532E-15   5.000000E-01 NotAppl  3.673704E+00  0.000000E+00  
4.642419E+01  7.606550E-02  1.417119E+01  3.439861E-07  1.000000E+00  6.876799E-04  8.590347E-38  2.906606E-19   5.000000E-01 NotAppl  1.177264E-12  5.867149E-11  
4.097976E+01  8.832694E+00  -4.050496E+00  4.295636E-10  1.000000E+00  6.853530E-04  8.329369E-44  5.842750E-25   5.000000E-01 NotAppl  1.299805E-18  8.008160E-17  
1.479058E+01  4.671055E-03  4.404187E-02  -6.038215E-07  1.000000E+00  1.268800E-03  6.360198E-38  8.999106E-18   5.000000E-01 NotAppl  3.031008E-12  5.060176E-10  
1.885262E+01  7.338565E-01  7.521763E+01  -2.190395E-06  1.000000E+00  6.026353E-03  9.036707E-37  7.296522E-17   5.000000E-01 NotAppl  3.272834E-11  6.517896E-09  
1.634877E+01  2.995777E+00  9.516112E+02  4.222928E+00  1.000000E+00  4.947543E-03  6.206886E-25  3.605899E-04   0.000000E+00 XENON1T_2018  2.658401E+01  3.362648E-01  
7.131290E+03  1.307763E-01  3.086061E+02  -8.481607E-10  1.000000E+00  2.083577E-04  2.464004E-23  6.058458E-29   5.000000E-01 NotAppl  1.657474E+00  0.000000E+00  
9.880254E+02  6.096583E-01  -3.015795E-01  9.463215E-08  1.000000E+00  3.539667E-01  2.253637E-26  4.220722E-23   5.000000E-01 NotAppl  1.121650E-02  0.000000E+00  
3.067537E+03  1.727901E+00  7.802992E+02  7.428552E-01  1.000000E+00  4.095943E-05  1.279307E-22  2.583587E-10   4.324043E-01 NotAppl  2.027581E+01  0.000000E+00  
1.354376E+01  7.564305E-01  -7.550889E-01  1.880964E-01  1.000000E+00  1.676566E-02  6.009689E-27  1.039925E-06   0.000000E+00 XENON1T_2018  3.170270E-01  2.481449E-01  
3.494967E+02  4.340805E-01  -3.482687E-01  4.131794E-04  1.000000E+00  4.946150E-02  1.700878E-25  6.732797E-15   5.000000E-01 NotAppl  2.482300E-01  0.000000E+00  
2.980715E+03  9.550701E-02  -8.912083E-02  -3.557326E-01  1.000000E+00  1.550614E+00  5.749375E-27  6.281207E-11   5.000000E-01 NotAppl  9.561159E-04  0.000000E+00  
5.663770E+01  2.574135E+01  -2.571814E+01  -9.509608E-10  1.000000E+00  4.444831E-03  4.124636E-42  1.481184E-24   5.000000E-01 NotAppl  4.598343E-17  5.463464E-16  
1.879941E+02  7.966982E+01  -7.700868E+01  4.100312E-08  1.000000E+00  1.921339E-03  2.529993E-24  2.361377E-22   5.000000E-01 NotAppl  7.118039E+00  0.000000E+00  
5.381970E+03  1.837277E+01  7.013938E+01  -4.667722E-08  1.000000E+00  2.457096E-03  2.280379E-24  3.250892E-25   5.000000E-01 NotAppl  2.037763E-01  0.000000E+00  
2.072646E+03  3.739468E+02  -3.317694E+02  -8.409265E-07  1.000000E+00  7.396798E-05  6.888350E-23  7.356198E-22   5.000000E-01 NotAppl  1.596674E+01  0.000000E+00  
1.026343E+03  1.362166E-01  1.603420E+02  3.835614E-02  1.000000E+00  8.235196E-04  5.956519E-24  6.415760E-12   5.000000E-01 NotAppl  2.901010E+00  0.000000E+00  
3.270655E+02  2.511758E+02  -2.511718E+02  -7.521453E-03  1.000000E+00  4.405322E-04  1.539425E-23  2.555620E-12   5.000000E-01 NotAppl  2.419702E+01  0.000000E+00  
2.302583E+01  1.249210E-04  3.661845E-01  -1.130818E-08  1.000000E+00  2.052684E-03  2.632503E-41  1.301306E-21   5.000000E-01 NotAppl  7.654401E-16  1.697392E-13  
6.333460E+02  1.526517E+02  -1.526515E+02  -4.251238E-02  1.000000E+00  6.741775E-04  1.036036E-23  2.112617E-11   5.000000E-01 NotAppl  8.162179E+00  0.000000E+00  
6.879153E+01  1.002520E-03  8.109697E-01  -2.554712E-10  1.000000E+00  5.362719E-03  2.159482E-43  7.188756E-26   5.000000E-01 NotAppl  1.972956E-18  0.000000E+00  
2.654220E+03  2.025240E+02  4.882259E+02  -8.413723E-02  1.000000E+00  3.062057E-05  1.203280E-22  4.449840E-12   5.000000E-01 NotAppl  2.202805E+01  0.000000E+00  
1.075580E+02  9.417805E-03  -8.240150E-06  9.433813E-07  1.000000E+00  6.372310E-03  1.191746E-24  3.926534E-19   5.000000E-01 NotAppl  6.005669E+00  0.000000E+00  
1.789493E+01  1.401944E+01  -1.400943E+01  2.129463E-05  1.000000E+00  5.979108E-02  8.387661E-35  7.654896E-15   5.000000E-01 NotAppl  3.218600E-09  2.590705E-07  
1.163790E+01  1.074090E-01  2.752000E-01  -3.467573E-01  1.000000E+00  9.654958E-04  1.937140E-26  4.767043E-06   0.000000E+00 XENON1T_2018  1.219211E+00  2.499199E-01  
1.291932E+03  8.344201E-04  2.663342E+01  -7.905188E-07  1.000000E+00  2.326478E-02  2.003757E-25  1.703962E-21   5.000000E-01 NotAppl  7.697576E-02  0.000000E+00  
5.554330E+02  1.334252E-04  3.558046E-01  3.706047E-09  1.000000E+00  1.207698E-01  6.931108E-26  2.099666E-25   5.000000E-01 NotAppl  6.252724E-02  0.000000E+00  
4.327495E+02  4.327141E+02  -4.327139E+02  9.706068E-05  1.000000E+00  1.877875E-04  3.756066E-23  2.399429E-16   5.000000E-01 NotAppl  4.399448E+01  0.000000E+00  
4.418488E+03  1.159773E+02  -3.815860E+01  1.083118E-09  1.000000E+00  6.183944E-04  9.343549E-24  2.614125E-28   5.000000E-01 NotAppl  1.003511E+00  0.000000E+00  
4.357686E+01  5.439735E-03  6.662715E+01  9.854596E-05  1.000000E+00  2.572476E-04  5.378145E-33  2.713593E-14   5.000000E-01 NotAppl  7.852521E-08  9.943820E-06  
9.770506E+01  4.423800E-01  8.959341E+02  3.592151E-10  1.000000E+00  3.181928E-03  1.406395E-24  6.932269E-26   5.000000E-01 NotAppl  7.816295E+00  0.000000E+00  
4.515125E+03  6.588509E-01  -6.569246E-01  1.099571E-07  1.000000E+00  5.041361E+00  1.337290E-27  2.578179E-24   5.000000E-01 NotAppl  1.405964E-04  0.000000E+00  
4.401279E+02  4.903174E-03  8.128943E-03  1.208245E-06  1.000000E+00  7.786625E-02  1.089351E-25  3.591780E-20   5.000000E-01 NotAppl  1.251083E-01  0.000000E+00  
2.220030E+02  1.600580E+00  -1.580301E+00  -2.073540E-09  1.000000E+00  2.011794E-02  3.998610E-25  4.295102E-25   5.000000E-01 NotAppl  9.369769E-01  0.000000E+00  
4.650478E+03  4.433788E-02  8.430121E+02  6.262934E-05  1.000000E+00  3.321146E-05  1.591288E-22  7.876556E-19   5.000000E-01 NotAppl  1.652099E+01  0.000000E+00  
1.812793E+01  4.044290E+02  -3.706826E+02  5.451049E-06  1.000000E+00  8.557562E+05  5.520034E-36  4.887856E-16   5.000000E-01 NotAppl  2.087783E-10  6.582037E-09  
1.121661E+02  5.448861E-03  5.555477E+02  9.144839E-10  1.000000E+00  2.458180E-03  1.932073E-24  3.385629E-25   5.000000E-01 NotAppl  9.189623E+00  0.000000E+00  
1.112548E+01  3.948181E-03  2.799254E+00  -3.168020E-01  1.000000E+00  4.882795E-04  1.586980E-26  4.346873E-06   0.000000E+00 XENON1T_2018  1.053111E+00  2.510819E-01  
5.739832E+03  1.689779E+01  -1.689698E+01  3.809894E-02  1.000000E+00  3.689027E-02  1.707695E-25  1.900158E-13   5.000000E-01 NotAppl  1.401096E-02  0.000000E+00  
3.413176E+02  4.942543E+00  -4.876702E+00  6.107197E-09  1.000000E+00  3.858130E-02  1.925034E-25  1.544027E-24   5.000000E-01 NotAppl  2.880804E-01  0.000000E+00  
3.776899E+02  1.283979E+01  -1.218637E+01  -8.459391E-06  1.000000E+00  2.659527E-02  2.385322E-25  2.407883E-18   5.000000E-01 NotAppl  3.216819E-01  0.000000E+00  
1.821818E+01  1.616783E+00  -1.549074E+00  3.597934E-05  1.000000E+00  3.720367E-02  2.408994E-34  2.108378E-14   5.000000E-01 NotAppl  9.064571E-09  1.747221E-06  
3.477336E+03  3.852559E-03  2.351720E+01  1.245171E-04  1.000000E+00  3.040270E-02  1.501892E-25  5.624027E-18   5.000000E-01 NotAppl  2.093961E-02  0.000000E+00  
3.728786E+03  6.058679E+01  -2.218833E+01  -1.852531E-10  1.000000E+00  2.557314E-03  2.527740E-24  1.080012E-29   5.000000E-01 NotAppl  3.224999E-01  0.000000E+00  
1.141054E+03  7.680862E-02  2.521736E+01  6.066349E-04  1.000000E+00  2.538899E-02  1.854363E-25  1.292785E-15   5.000000E-01 NotAppl  8.088063E-02  0.000000E+00  
5.268357E+02  1.924401E-02  -5.698140E-03  6.113048E-09  1.000000E+00  1.097151E-01  7.679248E-26  6.364774E-25   5.000000E-01 NotAppl  7.317607E-02  0.000000E+00  
2.596468E+02  3.278867E-01  1.890156E+02  1.533910E-10  1.000000E+00  1.099499E-03  4.306229E-24  1.705262E-27   5.000000E-01 NotAppl  8.543152E+00  0.000000E+00  
1.179995E+02  5.287706E-04  2.138491E+00  3.047764E+00  1.000000E+00  7.757090E-05  1.234278E-22  3.389312E-06   0.000000E+00 XENON1T_2018  5.690262E+02  0.000000E+00  
2.592557E+01  1.825050E+00  -1.822263E+00  -3.067649E-06  1.000000E+00  1.309842E-02  2.090466E-36  7.538874E-17   5.000000E-01 NotAppl  5.341600E-11  1.189196E-08  
2.130252E+03  2.173436E+01  -2.172913E+01  5.350926E-08  1.000000E+00  2.264718E-02  2.805217E-25  2.816692E-24   5.000000E-01 NotAppl  6.321608E-02  0.000000E+00  
6.476608E+01  6.572046E-03  4.676548E+00  6.336525E-10  1.000000E+00  4.538070E-03  1.082931E-41  5.001943E-25   5.000000E-01 NotAppl  1.052096E-16  0.000000E+00  
8.009334E+01  2.057818E+00  -1.993413E+00  2.196134E-04  1.000000E+00  9.676647E-03  1.774461E-32  3.893555E-14   5.000000E-01 NotAppl  1.376920E-07  0.000000E+00  
5.066309E+02  3.470767E-04  1.151680E-04  1.005574E-09  1.000000E+00  1.018370E-01  8.287418E-26  1.865630E-26   5.000000E-01 NotAppl  8.223981E-02  0.000000E+00  
2.172919E+01  5.700565E+01  -5.700325E+01  1.768532E-04  1.000000E+00  3.496143E-02  6.249175E-33  3.576734E-13   5.000000E-01 NotAppl  1.935122E-07  4.190489E-05  
3.394426E+01  1.207858E+02  -1.207835E+02  1.915509E-02  1.000000E+00  4.863346E-03  1.097569E-28  1.703403E-09   1.844188E-94 LZ5Tmedian  2.087654E-03  2.340779E-01  
6.858046E+02  1.307825E-03  5.688370E-01  7.026361E-03  1.000000E+00  1.795142E-01  4.601234E-26  4.904840E-13   5.000000E-01 NotAppl  3.337568E-02  0.000000E+00  
2.370073E+03  7.862596E-04  8.944776E+02  -6.629339E-09  1.000000E+00  3.629342E-05  1.453294E-22  3.478954E-26   5.000000E-01 NotAppl  2.999396E+01  0.000000E+00  
1.599867E+01  2.089476E+01  1.110434E+01  8.187036E-07  1.000000E+00  2.239053E+05  1.196881E-37  1.415081E-17   5.000000E-01 NotAppl  5.212480E-12  1.059224E-10  
1.372623E+02  1.831181E-04  1.259013E-01  2.378913E-05  1.000000E+00  9.164184E-03  8.812654E-25  1.514528E-16   5.000000E-01 NotAppl  3.452849E+00  0.000000E+00  
4.073170E+02  1.275243E+00  -1.256471E+00  2.491894E-07  1.000000E+00  6.469367E-02  1.276771E-25  1.790193E-21   5.000000E-01 NotAppl  1.589438E-01  0.000000E+00  
5.323518E+03  2.366352E+02  -2.366331E+02  -1.396115E-07  1.000000E+00  2.309347E-04  3.162126E-23  2.973550E-24   5.000000E-01 NotAppl  2.800336E+00  0.000000E+00  
7.608993E+03  9.873923E+00  -9.724584E+00  1.285216E-04  1.000000E+00  1.055383E-01  5.790544E-26  1.219424E-18   5.000000E-01 NotAppl  3.570373E-03  0.000000E+00  
3.635711E+01  1.047593E-02  7.796399E+00  9.919021E-03  1.000000E+00  3.058595E-04  3.324262E-29  3.973257E-10   5.954492E-23 LZ5Tmedian  5.885599E-04  4.889548E-02  
4.050585E+03  5.442616E-03  3.509066E-01  -4.721759E-03  1.000000E+00  5.167285E+00  1.373926E-27  5.928884E-15   5.000000E-01 NotAppl  1.615248E-04  0.000000E+00  
4.163671E+03  1.752394E-04  1.921553E+01  -2.789036E-05  1.000000E+00  4.499733E-02  1.005125E-25  1.955913E-19   5.000000E-01 NotAppl  1.167073E-02  0.000000E+00  
5.915141E+01  9.317136E+01  -9.317089E+01  1.879487E-04  1.000000E+00  6.072921E-03  4.744151E-31  5.295282E-14   5.000000E-01 NotAppl  5.057245E-06  1.629889E-05  
1.733163E+02  2.728322E-01  2.845879E-02  -2.171308E-04  1.000000E+00  1.332825E-02  6.036768E-25  7.822296E-15   5.000000E-01 NotAppl  1.859984E+00  0.000000E+00  
2.359568E+03  8.279041E-01  -8.140873E-01  -4.044634E-10  1.000000E+00  1.668658E+00  4.352363E-27  1.306759E-28   5.000000E-01 NotAppl  8.866941E-04  0.000000E+00  
4.268541E+03  1.044297E-01  -7.829273E-02  3.461505E-04  1.000000E+00  5.938861E+00  1.216031E-27  2.864171E-17   5.000000E-01 NotAppl  1.354905E-04  0.000000E+00  
1.897504E+01  1.300181E-01  1.032040E+02  -1.188548E-09  1.000000E+00  1.690153E-03  2.666994E-43  2.120667E-23   5.000000E-01 NotAppl  9.589721E-18  1.922497E-15  
5.362383E+02  2.056271E-01  -2.047421E-01  -2.791572E-02  1.000000E+00  1.127714E-01  7.442423E-26  1.280134E-11   5.000000E-01 NotAppl  6.967573E-02  0.000000E+00  
8.565624E+02  1.318489E+00  1.808569E+00  -6.702321E-09  1.000000E+00  2.262071E-01  3.325332E-26  2.833787E-25   5.000000E-01 NotAppl  1.919873E-02  0.000000E+00  
4.849899E+01  1.171598E-03  4.271873E+00  -1.109452E-02  1.000000E+00  1.489575E-03  1.133202E-28  2.765950E-10   5.647681E-16 LZ5Tmedian  1.484358E-03  8.258897E-02  
5.773294E+01  4.127037E-01  -3.975107E-01  1.383662E-02  1.000000E+00  3.417203E-03  1.297625E-27  3.015618E-10   2.229423E-16 LZ5Tmedian  1.412480E-02  7.171141E-02  
1.273969E+02  1.133395E-01  -1.111252E-01  1.344803E-10  1.000000E+00  8.147424E-03  9.818279E-25  5.639536E-27   5.000000E-01 NotAppl  4.150236E+00  0.000000E+00  
2.571275E+03  4.416225E+01  -4.400442E+01  -2.238339E-06  1.000000E+00  5.854667E-03  1.134247E-24  3.359661E-21   5.000000E-01 NotAppl  2.107949E-01  0.000000E+00  
4.699858E+02  4.710764E-03  1.442401E+02  1.262820E-04  1.000000E+00  1.191378E-03  4.064903E-24  3.430602E-16   5.000000E-01 NotAppl  4.403196E+00  0.000000E+00  
1.018210E+03  2.281831E-02  -2.152414E-02  -6.605464E-10  1.000000E+00  3.844164E-01  2.099450E-26  1.933918E-27   5.000000E-01 NotAppl  1.013057E-02  0.000000E+00  
9.741892E+01  6.027437E-01  -5.987145E-01  6.943652E-08  1.000000E+00  5.677295E-03  1.216744E-24  2.605871E-21   5.000000E-01 NotAppl  6.810871E+00  0.000000E+00  
8.786270E+03  5.178774E-03  2.983491E+01  4.045757E-02  1.000000E+00  1.953507E-02  2.410334E-25  9.022143E-14   5.000000E-01 NotAppl  1.312351E-02  0.000000E+00  
4.256909E+02  4.258169E+00  -4.253320E+00  -1.028942E-06  1.000000E+00  5.990270E-02  1.270087E-25  2.788787E-20   5.000000E-01 NotAppl  1.510338E-01  0.000000E+00  
5.734643E+01  5.890391E-01  -5.871760E-01  1.419463E-08  1.000000E+00  4.114523E-03  1.175821E-39  3.217476E-22   5.000000E-01 NotAppl  1.288794E-14  1.137933E-13  
5.809090E+02  7.405606E-03  1.131420E-01  1.853814E+00  1.000000E+00  5.415810E-03  2.359621E-24  4.793384E-08   0.000000E+00 LZ5Tmedian  2.116877E+00  0.000000E+00  
1.074775E+01  9.126543E-04  1.100955E-02  6.307506E-06  1.000000E+00  7.595216E-04  6.193387E-36  1.843798E-15   5.000000E-01 NotAppl  4.279975E-10  5.598371E-08  
1.317555E+02  3.103855E-01  8.324668E+02  1.744577E-05  1.000000E+00  1.611251E-03  2.777303E-24  8.858397E-17   5.000000E-01 NotAppl  1.109326E+01  0.000000E+00  
5.790613E+01  1.221480E+00  1.270047E+01  2.401926E-01  1.000000E+00  1.178738E-03  4.194611E-25  9.031956E-08   0.000000E+00 XENON1T_2018  4.556522E+00  3.539704E-01  
4.148134E+02  1.136870E+00  -5.525803E-01  -2.321978E-07  1.000000E+00  6.571878E-02  1.232416E-25  1.497446E-21   5.000000E-01 NotAppl  1.505390E-01  0.000000E+00  
5.487152E+03  1.700236E-04  9.382501E+01  8.822118E-03  1.000000E+00  2.099964E-03  2.338595E-24  1.116481E-14   5.000000E-01 NotAppl  2.052980E-01  0.000000E+00  
1.455535E+01  6.001977E+00  -6.001860E+00  -4.077739E-09  1.000000E+00  9.860080E-02  2.886835E-42  4.236925E-22   5.000000E-01 NotAppl  1.401328E-16  2.027295E-14  
8.097662E+03  3.424676E-01  -3.321411E-01  1.635624E-03  1.000000E+00  1.621593E+01  4.069124E-28  1.740451E-16   5.000000E-01 NotAppl  2.366919E-05  0.000000E+00  
1.618105E+03  2.987602E+00  -2.985975E+00  -3.873733E-08  1.000000E+00  4.971852E-01  1.362117E-26  2.585358E-24   5.000000E-01 NotAppl  4.079452E-03  0.000000E+00  
9.750485E+02  7.154324E+02  -6.551462E+02  -1.467874E-10  1.000000E+00  2.886841E-05  1.399687E-22  1.043298E-28   5.000000E-01 NotAppl  7.046347E+01  0.000000E+00  
1.281012E+03  3.628701E+02  -3.614087E+02  -4.713241E-03  1.000000E+00  1.244102E-04  5.751163E-23  6.163040E-14   5.000000E-01 NotAppl  2.184537E+01  0.000000E+00  
5.354154E+03  1.191412E-03  1.781936E+01  -4.534824E-08  1.000000E+00  5.233303E-02  8.624108E-26  3.100901E-25   5.000000E-01 NotAppl  7.760516E-03  0.000000E+00  
3.008430E+02  5.243863E+01  2.759578E+02  2.156719E-07  1.000000E+00  3.146721E-04  1.016436E-23  2.493409E-21   5.000000E-01 NotAppl  1.736990E+01  0.000000E+00  
1.755113E+01  2.012481E-01  5.177631E+01  7.874782E-03  1.000000E+00  1.810622E-03  1.139710E-29  1.088237E-09   2.035778E-29 LZ5Tmedian  4.471725E-04  6.717741E-02  
2.967278E+02  5.474541E-04  4.326359E-02  -7.674948E-02  1.000000E+00  3.555409E-02  2.414864E-25  3.247928E-10   2.755700E-05 LZ5Tmedian  4.205174E-01  0.000000E+00  
7.208102E+02  1.941564E-02  4.651716E+01  5.669743E-03  1.000000E+00  8.055167E-03  5.882655E-25  2.884792E-13   5.000000E-01 NotAppl  4.111731E-01  0.000000E+00  
2.990848E+03  1.078345E-03  4.290966E+00  -1.421491E-06  1.000000E+00  6.498080E-01  7.427286E-27  9.960554E-22   5.000000E-01 NotAppl  1.201584E-03  0.000000E+00  
1.370985E+02  2.035022E-02  6.006217E-01  9.776090E-10  1.000000E+00  8.936494E-03  8.845080E-25  2.563973E-25   5.000000E-01 NotAppl  3.469584E+00  0.000000E+00  
2.346951E+03  2.256614E+00  2.308128E+02  2.144286E-09  1.000000E+00  3.716534E-04  1.325108E-23  3.713173E-27   5.000000E-01 NotAppl  2.762628E+00  0.000000E+00  
4.610210E+01  4.145908E+01  -3.996372E+01  -6.864080E-09  1.000000E+00  3.768356E-04  3.307200E-41  1.173887E-22   5.000000E-01 NotAppl  4.564666E-16  4.451496E-14  
1.007603E+02  5.011873E-01  -4.924783E-01  1.145317E-08  1.000000E+00  5.842397E-03  1.231865E-24  6.616177E-23   5.000000E-01 NotAppl  6.649361E+00  0.000000E+00  
2.102792E+01  2.077343E-02  4.109862E-01  2.010861E-02  1.000000E+00  1.859755E-03  7.957521E-29  4.939343E-09   2.861291E-181 LZ5Tmedian  2.552778E-03  1.693538E-01  
5.395932E+01  1.577029E+01  2.762411E+02  5.515483E-09  1.000000E+00  1.254848E+00  6.833631E-41  5.499937E-23   5.000000E-01 NotAppl  8.010133E-16  2.193250E-14  
8.616253E+01  9.860419E-03  2.707040E-01  -2.686641E-06  1.000000E+00  5.631918E-03  7.092153E-25  5.017488E-18   5.000000E-01 NotAppl  4.594842E+00  0.000000E+00  
5.693396E+02  3.211129E+00  -3.210950E+00  8.015866E-07  1.000000E+00  1.077976E-01  7.209745E-26  9.338390E-21   5.000000E-01 NotAppl  6.339819E-02  0.000000E+00  
3.027012E+01  1.028096E+01  -1.027947E+01  1.160856E-02  1.000000E+00  9.760864E-03  3.454416E-29  7.891578E-10   4.032244E-42 LZ5Tmedian  7.445960E-04  3.987479E-02  
1.040403E+02  4.346338E-04  9.039315E-03  3.897976E-02  1.000000E+00  5.462837E-03  1.507744E-24  7.176567E-10   2.430087E-26 LZ5Tmedian  7.869696E+00  0.000000E+00  
2.657108E+02  1.165809E+01  -1.165722E+01  -7.227322E-04  1.000000E+00  1.796598E-02  3.612215E-25  3.610853E-14   5.000000E-01 NotAppl  7.027180E-01  0.000000E+00  
5.374912E+03  4.645351E-03  4.382243E-02  3.470593E-09  1.000000E+00  9.331217E+00  7.636928E-28  1.802015E-27   5.000000E-01 NotAppl  6.734241E-05  0.000000E+00  
4.357626E+02  1.043941E-03  9.935593E-02  -4.898244E+00  1.000000E+00  1.912422E-04  7.446083E-23  6.024724E-07   0.000000E+00 XENON1T_2018  1.003908E+02  0.000000E+00  
3.376067E+03  2.337844E+00  8.303759E-01  1.870272E-09  1.000000E+00  8.790370E-01  7.864519E-27  1.347467E-27   5.000000E-01 NotAppl  1.116232E-03  0.000000E+00  
1.055825E+01  1.876473E-04  6.985535E+01  3.266039E-02  1.000000E+00  4.360617E-04  1.646367E-28  5.118699E-08   1.800886E-254 LZ5Tmedian  1.161993E-02  2.727742E-01  
5.834827E+02  3.984459E-01  1.612533E+02  -2.492769E-09  1.000000E+00  9.222910E-04  5.259078E-24  8.589133E-26   5.000000E-01 NotAppl  4.567176E+00  0.000000E+00  
1.174082E+03  2.635630E-02  9.556808E+01  -4.337751E-07  1.000000E+00  2.092989E-03  2.280154E-24  6.236121E-22   5.000000E-01 NotAppl  9.672224E-01  0.000000E+00  
3.064118E+02  1.375268E+01  -1.263898E+01  -1.188384E-04  1.000000E+00  1.868897E-02  3.230677E-25  7.291380E-16   5.000000E-01 NotAppl  5.418542E-01  0.000000E+00  
1.466422E+03  9.515152E-02  9.752426E+00  9.321050E-06  1.000000E+00  1.374112E-01  3.617724E-26  1.829578E-19   5.000000E-01 NotAppl  1.215694E-02  0.000000E+00  
1.372443E+03  9.035733E+02  -9.035729E+02  -2.157716E-01  1.000000E+00  3.194530E-05  2.391113E-22  1.122203E-10   4.446826E-01 NotAppl  8.463110E+01  0.000000E+00  
4.192130E+01  3.494217E-02  2.400039E+02  5.788160E-05  1.000000E+00  3.109947E-04  1.622133E-33  1.012922E-14   5.000000E-01 NotAppl  2.466477E-08  3.549317E-06  
1.323564E+03  2.613849E+00  -2.613614E+00  2.353496E-05  1.000000E+00  4.339990E-01  1.649861E-26  1.437585E-18   5.000000E-01 NotAppl  6.076803E-03  0.000000E+00  
3.551954E+01  9.741257E-03  8.617450E+01  -1.431187E-09  1.000000E+00  5.353277E-04  6.620996E-43  8.672730E-24   5.000000E-01 NotAppl  1.201596E-17  2.407454E-15  
3.661397E+01  5.406330E-01  7.789676E+01  -2.580159E-06  1.000000E+00  1.956574E-04  2.281063E-36  2.650284E-17   5.000000E-01 NotAppl  4.008570E-11  7.674341E-09  
1.696864E+02  2.609437E-01  7.299071E+01  -6.862224E-04  1.000000E+00  3.865548E-03  1.379516E-24  8.159481E-14   5.000000E-01 NotAppl  4.272337E+00  0.000000E+00  
8.071146E+01  7.079345E+01  -6.810905E+01  -1.110410E-08  1.000000E+00  6.960110E-03  2.344175E-25  9.798803E-23   5.0000