MD1           DMP           DM3           l345          ld           Omegah2       sigV          protonSI      PvalDD        expName      CMB_ID        brH_DMDM      
1.935722E+03  2.817751E-01  2.062426E+00  -1.634622E-03  1.000000E+00  9.044308E-01  7.368399E-27  3.194891E-15   5.000000E-01 NotAppl  1.845682E-03  0.000000E+00  
2.137845E+03  3.417957E-01  -3.337710E-01  6.753644E-07  1.000000E+00  1.545892E+00  4.874889E-27  4.454614E-22   5.000000E-01 NotAppl  1.099020E-03  0.000000E+00  
8.524915E+01  3.548875E-03  4.925247E+02  1.671887E-09  1.000000E+00  4.418910E-03  6.821581E-25  1.985939E-24   5.000000E-01 NotAppl  4.467404E+00  0.000000E+00  
1.829355E+03  1.346795E-02  1.568621E+01  6.863731E-01  1.000000E+00  4.358550E-02  1.532657E-25  6.320569E-10   3.235122E-02 LZ5Tmedian  4.160188E-02  0.000000E+00  
1.181920E+02  7.813141E-04  -3.550293E-04  4.334777E-04  1.000000E+00  7.273500E-03  1.083925E-24  6.833311E-14   5.000000E-01 NotAppl  4.956163E+00  0.000000E+00  
1.916891E+02  1.891236E-04  8.809387E-03  1.227233E-07  1.000000E+00  1.642086E-02  5.157398E-25  2.032645E-21   5.000000E-01 NotAppl  1.408719E+00  0.000000E+00  
7.229871E+02  7.219331E+02  -6.923605E+02  5.774384E-03  1.000000E+00  3.988621E-05  1.086800E-22  2.973880E-13   5.000000E-01 NotAppl  7.455073E+01  0.000000E+00  
2.329783E+02  1.395010E-04  3.951936E-03  6.889585E-01  1.000000E+00  4.913525E-03  2.432017E-24  4.295341E-08   0.000000E+00 LZ5Tmedian  5.542683E+00  0.000000E+00  
5.815802E+02  1.846890E-04  7.856230E-04  1.359750E-01  1.000000E+00  1.137810E-01  7.827814E-26  2.572782E-10   1.309716E-02 LZ5Tmedian  6.812448E-02  0.000000E+00  
5.833783E+01  1.226165E-02  -1.098804E-02  3.005675E+00  1.000000E+00  1.453385E-03  5.505055E-24  1.393047E-05   0.000000E+00 XENON1T_2018  6.138782E+01  2.501688E-01  
1.705167E+01  3.060650E-02  -3.004647E-02  -2.801917E-10  1.000000E+00  1.984706E-03  1.429573E-44  1.459521E-24   5.000000E-01 NotAppl  5.791895E-19  1.078890E-16  
1.519407E+03  1.456185E+00  -1.455814E+00  -4.900419E-02  1.000000E+00  7.152260E-01  1.017193E-26  4.703864E-12   5.000000E-01 NotAppl  3.258853E-03  0.000000E+00  
1.288872E+02  2.413875E+00  3.260027E+01  -2.037720E-01  1.000000E+00  4.189852E-03  1.066523E-24  1.264329E-08   0.000000E+00 LZ5Tmedian  4.734900E+00  0.000000E+00  
3.568100E+02  1.785596E+00  1.701074E+02  -3.860308E-07  1.000000E+00  9.820231E-04  4.720006E-24  5.633161E-21   5.000000E-01 NotAppl  6.775736E+00  0.000000E+00  
2.697062E+03  2.247249E-02  1.855313E-02  2.614530E-01  1.000000E+00  1.590239E+00  5.387698E-27  4.159070E-11   5.000000E-01 NotAppl  9.820025E-04  0.000000E+00  
4.796343E+01  2.793878E-03  -1.015379E-03  -1.529681E-08  1.000000E+00  8.962672E-04  2.018298E-40  5.378397E-22   5.000000E-01 NotAppl  2.674231E-15  2.143021E-13  
2.976877E+01  1.716393E-01  6.508482E-01  5.405937E-04  1.000000E+00  2.508816E-03  7.353553E-32  1.770263E-12   5.000000E-01 NotAppl  1.614099E-06  3.639383E-04  
6.358862E+02  8.794860E+02  -8.794823E+02  -4.809669E+00  1.000000E+00  9.222634E-05  7.757254E-23  2.682053E-07   0.000000E+00 XENON1T_2018  6.279533E+01  0.000000E+00  
1.284952E+01  2.332795E-04  2.353120E+00  1.529363E-08  1.000000E+00  6.137267E-04  3.905839E-41  7.628785E-21   5.000000E-01 NotAppl  2.189979E-15  3.246899E-13  
3.046997E+02  2.634302E-02  4.795141E+01  1.002205E-09  1.000000E+00  7.045841E-03  7.302836E-25  5.245560E-26   5.000000E-01 NotAppl  1.230627E+00  0.000000E+00  
2.756913E+01  2.342636E-03  9.917598E-02  -3.734928E-09  1.000000E+00  2.700655E-03  3.256664E-42  9.869973E-23   5.000000E-01 NotAppl  7.766589E-17  1.788223E-14  
8.495022E+01  1.696288E+01  -1.693304E+01  -2.577720E-09  1.000000E+00  6.305820E-03  7.243693E-25  4.754990E-24   5.000000E-01 NotAppl  4.761886E+00  0.000000E+00  
4.712337E+02  3.338461E+00  -1.899848E+00  -5.585614E-01  1.000000E+00  2.309447E-02  4.079410E-25  6.675348E-09   1.008861E-60 LZ5Tmedian  4.707997E-01  0.000000E+00  
4.676044E+01  1.064713E+01  1.989722E+02  1.934856E-06  1.000000E+00  2.404328E-01  2.816829E-36  9.061886E-18   5.000000E-01 NotAppl  3.821693E-11  1.356460E-09  
5.063592E+03  2.429079E-01  -9.414447E-02  -2.176221E-07  1.000000E+00  7.915675E+00  9.005054E-28  7.998998E-24   5.000000E-01 NotAppl  8.434925E-05  0.000000E+00  
9.379503E+02  1.394629E-04  4.021655E+00  2.207554E-06  1.000000E+00  2.429703E-01  2.907301E-26  2.554148E-20   5.000000E-01 NotAppl  1.530629E-02  0.000000E+00  
1.794700E+03  2.043839E+00  -4.153326E-01  2.842953E-09  1.000000E+00  7.351244E-01  9.988645E-27  1.127467E-26   5.000000E-01 NotAppl  2.694996E-03  0.000000E+00  
1.761659E+03  2.715879E-01  1.513132E+02  -2.970199E+00  1.000000E+00  9.569140E-04  4.455703E-24  1.278154E-08   5.199565E-32 LZ5Tmedian  1.255990E+00  0.000000E+00  
1.108062E+01  4.164903E+00  -1.790464E+00  -2.056017E-02  1.000000E+00  2.617169E+00  6.672745E-29  1.845422E-08   1.622424E-114 LZ5Tmedian  4.449603E-03  2.078377E-01  
4.058141E+02  6.683082E+01  -6.653828E+01  9.775339E-08  1.000000E+00  2.861671E-03  2.251481E-24  2.775809E-22   5.000000E-01 NotAppl  2.821098E+00  0.000000E+00  
4.869537E+03  2.424366E-02  2.194378E+01  1.872728E-01  1.000000E+00  3.421177E-02  1.377095E-25  6.413330E-12   5.000000E-01 NotAppl  1.364554E-02  0.000000E+00  
1.679707E+01  1.109312E-04  1.626100E+02  -1.220004E-05  1.000000E+00  9.797110E-04  2.697561E-35  2.851457E-15   5.000000E-01 NotAppl  1.112093E-09  2.047893E-07  
7.585020E+01  2.450638E-01  -2.446290E-01  1.303250E-03  1.000000E+00  7.792937E-03  1.140570E-30  1.532433E-12   5.000000E-01 NotAppl  9.437652E-06  0.000000E+00  
4.799460E+01  3.202627E+00  -3.201399E+00  9.544208E-03  1.000000E+00  5.167095E-04  7.886144E-29  2.091012E-10   2.775201E-12 LZ5Tmedian  1.041249E-03  4.512281E-02  
2.531123E+01  7.483195E-04  6.851416E-02  -7.079592E-03  1.000000E+00  2.715897E-03  1.094289E-29  4.214441E-10   4.554732E-20 LZ5Tmedian  2.869159E-04  5.197298E-02  
3.534564E+01  1.173244E-02  9.023610E-01  7.270708E-03  1.000000E+00  5.263880E-04  1.693627E-29  2.260704E-10   2.666635E-13 LZ5Tmedian  3.084624E-04  4.816921E-02  
3.435602E+03  1.038579E+00  -1.038242E+00  7.468339E-01  1.000000E+00  5.613852E-01  1.790623E-26  2.073519E-10   5.000000E-01 NotAppl  2.576413E-03  0.000000E+00  
6.704598E+03  6.090824E+00  3.136469E+02  -2.849759E-06  1.000000E+00  1.947406E-04  2.632871E-23  7.752866E-22   5.000000E-01 NotAppl  1.885702E+00  0.000000E+00  
1.636774E+02  7.231857E-04  2.013347E+02  -1.548602E-10  1.000000E+00  1.689259E-03  2.831637E-24  4.474130E-27   5.000000E-01 NotAppl  9.036758E+00  0.000000E+00  
4.974389E+02  1.149164E+01  -7.228023E+00  8.155619E-02  1.000000E+00  2.956629E-02  2.107136E-25  1.274014E-10   8.199210E-02 LZ5Tmedian  2.138241E-01  0.000000E+00  
1.666158E+02  9.753779E+01  4.089552E+02  -3.811413E-04  1.000000E+00  4.621695E-04  6.605167E-24  2.613130E-14   5.000000E-01 NotAppl  2.101328E+01  0.000000E+00  
1.187237E+03  9.345865E+02  -6.973475E+02  1.615988E-03  1.000000E+00  1.599737E-05  2.382341E-22  8.460355E-15   5.000000E-01 NotAppl  9.799426E+01  0.000000E+00  
8.642018E+02  5.235013E-04  4.880238E-03  4.060414E-03  1.000000E+00  2.814817E-01  2.905201E-26  1.021369E-13   5.000000E-01 NotAppl  1.659906E-02  0.000000E+00  
3.243721E+01  4.383483E+00  -4.325577E+00  -1.861047E-05  1.000000E+00  4.731708E-03  9.684902E-35  1.763063E-15   5.000000E-01 NotAppl  1.937048E-09  3.392364E-07  
2.711170E+03  3.387417E-01  1.689345E+00  -1.002826E-10  1.000000E+00  1.526572E+00  4.170568E-27  6.054063E-30   5.000000E-01 NotAppl  7.408832E-04  0.000000E+00  
7.927816E+02  8.716561E-03  1.150416E+01  4.800902E+00  1.000000E+00  1.440921E-03  8.299834E-24  1.702931E-07   0.000000E+00 XENON1T_2018  5.336783E+00  0.000000E+00  
4.654346E+02  8.162205E+00  8.681664E+01  3.212752E-05  1.000000E+00  2.077820E-03  2.062517E-24  2.265094E-17   5.000000E-01 NotAppl  2.255710E+00  0.000000E+00  
2.553771E+02  2.734203E-03  3.718904E-01  -8.905583E-06  1.000000E+00  2.757412E-02  3.071349E-25  5.946569E-18   5.000000E-01 NotAppl  6.217156E-01  0.000000E+00  
3.571028E+01  1.504456E-04  9.062630E-01  -9.660321E-03  1.000000E+00  4.193587E-04  3.046492E-29  3.908621E-10   1.628014E-22 LZ5Tmedian  5.497421E-04  7.859624E-02  
6.752217E+01  1.640515E+00  -1.567038E+00  -3.220617E-03  1.000000E+00  8.543196E-03  5.479719E-29  1.186763E-11   2.694519E-01 NotAppl  5.102142E-04  0.000000E+00  
5.081520E+03  2.373915E-01  -2.346240E-01  -1.184926E-08  1.000000E+00  7.958540E+00  8.869071E-28  2.354459E-26   5.000000E-01 NotAppl  8.277205E-05  0.000000E+00  
4.153142E+01  1.128314E-03  1.970683E-01  -5.739188E-06  1.000000E+00  2.097410E-04  1.548369E-35  1.014964E-16   5.000000E-01 NotAppl  2.382669E-10  3.514867E-08  
2.559133E+02  2.487329E-01  -2.476727E-01  4.860792E+00  1.000000E+00  4.407649E-05  3.341994E-22  1.763965E-06   0.000000E+00 XENON1T_2018  7.908244E+02  0.000000E+00  
9.628948E+02  3.520479E+01  -3.520210E+01  6.951462E-09  1.000000E+00  9.055023E-03  7.224933E-25  2.400511E-25   5.000000E-01 NotAppl  3.684449E-01  0.000000E+00  
1.000542E+03  3.103115E-02  -2.861795E-02  -2.680748E-02  1.000000E+00  3.701328E-01  2.187291E-26  3.301116E-12   5.000000E-01 NotAppl  1.075168E-02  0.000000E+00  
6.784810E+03  3.630090E-01  -3.093894E-01  -8.371120E-09  1.000000E+00  1.216469E+01  5.576695E-28  6.530088E-27   5.000000E-01 NotAppl  3.880544E-05  0.000000E+00  
1.883399E+01  6.124279E-03  4.294010E+00  1.844643E-02  1.000000E+00  1.222902E-03  6.406772E-29  5.185087E-09   3.838637E-158 LZ5Tmedian  2.322929E-03  1.450872E-01  
3.691839E+03  3.361155E-01  2.884370E+02  4.285176E-06  1.000000E+00  2.415606E-04  2.079359E-23  5.897038E-21   5.000000E-01 NotAppl  2.728388E+00  0.000000E+00  
1.268223E+02  3.740066E+01  2.294601E+02  1.896045E-09  1.000000E+00  1.098416E-03  2.707298E-24  1.131483E-24   5.000000E-01 NotAppl  1.136391E+01  0.000000E+00  
5.632271E+03  1.689848E-03  2.413543E+02  -5.173171E-07  1.000000E+00  3.354125E-04  1.506483E-23  3.640628E-23   5.000000E-01 NotAppl  1.287857E+00  0.000000E+00  
1.786259E+01  3.268023E+01  -2.433204E+01  1.629999E-10  1.000000E+00  1.589643E+01  4.911398E-45  4.501373E-25   5.000000E-01 NotAppl  1.888515E-19  3.314987E-18  
2.968546E+02  3.779061E-03  4.959619E-01  1.551714E-04  1.000000E+00  3.650511E-02  2.318219E-25  1.326475E-15   5.000000E-01 NotAppl  4.010654E-01  0.000000E+00  
1.331455E+03  6.409007E+02  -5.721133E+02  -7.750564E-08  1.000000E+00  2.849097E-05  1.467043E-22  1.540308E-23   5.000000E-01 NotAppl  5.357910E+01  0.000000E+00  
6.600214E+02  3.806071E-03  2.611111E+01  -8.159220E-05  1.000000E+00  2.192757E-02  2.253131E-25  7.152699E-17   5.000000E-01 NotAppl  1.719772E-01  0.000000E+00  
4.171877E+01  1.906844E+02  -1.906568E+02  2.521012E-06  1.000000E+00  2.033370E-04  3.029645E-36  1.940544E-17   5.000000E-01 NotAppl  4.639808E-11  6.761890E-09  
2.536985E+02  1.958784E-04  1.281131E+00  -5.507571E-09  1.000000E+00  2.661413E-02  3.117997E-25  2.305309E-24   5.000000E-01 NotAppl  6.355110E-01  0.000000E+00  
6.335284E+03  1.767137E-01  4.499561E+02  -9.438644E-03  1.000000E+00  1.015941E-04  5.090193E-23  9.542561E-15   5.000000E-01 NotAppl  3.861377E+00  0.000000E+00  
8.145716E+03  7.852032E-04  6.239018E+02  -1.236157E-10  1.000000E+00  5.419768E-05  9.724495E-23  9.822515E-31   5.000000E-01 NotAppl  5.716539E+00  0.000000E+00  
4.447353E+02  2.803335E-03  7.362578E+02  1.484750E-04  1.000000E+00  1.729855E-04  2.872084E-23  5.309506E-16   5.000000E-01 NotAppl  3.292574E+01  0.000000E+00  
5.664805E+01  8.486223E+02  -8.070890E+02  -3.594839E-05  1.000000E+00  1.319121E+02  5.913709E-33  2.115831E-15   5.000000E-01 NotAppl  6.591424E-08  7.801249E-07  
1.162827E+02  4.185625E-03  7.808064E-02  6.518690E-07  1.000000E+00  7.074160E-03  1.103412E-24  1.597785E-19   5.000000E-01 NotAppl  5.130196E+00  0.000000E+00  
3.044991E+03  1.598191E-03  5.970340E-02  -8.023172E-05  1.000000E+00  3.111371E+00  2.374513E-27  3.059342E-18   5.000000E-01 NotAppl  3.730964E-04  0.000000E+00  
4.817230E+02  2.755168E-02  -2.742276E-02  -3.506684E+00  1.000000E+00  6.216924E-04  2.209852E-23  2.515180E-07   0.000000E+00 XENON1T_2018  2.616965E+01  0.000000E+00  
1.920622E+03  2.355245E-01  -2.349020E-01  3.086728E+00  1.000000E+00  1.930113E-02  6.297745E-25  1.157560E-08   9.986264E-27 LZ5Tmedian  1.671713E-01  0.000000E+00  
2.323694E+01  9.305045E-03  -7.260370E-03  1.288013E-03  1.000000E+00  2.815931E-03  3.432684E-31  1.657487E-11   2.026160E-01 NotAppl  9.875043E-06  2.180441E-03  
1.959895E+03  3.012178E-02  3.776257E+00  -1.135577E-06  1.000000E+00  5.925097E-01  9.620566E-27  1.503372E-21   5.000000E-01 NotAppl  2.388093E-03  0.000000E+00  
3.318132E+01  2.838838E+02  -2.820004E+02  4.949265E-04  1.000000E+00  1.029608E-02  7.075713E-32  1.190855E-12   5.000000E-01 NotAppl  1.379166E-06  2.884024E-04  
7.972965E+03  8.427025E-02  3.825610E+01  8.095046E-02  1.000000E+00  1.200513E-02  3.985423E-25  4.399691E-13   5.000000E-01 NotAppl  2.394236E-02  0.000000E+00  
1.118353E+02  3.051022E+02  -3.051004E+02  -4.825817E-06  1.000000E+00  1.734046E-03  3.249175E-24  9.485453E-18   5.000000E-01 NotAppl  1.596321E+01  0.000000E+00  
3.165538E+01  7.673864E-04  2.731167E+02  1.524126E-01  1.000000E+00  1.742826E-03  6.288200E-27  1.242440E-07   0.000000E+00 XENON1T_2018  1.291466E-01  3.294879E-01  
5.008405E+03  6.550960E-02  -6.456144E-02  -2.553813E-05  1.000000E+00  8.116675E+00  8.812161E-28  1.126377E-19   5.000000E-01 NotAppl  8.347432E-05  0.000000E+00  
2.583989E+03  9.087956E+01  1.302499E+01  -2.959786E-06  1.000000E+00  6.417969E-04  7.504032E-24  5.815704E-21   5.000000E-01 NotAppl  1.398727E+00  0.000000E+00  
5.195696E+01  2.658328E+00  -2.634420E+00  -2.382760E-08  1.000000E+00  2.099742E-03  8.663628E-40  1.108748E-21   5.000000E-01 NotAppl  1.052829E-14  3.990415E-13  
7.880096E+03  5.190901E+01  -4.888264E+01  -8.829377E-09  1.000000E+00  4.326533E-03  1.584063E-24  5.360172E-27   5.000000E-01 NotAppl  9.428062E-02  0.000000E+00  
2.619797E+02  6.150556E-04  -4.277858E-05  -1.300022E-05  1.000000E+00  2.916423E-02  2.926765E-25  1.202640E-17   5.000000E-01 NotAppl  5.768704E-01  0.000000E+00  
4.344757E+02  5.565679E+01  -5.395498E+01  -1.205635E-09  1.000000E+00  3.631022E-03  1.653626E-24  3.672112E-26   5.000000E-01 NotAppl  1.928627E+00  0.000000E+00  
2.444412E+02  3.610503E-02  2.978673E-01  6.938565E-06  1.000000E+00  2.539394E-02  3.330294E-25  3.948372E-18   5.000000E-01 NotAppl  7.056580E-01  0.000000E+00  
1.062532E+01  6.992496E-02  -5.656034E-02  -1.789819E-01  1.000000E+00  1.133464E-03  4.959425E-27  1.518291E-06   0.000000E+00 XENON1T_2018  3.474225E-01  2.487268E-01  
1.461738E+03  5.596730E-04  3.003464E-01  -1.695635E+00  1.000000E+00  3.433545E-02  3.448066E-25  6.094239E-09   1.111454E-18 LZ5Tmedian  1.221298E-01  0.000000E+00  
1.436453E+03  1.543410E-04  2.558415E+01  2.839705E-02  1.000000E+00  2.499369E-02  1.880304E-25  1.771149E-12   5.000000E-01 NotAppl  6.479320E-02  0.000000E+00  
7.300344E+03  6.666446E+01  1.420851E+02  1.582135E-05  1.000000E+00  4.117266E-04  1.403569E-23  2.010119E-20   5.000000E-01 NotAppl  9.183566E-01  0.000000E+00  
1.387928E+02  1.822470E+00  -1.808434E+00  6.210751E-10  1.000000E+00  8.558671E-03  8.746815E-25  1.009104E-25   5.000000E-01 NotAppl  3.389444E+00  0.000000E+00  
1.672673E+02  1.366179E-01  -1.735732E-02  -3.444948E-10  1.000000E+00  1.272545E-02  6.410625E-25  2.117778E-26   5.000000E-01 NotAppl  2.048342E+00  0.000000E+00  
4.742362E+03  2.752964E+02  -2.751394E+02  2.714512E-02  1.000000E+00  1.735300E-04  4.222995E-23  1.421957E-13   5.000000E-01 NotAppl  4.205189E+00  0.000000E+00  
9.209793E+01  2.638192E+02  -7.938818E+01  -2.961844E+00  1.000000E+00  2.678388E-05  1.274556E-22  5.319844E-06   0.000000E+00 XENON1T_2018  7.664680E+02  0.000000E+00  
3.578249E+03  5.781323E-01  -5.780227E-01  3.920615E-01  1.000000E+00  1.538992E+00  5.937862E-27  5.260400E-11   5.000000E-01 NotAppl  8.130683E-04  0.000000E+00  
2.439592E+03  1.116022E+00  1.148845E+01  7.196864E-04  1.000000E+00  1.022003E-01  4.712808E-26  3.865665E-16   5.000000E-01 NotAppl  9.427096E-03  0.000000E+00  
4.403635E+01  3.593808E-04  5.226270E-03  -4.907168E-10  1.000000E+00  1.093315E-04  1.388068E-43  6.586535E-25   5.000000E-01 NotAppl  2.009436E-18  2.440923E-16  
9.357162E+01  3.192067E+02  -3.188199E+02  9.790737E-02  1.000000E+00  1.605991E-03  3.207264E-24  5.626975E-09   1.812793E-218 LZ5Tmedian  1.888363E+01  0.000000E+00  
4.876688E+02  3.859113E+00  1.714037E+01  -1.270443E-01  1.000000E+00  2.912945E-02  1.689945E-25  3.219511E-10   1.590131E-03 LZ5Tmedian  1.765898E-01  0.000000E+00  
4.423446E+02  2.426435E-02  2.383947E+01  -5.030593E-09  1.000000E+00  2.139019E-02  2.524239E-25  6.162754E-25   5.000000E-01 NotAppl  2.898747E-01  0.000000E+00  
1.741725E+03  1.160131E-02  7.493269E+00  6.750963E-01  1.000000E+00  1.019509E-01  8.201058E-26  6.757984E-10   2.123763E-02 LZ5Tmedian  2.360274E-02  0.000000E+00  
6.017515E+02  6.903266E-01  -3.892216E-01  4.393172E-08  1.000000E+00  1.375364E-01  5.955874E-26  2.504790E-23   5.000000E-01 NotAppl  4.945389E-02  0.000000E+00  
2.591957E+01  5.684924E-01  -5.492331E-01  4.147104E-10  1.000000E+00  6.351556E-03  3.819847E-44  1.378441E-24   5.000000E-01 NotAppl  9.763035E-19  2.229519E-16  
1.488818E+02  9.510607E+00  8.000384E+02  1.189737E-05  1.000000E+00  8.640244E-04  3.732079E-24  3.206837E-17   5.000000E-01 NotAppl  1.312476E+01  0.000000E+00  
3.031850E+03  1.832675E-01  -1.824599E-01  -1.562415E-05  1.000000E+00  3.052549E+00  2.413948E-27  1.170447E-19   5.000000E-01 NotAppl  3.809876E-04  0.000000E+00  
8.740871E+03  8.973629E-04  6.068760E+01  -1.598590E-04  1.000000E+00  4.944048E-03  9.880303E-25  1.423486E-18   5.000000E-01 NotAppl  5.407936E-02  0.000000E+00  
9.028375E+03  2.953374E-01  1.325717E+02  -4.548609E-08  1.000000E+00  1.078777E-03  4.697991E-24  1.079183E-25   5.000000E-01 NotAppl  2.488573E-01  0.000000E+00  
2.401508E+03  8.389557E-03  3.783771E+01  -2.415808E-04  1.000000E+00  1.210986E-02  3.842894E-25  4.497579E-17   5.000000E-01 NotAppl  7.823260E-02  0.000000E+00  
1.353997E+01  9.961207E-02  -9.875904E-02  -5.346790E-02  1.000000E+00  1.863611E-03  4.855125E-28  8.407530E-08   0.000000E+00 XENON1T_2018  2.561287E-02  2.356780E-01  
3.734220E+01  2.130002E+01  -2.081168E+01  1.291234E-03  1.000000E+00  1.966676E-03  5.950852E-31  6.377272E-12   4.383457E-01 NotAppl  1.022509E-05  3.187314E-04  
1.009353E+01  1.081502E-04  7.152154E-04  -2.178729E-04  1.000000E+00  7.040390E-04  7.155887E-33  2.487206E-12   5.000000E-01 NotAppl  5.325320E-07  6.689863E-05  
7.058975E+02  6.029161E-04  1.258446E+01  -1.598066E-01  1.000000E+00  7.078995E-02  7.552130E-26  2.391815E-10   3.570596E-02 LZ5Tmedian  5.400615E-02  0.000000E+00  
8.417543E+01  9.845987E-02  -6.741847E-02  1.476667E-09  1.000000E+00  6.011741E-03  6.383905E-25  1.590001E-24   5.000000E-01 NotAppl  4.257959E+00  0.000000E+00  
6.504984E+02  6.865081E+02  -6.864592E+02  7.209211E-08  1.000000E+00  7.943347E-05  9.249085E-23  5.752375E-23   5.000000E-01 NotAppl  7.085119E+01  0.000000E+00  
8.752726E+03  1.306282E-01  7.250761E+00  -5.295649E-02  1.000000E+00  2.945233E-01  1.464168E-26  1.557837E-13   5.000000E-01 NotAppl  8.000732E-04  0.000000E+00  
3.417507E+02  1.352372E-02  1.073318E+00  -1.437558E-05  1.000000E+00  4.709300E-02  1.777966E-25  8.532851E-18   5.000000E-01 NotAppl  2.656256E-01  0.000000E+00  
5.293187E+01  1.891534E-04  2.559640E-01  6.669419E-09  1.000000E+00  2.491261E-03  8.103550E-41  8.363532E-23   5.000000E-01 NotAppl  9.691259E-16  3.376426E-14  
1.729908E+01  8.279360E+02  -8.279266E+02  -4.054572E-06  1.000000E+00  6.515273E-02  3.007224E-36  2.969560E-16   5.000000E-01 NotAppl  1.198754E-10  2.257225E-08  
2.670343E+01  6.516406E-04  1.018803E+02  -1.599078E-07  1.000000E+00  1.980902E-03  5.811735E-39  1.929738E-19   5.000000E-01 NotAppl  1.435775E-13  3.302442E-11  
7.994011E+03  5.226038E-04  8.044556E-03  2.459844E-05  1.000000E+00  2.020069E+01  3.451675E-28  4.040856E-20   5.000000E-01 NotAppl  2.036032E-05  0.000000E+00  
4.262974E+02  2.122671E-02  4.396605E+02  5.929708E-06  1.000000E+00  2.825975E-04  1.746220E-23  9.234969E-19   5.000000E-01 NotAppl  2.090328E+01  0.000000E+00  
1.964506E+03  1.776055E+01  1.843847E-01  2.704380E-02  1.000000E+00  2.383165E-02  2.822377E-25  8.485731E-13   5.000000E-01 NotAppl  6.959024E-02  0.000000E+00  
4.987602E+01  1.190597E+00  6.098949E+01  1.621517E+00  1.000000E+00  1.331276E-03  2.392414E-24  5.580790E-06   0.000000E+00 XENON1T_2018  3.064771E+01  3.420508E-01  
9.873456E+03  3.911117E+01  3.571921E+02  3.104903E-04  1.000000E+00  1.292460E-04  4.163159E-23  4.193072E-18   5.000000E-01 NotAppl  2.013453E+00  0.000000E+00  
1.317643E+02  9.038960E-02  1.143223E+01  -7.050555E-01  1.000000E+00  3.981937E-04  2.343304E-23  1.446645E-07   0.000000E+00 XENON1T_2018  1.100174E+02  0.000000E+00  
1.168433E+01  2.477833E-03  -2.332771E-03  -7.825883E-05  1.000000E+00  9.273751E-04  9.882969E-34  2.409155E-13   5.000000E-01 NotAppl  6.191852E-08  8.593934E-06  
3.809369E+02  7.820639E+01  7.414152E+01  -7.279434E-10  1.000000E+00  4.772346E-04  6.850262E-24  1.752039E-26   5.000000E-01 NotAppl  9.189542E+00  0.000000E+00  
9.730823E+01  4.816375E-03  6.508301E+01  -1.661110E-04  1.000000E+00  4.000826E-03  1.307175E-24  1.494810E-14   5.000000E-01 NotAppl  7.309630E+00  0.000000E+00  
7.175607E+02  1.541836E-02  -1.402014E-02  -2.207101E-10  1.000000E+00  1.977038E-01  4.190397E-26  4.412061E-28   5.000000E-01 NotAppl  2.900377E-02  0.000000E+00  
2.258559E+01  1.291466E-01  6.552359E+01  -5.649131E-03  1.000000E+00  2.115013E-03  6.501723E-30  3.376296E-10   2.332925E-14 LZ5Tmedian  1.930466E-04  3.789987E-02  
2.058183E+02  1.087667E-01  -1.077001E-01  -1.313893E-03  1.000000E+00  1.863377E-02  4.542190E-25  2.013871E-13   5.000000E-01 NotAppl  1.151744E+00  0.000000E+00  
1.592282E+01  1.923488E-03  1.125939E+02  1.438553E-05  1.000000E+00  9.003013E-04  3.689991E-35  4.410549E-15   5.000000E-01 NotAppl  1.615742E-09  2.858537E-07  
1.762224E+02  2.096972E+00  -2.078440E+00  -9.969063E-10  1.000000E+00  1.282878E-02  5.919465E-25  1.593668E-25   5.000000E-01 NotAppl  1.793495E+00  0.000000E+00  
1.635667E+02  2.488828E+00  -2.467146E+00  3.752222E-03  1.000000E+00  1.094533E-02  6.798129E-25  2.630317E-12   5.000000E-01 NotAppl  2.223364E+00  0.000000E+00  
5.564090E+03  9.457822E+01  -9.457808E+01  -1.619398E-07  1.000000E+00  1.345780E-03  5.194486E-24  3.656966E-24   5.000000E-01 NotAppl  4.398521E-01  0.000000E+00  
1.438717E+01  2.382882E-03  1.624795E+01  -5.653146E-08  1.000000E+00  7.558551E-04  5.529088E-40  8.333214E-20   5.000000E-01 NotAppl  2.719289E-14  2.502599E-12  
2.552047E+02  1.780977E-02  6.856560E+00  -1.450431E-05  1.000000E+00  2.316354E-02  3.225117E-25  1.579563E-17   5.000000E-01 NotAppl  6.531973E-01  0.000000E+00  
1.172600E+02  6.055034E+00  -1.472612E+00  1.890153E-02  1.000000E+00  3.415905E-03  1.263080E-24  1.320504E-10   5.217010E-05 LZ5Tmedian  5.825359E+00  0.000000E+00  
2.779066E+01  2.842376E+00  -2.787845E+00  -1.004615E+00  1.000000E+00  8.157594E-03  2.310396E-25  7.026230E-06   0.000000E+00 XENON1T_2018  5.468034E+00  2.548099E-01  
2.837077E+02  1.366563E+02  -1.357853E+02  1.562527E-09  1.000000E+00  9.910416E-04  6.238676E-24  1.475764E-25   5.000000E-01 NotAppl  1.138959E+01  0.000000E+00  
6.492373E+01  1.355379E+01  5.577603E+02  -4.862794E-02  1.000000E+00  6.963365E-02  5.562278E-26  2.931249E-09   1.896606E-144 LZ5Tmedian  5.390318E-01  0.000000E+00  
6.247538E+01  2.557849E-02  -2.546350E-02  -2.728392E-08  1.000000E+00  4.692419E-03  1.760724E-34  9.980936E-22   5.000000E-01 NotAppl  1.765485E-09  2.984281E-14  
6.276842E+01  2.240044E-01  4.748643E-01  -1.023949E-09  1.000000E+00  4.827095E-03  2.074742E-39  1.392408E-24   5.000000E-01 NotAppl  2.070296E-14  0.000000E+00  
1.244188E+01  1.560674E-02  2.772462E+01  5.194808E-05  1.000000E+00  6.228427E-04  4.457118E-34  9.380100E-14   5.000000E-01 NotAppl  2.594144E-08  1.016267E-06  
4.502959E+02  8.284380E+01  -8.284224E+01  -2.489198E-07  1.000000E+00  2.004498E-03  3.321440E-24  1.454879E-21   5.000000E-01 NotAppl  3.731979E+00  0.000000E+00  
2.069855E+01  9.656933E-02  -9.429127E-02  4.121962E-08  1.000000E+00  3.161772E-03  3.320456E-40  2.142344E-20   5.000000E-01 NotAppl  1.084505E-14  2.289939E-12  
8.252082E+01  3.739302E+02  3.227625E+02  -2.910085E-08  1.000000E+00  3.797490E-03  6.010652E-25  6.431477E-22   5.000000E-01 NotAppl  4.140848E+00  0.000000E+00  
2.336372E+03  5.651677E-01  4.817946E-01  6.888308E-05  1.000000E+00  1.625555E+00  4.511816E-27  3.867240E-18   5.000000E-01 NotAppl  9.297698E-04  0.000000E+00  
2.545997E+03  2.809654E-04  -1.330716E-04  1.679226E-10  1.000000E+00  2.206662E+00  3.392037E-27  1.929297E-29   5.000000E-01 NotAppl  6.396747E-04  0.000000E+00  
2.270485E+01  4.780408E-02  -2.589652E-02  7.226282E-10  1.000000E+00  2.981116E-03  1.066863E-43  5.466405E-24   5.000000E-01 NotAppl  3.149642E-18  6.949515E-16  
4.034243E+03  1.355862E-01  3.020133E+02  1.472470E-06  1.000000E+00  2.206644E-04  2.284353E-23  5.813391E-22   5.000000E-01 NotAppl  2.739393E+00  0.000000E+00  
5.364082E+01  1.024481E-03  5.150536E+01  4.933988E-02  1.000000E+00  2.787779E-03  5.110294E-27  4.454809E-09   8.043550E-239 LZ5Tmedian  6.006443E-02  2.808663E-01  
1.517811E+01  1.578952E+01  2.427488E+00  1.391576E-10  1.000000E+00  4.001363E+04  3.404090E-45  4.540106E-25   5.000000E-01 NotAppl  1.574898E-19  7.388675E-18  
8.818025E+03  6.201268E+01  -6.131112E+01  4.944211E-04  1.000000E+00  3.053121E-03  2.256232E-24  1.337588E-17   5.000000E-01 NotAppl  1.198505E-01  0.000000E+00  
1.928977E+01  3.207247E-02  6.703744E+00  -3.867214E-03  1.000000E+00  1.366004E-03  2.840775E-30  2.172276E-10   1.288580E-07 LZ5Tmedian  1.002512E-04  1.821403E-02  
1.356535E+03  4.641484E-03  -4.201272E-03  -2.740341E-09  1.000000E+00  6.628911E-01  1.188248E-26  1.853616E-26   5.000000E-01 NotAppl  4.270822E-03  0.000000E+00  
3.286210E+01  2.491022E+02  -2.479194E+02  1.563556E+00  1.000000E+00  3.440917E-03  6.658728E-25  1.212046E-05   0.000000E+00 XENON1T_2018  1.313127E+01  5.026027E-01  
8.208490E+03  2.443427E-02  -2.395543E-02  2.120447E-02  1.000000E+00  2.111468E+01  3.304418E-28  2.845503E-14   5.000000E-01 NotAppl  1.898127E-05  0.000000E+00  
5.359088E+03  8.603006E+01  -8.558738E+01  -2.999474E-01  1.000000E+00  1.635487E-03  4.220001E-24  1.354079E-11   5.000000E-01 NotAppl  3.712089E-01  0.000000E+00  
4.007273E+02  3.168755E+00  6.671660E+00  1.347827E-08  1.000000E+00  3.843473E-02  1.629605E-25  5.415072E-24   5.000000E-01 NotAppl  2.066026E-01  0.000000E+00  
1.039664E+02  1.785720E-03  7.916016E-01  -1.551052E-07  1.000000E+00  5.816197E-03  1.220881E-24  1.137950E-20   5.000000E-01 NotAppl  6.374778E+00  0.000000E+00  
6.291014E+01  1.502495E+01  -1.445717E+01  2.487458E-02  1.000000E+00  7.695980E-03  5.232040E-25  8.179411E-10   1.708466E-41 LZ5Tmedian  5.209776E+00  0.000000E+00  
1.028247E+03  5.163750E-01  7.236393E+00  -5.287445E-04  1.000000E+00  1.603137E-01  3.682773E-26  1.214585E-15   5.000000E-01 NotAppl  1.772799E-02  0.000000E+00  
8.993305E+02  3.696300E-03  6.120760E+02  1.323201E-10  1.000000E+00  1.047594E-04  4.923858E-23  9.999053E-29   5.000000E-01 NotAppl  2.746545E+01  0.000000E+00  
1.751335E+03  4.047771E+00  9.928218E+01  -2.611572E-07  1.000000E+00  1.760237E-03  2.729116E-24  1.000045E-22   5.000000E-01 NotAppl  7.680657E-01  0.000000E+00  
1.717500E+03  4.174434E+01  5.033358E+02  3.064724E-01  1.000000E+00  7.310014E-05  5.925961E-23  1.433070E-10   4.367984E-01 NotAppl  1.700993E+01  0.000000E+00  
3.049339E+01  3.806479E+01  -3.806450E+01  6.868096E-02  1.000000E+00  9.412398E-03  1.219195E-27  2.721548E-08   0.000000E+00 XENON1T_2018  2.606645E-02  4.608488E-01  
1.233496E+02  7.815919E+02  -7.806830E+02  4.663498E-07  1.000000E+00  1.068997E-03  4.670742E-24  7.245925E-20   5.000000E-01 NotAppl  2.078445E+01  0.000000E+00  
1.123744E+02  9.887011E-01  1.288153E+02  -6.428842E-02  1.000000E+00  3.423499E-03  1.265512E-24  1.666868E-09   1.093101E-56 LZ5Tmedian  6.027018E+00  0.000000E+00  
3.200253E+02  7.946184E+00  -7.945970E+00  6.287555E-06  1.000000E+00  2.921015E-02  2.375938E-25  1.867261E-18   5.000000E-01 NotAppl  3.804483E-01  0.000000E+00  
1.499036E+01  3.415330E-03  -2.857230E-03  -1.652403E-05  1.000000E+00  1.426363E-03  4.782049E-35  6.561961E-15   5.000000E-01 NotAppl  2.244164E-09  3.786440E-07  
1.897237E+02  4.357258E+00  -4.346427E+00  -1.970397E-09  1.000000E+00  1.332843E-02  5.415294E-25  5.351652E-25   5.000000E-01 NotAppl  1.495793E+00  0.000000E+00  
3.403953E+01  7.055976E-01  2.669087E+02  -7.415835E-08  1.000000E+00  1.032747E-03  1.652602E-39  2.538630E-20   5.000000E-01 NotAppl  3.133645E-14  6.545747E-12  
1.708060E+03  1.760938E+00  -1.755038E+00  -2.628227E-05  1.000000E+00  7.662826E-01  9.342104E-27  1.065834E-18   5.000000E-01 NotAppl  2.648787E-03  0.000000E+00  
6.132525E+02  4.161100E+00  -4.160752E+00  -3.813497E-03  1.000000E+00  1.124812E-01  6.674410E-26  1.815746E-13   5.000000E-01 NotAppl  5.434245E-02  0.000000E+00  
5.031023E+03  6.259553E+02  -6.258828E+02  -5.384656E-06  1.000000E+00  3.734091E-05  2.037120E-22  4.961842E-21   5.000000E-01 NotAppl  1.910420E+01  0.000000E+00  
3.727139E+03  1.108522E-04  4.254705E+00  -7.721119E-01  1.000000E+00  5.894574E-01  9.956492E-27  1.877798E-10   5.000000E-01 NotAppl  1.346406E-03  0.000000E+00  
2.798788E+01  5.356385E-02  1.229983E+00  -2.119670E-02  1.000000E+00  2.296659E-03  1.063149E-28  3.083530E-09   1.017396E-154 LZ5Tmedian  2.496364E-03  1.821345E-01  
1.329664E+03  2.083877E+00  -2.064100E+00  -1.581312E-01  1.000000E+00  5.083784E-01  1.407207E-26  6.429372E-11   5.000000E-01 NotAppl  5.244632E-03  0.000000E+00  
6.149918E+02  3.909135E-02  1.447200E-01  -1.883172E-03  1.000000E+00  1.470718E-01  5.673910E-26  4.402244E-14   5.000000E-01 NotAppl  4.606307E-02  0.000000E+00  
8.292674E+03  1.306238E-01  -1.066940E-01  -6.062230E-01  1.000000E+00  6.279363E+00  1.451802E-27  2.278080E-11   5.000000E-01 NotAppl  8.668107E-05  0.000000E+00  
1.397511E+01  4.519937E+02  -2.945909E+02  4.104425E-01  1.000000E+00  9.107023E-02  2.889082E-26  4.653406E-06   0.000000E+00 XENON1T_2018  1.469672E+00  9.957559E-01  
9.604684E+01  1.582773E-02  2.159542E+02  -9.425927E-08  1.000000E+00  3.547239E-03  1.304621E-24  4.943696E-21   5.000000E-01 NotAppl  7.398075E+00  0.000000E+00  
3.070816E+03  9.210249E-04  4.729269E+00  1.505426E-04  1.000000E+00  5.633144E-01  8.368089E-27  1.058740E-17   5.000000E-01 NotAppl  1.318906E-03  0.000000E+00  
2.178772E+02  7.368883E-04  1.557784E-03  -1.058520E-02  1.000000E+00  2.082201E-02  4.068293E-25  1.163162E-11   5.000000E-01 NotAppl  9.721760E-01  0.000000E+00  
1.454046E+01  3.914674E-02  -3.845109E-02  -2.238945E-08  1.000000E+00  1.603989E-03  8.700335E-41  1.279916E-20   5.000000E-01 NotAppl  4.228285E-15  6.964123E-13  
2.517150E+03  2.844517E-01  4.219379E+00  6.547514E-05  1.000000E+00  5.779968E-01  8.986590E-27  3.002003E-18   5.000000E-01 NotAppl  1.732320E-03  0.000000E+00  
5.463242E+02  2.090370E-03  2.865842E-01  -8.093182E-04  1.000000E+00  1.171553E-01  7.155985E-26  1.035737E-14   5.000000E-01 NotAppl  6.567084E-02  0.000000E+00  
1.508676E+02  3.495618E+01  4.888662E+02  -2.252334E-02  1.000000E+00  7.752130E-04  3.838181E-24  1.118521E-10   1.179718E-03 LZ5Tmedian  1.337533E+01  0.000000E+00  
5.171937E+01  7.727573E-04  2.686181E+02  6.428124E-05  1.000000E+00  2.398227E-03  6.055747E-33  8.145133E-15   5.000000E-01 NotAppl  7.394378E-08  3.313910E-06  
3.073018E+02  2.901107E-02  4.620944E+00  2.222771E-09  1.000000E+00  3.479773E-02  2.238605E-25  2.535750E-25   5.000000E-01 NotAppl  3.736059E-01  0.000000E+00  
1.780194E+02  1.625754E+01  -1.595974E+01  6.837299E-08  1.000000E+00  8.119052E-03  7.169617E-25  7.342216E-22   5.000000E-01 NotAppl  2.159707E+00  0.000000E+00  
1.405335E+03  2.302862E-02  2.033729E+01  -1.288325E-05  1.000000E+00  3.848370E-02  1.212454E-25  3.812040E-19   5.000000E-01 NotAppl  4.270341E-02  0.000000E+00  
8.054266E+01  5.237442E+02  -5.191357E+02  3.464969E-06  1.000000E+00  6.652050E-03  1.639128E-25  9.582154E-18   5.000000E-01 NotAppl  1.172664E+00  0.000000E+00  
8.623979E+01  2.111186E-03  1.152487E-03  -1.623170E-05  1.000000E+00  5.825491E-03  7.110306E-25  1.828091E-16   5.000000E-01 NotAppl  4.602437E+00  0.000000E+00  
9.790763E+03  3.695666E-01  1.612055E+00  2.781598E-06  1.000000E+00  3.601493E+00  1.371124E-27  3.423268E-22   5.000000E-01 NotAppl  6.665676E-05  0.000000E+00  
2.952378E+01  7.562992E-02  2.338426E+01  1.218405E-09  1.000000E+00  2.184655E-03  3.702473E-43  9.144203E-24   5.000000E-01 NotAppl  8.200407E-18  4.345237E-16  
4.777918E+03  4.811426E-03  8.345054E+01  -2.081266E-02  1.000000E+00  2.634245E-03  1.846033E-24  8.233073E-14   5.000000E-01 NotAppl  1.864843E-01  0.000000E+00  
2.151147E+01  5.457196E-04  9.208610E-05  -1.584006E-05  1.000000E+00  2.493095E-03  4.989428E-35  2.927993E-15   5.000000E-01 NotAppl  1.561216E-09  3.365104E-07  
5.994070E+02  1.581522E-03  1.305958E-01  2.253459E+00  1.000000E+00  4.073622E-03  3.180629E-24  6.643236E-08   0.000000E+00 LZ5Tmedian  2.754005E+00  0.000000E+00  
4.079191E+03  9.882980E-01  -9.870447E-01  -1.032081E-01  1.000000E+00  3.771220E+00  1.622982E-27  2.792392E-12   5.000000E-01 NotAppl  1.903287E-04  0.000000E+00  
8.542642E+02  3.833701E-04  2.879645E-02  4.849686E+00  1.000000E+00  1.951311E-03  6.885039E-24  1.491855E-07   0.000000E+00 LZ5Tmedian  4.116348E+00  0.000000E+00  
2.007464E+03  7.964104E-02  -5.506533E-03  -3.514189E-08  1.000000E+00  1.397437E+00  5.452977E-27  1.371078E-24   5.000000E-01 NotAppl  1.311287E-03  0.000000E+00  
3.423463E+02  9.879336E-02  1.240128E-01  -5.532351E-02  1.000000E+00  4.720962E-02  1.796611E-25  1.259258E-10   2.871921E-02 LZ5Tmedian  2.687203E-01  0.000000E+00  
5.851833E+01  1.897161E-01  2.863473E+02  -4.091176E-07  1.000000E+00  3.922491E-03  1.606146E-36  2.564726E-19   5.000000E-01 NotAppl  1.731520E-11  8.392615E-11  
1.680271E+02  5.534186E+02  -5.530537E+02  2.377523E-08  1.000000E+00  6.188613E-04  9.317316E-24  9.993788E-23   5.000000E-01 NotAppl  3.031930E+01  0.000000E+00  
2.689070E+02  1.179546E+01  2.364601E+01  4.747877E-02  1.000000E+00  5.321592E-03  7.379803E-25  1.520610E-10   4.530090E-03 LZ5Tmedian  1.417044E+00  0.000000E+00  
8.050354E+02  8.726852E-03  1.821203E+02  -5.294648E-05  1.000000E+00  6.972978E-04  7.055137E-24  2.007333E-17   5.000000E-01 NotAppl  4.408251E+00  0.000000E+00  
4.778621E+03  1.926766E+01  4.233857E+02  -1.257894E-07  1.000000E+00  1.044904E-04  4.835814E-23  3.006527E-24   5.000000E-01 NotAppl  4.883820E+00  0.000000E+00  
3.648921E+01  5.036702E+01  -3.982976E+01  -6.922356E-09  1.000000E+00  5.650415E-02  1.630536E-41  1.920958E-22   5.000000E-01 NotAppl  2.875520E-16  3.008702E-14  
4.018987E+02  2.818332E+02  -2.787984E+02  1.335583E-07  1.000000E+00  2.778855E-04  2.128634E-23  5.285467E-22   5.000000E-01 NotAppl  2.694697E+01  0.000000E+00  
8.583723E+03  1.146405E+02  -1.146343E+02  -5.044522E-03  1.000000E+00  9.294967E-04  7.659477E-24  1.470684E-15   5.000000E-01 NotAppl  4.180918E-01  0.000000E+00  
2.707623E+02  5.535738E+02  -5.534445E+02  -2.422171E-04  1.000000E+00  2.726748E-04  2.423307E-23  3.902226E-15   5.000000E-01 NotAppl  4.648835E+01  0.000000E+00  
5.839380E+01  2.183329E+02  -8.716054E+01  -3.583754E-01  1.000000E+00  2.419495E-04  1.160851E-24  1.976554E-07   0.000000E+00 XENON1T_2018  1.254027E+01  9.849434E-01  
1.686169E+02  1.996523E-04  3.434845E+00  -5.033205E-07  1.000000E+00  1.177629E-02  6.405772E-25  4.446831E-20   5.000000E-01 NotAppl  2.029169E+00  0.000000E+00  
6.503001E+03  6.615306E-01  -6.601997E-01  -1.829637E-08  1.000000E+00  8.113869E+00  7.799248E-28  3.400296E-26   5.000000E-01 NotAppl  5.659408E-05  0.000000E+00  
9.949149E+01  2.135987E-03  -1.284484E-03  8.381685E-04  1.000000E+00  5.806186E-03  1.232756E-24  3.636633E-13   5.000000E-01 NotAppl  6.744595E+00  0.000000E+00  
1.884048E+02  4.524129E+02  -4.520247E+02  4.803095E-06  1.000000E+00  5.340434E-04  1.136339E-23  3.225757E-18   5.000000E-01 NotAppl  3.196124E+01  0.000000E+00  
4.989350E+01  1.276446E-03  6.271881E-02  3.824305E-06  1.000000E+00  1.583934E-03  1.619159E-35  3.102040E-17   5.000000E-01 NotAppl  2.059699E-10  1.258169E-08  
9.834925E+03  3.375875E+02  -3.375657E+02  7.617832E-10  1.000000E+00  1.158096E-04  6.503742E-23  2.544173E-29   5.000000E-01 NotAppl  3.094006E+00  0.000000E+00  
4.794697E+01  9.199068E-03  -8.445315E-03  6.854799E-04  1.000000E+00  8.892231E-04  4.045041E-31  1.080798E-12   5.000000E-01 NotAppl  5.361553E-06  4.297800E-04  
2.593913E+02  4.878736E+01  -4.878540E+01  1.012837E-05  1.000000E+00  4.596274E-03  1.359856E-24  7.449823E-18   5.000000E-01 NotAppl  2.725065E+00  0.000000E+00  
1.543711E+02  5.643436E+02  -5.603204E+02  1.069716E+00  1.000000E+00  1.177187E-04  3.786964E-23  2.407010E-07   0.000000E+00 XENON1T_2018  1.385681E+02  0.000000E+00  
8.216619E+01  4.772237E+02  -3.122669E+02  6.155869E-04  1.000000E+00  3.983661E-03  5.532935E-25  2.903426E-13   5.000000E-01 NotAppl  3.837801E+00  0.000000E+00  
9.490513E+01  2.249622E-04  3.531983E+01  6.070235E-03  1.000000E+00  4.178727E-03  1.250977E-24  2.101161E-11   1.568387E-01 NotAppl  7.199496E+00  0.000000E+00  
4.599122E+01  1.173878E+01  -7.563423E+00  -2.368332E-04  1.000000E+00  3.372798E-03  3.892781E-32  1.404353E-13   5.000000E-01 NotAppl  5.386396E-07  1.796572E-05  
1.688742E+03  2.964992E+01  1.066016E+02  1.059857E-03  1.000000E+00  9.109052E-04  5.128389E-24  1.773893E-15   5.000000E-01 NotAppl  1.495157E+00  0.000000E+00  
3.514164E+02  2.366497E-02  1.689570E-01  2.451530E+00  1.000000E+00  1.273157E-03  1.046430E-23  2.343813E-07   0.000000E+00 XENON1T_2018  1.555715E+01  0.000000E+00  
6.475726E+03  4.713738E-04  3.540180E+02  -4.894616E-04  1.000000E+00  1.603174E-04  3.202262E-23  2.454332E-17   5.000000E-01 NotAppl  2.375714E+00  0.000000E+00  
4.158537E+03  1.988487E+02  -1.977122E+02  4.737372E-03  1.000000E+00  3.212420E-04  2.225224E-23  5.657259E-15   5.000000E-01 NotAppl  2.532479E+00  0.000000E+00  
4.383635E+01  4.060450E-04  2.365730E+01  5.063782E-02  1.000000E+00  2.342184E-04  1.452371E-27  7.078953E-09   0.000000E+00 LZ5Tmedian  2.107371E-02  2.955839E-01  
3.058781E+02  3.907296E-03  5.777770E-01  -2.337877E-02  1.000000E+00  3.865788E-02  2.178891E-25  2.831976E-11   4.109283E-01 NotAppl  3.655840E-01  0.000000E+00  
2.516729E+01  1.925841E+02  -1.916980E+02  -1.554481E-02  1.000000E+00  2.906342E-02  5.254733E-29  2.055386E-09   1.566099E-94 LZ5Tmedian  1.387679E-03  2.012380E-01  
4.588413E+01  4.748367E-01  -4.742952E-01  2.568601E-08  1.000000E+00  1.516066E-04  4.530060E-40  1.659763E-21   5.000000E-01 NotAppl  6.283882E-15  6.371910E-13  
1.688916E+01  2.444883E+00  -2.427102E+00  -2.359793E-08  1.000000E+00  6.338421E-02  1.010969E-40  1.055242E-20   5.000000E-01 NotAppl  4.140491E-15  7.473204E-13  
6.919405E+03  1.552289E+02  -1.552282E+02  8.077213E-04  1.000000E+00  5.176776E-04  1.391678E-23  5.841737E-17   5.000000E-01 NotAppl  9.447471E-01  0.000000E+00  
3.288136E+03  1.513685E+01  -1.716045E+00  9.706024E-03  1.000000E+00  3.909116E-02  1.861832E-25  3.829260E-14   5.000000E-01 NotAppl  2.706591E-02  0.000000E+00  
4.348718E+02  5.165767E-04  6.569711E+02  -5.640636E-08  1.000000E+00  1.935018E-04  2.561600E-23  8.022885E-23   5.000000E-01 NotAppl  3.004699E+01  0.000000E+00  
1.855368E+03  3.332846E-03  -2.117422E-03  -2.715979E-08  1.000000E+00  1.203775E+00  6.373232E-27  9.615928E-25   5.000000E-01 NotAppl  1.661421E-03  0.000000E+00  
5.778441E+03  6.086442E-01  1.796880E+01  2.919239E-08  1.000000E+00  4.951706E-02  9.377805E-26  1.100488E-25   5.000000E-01 NotAppl  7.809305E-03  0.000000E+00  
8.586531E+03  5.115797E-04  1.002777E+02  1.606810E-09  1.000000E+00  1.861540E-03  2.684316E-24  1.491145E-28   5.000000E-01 NotAppl  1.495971E-01  0.000000E+00  
1.727036E+01  5.276623E-03  9.549815E+02  -1.823030E-02  1.000000E+00  1.050822E-03  6.076272E-29  6.023255E-09   4.328349E-154 LZ5Tmedian  2.427661E-03  1.926759E-01  
8.476748E+02  1.894985E-04  3.842369E-01  -8.228039E-04  1.000000E+00  2.699603E-01  3.020950E-26  4.362747E-15   5.000000E-01 NotAppl  1.760748E-02  0.000000E+00  
5.969274E+01  2.817235E+02  -2.644414E+02  1.140491E-10  1.000000E+00  2.294819E+00  2.464686E-43  1.913910E-26   5.000000E-01 NotAppl  2.602832E-18  5.507548E-18  
1.037908E+01  8.337462E+02  -8.337426E+02  2.012412E-07  1.000000E+00  2.063305E-01  6.196716E-39  2.009475E-18   5.000000E-01 NotAppl  4.462506E-13  5.706285E-11  
2.244495E+02  3.686858E-04  8.828356E+01  -1.373688E-09  1.000000E+00  3.087489E-03  1.629757E-24  1.843199E-25   5.000000E-01 NotAppl  3.754633E+00  0.000000E+00  
1.735796E+01  1.849996E-03  9.905229E-04  -1.379215E-05  1.000000E+00  1.796641E-03  3.483556E-35  3.412851E-15   5.000000E-01 NotAppl  1.383296E-09  2.610346E-07  
9.141936E+01  1.299391E-04  1.216329E+01  2.093417E-08  1.000000E+00  4.533200E-03  8.889594E-25  2.698165E-22   5.000000E-01 NotAppl  5.388738E+00  0.000000E+00  
3.130711E+02  5.267704E+02  -5.267641E+02  3.887401E-07  1.000000E+00  2.299744E-04  2.958081E-23  7.466128E-21   5.000000E-01 NotAppl  4.869030E+01  0.000000E+00  
5.114446E+03  7.675920E-03  -1.389196E-03  -2.342070E-05  1.000000E+00  8.486162E+00  8.427046E-28  9.078334E-20   5.000000E-01 NotAppl  7.815034E-05  0.000000E+00  
6.120147E+01  3.943025E+00  -3.671260E+00  -5.494511E-02  1.000000E+00  4.753592E-05  2.613869E-25  4.221583E-09   4.924484E-214 LZ5Tmedian  2.691376E+00  3.336117E-01  
2.501281E+03  3.536362E+02  -1.609203E+02  3.039520E-09  1.000000E+00  5.221887E-05  7.306555E-23  6.553319E-27   5.000000E-01 NotAppl  1.400549E+01  0.000000E+00  
1.029439E+01  1.260156E+01  -1.258429E+01  1.327889E-03  1.000000E+00  2.097664E-01  2.686600E-31  8.890435E-11   4.066696E-01 NotAppl  1.953494E-05  1.504477E-03  
2.511944E+03  5.311558E-01  5.414516E+00  1.231743E-01  1.000000E+00  3.417778E-01  1.651768E-26  1.066913E-11   5.000000E-01 NotAppl  3.202729E-03  0.000000E+00  
4.975720E+03  1.495935E-04  4.669405E+01  -2.406762E-10  1.000000E+00  8.134183E-03  5.841419E-25  1.013801E-29   5.000000E-01 NotAppl  5.663331E-02  0.000000E+00  
2.730408E+01  2.566036E-04  1.337949E-02  -3.910908E-03  1.000000E+00  2.880687E-03  3.541036E-30  1.103543E-10   3.888003E-06 LZ5Tmedian  8.544015E-05  1.822577E-02  
2.633343E+03  4.488140E+00  -4.451562E+00  -3.997682E-09  1.000000E+00  4.010886E-01  1.503843E-26  1.020862E-26   5.000000E-01 NotAppl  2.730221E-03  0.000000E+00  
3.541649E+01  4.761652E-04  -8.119030E-05  -9.492577E-03  1.000000E+00  5.530389E-04  2.897307E-29  3.837896E-10   4.405591E-22 LZ5Tmedian  5.274328E-04  7.447165E-02  
4.693020E+01  3.942745E-04  2.084277E-01  -1.503073E-07  1.000000E+00  5.726311E-04  1.731823E-38  5.428451E-20   5.000000E-01 NotAppl  2.346896E-13  2.130454E-11  
2.630884E+01  2.535532E-02  6.362783E+01  2.026758E-01  1.000000E+00  2.053704E-03  9.229705E-27  3.194671E-07   0.000000E+00 XENON1T_2018  2.320864E-01  3.312025E-01  
1.087278E+03  1.114556E+01  1.725341E+02  2.388684E-01  1.000000E+00  5.821317E-04  8.056504E-24  2.211939E-10   1.337115E-01 NotAppl  3.697391E+00  0.000000E+00  
6.188020E+03  2.745295E+00  3.480853E+02  2.452230E-10  1.000000E+00  1.629969E-04  3.138727E-23  6.756553E-30   5.000000E-01 NotAppl  2.438604E+00  0.000000E+00  
8.588605E+02  1.977704E-04  8.071113E+00  4.314281E-07  1.000000E+00  1.293286E-01  4.684346E-26  1.167770E-21   5.000000E-01 NotAppl  2.710549E-02  0.000000E+00  
3.565532E+03  2.276061E-03  1.114772E-01  -8.710591E-08  1.000000E+00  4.206212E+00  1.735639E-27  2.615481E-24   5.000000E-01 NotAppl  2.322038E-04  0.000000E+00  
3.520173E+01  1.312951E-03  3.175288E-02  3.336984E-03  1.000000E+00  6.227238E-04  3.541584E-30  4.801707E-11   2.146859E-03 LZ5Tmedian  6.489135E-05  1.247883E-02  
9.344625E+02  3.761224E+01  -3.761203E+01  -4.146880E-04  1.000000E+00  8.009639E-03  8.190563E-25  9.081752E-16   5.000000E-01 NotAppl  4.308088E-01  0.000000E+00  
5.617007E+03  1.423179E-03  2.239285E-02  -9.794644E-04  1.000000E+00  1.017504E+01  6.988660E-28  1.312307E-16   5.000000E-01 NotAppl  5.893154E-05  0.000000E+00  
4.449403E+01  1.560246E+01  -1.559217E+01  -2.862337E+00  1.000000E+00  3.319278E-05  2.109416E-24  2.194301E-05   0.000000E+00 XENON1T_2018  3.101420E+01  3.633815E-01  
9.370542E+01  3.717813E+01  -3.717799E+01  4.260606E-02  1.000000E+00  3.020753E-03  1.833623E-24  1.062466E-09   8.517423E-42 LZ5Tmedian  1.074738E+01  0.000000E+00  
1.197376E+02  1.346951E+02  -1.346950E+02  4.817172E-02  1.000000E+00  1.751955E-03  3.352361E-24  8.217020E-10   6.383255E-27 LZ5Tmedian  1.534017E+01  0.000000E+00  
6.695036E+01  7.033177E+02  -7.362789E+01  -6.160743E-04  1.000000E+00  1.058080E+01  2.572917E-30  4.418689E-13   5.000000E-01 NotAppl  2.415865E-05  0.000000E+00  
1.055519E+03  1.106914E-02  9.306015E-02  -2.106997E-02  1.000000E+00  4.103913E-01  1.961537E-26  1.828350E-12   5.000000E-01 NotAppl  9.124258E-03  0.000000E+00  
1.408835E+01  2.906002E+00  3.944423E+02  6.362625E-06  1.000000E+00  6.808845E-01  6.959854E-36  1.100498E-15   5.000000E-01 NotAppl  3.507721E-10  5.490024E-08  
6.144624E+02  1.725494E+00  -1.723326E+00  -1.237573E-02  1.000000E+00  1.385800E-01  5.806749E-26  1.904584E-12   5.000000E-01 NotAppl  4.718887E-02  0.000000E+00  
3.196472E+01  2.839095E-03  7.299894E-01  -3.073443E-08  1.000000E+00  1.699534E-03  2.589197E-40  4.953625E-21   5.000000E-01 NotAppl  5.253939E-15  1.155826E-12  
1.191627E+02  6.778013E-01  -6.772299E-01  4.706617E-07  1.000000E+00  7.164805E-03  1.075329E-24  7.921964E-20   5.000000E-01 NotAppl  4.876140E+00  0.000000E+00  
5.741949E+03  2.760116E+00  -2.742329E+00  7.660090E-08  1.000000E+00  1.108773E+00  5.166312E-27  7.675491E-25   5.000000E-01 NotAppl  4.240256E-04  0.000000E+00  
7.381470E+03  9.085581E-01  -5.510893E-02  -1.164739E-07  1.000000E+00  6.327133E+00  1.089043E-27  1.065226E-24   5.000000E-01 NotAppl  6.965916E-05  0.000000E+00  
1.044125E+02  1.140897E-01  2.946217E+02  6.863056E-02  1.000000E+00  2.496593E-03  2.258042E-24  2.208482E-09   2.485778E-79 LZ5Tmedian  1.165605E+01  0.000000E+00  
1.316915E+02  1.410641E+02  -1.409598E+02  1.426810E-02  1.000000E+00  1.717082E-03  3.379552E-24  5.931162E-11   1.794527E-02 LZ5Tmedian  1.405923E+01  0.000000E+00  
3.653847E+01  1.336375E+01  6.008586E+02  6.995579E-01  1.000000E+00  1.558371E-02  1.665607E-25  1.956444E-06   0.000000E+00 XENON1T_2018  2.935510E+00  3.762436E-01  
4.044032E+01  4.887435E-04  1.866920E-01  -7.869140E-06  1.000000E+00  8.032926E-05  2.690262E-35  2.014285E-16   5.000000E-01 NotAppl  4.256976E-10  6.742319E-08  
2.705380E+03  4.079741E-03  -3.639005E-03  1.974412E-09  1.000000E+00  2.479863E+00  3.005123E-27  2.357012E-27   5.000000E-01 NotAppl  5.326703E-04  0.000000E+00  
1.215677E+02  4.145932E-04  6.395712E+00  1.218639E-05  1.000000E+00  6.350225E-03  1.074203E-24  5.097718E-17   5.000000E-01 NotAppl  4.764738E+00  0.000000E+00  
8.307144E+03  6.910501E-03  2.425283E+02  6.793855E-05  1.000000E+00  3.328784E-04  1.542588E-23  2.851012E-19   5.000000E-01 NotAppl  8.889631E-01  0.000000E+00  
1.637189E+03  7.830477E-03  8.446642E-02  8.497387E-02  1.000000E+00  8.920568E-01  8.893731E-27  1.214651E-11   5.000000E-01 NotAppl  2.647632E-03  0.000000E+00  
3.608157E+01  3.145459E-02  8.976811E-01  -1.078609E-09  1.000000E+00  3.200716E-04  3.873015E-43  4.771414E-24   5.000000E-01 NotAppl  6.912637E-18  1.348607E-15  
2.891359E+02  3.195648E-02  -2.963988E-02  -1.409390E-03  1.000000E+00  3.509132E-02  2.431756E-25  1.154963E-13   5.000000E-01 NotAppl  4.324192E-01  0.000000E+00  
9.073157E+02  2.273519E+01  1.713619E+02  -3.995235E-01  1.000000E+00  5.370773E-04  7.693346E-24  8.952673E-10   5.892602E-05 LZ5Tmedian  4.252357E+00  0.000000E+00  
1.143160E+01  5.540183E-04  7.936142E+02  2.064287E-10  1.000000E+00  5.013491E-04  6.816298E-45  1.749854E-24   5.000000E-01 NotAppl  4.381501E-19  5.984335E-17  
2.415790E+02  5.669626E+00  -5.658523E+00  1.469790E-04  1.000000E+00  1.977484E-02  3.613567E-25  1.814964E-15   5.000000E-01 NotAppl  7.755960E-01  0.000000E+00  
3.250523E+03  5.999894E-04  8.488413E+01  9.997810E-08  1.000000E+00  2.539067E-03  1.896865E-24  4.159206E-24   5.000000E-01 NotAppl  2.833536E-01  0.000000E+00  
1.108424E+03  1.338887E-01  2.752984E+00  2.772830E-04  1.000000E+00  3.624642E-01  2.001838E-26  2.865699E-16   5.000000E-01 NotAppl  8.870102E-03  0.000000E+00  
1.589380E+03  1.407012E+01  5.106905E+02  -2.409789E-03  1.000000E+00  9.076157E-05  5.262809E-23  1.037717E-14   5.000000E-01 NotAppl  1.636312E+01  0.000000E+00  
7.666155E+02  1.172608E+00  -1.018971E+00  3.069021E-07  1.000000E+00  2.139426E-01  3.762502E-26  7.452900E-22   5.000000E-01 NotAppl  2.432217E-02  0.000000E+00  
1.142671E+02  6.621403E-01  -5.562251E-01  -4.940513E-08  1.000000E+00  6.659968E-03  1.129745E-24  9.512809E-22   5.000000E-01 NotAppl  5.348169E+00  0.000000E+00  
2.424781E+02  3.937595E+01  2.887230E+02  -6.998874E-09  1.000000E+00  4.200073E-04  7.474066E-24  4.084216E-24   5.000000E-01 NotAppl  1.591671E+01  0.000000E+00  
3.325653E+02  1.372716E+00  -1.363049E+00  -1.304698E-01  1.000000E+00  3.981116E-02  2.130039E-25  7.431666E-10   4.405589E-10 LZ5Tmedian  3.325964E-01  0.000000E+00  
4.920546E+02  1.781789E-04  1.214537E-02  -1.100109E-07  1.000000E+00  9.631749E-02  8.772301E-26  2.370274E-22   5.000000E-01 NotAppl  8.973447E-02  0.000000E+00  
5.042322E+03  3.504749E+02  -3.504748E+02  -1.739422E-01  1.000000E+00  1.099701E-04  6.740223E-23  5.154140E-12   5.000000E-01 NotAppl  6.306729E+00  0.000000E+00  
1.346317E+03  2.651227E-01  -1.348482E-01  -1.466606E-10  1.000000E+00  6.490915E-01  1.210994E-26  5.391810E-29   5.000000E-01 NotAppl  4.386461E-03  0.000000E+00  
2.054459E+03  4.197488E-01  4.309263E-01  -1.435211E-01  1.000000E+00  1.323920E+00  5.711050E-27  2.181562E-11   5.000000E-01 NotAppl  1.357298E-03  0.000000E+00  
2.751189E+03  4.489060E+00  -6.314934E-01  2.992324E-06  1.000000E+00  3.797807E-01  1.879256E-26  5.231869E-21   5.000000E-01 NotAppl  3.276680E-03  0.000000E+00  
3.040257E+03  5.744671E-03  -5.628234E-03  -3.014435E-04  1.000000E+00  3.104545E+00  2.380882E-27  4.332345E-17   5.000000E-01 NotAppl  3.746887E-04  0.000000E+00  
3.839917E+03  5.330599E+00  -2.240323E+00  2.383646E-01  1.000000E+00  2.692563E-01  2.900753E-26  1.684357E-11   5.000000E-01 NotAppl  3.599382E-03  0.000000E+00  
5.985572E+03  2.672748E-04  4.785080E+01  -7.294736E-01  1.000000E+00  8.005234E-03  5.716325E-25  6.397052E-11   5.000000E-01 NotAppl  4.594943E-02  0.000000E+00  
1.059879E+03  3.856004E+00  -3.780754E+00  -5.944830E-02  1.000000E+00  2.709277E-01  2.510020E-26  1.443299E-11   5.000000E-01 NotAppl  1.163975E-02  0.000000E+00  
1.902926E+02  1.724853E+02  -1.724622E+02  -1.013235E-09  1.000000E+00  1.064168E-03  5.915110E-24  1.406487E-25   5.000000E-01 NotAppl  1.645392E+01  0.000000E+00  
3.807084E+01  4.048516E+01  -2.006026E+01  -6.787746E-05  1.000000E+00  6.296843E+01  1.716527E-33  1.694429E-14   5.000000E-01 NotAppl  2.889536E-08  1.595655E-06  
3.395153E+01  5.426084E+00  3.213863E+01  -2.670280E-02  1.000000E+00  2.967804E-03  2.133829E-28  3.308826E-09   8.155737E-183 LZ5Tmedian  4.063533E-03  3.821386E-01  
1.606816E+02  2.161965E-04  1.735669E-01  -1.678337E-08  1.000000E+00  1.195654E-02  6.856777E-25  5.457978E-23   5.000000E-01 NotAppl  2.282939E+00  0.000000E+00  
1.042224E+02  6.078989E+02  -6.078912E+02  -6.094082E-01  1.000000E+00  6.123614E-03  7.206929E-25  1.747826E-07   0.000000E+00 XENON1T_2018  3.713248E+00  0.000000E+00  
3.736251E+01  6.035764E+01  -5.938468E+01  -1.318220E+00  1.000000E+00  1.645488E-03  6.057641E-25  6.639280E-06   0.000000E+00 XENON1T_2018  1.039578E+01  5.045476E-01  
1.477270E+02  1.575819E-04  7.210099E+01  1.486217E-10  1.000000E+00  3.957676E-03  1.420328E-24  5.084781E-27   5.000000E-01 NotAppl  5.086270E+00  0.000000E+00  
6.202241E+03  2.799551E+02  -2.274884E+02  1.719213E-02  1.000000E+00  1.375499E-04  4.498260E-23  3.305491E-14   5.000000E-01 NotAppl  3.413043E+00  0.000000E+00  
1.220673E+02  1.160857E+02  -1.159531E+02  -3.671291E-10  1.000000E+00  2.131450E-03  2.681814E-24  4.587872E-26   5.000000E-01 NotAppl  1.202189E+01  0.000000E+00  
5.024263E+01  8.396531E-01  -8.391468E-01  2.898715E-04  1.000000E+00  1.588884E-03  9.778288E-32  1.757042E-13   5.000000E-01 NotAppl  1.234864E-06  7.020377E-05  
8.428303E+01  1.782728E-04  1.027482E+00  -9.918743E-09  1.000000E+00  5.356643E-03  6.432532E-25  7.154982E-23   5.000000E-01 NotAppl  4.281732E+00  0.000000E+00  
2.904426E+02  2.389852E+01  -2.389840E+01  9.109064E-07  1.000000E+00  1.150210E-02  5.367591E-25  4.780168E-20   5.000000E-01 NotAppl  9.535135E-01  0.000000E+00  
7.497521E+03  1.350960E-01  -7.371054E-02  -7.400928E-09  1.000000E+00  1.725043E+01  4.041492E-28  4.166721E-27   5.000000E-01 NotAppl  2.543375E-05  0.000000E+00  
1.750400E+02  1.207898E+01  -1.207851E+01  2.785272E-06  1.000000E+00  9.021217E-03  6.788652E-25  1.261297E-18   5.000000E-01 NotAppl  2.077074E+00  0.000000E+00  
3.948030E+03  1.431978E+00  -1.422583E+00  -1.119073E-02  1.000000E+00  2.430132E+00  2.555221E-27  3.508626E-14   5.000000E-01 NotAppl  3.075165E-04  0.000000E+00  
1.009046E+02  6.556325E-01  -6.401366E-01  3.862453E-08  1.000000E+00  5.805305E-03  1.233026E-24  7.502532E-22   5.000000E-01 NotAppl  6.645653E+00  0.000000E+00  
5.632113E+03  1.610317E+01  -1.609439E+01  -2.743727E-07  1.000000E+00  4.070131E-02  1.534135E-25  1.024163E-23   5.000000E-01 NotAppl  1.283124E-02  0.000000E+00  
2.470441E+02  6.980558E+02  -6.980553E+02  2.375070E-10  1.000000E+00  2.872821E-04  2.289730E-23  4.526972E-27   5.000000E-01 NotAppl  4.838958E+01  0.000000E+00  
2.395353E+02  1.108918E-01  1.270308E-01  -2.899116E-08  1.000000E+00  2.436768E-02  3.456837E-25  7.185346E-23   5.000000E-01 NotAppl  7.481536E-01  0.000000E+00  
9.358221E+02  8.076961E-03  4.931808E+02  -2.465773E-05  1.000000E+00  1.368613E-04  3.749329E-23  3.201428E-18   5.000000E-01 NotAppl  2.007735E+01  0.000000E+00  
1.302503E+02  2.127040E+00  -2.126557E+00  -8.869584E-01  1.000000E+00  1.983809E-04  4.898947E-23  2.344288E-07   0.000000E+00 XENON1T_2018  2.334388E+02  0.000000E+00  
3.547564E+03  8.251367E+02  -8.249252E+02  3.382964E-06  1.000000E+00  2.429432E-05  3.156948E-22  3.985799E-21   5.000000E-01 NotAppl  4.223207E+01  0.000000E+00  
1.414068E+03  3.616475E-04  1.118444E-03  -1.247150E-04  1.000000E+00  7.173734E-01  1.094097E-26  3.527412E-17   5.000000E-01 NotAppl  3.768292E-03  0.000000E+00  
2.921903E+02  1.626147E-01  5.169929E-01  1.018585E+00  1.000000E+00  3.960482E-03  3.039603E-24  5.904110E-08   0.000000E+00 XENON1T_2018  5.499222E+00  0.000000E+00  
5.594179E+02  1.846652E-04  3.897308E-02  3.870564E-01  1.000000E+00  5.481846E-02  1.912980E-25  2.256987E-09   6.957735E-18 LZ5Tmedian  1.780118E-01  0.000000E+00  
6.333283E+02  1.132239E+01  -1.132088E+01  1.201454E-05  1.000000E+00  5.174113E-02  1.268781E-25  1.687442E-18   5.000000E-01 NotAppl  9.988542E-02  0.000000E+00  
1.041645E+03  3.147491E+02  -3.147486E+02  1.674138E-04  1.000000E+00  1.732249E-04  4.229177E-23  1.185884E-16   5.000000E-01 NotAppl  1.988630E+01  0.000000E+00  
1.170888E+01  2.195696E+00  -1.221700E+00  2.389175E-02  1.000000E+00  2.647337E-01  9.218845E-29  2.236154E-08   1.460272E-174 LZ5Tmedian  5.760557E-03  1.775922E-01  
9.536747E+03  3.183424E-03  1.096219E+02  1.729780E-08  1.000000E+00  1.568762E-03  3.208566E-24  1.396409E-26   5.000000E-01 NotAppl  1.607959E-01  0.000000E+00  
1.985333E+02  3.484250E+00  1.251699E+00  -2.692416E-08  1.000000E+00  1.146900E-02  5.064327E-25  9.104741E-23   5.000000E-01 NotAppl  1.333468E+00  0.000000E+00  
6.456490E+02  8.681360E-01  -8.609522E-01  -5.181822E-04  1.000000E+00  1.577592E-01  5.203114E-26  3.017714E-15   5.000000E-01 NotAppl  4.016673E-02  0.000000E+00  
3.047886E+01  1.046993E+00  -1.019002E+00  2.518805E-09  1.000000E+00  4.081755E-03  1.639171E-42  3.663967E-23   5.000000E-01 NotAppl  3.506861E-17  7.817324E-15  
2.972172E+03  1.041288E-04  1.557208E-04  1.852313E-02  1.000000E+00  2.963691E+00  2.500686E-27  1.713017E-13   5.000000E-01 NotAppl  4.028642E-04  0.000000E+00  
8.373253E+02  3.816307E+02  -3.815743E+02  -4.867779E-06  1.000000E+00  1.397499E-04  5.252035E-23  1.565757E-19   5.000000E-01 NotAppl  3.094578E+01  0.000000E+00  
3.374546E+01  2.674509E-03  3.709836E+00  7.882543E-07  1.000000E+00  1.130766E-03  1.841676E-37  2.919157E-18   5.000000E-01 NotAppl  3.524818E-12  6.835399E-10  
3.854460E+03  1.998437E-01  -1.997202E-01  6.787280E-06  1.000000E+00  4.802441E+00  1.506179E-27  1.355197E-20   5.000000E-01 NotAppl  1.861454E-04  0.000000E+00  
5.256063E+01  8.563417E-04  -7.305029E-04  1.394662E-09  1.000000E+00  2.399699E-03  3.304849E-42  3.710077E-24   5.000000E-01 NotAppl  3.981559E-17  1.503368E-15  
8.424111E+02  4.647533E+00  1.223758E+00  4.607660E+00  1.000000E+00  1.501277E-03  7.125325E-24  1.385648E-07   0.000000E+00 LZ5Tmedian  4.312628E+00  0.000000E+00  
2.732997E+03  5.133441E+01  9.357429E+02  6.984783E-03  1.000000E+00  2.494279E-05  1.816502E-22  2.889426E-14   5.000000E-01 NotAppl  3.239436E+01  0.000000E+00  
2.069441E+03  3.863371E-01  4.787659E+00  -5.461430E-03  1.000000E+00  4.329531E-01  1.230203E-26  3.112574E-14   5.000000E-01 NotAppl  2.896642E-03  0.000000E+00  
2.160442E+01  2.438020E-02  3.086642E+02  1.160827E-06  1.000000E+00  1.602920E-03  2.685080E-37  1.558927E-17   5.000000E-01 NotAppl  8.367587E-12  1.806200E-09  
7.479138E+01  2.422044E+00  8.880849E+01  -4.691784E-09  1.000000E+00  1.258659E-02  1.766480E-41  2.043966E-23   5.000000E-01 NotAppl  1.482578E-16  0.000000E+00  
8.112548E+01  6.487896E-01  -6.381690E-01  3.427224E-10  1.000000E+00  7.051165E-03  3.386253E-25  9.237426E-26   5.000000E-01 NotAppl  2.394745E+00  0.000000E+00  
1.546181E+02  5.176914E+02  -5.072870E+02  -1.479432E+00  1.000000E+00  2.480097E-05  1.558688E-22  4.588888E-07   0.000000E+00 XENON1T_2018  6.320897E+02  0.000000E+00  
1.381291E+03  1.694985E+02  -1.463575E+02  1.398146E-02  1.000000E+00  3.445828E-04  1.507314E-23  4.650462E-13   5.000000E-01 NotAppl  5.301100E+00  0.000000E+00  
3.151577E+02  2.466079E-01  -2.383599E-01  -8.892932E-04  1.000000E+00  4.102896E-02  2.068120E-25  3.854429E-14   5.000000E-01 NotAppl  3.361866E-01  0.000000E+00  
9.791248E+03  9.794688E-03  8.581718E+02  -3.323431E-10  1.000000E+00  2.948021E-05  1.819029E-22  4.886323E-30   5.000000E-01 NotAppl  8.876213E+00  0.000000E+00  
1.292106E+02  3.214619E-03  5.311009E+00  -3.630254E-05  1.000000E+00  7.120411E-03  9.846093E-25  3.992216E-16   5.000000E-01 NotAppl  4.099778E+00  0.000000E+00  
3.117691E+03  4.726462E-01  -4.723645E-01  -1.026025E-01  1.000000E+00  3.011772E+00  2.389908E-27  4.768647E-12   5.000000E-01 NotAppl  3.690788E-04  0.000000E+00  
2.201750E+01  4.169038E-01  4.030130E+01  2.311619E-04  1.000000E+00  3.473912E-03  1.074601E-32  5.950820E-13   5.000000E-01 NotAppl  3.280313E-07  7.128997E-05  
1.802595E+03  6.471566E-01  -4.000546E-01  -5.625803E-08  1.000000E+00  1.083537E+00  7.014926E-27  4.375707E-24   5.000000E-01 NotAppl  1.883390E-03  0.000000E+00  
5.471538E+01  1.332630E-04  1.553684E+01  -1.097995E-08  1.000000E+00  3.000011E-03  3.219237E-40  2.118696E-22   5.000000E-01 NotAppl  3.719894E-15  8.323310E-14  
1.490696E+02  4.142123E-01  -2.023317E-01  5.196941E-06  1.000000E+00  1.021658E-02  7.767307E-25  6.103066E-18   5.000000E-01 NotAppl  2.793589E+00  0.000000E+00  
3.730105E+02  1.838723E+01  -1.447436E+01  2.632183E+00  1.000000E+00  4.878854E-04  1.302395E-23  2.391500E-07   0.000000E+00 XENON1T_2018  1.810829E+01  0.000000E+00  
3.366845E+01  1.628293E-04  3.104516E-01  4.123640E-09  1.000000E+00  1.176167E-03  5.022232E-42  8.026000E-23   5.000000E-01 NotAppl  9.650189E-17  2.045169E-14  
1.055365E+02  3.018391E-02  4.721672E+00  -9.594874E-09  1.000000E+00  5.274998E-03  1.227690E-24  4.222849E-23   5.000000E-01 NotAppl  6.307453E+00  0.000000E+00  
6.149181E+01  1.825955E+02  -1.697782E+02  2.609682E-06  1.000000E+00  5.967921E-01  9.734514E-34  9.431869E-18   5.000000E-01 NotAppl  9.971122E-09  1.740806E-09  
9.124503E+03  9.030367E+02  -9.029333E+02  -3.116198E-05  1.000000E+00  1.795596E-05  4.354817E-22  4.957334E-20   5.000000E-01 NotAppl  2.234717E+01  0.000000E+00  
7.312194E+02  6.861661E-04  -5.234129E-04  2.299243E-05  1.000000E+00  2.049318E-01  4.037633E-26  4.607187E-18   5.000000E-01 NotAppl  2.740693E-02  0.000000E+00  
2.587945E+02  2.202343E+00  -2.196421E+00  -5.841752E-02  1.000000E+00  2.647846E-02  2.981043E-25  2.490020E-10   1.048007E-04 LZ5Tmedian  5.973260E-01  0.000000E+00  
4.802632E+01  1.316975E-02  8.858127E+01  6.417136E-05  1.000000E+00  1.331713E-03  3.578698E-33  9.440060E-15   5.000000E-01 NotAppl  4.735331E-08  3.764255E-06  
1.004187E+01  2.953106E-04  1.902549E+02  1.752821E-08  1.000000E+00  4.005108E-04  4.618372E-41  1.626025E-20   5.000000E-01 NotAppl  3.457248E-15  4.331720E-13  
1.765670E+01  3.324076E+02  -3.324070E+02  -1.852858E-03  1.000000E+00  6.191510E-02  6.321825E-31  5.952832E-11   2.573177E-02 LZ5Tmedian  2.462670E-05  4.661762E-03  
3.556775E+02  3.900073E+01  -3.386235E+01  4.357776E-05  1.000000E+00  5.245916E-03  9.359997E-25  7.225435E-17   5.000000E-01 NotAppl  1.346285E+00  0.000000E+00  
3.625288E+01  9.614355E-01  2.396119E+00  -1.318552E-03  1.000000E+00  2.092673E-04  5.841193E-31  7.062132E-12   4.028738E-01 NotAppl  1.037325E-05  1.899997E-03  
2.774067E+01  6.509640E+00  -6.499609E+00  -5.206227E-02  1.000000E+00  1.450576E-02  6.362422E-28  1.893870E-08   0.000000E+00 XENON1T_2018  1.508519E-02  3.032364E-01  
2.069491E+01  2.491672E+00  -2.491007E+00  -6.147592E-07  1.000000E+00  3.555013E-02  7.385297E-38  4.767001E-18   5.000000E-01 NotAppl  2.412609E-12  4.912711E-10  
9.569603E+02  4.882644E+02  -4.881755E+02  4.773484E-04  1.000000E+00  9.119059E-05  8.145350E-23  1.146314E-15   5.000000E-01 NotAppl  4.180070E+01  0.000000E+00  
7.817178E+02  3.002926E+00  -2.224131E+00  6.792916E-06  1.000000E+00  1.854892E-01  4.088033E-26  3.508578E-19   5.000000E-01 NotAppl  2.589752E-02  0.000000E+00  
5.077638E+01  5.831030E-03  -1.746916E-04  -1.375951E-08  1.000000E+00  1.867634E-03  2.385584E-40  3.874576E-22   5.000000E-01 NotAppl  2.979559E-15  1.576852E-13  
2.149518E+03  4.597301E-04  2.410642E+01  2.141354E-07  1.000000E+00  2.867848E-02  1.598306E-25  4.428871E-23   5.000000E-01 NotAppl  3.644432E-02  0.000000E+00  
2.009615E+02  1.004829E+00  9.823763E+02  -2.548136E+00  1.000000E+00  3.383453E-05  2.759880E-22  7.954433E-07   0.000000E+00 XENON1T_2018  8.566281E+02  0.000000E+00  
2.760585E+03  6.011081E+01  -5.850773E+01  2.240542E-02  1.000000E+00  3.194682E-03  2.097972E-24  2.912938E-13   5.000000E-01 NotAppl  3.626042E-01  0.000000E+00  
7.319472E+03  1.381274E+00  1.281024E+01  -3.909872E-09  1.000000E+00  8.677700E-02  5.582236E-26  1.221099E-27   5.000000E-01 NotAppl  3.654986E-03  0.000000E+00  
1.204379E+02  1.122051E-04  3.305561E+01  -8.762942E-03  1.000000E+00  5.170111E-03  1.205752E-24  2.686816E-11   1.404707E-01 NotAppl  5.381453E+00  0.000000E+00  
5.251749E+01  1.147488E-03  9.170037E+02  4.340444E-10  1.000000E+00  2.574702E-03  3.175737E-43  3.599487E-25   5.000000E-01 NotAppl  3.829279E-18  1.458999E-16  
3.833007E+01  7.505401E-03  -6.304184E-03  2.529083E-03  1.000000E+00  5.770799E-05  2.421087E-30  2.320114E-11   4.934447E-02 LZ5Tmedian  4.053397E-05  7.012600E-03  
2.492429E+02  6.085976E-02  -5.385137E-02  1.831843E-09  1.000000E+00  2.653939E-02  3.210746E-25  2.644530E-25   5.000000E-01 NotAppl  6.666343E-01  0.000000E+00  
5.115554E+01  8.854771E-03  4.029129E+02  -1.736637E-08  1.000000E+00  2.275250E-03  4.031295E-40  6.079267E-22   5.000000E-01 NotAppl  4.979575E-15  2.475082E-13  
1.486808E+03  3.489991E+01  5.432208E+00  -6.266128E-09  1.000000E+00  4.736119E-03  1.136541E-24  8.038842E-26   5.000000E-01 NotAppl  3.734516E-01  0.000000E+00  
7.060989E+03  5.525918E+01  -5.525749E+01  -7.585033E-03  1.000000E+00  3.796454E-03  1.789051E-24  4.943810E-15   5.000000E-01 NotAppl  1.189857E-01  0.000000E+00  
5.655091E+03  7.035725E+02  -5.393787E+02  1.032946E-05  1.000000E+00  1.794681E-05  2.644576E-22  1.439622E-20   5.000000E-01 NotAppl  2.204039E+01  0.000000E+00  
6.958082E+03  5.576006E-04  1.431893E+01  -5.610665E-10  1.000000E+00  8.023958E-02  5.571578E-26  2.786951E-29   5.000000E-01 NotAppl  3.842106E-03  0.000000E+00  
1.929657E+02  9.351545E-01  -7.470554E-01  2.187302E-10  1.000000E+00  1.576674E-02  5.119289E-25  6.369671E-27   5.000000E-01 NotAppl  1.388688E+00  0.000000E+00  
5.720362E+02  3.156129E+02  -3.155981E+02  1.547363E-02  1.000000E+00  2.233131E-04  3.208462E-23  3.446356E-12   5.000000E-01 NotAppl  2.807306E+01  0.000000E+00  
3.612697E+02  5.949358E-03  7.902416E-01  -4.311437E-03  1.000000E+00  5.275473E-02  1.594229E-25  6.850315E-13   5.000000E-01 NotAppl  2.248395E-01  0.000000E+00  
1.498803E+03  7.725813E-03  5.386579E-01  -1.211619E-10  1.000000E+00  7.873005E-01  9.827637E-27  2.956725E-29   5.000000E-01 NotAppl  3.189013E-03  0.000000E+00  
6.476365E+01  5.306758E+01  7.446564E+02  -6.450238E-03  1.000000E+00  3.340628E+00  1.124308E-27  5.183477E-11   2.852014E-03 LZ5Tmedian  1.092118E-02  0.000000E+00  
2.311471E+02  5.507302E-04  7.175959E+01  1.662859E-08  1.000000E+00  3.994247E-03  1.284933E-24  2.542985E-23   5.000000E-01 NotAppl  2.873487E+00  0.000000E+00  
5.244312E+03  2.176644E+00  2.436448E+01  -2.169377E-07  1.000000E+00  2.545714E-02  1.928600E-25  7.401808E-24   5.000000E-01 NotAppl  1.772060E-02  0.000000E+00  
2.629345E+03  5.259950E+02  -5.259901E+02  1.728589E-05  1.000000E+00  5.661322E-05  1.326960E-22  1.914600E-19   5.000000E-01 NotAppl  2.410322E+01  0.000000E+00  
1.040475E+01  2.823709E+00  1.307373E+01  1.687778E+00  1.000000E+00  8.439901E-03  3.702466E-25  1.406640E-04   0.000000E+00 XENON1T_2018  2.660143E+01  2.544689E-01  
2.343660E+02  1.042225E-02  -6.625997E-03  -1.042749E-08  1.000000E+00  2.370656E-02  3.595239E-25  9.720481E-24   5.000000E-01 NotAppl  7.960442E-01  0.000000E+00  
5.014672E+01  6.714672E-03  -6.603688E-03  3.066700E-06  1.000000E+00  1.662767E-03  1.079379E-35  1.974263E-17   5.000000E-01 NotAppl  1.365840E-10  8.018209E-09  
1.618859E+03  5.225863E+00  -4.751155E+00  1.806712E-01  1.000000E+00  2.001279E-01  3.800407E-26  5.618587E-11   5.000000E-01 NotAppl  1.142216E-02  0.000000E+00  
1.578851E+03  2.273235E-01  2.057794E-02  1.365676E-01  1.000000E+00  7.383280E-01  1.119686E-26  3.378320E-11   5.000000E-01 NotAppl  3.478699E-03  0.000000E+00  
2.455852E+03  1.583773E-02  4.986716E+01  -4.065133E-06  1.000000E+00  7.107567E-03  6.616592E-25  1.216779E-20   5.000000E-01 NotAppl  1.316571E-01  0.000000E+00  
8.140156E+01  1.992321E-04  9.344779E-05  3.029777E-04  1.000000E+00  6.152737E-03  3.908222E-25  7.169230E-14   5.000000E-01 NotAppl  2.749009E+00  0.000000E+00  
1.168504E+01  3.330869E-01  1.810284E+02  1.918500E-05  1.000000E+00  1.807378E-03  5.939567E-35  1.447670E-14   5.000000E-01 NotAppl  3.720977E-09  5.163686E-07  
1.770651E+01  2.349950E-01  1.897383E+01  -3.160009E-03  1.000000E+00  1.985683E-03  1.840544E-30  1.721749E-10   2.372835E-05 LZ5Tmedian  7.147230E-05  6.045345E-03  
3.329843E+01  6.012553E+01  -6.008337E+01  -1.836294E-06  1.000000E+00  5.554619E-03  9.791567E-37  1.627638E-17   5.000000E-01 NotAppl  1.903804E-11  4.077507E-09  
5.255642E+01  1.058958E-01  1.399843E+02  1.133376E+00  1.000000E+00  1.605553E-03  2.046839E-24  2.450551E-06   0.000000E+00 XENON1T_2018  2.473387E+01  3.341592E-01  
1.569400E+03  4.496530E-01  -4.436557E-01  9.533257E-05  1.000000E+00  8.562986E-01  9.013931E-27  1.666497E-17   5.000000E-01 NotAppl  2.789399E-03  0.000000E+00  
1.133362E+03  8.833664E+01  -8.670963E+01  3.861017E-01  1.000000E+00  1.402867E-03  4.775699E-24  5.309693E-10   9.701890E-03 LZ5Tmedian  2.059331E+00  0.000000E+00  
4.190578E+01  2.616518E+01  -2.610283E+01  -1.724754E-10  1.000000E+00  1.811672E-04  1.438357E-44  9.000704E-26   5.000000E-01 NotAppl  2.192466E-19  3.153755E-17  
4.776760E+03  1.947575E-03  3.337450E-01  -8.413840E-08  1.000000E+00  7.023011E+00  9.963275E-28  1.346198E-24   5.000000E-01 NotAppl  9.907624E-05  0.000000E+00  
4.111844E+01  5.672847E+01  -5.672798E+01  -3.780523E-05  1.000000E+00  3.058260E-04  6.515947E-34  4.494504E-15   5.000000E-01 NotAppl  1.013147E-08  1.538017E-06  
3.108302E+02  5.485055E+01  4.173166E+02  6.773556E-05  1.000000E+00  2.292150E-04  1.400029E-23  2.300372E-16   5.000000E-01 NotAppl  2.313701E+01  0.000000E+00  
4.781691E+03  5.653800E-04  -2.717519E-04  -9.783873E-04  1.000000E+00  7.449187E+00  9.638866E-28  1.816482E-16   5.000000E-01 NotAppl  9.570137E-05  0.000000E+00  
7.534752E+02  6.665575E+01  -6.632476E+01  1.744672E-04  1.000000E+00  2.771199E-03  2.399287E-24  2.495122E-16   5.000000E-01 NotAppl  1.576578E+00  0.000000E+00  
1.572571E+02  1.104559E-01  -7.872511E-02  5.460795E-05  1.000000E+00  1.152179E-02  7.107030E-25  6.038978E-16   5.000000E-01 NotAppl  2.419201E+00  0.000000E+00  
1.375440E+02  6.890284E+00  4.155597E+00  -4.236685E-07  1.000000E+00  4.022712E-03  9.742284E-25  4.783511E-20   5.000000E-01 NotAppl  3.807270E+00  0.000000E+00  
9.583903E+03  4.121526E-04  9.270625E-04  -1.386720E-03  1.000000E+00  2.875127E+01  2.401718E-28  8.885034E-17   5.000000E-01 NotAppl  1.179336E-05  0.000000E+00  
1.114002E+03  1.356055E+00  -1.097853E+00  2.157953E+00  1.000000E+00  1.261702E-02  9.531490E-25  1.717985E-08   5.529184E-67 LZ5Tmedian  4.405812E-01  0.000000E+00  
1.250934E+01  5.041037E-01  -5.037774E-01  -1.713063E-03  1.000000E+00  8.081544E-03  4.856010E-31  1.009214E-10   9.726908E-02 LZ5Tmedian  2.809122E-05  4.055413E-03  
1.514435E+03  1.187149E+01  -1.151119E+01  1.541882E+00  1.000000E+00  1.760592E-02  5.523601E-25  4.688065E-09   4.631642E-14 LZ5Tmedian  1.816432E-01  0.000000E+00  
1.881343E+01  2.506998E+00  -2.455840E+00  -3.664348E-06  1.000000E+00  4.728438E-02  2.527160E-36  2.050572E-16   5.000000E-01 NotAppl  9.173899E-11  1.773088E-08  
5.884276E+03  6.284496E+01  -6.284429E+01  4.096696E-03  1.000000E+00  2.958051E-03  2.309280E-24  2.088783E-15   5.000000E-01 NotAppl  1.847543E-01  0.000000E+00  
2.345847E+02  2.902350E+00  3.651019E+01  6.516697E-03  1.000000E+00  6.872913E-03  7.148279E-25  3.789246E-12   5.000000E-01 NotAppl  1.576978E+00  0.000000E+00  
2.516220E+02  1.259748E-02  4.971636E-03  1.027690E+00  1.000000E+00  3.084805E-03  4.047570E-24  8.162902E-08   0.000000E+00 XENON1T_2018  8.510833E+00  0.000000E+00  
7.239517E+01  8.077059E+02  -8.075269E+02  8.317755E-10  1.000000E+00  1.735339E-02  8.824200E-43  6.865884E-25   5.000000E-01 NotAppl  7.652219E-18  0.000000E+00  
2.645359E+01  4.044080E-04  4.747148E+01  2.419653E-07  1.000000E+00  1.964948E-03  1.320774E-38  4.503126E-19   5.000000E-01 NotAppl  3.300274E-13  7.577112E-11  
1.947585E+03  1.523671E+01  3.950026E+02  1.058895E-08  1.000000E+00  1.311541E-04  3.662390E-23  1.324081E-25   5.000000E-01 NotAppl  9.244956E+00  0.000000E+00  
1.299892E+02  3.263521E-04  -1.935918E-04  -4.698201E-03  1.000000E+00  8.500529E-03  9.395821E-25  6.604720E-12   5.000000E-01 NotAppl  3.891745E+00  0.000000E+00  
1.539133E+03  4.176379E+02  -4.176075E+02  -1.070678E-04  1.000000E+00  9.615048E-05  7.732833E-23  2.187175E-17   5.000000E-01 NotAppl  2.432463E+01  0.000000E+00  
1.798385E+01  9.283077E+02  -8.173135E+02  1.448986E+00  1.000000E+00  7.597502E-03  3.863977E-25  3.509301E-05   0.000000E+00 XENON1T_2018  1.475131E+01  9.996520E-01  
2.501366E+03  7.005924E+00  3.521792E+02  -3.613489E-10  1.000000E+00  1.651415E-04  3.006595E-23  9.261360E-29   5.000000E-01 NotAppl  5.872006E+00  0.000000E+00  
1.167865E+01  6.831423E-02  -6.737699E-02  3.768605E-10  1.000000E+00  1.323542E-03  2.291390E-44  5.592095E-24   5.000000E-01 NotAppl  1.436414E-18  1.992988E-16  
2.319081E+02  1.499148E+00  3.479762E+01  9.748588E-03  1.000000E+00  7.918834E-03  6.762329E-25  8.681443E-12   5.000000E-01 NotAppl  1.509830E+00  0.000000E+00  
8.924234E+03  2.499719E+01  3.003287E+01  -6.077953E-08  1.000000E+00  5.803097E-03  1.181164E-24  1.972806E-25   5.000000E-01 NotAppl  6.289623E-02  0.000000E+00  
4.087644E+02  1.292343E+01  -1.292066E+01  5.853981E-08  1.000000E+00  2.979169E-02  2.190765E-25  9.808241E-23   5.000000E-01 NotAppl  2.720393E-01  0.000000E+00  
2.035986E+03  6.872012E+02  -6.871952E+02  1.232877E-06  1.000000E+00  3.887725E-05  1.954977E-22  1.639712E-21   5.000000E-01 NotAppl  4.614589E+01  0.000000E+00  
4.086204E+01  1.067059E-01  -1.063732E-01  -2.844301E-03  1.000000E+00  1.347607E-04  3.621075E-30  2.576644E-11   3.512500E-02 LZ5Tmedian  5.667837E-05  8.477521E-03  
2.399763E+01  1.377150E-03  -8.626170E-04  4.541443E+00  1.000000E+00  2.666010E-03  3.665851E-25  1.931090E-04   0.000000E+00 XENON1T_2018  1.038735E+01  2.499987E-01  
2.927203E+01  1.108282E+01  -9.675116E+00  1.945856E-09  1.000000E+00  1.876663E-02  9.359307E-43  2.373078E-23   5.000000E-01 NotAppl  2.089928E-17  1.895484E-15  
1.042412E+02  3.411329E+02  -1.668255E+02  -9.928853E-01  1.000000E+00  7.280562E-04  4.562671E-24  4.637875E-07   0.000000E+00 XENON1T_2018  2.395179E+01  0.000000E+00  
2.853760E+01  7.518463E+00  -3.030649E+00  -1.971491E-04  1.000000E+00  9.716150E-02  9.366819E-33  2.564562E-13   5.000000E-01 NotAppl  2.153070E-07  2.858123E-05  
5.884707E+03  7.796629E-04  9.019765E-01  -1.373609E-02  1.000000E+00  6.883694E+00  8.413453E-28  2.347941E-14   5.000000E-01 NotAppl  6.795841E-05  0.000000E+00  
6.955714E+03  4.650002E-02  -4.424818E-02  -3.780096E-05  1.000000E+00  1.535742E+01  4.570841E-28  1.265921E-19   5.000000E-01 NotAppl  3.103782E-05  0.000000E+00  
4.674760E+03  1.099553E-03  6.138869E+00  -2.707871E-06  1.000000E+00  3.898212E-01  1.117532E-26  1.456927E-21   5.000000E-01 NotAppl  1.152450E-03  0.000000E+00  
1.097380E+03  1.069650E-03  -1.890484E-04  -1.085194E-09  1.000000E+00  4.431586E-01  1.809900E-26  4.479952E-27   5.000000E-01 NotAppl  8.086656E-03  0.000000E+00  
5.839467E+01  1.926505E+00  -1.926343E+00  1.797657E-02  1.000000E+00  2.199931E-03  2.922182E-27  4.973160E-10   2.074673E-26 LZ5Tmedian  3.143630E-02  9.012541E-02  
7.822043E+03  1.236405E-02  1.768374E-01  1.061828E-03  1.000000E+00  1.847835E+01  3.704809E-28  7.869547E-17   5.000000E-01 NotAppl  2.234869E-05  0.000000E+00  
1.477277E+01  7.341867E-01  3.008587E+01  6.388924E-03  1.000000E+00  6.338060E-03  7.117947E-30  1.009898E-09   4.248563E-18 LZ5Tmedian  3.395807E-04  9.500854E-03  
4.307454E+02  9.618605E-01  -9.612658E-01  2.106210E-04  1.000000E+00  7.279433E-02  1.142535E-25  1.140641E-15   5.000000E-01 NotAppl  1.341836E-01  0.000000E+00  
7.866453E+02  2.484027E+00  1.259886E+01  4.238967E-04  1.000000E+00  5.614178E-02  9.881903E-26  1.348853E-15   5.000000E-01 NotAppl  6.282789E-02  0.000000E+00  
2.899099E+01  9.386067E+02  -9.154194E+02  -7.520254E-08  1.000000E+00  5.331783E+03  1.384134E-39  3.614400E-20   5.000000E-01 NotAppl  3.127020E-14  1.688328E-12  
3.888211E+03  6.480335E-01  1.461089E+02  -2.507734E-03  1.000000E+00  8.798650E-04  5.598687E-24  1.817487E-15   5.000000E-01 NotAppl  6.970016E-01  0.000000E+00  
9.066812E+02  1.009842E+02  7.566030E+02  -1.614006E-05  1.000000E+00  4.362856E-05  7.976218E-23  1.463184E-18   5.000000E-01 NotAppl  4.406471E+01  0.000000E+00  
8.740099E+02  1.736718E-03  -1.549143E-03  -3.507342E-02  1.000000E+00  2.851621E-01  2.874187E-26  7.447142E-12   5.000000E-01 NotAppl  1.624653E-02  0.000000E+00  
2.021732E+03  6.795474E+02  -6.795100E+02  4.354812E-03  1.000000E+00  3.967238E-05  1.914673E-22  2.075314E-14   5.000000E-01 NotAppl  4.552152E+01  0.000000E+00  
7.519380E+03  3.782727E-01  -3.535501E-01  7.059014E-02  1.000000E+00  1.251731E+01  5.595837E-28  3.768268E-13   5.000000E-01 NotAppl  3.514134E-05  0.000000E+00  
7.654220E+03  9.293719E+01  -3.513572E+01  -3.277625E-09  1.000000E+00  1.186676E-03  5.936249E-24  7.835970E-28   5.000000E-01 NotAppl  3.650252E-01  0.000000E+00  
1.887558E+01  1.371203E+00  4.984745E+00  1.519771E-05  1.000000E+00  1.944521E-02  4.352245E-35  3.504034E-15   5.000000E-01 NotAppl  1.574123E-09  2.785763E-07  
1.359160E+02  2.386494E+00  -2.361689E+00  9.584113E-03  1.000000E+00  7.849765E-03  9.344341E-25  2.508416E-11   1.910561E-01 NotAppl  3.699925E+00  0.000000E+00  
3.065683E+03  1.281684E-04  2.896062E+02  6.013208E-06  1.000000E+00  2.437006E-04  2.056232E-23  1.694968E-20   5.000000E-01 NotAppl  3.260913E+00  0.000000E+00  
1.463407E+03  2.851635E+00  -2.760635E+00  -3.286375E-05  1.000000E+00  4.655268E-01  1.500564E-26  2.283905E-18   5.000000E-01 NotAppl  4.983920E-03  0.000000E+00  
2.571182E+01  2.174869E-04  -6.359363E-05  9.751858E-03  1.000000E+00  2.940354E-03  2.099729E-29  7.746944E-10   8.192014E-37 LZ5Tmedian  5.409841E-04  8.280042E-02  
3.642773E+03  1.199977E-01  1.447469E+00  -6.217900E-09  1.000000E+00  2.587169E+00  2.331468E-27  1.275869E-26   5.000000E-01 NotAppl  3.065805E-04  0.000000E+00  
1.670730E+03  2.412022E+01  -3.673372E+00  -8.644131E-03  1.000000E+00  1.378427E-02  4.539597E-25  1.206060E-13   5.000000E-01 NotAppl  1.319557E-01  0.000000E+00  
5.357443E+01  4.307837E+01  -4.304118E+01  7.115387E-09  1.000000E+00  2.716895E-03  1.048147E-40  9.288094E-23   5.000000E-01 NotAppl  1.237741E-15  3.725442E-14  
2.186150E+01  7.894530E-02  -7.685785E-02  1.034337E-07  1.000000E+00  3.191656E-03  2.143973E-39  1.208596E-19   5.000000E-01 NotAppl  6.591219E-14  1.431638E-11  
8.046650E+02  2.027279E+01  2.473312E+02  -1.170931E-01  1.000000E+00  3.088766E-04  1.348959E-23  9.826889E-11   3.001451E-01 NotAppl  8.430794E+00  0.000000E+00  
2.002312E+02  2.303831E-03  1.865018E+02  -1.594895E-03  1.000000E+00  1.428351E-03  3.341369E-24  3.139560E-13   5.000000E-01 NotAppl  8.641102E+00  0.000000E+00  
8.464173E+02  1.587822E-02  -1.525921E-02  -4.039906E+00  1.000000E+00  1.975266E-03  6.742444E-24  1.054937E-07   0.000000E+00 LZ5Tmedian  4.299977E+00  0.000000E+00  
6.954032E+01  7.580134E+02  -7.370338E+02  -2.432344E-06  1.000000E+00  2.307879E+00  1.547160E-35  6.374101E-18   5.000000E-01 NotAppl  1.397633E-10  0.000000E+00  
3.207992E+02  9.478648E-03  -6.287861E-03  -1.909241E-01  1.000000E+00  3.249764E-02  2.858670E-25  1.713228E-09   4.722838E-23 LZ5Tmedian  4.695436E-01  0.000000E+00  
1.458430E+02  7.544639E+02  -7.544546E+02  1.591485E-10  1.000000E+00  8.228905E-04  7.119271E-24  5.986037E-27   5.000000E-01 NotAppl  2.676106E+01  0.000000E+00  
4.890868E+02  3.032386E-03  2.747252E+01  7.665347E-08  1.000000E+00  1.838922E-02  2.796353E-25  1.165102E-22   5.000000E-01 NotAppl  2.899034E-01  0.000000E+00  
7.478262E+02  2.548592E+02  -2.546815E+02  1.048114E-06  1.000000E+00  2.712866E-04  2.640024E-23  9.144464E-21   5.000000E-01 NotAppl  1.748282E+01  0.000000E+00  
2.584548E+01  1.382252E-03  6.778604E+00  -2.141725E-06  1.000000E+00  1.928605E-03  1.016628E-36  3.697740E-17   5.000000E-01 NotAppl  2.606634E-11  4.879543E-09  
1.108056E+03  5.237737E-01  -4.721131E-01  1.276551E-04  1.000000E+00  4.435530E-01  1.792247E-26  6.077917E-17   5.000000E-01 NotAppl  7.928054E-03  0.000000E+00  
2.469606E+03  4.045624E+02  -3.108633E+02  -5.010123E-02  1.000000E+00  5.224666E-05  8.368078E-23  1.827340E-12   5.000000E-01 NotAppl  1.621568E+01  0.000000E+00  
1.451029E+03  6.344958E-02  3.706236E+01  2.825048E+00  1.000000E+00  4.685307E-03  1.835970E-24  1.717191E-08   1.095603E-51 LZ5Tmedian  6.378222E-01  0.000000E+00  
2.777087E+03  9.022221E-01  -9.001349E-01  3.135374E-10  1.000000E+00  2.115722E+00  3.332950E-27  5.635516E-29   5.000000E-01 NotAppl  5.748836E-04  0.000000E+00  
2.367837E+02  3.257294E-03  5.382749E+02  7.588724E-03  1.000000E+00  5.271430E-04  8.868388E-24  5.041197E-12   5.000000E-01 NotAppl  1.932208E+01  0.000000E+00  
1.028118E+02  2.622774E-04  1.978488E+02  2.093078E-07  1.000000E+00  3.240187E-03  1.548107E-24  2.120231E-20   5.000000E-01 NotAppl  8.123417E+00  0.000000E+00  
8.180476E+01  9.189821E+00  6.876254E+01  -4.108008E-09  1.000000E+00  5.333782E-03  4.563834E-25  1.304721E-23   5.000000E-01 NotAppl  3.185519E+00  0.000000E+00  
1.726664E+02  2.665473E-01  -2.660873E-01  -2.336385E-05  1.000000E+00  1.351566E-02  6.072394E-25  9.126924E-17   5.000000E-01 NotAppl  1.878217E+00  0.000000E+00  
5.290216E+03  7.988493E+02  -5.923594E+02  -3.718738E+00  1.000000E+00  1.369518E-05  3.237528E-22  2.136803E-09   1.782938E-02 LZ5Tmedian  2.887377E+01  0.000000E+00  
4.333726E+03  4.228206E-01  3.205259E-01  1.485981E-09  1.000000E+00  4.914838E+00  1.428046E-27  5.118106E-28   5.000000E-01 NotAppl  1.568915E-04  0.000000E+00  
6.284083E+02  4.775954E-01  -4.585553E-01  6.201723E-06  1.000000E+00  1.518783E-01  5.454064E-26  4.568378E-19   5.000000E-01 NotAppl  4.329948E-02  0.000000E+00  
1.536762E+01  1.942399E+02  -1.938815E+02  -8.048584E-01  1.000000E+00  2.852433E-02  1.140086E-25  1.481735E-05   0.000000E+00 XENON1T_2018  5.198578E+00  5.003370E-01  
2.847372E+03  7.270529E-03  2.774416E+00  -1.767605E+00  1.000000E+00  1.261302E-01  8.555161E-26  1.702265E-09   2.607226E-03 LZ5Tmedian  1.531120E-02  0.000000E+00  
2.275973E+03  3.203939E-04  1.346743E-01  -4.107323E-07  1.000000E+00  1.775165E+00  4.246814E-27  1.450315E-22   5.000000E-01 NotAppl  8.981052E-04  0.000000E+00  
7.029243E+03  3.292769E+01  -3.290921E+01  1.823263E-05  1.000000E+00  1.030257E-02  6.378945E-25  2.882846E-20   5.000000E-01 NotAppl  4.261883E-02  0.000000E+00  
8.617707E+01  1.289324E+01  -1.289312E+01  3.408657E-02  1.000000E+00  4.926819E-03  1.028132E-24  8.073906E-10   6.910567E-34 LZ5Tmedian  6.659229E+00  0.000000E+00  
2.279538E+01  1.776928E-01  -1.594260E-01  -1.861575E-10  1.000000E+00  4.040536E-03  7.095209E-45  3.598759E-25   5.000000E-01 NotAppl  2.085657E-19  4.608279E-17  
2.056401E+03  3.548625E-01  2.913292E+02  -1.037522E-05  1.000000E+00  2.523313E-04  1.984128E-23  1.137875E-19   5.000000E-01 NotAppl  4.736980E+00  0.000000E+00  
3.533855E+03  4.771329E-04  1.391107E+01  1.249786E-02  1.000000E+00  8.267526E-02  5.420328E-26  5.482941E-14   5.000000E-01 NotAppl  7.431886E-03  0.000000E+00  
1.195856E+03  7.767448E-03  6.355306E+01  -4.069447E-09  1.000000E+00  4.501349E-03  1.046218E-24  5.286556E-26   5.000000E-01 NotAppl  4.354409E-01  0.000000E+00  
3.164653E+01  4.178505E-04  3.720740E+02  -1.135153E+00  1.000000E+00  1.627933E-03  3.393066E-25  6.895863E-06   0.000000E+00 XENON1T_2018  6.972794E+00  3.332645E-01  
1.954928E+02  4.137245E+01  -3.648515E+01  1.375561E-03  1.000000E+00  3.437983E-03  1.236981E-24  2.452897E-13   5.000000E-01 NotAppl  3.331789E+00  0.000000E+00  
2.524319E+02  8.237189E-01  -8.228869E-01  1.113013E-10  1.000000E+00  2.647878E-02  3.145195E-25  9.511790E-28   5.000000E-01 NotAppl  6.444424E-01  0.000000E+00  
2.951386E+01  8.522808E-01  -4.716676E-01  9.783069E-02  1.000000E+00  4.278250E-03  2.386516E-27  5.899401E-08   0.000000E+00 XENON1T_2018  5.280721E-02  2.410005E-01  
8.729369E+03  3.217761E+02  4.199223E+01  2.685534E-06  1.000000E+00  5.254965E-05  9.319832E-23  4.028111E-22   5.000000E-01 NotAppl  5.040472E+00  0.000000E+00  
1.208207E+03  7.138166E-02  6.067001E+00  -7.188666E-05  1.000000E+00  2.348563E-01  2.508282E-26  1.615452E-17   5.000000E-01 NotAppl  1.022536E-02  0.000000E+00  
3.186678E+03  6.744462E+00  -3.907576E+00  8.521555E-09  1.000000E+00  2.186067E-01  3.113321E-26  3.146091E-26   5.000000E-01 NotAppl  4.655691E-03  0.000000E+00  
5.343261E+02  2.656993E-03  7.582066E+02  -7.688593E-04  1.000000E+00  1.348569E-04  3.738701E-23  9.781919E-15   5.000000E-01 NotAppl  3.552680E+01  0.000000E+00  
8.914904E+02  9.823957E+00  -9.821321E+00  -2.447031E-05  1.000000E+00  7.793194E-02  8.321129E-26  3.481373E-18   5.000000E-01 NotAppl  4.598260E-02  0.000000E+00  
4.188195E+01  3.691072E+02  -3.691069E+02  -1.573437E-10  1.000000E+00  1.889711E-04  1.194915E-44  7.499348E-26   5.000000E-01 NotAppl  1.822524E-19  2.625715E-17  
5.205363E+03  7.837423E+00  4.250213E+02  -2.705136E-06  1.000000E+00  1.096810E-04  4.652129E-23  1.168496E-21   5.000000E-01 NotAppl  4.308696E+00  0.000000E+00  
1.219136E+02  5.721905E-01  5.610767E+01  4.370207E-10  1.000000E+00  4.030911E-03  1.396621E-24  6.517780E-26   5.000000E-01 NotAppl  6.131997E+00  0.000000E+00  
1.282225E+02  1.456459E+02  -1.279445E+02  9.831461E-04  1.000000E+00  9.214471E-04  3.299605E-24  2.974479E-13   5.000000E-01 NotAppl  1.407290E+01  0.000000E+00  
6.172559E+03  1.173924E+00  9.869740E+01  -7.078953E-02  1.000000E+00  1.878040E-03  2.642226E-24  5.659118E-13   5.000000E-01 NotAppl  2.058096E-01  0.000000E+00  
3.176772E+02  8.732666E-01  -2.671681E-01  4.851827E-07  1.000000E+00  3.968880E-02  2.046869E-25  1.128756E-20   5.000000E-01 NotAppl  3.299939E-01  0.000000E+00  
1.355404E+01  2.382334E+02  -2.382239E+02  -5.478267E-04  1.000000E+00  1.158273E-01  5.098513E-32  8.807959E-12   5.000000E-01 NotAppl  2.686441E-06  4.182771E-04  
8.002424E+01  1.266913E-04  1.996682E-02  -1.491205E-01  1.000000E+00  7.598147E-03  8.257034E-27  1.798329E-08   0.000000E+00 XENON1T_2018  6.409308E-02  0.000000E+00  
1.697514E+03  1.896640E+00  -1.839162E+00  -1.073982E-03  1.000000E+00  7.342197E-01  9.707835E-27  1.802356E-15   5.000000E-01 NotAppl  2.769805E-03  0.000000E+00  
2.302710E+02  3.479978E+02  -3.474178E+02  -1.139003E+00  1.000000E+00  4.180576E-04  1.493645E-23  1.202434E-07   0.000000E+00 XENON1T_2018  3.816305E+01  0.000000E+00  
3.746681E+01  8.662666E-04  4.451064E-01  3.177806E-10  1.000000E+00  1.130734E-04  3.630953E-44  3.836542E-25   5.000000E-01 NotAppl  6.227101E-19  1.152863E-16  
1.110524E+02  6.959596E-01  1.164726E+00  5.041332E-08  1.000000E+00  5.601505E-03  1.171673E-24  1.050176E-21   5.000000E-01 NotAppl  5.710811E+00  0.000000E+00  
7.301141E+03  3.390541E+02  -3.390527E+02  2.820458E-10  1.000000E+00  1.152890E-04  6.479523E-23  6.386709E-30   5.000000E-01 NotAppl  4.165892E+00  0.000000E+00  
2.400591E+03  5.854455E-01  -5.851958E-01  2.652653E-02  1.000000E+00  1.790300E+00  4.159200E-27  5.426907E-13   5.000000E-01 NotAppl  8.329652E-04  0.000000E+00  
5.528047E+03  1.148232E+02  -1.147616E+02  -4.076358E-06  1.000000E+00  9.262928E-04  7.626896E-24  2.347986E-21   5.000000E-01 NotAppl  6.500901E-01  0.000000E+00  
1.468677E+01  2.174655E+01  -2.171041E+01  2.178689E+00  1.000000E+00  9.708925E-03  5.662116E-25  1.188090E-04   0.000000E+00 XENON1T_2018  2.713289E+01  2.680539E-01  
8.243559E+01  3.100721E+01  -3.100671E+01  -8.124858E-02  1.000000E+00  1.355652E-02  1.829319E-25  5.024011E-09   1.591147E-213 LZ5Tmedian  1.262658E+00  0.000000E+00  
2.763669E+01  1.684513E-03  4.530453E-02  4.848691E-10  1.000000E+00  2.794309E-03  5.500378E-44  1.655203E-24   5.000000E-01 NotAppl  1.309572E-18  3.012066E-16  
7.997188E+02  9.573088E+00  9.428974E+02  1.413509E+00  1.000000E+00  5.886872E-05  8.140978E-23  1.450174E-08   2.502718E-78 LZ5Tmedian  5.122912E+01  0.000000E+00  
1.309804E+01  1.378656E+00  -1.122498E+00  -4.334167E-03  1.000000E+00  5.827502E-02  3.156751E-30  5.899358E-10   1.087418E-07 LZ5Tmedian  1.730608E-04  2.439900E-02  
6.649609E+01  1.175418E-04  1.139127E+00  2.552083E-07  1.000000E+00  4.932409E-03  5.512588E-37  7.688715E-20   5.000000E-01 NotAppl  5.181980E-12  0.000000E+00  
1.074668E+01  1.255124E+01  -1.255087E+01  2.763515E-07  1.000000E+00  1.917809E-01  1.188823E-38  3.540024E-18   5.000000E-01 NotAppl  8.217803E-13  6.875446E-11  
1.385439E+01  5.868235E+00  -5.867681E+00  -2.717600E-05  1.000000E+00  1.103402E-01  1.263228E-34  2.075415E-14   5.000000E-01 NotAppl  6.490795E-09  9.172953E-07  
6.558317E+03  1.153753E-02  6.040355E+00  -3.574104E-10  1.000000E+00  4.132916E-01  1.039454E-26  1.275401E-29   5.000000E-01 NotAppl  7.606998E-04  0.000000E+00  
1.744342E+03  4.838372E+02  -4.618094E+02  -1.134795E-02  1.000000E+00  5.548852E-05  1.033032E-22  1.903671E-13   5.000000E-01 NotAppl  2.857751E+01  0.000000E+00  
1.367720E+03  3.039533E+01  -3.036965E+01  2.543380E-01  1.000000E+00  1.058856E-02  6.478138E-25  1.570215E-10   3.205205E-01 NotAppl  2.303049E-01  0.000000E+00  
1.492975E+01  2.052859E-01  1.672340E+02  -3.642196E-09  1.000000E+00  1.504725E-03  2.320529E-42  3.213848E-22   5.000000E-01 NotAppl  1.094072E-16  1.839835E-14  
4.194339E+01  3.433313E+00  1.284645E+02  -1.797487E-10  1.000000E+00  2.503636E-03  1.567022E-44  9.758004E-26   5.000000E-01 NotAppl  2.386623E-19  2.838686E-17  
3.872110E+01  2.237005E-02  8.590092E+00  -1.474313E-05  1.000000E+00  4.692241E-05  8.428833E-35  7.723303E-16   5.000000E-01 NotAppl  1.396129E-09  1.527851E-07  
4.353160E+01  4.869638E-03  2.777682E+01  1.022770E-04  1.000000E+00  2.616037E-04  5.770681E-33  2.929146E-14   5.000000E-01 NotAppl  8.454754E-08  1.072152E-05  
3.077145E+03  3.183531E+00  -2.769810E+00  -1.397800E-06  1.000000E+00  7.522830E-01  8.347197E-27  9.089504E-22   5.000000E-01 NotAppl  1.293238E-03  0.000000E+00  
6.436107E+01  1.357201E-02  -1.200511E-02  2.442971E-05  1.000000E+00  5.024700E-03  2.400398E-32  7.530682E-16   5.000000E-01 NotAppl  2.333874E-07  0.000000E+00  
1.410735E+01  5.040178E+00  6.828274E+02  2.038556E-07  1.000000E+00  6.482406E+00  7.147440E-39  1.126681E-18   5.000000E-01 NotAppl  3.596674E-13  5.310886E-11  
2.334354E+01  1.060340E-03  5.022251E+02  -4.504605E-06  1.000000E+00  1.696291E-03  4.209521E-36  2.008712E-16   5.000000E-01 NotAppl  1.205953E-10  2.688770E-08  
8.774502E+03  2.244768E-03  2.479529E+01  1.984959E-05  1.000000E+00  2.799135E-02  1.658840E-25  2.177685E-20   5.000000E-01 NotAppl  9.044027E-03  0.000000E+00  
5.769871E+01  1.964222E+02  -1.821776E+02  3.210981E-02  1.000000E+00  1.351400E-03  6.891563E-27  1.625988E-09   3.850332E-85 LZ5Tmedian  7.536956E-02  3.615364E-01  
7.831652E+01  1.060453E+02  -1.059282E+02  7.102901E-06  1.000000E+00  1.767265E-02  2.343210E-35  4.263899E-17   5.000000E-01 NotAppl  1.876402E-10  0.000000E+00  
3.002428E+03  3.882877E-04  2.026645E+01  -2.931441E-03  1.000000E+00  4.031635E-02  1.124256E-25  4.202830E-15   5.000000E-01 NotAppl  1.820638E-02  0.000000E+00  
6.096964E+01  2.111140E-04  3.850775E-02  -3.480692E+00  1.000000E+00  8.284865E-04  1.248070E-23  1.707309E-05   0.000000E+00 XENON1T_2018  1.394954E+02  2.507842E-01  
1.089047E+03  3.376700E-02  -3.293038E-02  -6.807079E-07  1.000000E+00  4.367410E-01  1.837556E-26  1.790346E-21   5.000000E-01 NotAppl  8.274775E-03  0.000000E+00  
5.014844E+02  2.096654E+00  -1.373956E+00  1.764566E-07  1.000000E+00  9.012959E-02  8.743240E-26  5.866003E-22   5.000000E-01 NotAppl  8.769627E-02  0.000000E+00  
1.378265E+01  1.373188E+00  -1.370574E+00  4.572718E-04  1.000000E+00  5.949716E-02  3.570804E-32  5.936778E-12   5.000000E-01 NotAppl  1.845328E-06  2.885322E-04  
9.833540E+03  3.667893E-04  2.411984E-01  3.787067E-01  1.000000E+00  1.229139E+01  6.786012E-28  6.289470E-12   5.000000E-01 NotAppl  3.349203E-05  0.000000E+00  
6.459791E+03  6.796638E-03  7.176825E+02  5.801646E-08  1.000000E+00  4.245980E-05  1.241506E-22  3.465554E-25   5.000000E-01 NotAppl  9.233630E+00  0.000000E+00  
1.076550E+03  4.964715E+02  -4.964579E+02  -1.221251E-08  1.000000E+00  8.397485E-05  8.889163E-23  5.900036E-25   5.000000E-01 NotAppl  4.040088E+01  0.000000E+00  
7.410926E+01  1.209050E+01  -1.130739E+01  -7.529647E-07  1.000000E+00  2.025481E-02  5.142634E-37  5.363831E-19   5.000000E-01 NotAppl  4.323606E-12  0.000000E+00  
5.540473E+03  8.307985E+02  -1.097264E+02  -3.066181E-07  1.000000E+00  8.100592E-06  4.722647E-22  1.322405E-23   5.000000E-01 NotAppl  4.039135E+01  0.000000E+00  
7.071209E+01  3.851911E-01  2.619771E+02  1.429989E-07  1.000000E+00  6.146287E-03  3.871385E-38  2.129188E-20   5.000000E-01 NotAppl  3.439370E-13  0.000000E+00  
4.154092E+02  2.412712E-01  -1.987259E-01  6.822255E-01  1.000000E+00  1.450605E-02  7.998600E-25  1.288888E-08   1.157256E-131 LZ5Tmedian  1.018640E+00  0.000000E+00  
6.492542E+01  5.207811E+02  -5.207792E+02  1.002599E-03  1.000000E+00  1.046553E-02  2.360493E-29  1.245984E-12   5.000000E-01 NotAppl  2.275148E-04  0.000000E+00  
2.077842E+02  3.111602E+02  -3.092700E+02  -2.675465E+00  1.000000E+00  2.307631E-05  2.665515E-22  8.189362E-07   0.000000E+00 XENON1T_2018  8.012009E+02  0.000000E+00  
2.617777E+03  1.724857E-04  8.030722E+00  -7.483709E-06  1.000000E+00  2.218585E-01  2.056769E-26  3.620988E-20   5.000000E-01 NotAppl  3.823976E-03  0.000000E+00  
1.545584E+01  8.655169E-03  1.197189E-01  8.800514E-03  1.000000E+00  1.258832E-03  1.368789E-29  1.751461E-09   7.725795E-35 LZ5Tmedian  6.200614E-04  7.482802E-02  
2.041030E+03  1.911377E-02  -1.303916E-02  4.816901E-02  1.000000E+00  1.415918E+00  5.418488E-27  2.490428E-12   5.000000E-01 NotAppl  1.282972E-03  0.000000E+00  
4.457823E+02  3.845869E-03  7.725043E-03  -4.637622E-08  1.000000E+00  7.978498E-02  1.062733E-25  5.155243E-23   5.000000E-01 NotAppl  1.204446E-01  0.000000E+00  
4.382702E+01  2.357434E-03  5.341010E-04  5.954065E-06  1.000000E+00  1.199421E-04  2.006241E-35  9.791167E-17   5.000000E-01 NotAppl  2.918767E-10  3.610274E-08  
3.884363E+03  6.888919E+01  -6.884779E+01  1.523297E-04  1.000000E+00  2.481870E-03  2.754066E-24  6.719743E-18   5.000000E-01 NotAppl  3.359555E-01  0.000000E+00  
1.110249E+02  9.122233E-03  1.904936E+00  -7.437726E-04  1.000000E+00  6.081654E-03  1.163293E-24  2.287030E-13   5.000000E-01 NotAppl  5.670815E+00  0.000000E+00  
1.591585E+01  6.099499E-04  2.710454E+02  4.545260E-09  1.000000E+00  8.938471E-04  3.683275E-42  4.406936E-22   5.000000E-01 NotAppl  1.614155E-16  2.853798E-14  
9.653060E+02  9.312420E-03  2.